0 0.9651442307692307 0.07932692307692307 0.06971153846153846 0.15865384615384615
0 0.8377403846153846 0.08774038461538461 0.16706730769230768 0.17427884615384615
0 0.6730769230769231 0.09014423076923077 0.15144230769230768 0.17908653846153846
0 0.7668269230769231 0.24278846153846154 0.15144230769230768 0.21033653846153846
0 0.9230769230769231 0.2439903846153846 0.15384615384615385 0.20552884615384615
0 0.640625 0.24519230769230768 0.08774038461538461 0.203125
0 0.3112980769230769 0.4338942307692308 0.08413461538461539 0.07692307692307693
0 0.39783653846153844 0.44350961538461536 0.07692307692307693 0.09735576923076923
0 0.014423076923076924 0.46875 0.027644230769230768 0.09254807692307693
0 0.4879807692307692 0.47475961538461536 0.07211538461538461 0.09495192307692307
0 0.11057692307692307 0.4879807692307692 0.06971153846153846 0.07211538461538461
0 0.171875 0.5 0.08173076923076923 0.1045673076923077
0 0.5625 0.5060096153846154 0.06971153846153846 0.1045673076923077
0 0.25240384615384615 0.5204326923076923 0.08173076923076923 0.10817307692307693
0 0.43509615384615385 0.5408653846153846 0.07211538461538461 0.09254807692307693
0 0.3317307692307692 0.5420673076923077 0.07932692307692307 0.1045673076923077
0 0.5060096153846154 0.5745192307692307 0.07211538461538461 0.09495192307692307
0 0.11899038461538461 0.5805288461538461 0.07932692307692307 0.10817307692307693
0 0.19831730769230768 0.6033653846153846 0.08173076923076923 0.1045673076923077
0 0.5709134615384616 0.6081730769230769 0.054086538461538464 0.09735576923076923
0 0.03125 0.609375 0.06129807692307692 0.1045673076923077
0 0.2800480769230769 0.6237980769230769 0.07692307692307693 0.10216346153846154
0 0.453125 0.6370192307692307 0.07211538461538461 0.09254807692307693
0 0.5084134615384616 0.640625 0.051682692307692304 0.05889423076923077
0 0.3581730769230769 0.6430288461538461 0.07451923076923077 0.10216346153846154
0 0.5600961538461539 0.6574519230769231 0.05889423076923077 0.06610576923076923
0 0.171875 0.6598557692307693 0.054086538461538464 0.08173076923076923
0 0.003605769230769231 0.6862980769230769 0.007211538461538462 0.09975961538461539
0 0.2283653846153846 0.703125 0.07932692307692307 0.10216346153846154
0 0.05048076923076923 0.7079326923076923 0.07932692307692307 0.10216346153846154
0 0.4014423076923077 0.7175480769230769 0.07211538461538461 0.09254807692307693
0 0.3076923076923077 0.7199519230769231 0.07932692307692307 0.09495192307692307
0 0.4723557692307692 0.7379807692307693 0.06971153846153846 0.09254807692307693
0 0.12139423076923077 0.7548076923076923 0.07451923076923077 0.09014423076923077
0 0.5420673076923077 0.765625 0.07211538461538461 0.09254807692307693
0 0.19591346153846154 0.7752403846153846 0.07451923076923077 0.08774038461538461
0 0.019230769230769232 0.7860576923076923 0.038461538461538464 0.09495192307692307
0 0.27283653846153844 0.7908653846153846 0.07211538461538461 0.09014423076923077
0 0.35096153846153844 0.796875 0.07692307692307693 0.09254807692307693
0 0.421875 0.8088942307692307 0.06971153846153846 0.08774038461538461
0 0.49158653846153844 0.8257211538461539 0.06971153846153846 0.08774038461538461
0 0.07211538461538461 0.8317307692307693 0.07451923076923077 0.09254807692307693
0 0.5564903846153846 0.8413461538461539 0.06370192307692307 0.08413461538461539
0 0.14903846153846154 0.8473557692307693 0.07211538461538461 0.09254807692307693
0 0.2247596153846154 0.8629807692307693 0.07211538461538461 0.09014423076923077
0 0.3737980769230769 0.8713942307692307 0.06971153846153846 0.08413461538461539
0 0.296875 0.8786057692307693 0.07451923076923077 0.09014423076923077
0 0.004807692307692308 0.8870192307692307 0.009615384615384616 0.08173076923076923
0 0.44350961538461536 0.890625 0.06971153846153846 0.08774038461538461
0 0.04447115384615385 0.8990384615384616 0.05889423076923077 0.08173076923076923
0 0.5108173076923077 0.9026442307692307 0.06971153846153846 0.08413461538461539
0 0.10697115384615384 0.9122596153846154 0.07451923076923077 0.08774038461538461
0 0.18028846153846154 0.9278846153846154 0.07451923076923077 0.09014423076923077
0 0.5504807692307693 0.9350961538461539 0.09134615384615384 0.12980769230769232
0 0.025240384615384616 0.9495192307692307 0.05048076923076923 0.07692307692307693
0 0.33413461538461536 0.9435096153846154 0.11538461538461539 0.11298076923076923
0 0.11658653846153846 0.9639423076923077 0.09495192307692307 0.07211538461538461
0 0.21995192307692307 0.9555288461538461 0.11778846153846154 0.0889423076923077
0 0.4026442307692308 0.9783653846153846 0.09735576923076923 0.04326923076923077
0 0.5048076923076923 0.9807692307692307 0.10216346153846154 0.038461538461538464
0 0.17908653846153846 0.41947115384615385 0.10817307692307693 0.04927884615384615
0 0.5612980769230769 0.4206730769230769 0.07211538461538461 0.051682692307692304
0 0.056490384615384616 0.42427884615384615 0.10817307692307693 0.05889423076923077
0 0.7668269230769231 0.8112980769230769 0.30288461538461536 0.37740384615384615