0 0.07091346153846154 0.10336538461538461 0.14182692307692307 0.20673076923076922
0 0.6574519230769231 0.040865384615384616 0.15745192307692307 0.08173076923076923
0 0.5985576923076923 0.15504807692307693 0.14903846153846154 0.1935096153846154
0 0.5396634615384616 0.30528846153846156 0.13581730769230768 0.18028846153846154
0 0.5324519230769231 0.040865384615384616 0.12860576923076922 0.08173076923076923
0 0.5024038461538461 0.14423076923076922 0.06850961538461539 0.16706730769230768
0 0.03485576923076923 0.9819711538461539 0.06971153846153846 0.036057692307692304
0 0.11057692307692307 0.9783653846153846 0.07211538461538461 0.04326923076923077
0 0.4362980769230769 0.9423076923076923 0.06490384615384616 0.06850961538461539
0 0.3473557692307692 0.9375 0.0733173076923077 0.06850961538461539
0 0.19471153846153846 0.9290865384615384 0.0733173076923077 0.06850961538461539
0 0.2704326923076923 0.9290865384615384 0.07572115384615384 0.06850961538461539
0 0.04567307692307692 0.9266826923076923 0.07091346153846154 0.06490384615384616
0 0.003605769230769231 0.9206730769230769 0.007211538461538462 0.0673076923076923
0 0.11899038461538461 0.921875 0.07091346153846154 0.06850961538461539
0 0.4326923076923077 0.8725961538461539 0.06850961538461539 0.06850961538461539
0 0.3629807692307692 0.8689903846153846 0.07091346153846154 0.06850961538461539
0 0.21634615384615385 0.8665865384615384 0.07091346153846154 0.06490384615384616
0 0.28966346153846156 0.8665865384615384 0.07091346153846154 0.06490384615384616
0 0.07451923076923077 0.8653846153846154 0.07091346153846154 0.06490384615384616
0 0.14783653846153846 0.8641826923076923 0.07091346153846154 0.07091346153846154
0 0.019230769230769232 0.859375 0.038461538461538464 0.06490384615384616
0 0.44471153846153844 0.8052884615384616 0.046875 0.06490384615384616
0 0.3641826923076923 0.8052884615384616 0.07091346153846154 0.0625
0 0.1502403846153846 0.8028846153846154 0.06850961538461539 0.06009615384615385
0 0.2932692307692308 0.7992788461538461 0.06850961538461539 0.06490384615384616
0 0.08413461538461539 0.7980769230769231 0.07091346153846154 0.06490384615384616
0 0.22115384615384615 0.7980769230769231 0.06850961538461539 0.06490384615384616
0 0.02403846153846154 0.7920673076923077 0.046875 0.06009615384615385
0 0.45552884615384615 0.7451923076923077 0.026442307692307692 0.06009615384615385
0 0.4026442307692308 0.7403846153846154 0.0733173076923077 0.06009615384615385
0 0.05048076923076923 0.7379807692307693 0.06850961538461539 0.06009615384615385
0 0.006009615384615385 0.7367788461538461 0.01201923076923077 0.06009615384615385
0 0.1201923076923077 0.7379807692307693 0.06850961538461539 0.06009615384615385
0 0.2608173076923077 0.7367788461538461 0.07091346153846154 0.06009615384615385
0 0.19110576923076922 0.7355769230769231 0.06850961538461539 0.06009615384615385
0 0.3329326923076923 0.734375 0.07091346153846154 0.0625
0 0.025240384615384616 0.6923076923076923 0.04927884615384615 0.055288461538461536
0 0.08533653846153846 0.6911057692307693 0.06490384615384616 0.057692307692307696
0 0.43509615384615385 0.6899038461538461 0.06850961538461539 0.06009615384615385
0 0.15144230769230768 0.6887019230769231 0.06490384615384616 0.055288461538461536
0 0.29086538461538464 0.6875 0.06850961538461539 0.057692307692307696
0 0.36658653846153844 0.6802884615384616 0.0733173076923077 0.0625
0 0.22235576923076922 0.6802884615384616 0.06850961538461539 0.057692307692307696
0 0.11778846153846154 0.6370192307692307 0.06850961538461539 0.057692307692307696
0 0.008413461538461538 0.6346153846153846 0.015625 0.055288461538461536
0 0.39783653846153844 0.6346153846153846 0.07091346153846154 0.06009615384615385
0 0.3245192307692308 0.6322115384615384 0.07091346153846154 0.057692307692307696
0 0.04927884615384615 0.6322115384615384 0.06490384615384616 0.057692307692307696
0 0.4519230769230769 0.6310096153846154 0.03365384615384615 0.057692307692307696
0 0.18629807692307693 0.6310096153846154 0.06850961538461539 0.057692307692307696
0 0.2548076923076923 0.6298076923076923 0.06850961538461539 0.057692307692307696
0 0.4254807692307692 0.5949519230769231 0.0625 0.046875
0 0.0829326923076923 0.5925480769230769 0.0625 0.052884615384615384
0 0.28365384615384615 0.5889423076923077 0.06850961538461539 0.055288461538461536
0 0.14903846153846154 0.5889423076923077 0.06490384615384616 0.055288461538461536
0 0.025240384615384616 0.5841346153846154 0.04927884615384615 0.057692307692307696
0 0.21634615384615385 0.5841346153846154 0.06490384615384616 0.055288461538461536
0 0.36177884615384615 0.5829326923076923 0.07091346153846154 0.055288461538461536
0 0.53125 0.6045673076923077 0.055288461538461536 0.06009615384615385