0 0.38341346153846156 0.1141826923076923 0.15985576923076922 0.21995192307692307
0 0.9362980769230769 0.28125 0.12740384615384615 0.09735576923076923
0 0.8509615384615384 0.056490384615384616 0.1778846153846154 0.11298076923076923
0 0.6502403846153846 0.7175480769230769 0.1502403846153846 0.5649038461538461
0 0.31009615384615385 0.6935096153846154 0.46033653846153844 0.5180288461538461
0 0.03125 0.7139423076923077 0.0625 0.5180288461538461
0 0.9254807692307693 0.8221153846153846 0.14903846153846154 0.20192307692307693
0 0.7884615384615384 0.8221153846153846 0.12740384615384615 0.20552884615384615
0 0.9795673076923077 0.65625 0.039663461538461536 0.19230769230769232
0 0.8485576923076923 0.6514423076923077 0.20793269230769232 0.1971153846153846
0 0.9278846153846154 0.5084134615384616 0.14423076923076922 0.15144230769230768
0 0.7860576923076923 0.5072115384615384 0.12259615384615384 0.14543269230769232