0 0.42427884615384615 0.26322115384615385 0.15985576923076922 0.21995192307692307
0 0.6526442307692307 0.42788461538461536 0.16466346153846154 0.23557692307692307
0 0.8317307692307693 0.42908653846153844 0.16706730769230768 0.23197115384615385
0 0.9591346153846154 0.4254807692307692 0.08173076923076923 0.2403846153846154
0 0.6117788461538461 0.22716346153846154 0.0829326923076923 0.24519230769230768
0 0.9170673076923077 0.22235576923076922 0.16466346153846154 0.25
0 0.7512019230769231 0.22115384615384615 0.16466346153846154 0.24759615384615385
0 0.6670673076923077 0.06610576923076923 0.15985576923076922 0.13221153846153846
0 0.8413461538461539 0.06009615384615385 0.1622596153846154 0.1201923076923077
0 0.9615384615384616 0.057692307692307696 0.07692307692307693 0.11538461538461539
0 0.0733173076923077 0.5985576923076923 0.030048076923076924 0.04447115384615385
0 0.04447115384615385 0.5985576923076923 0.03245192307692308 0.04447115384615385
0 0.1622596153846154 0.5985576923076923 0.030048076923076924 0.04447115384615385
0 0.22115384615384615 0.5985576923076923 0.030048076923076924 0.04447115384615385
0 0.13221153846153846 0.5985576923076923 0.030048076923076924 0.04447115384615385
0 0.19110576923076922 0.5985576923076923 0.030048076923076924 0.04447115384615385
0 0.25 0.5985576923076923 0.030048076923076924 0.04447115384615385
0 0.33653846153846156 0.5973557692307693 0.027644230769230768 0.039663461538461536
0 0.2800480769230769 0.5973557692307693 0.027644230769230768 0.04447115384615385
0 0.3088942307692308 0.5973557692307693 0.030048076923076924 0.04447115384615385
0 0.42427884615384615 0.5973557692307693 0.030048076923076924 0.04447115384615385
0 0.3942307692307692 0.5973557692307693 0.030048076923076924 0.04447115384615385
0 0.36658653846153844 0.5973557692307693 0.027644230769230768 0.04447115384615385
0 0.45072115384615385 0.5961538461538461 0.030048076923076924 0.04447115384615385
0 0.4807692307692308 0.5961538461538461 0.027644230769230768 0.04447115384615385
0 0.10216346153846154 0.5961538461538461 0.030048076923076924 0.042067307692307696
0 0.5084134615384616 0.5949519230769231 0.030048076923076924 0.04447115384615385
0 0.5600961538461539 0.5949519230769231 0.020432692307692308 0.04447115384615385
0 0.5372596153846154 0.5949519230769231 0.030048076923076924 0.042067307692307696
0 0.09014423076923077 0.5649038461538461 0.030048076923076924 0.039663461538461536
0 0.0625 0.5649038461538461 0.030048076923076924 0.039663461538461536
0 0.23557692307692307 0.5649038461538461 0.030048076923076924 0.039663461538461536
0 0.20793269230769232 0.5649038461538461 0.030048076923076924 0.039663461538461536
0 0.17548076923076922 0.5649038461538461 0.030048076923076924 0.039663461538461536
0 0.14783653846153846 0.5649038461538461 0.030048076923076924 0.039663461538461536
0 0.030048076923076924 0.5649038461538461 0.030048076923076924 0.039663461538461536
0 0.2920673076923077 0.5637019230769231 0.030048076923076924 0.037259615384615384
0 0.26322115384615385 0.5637019230769231 0.027644230769230768 0.037259615384615384
0 0.32211538461538464 0.5637019230769231 0.030048076923076924 0.037259615384615384
0 0.35096153846153844 0.5637019230769231 0.027644230769230768 0.037259615384615384
0 0.11658653846153846 0.5637019230769231 0.027644230769230768 0.037259615384615384
0 0.3786057692307692 0.5637019230769231 0.027644230769230768 0.037259615384615384
0 0.4074519230769231 0.5637019230769231 0.030048076923076924 0.037259615384615384
0 0.4651442307692308 0.5637019230769231 0.030048076923076924 0.037259615384615384
0 0.43509615384615385 0.5625 0.030048076923076924 0.03485576923076923
0 0.5216346153846154 0.5625 0.027644230769230768 0.03485576923076923
0 0.49278846153846156 0.5625 0.030048076923076924 0.03485576923076923
0 0.5504807692307693 0.5625 0.030048076923076924 0.03485576923076923
0 0.016826923076923076 0.9963942307692307 0.03245192307692308 0.007211538461538462
0 0.49759615384615385 0.9963942307692307 0.030048076923076924 0.007211538461538462
0 0.375 0.9963942307692307 0.030048076923076924 0.007211538461538462
0 0.2860576923076923 0.9963942307692307 0.03245192307692308 0.007211538461538462
0 0.5564903846153846 0.9963942307692307 0.027644230769230768 0.007211538461538462
0 0.5276442307692307 0.9951923076923077 0.030048076923076924 0.009615384615384616
0 0.4675480769230769 0.9951923076923077 0.030048076923076924 0.009615384615384616
0 0.3449519230769231 0.9951923076923077 0.030048076923076924 0.009615384615384616
0 0.3161057692307692 0.9963942307692307 0.03245192307692308 0.007211538461538462
0 0.4362980769230769 0.9951923076923077 0.03245192307692308 0.009615384615384616
0 0.40625 0.9951923076923077 0.03245192307692308 0.009615384615384616
0 0.09134615384615384 0.9771634615384616 0.03245192307692308 0.04447115384615385
0 0.12139423076923077 0.9783653846153846 0.03245192307692308 0.042067307692307696
0 0.06129807692307692 0.9771634615384616 0.03245192307692308 0.04447115384615385
0 0.03125 0.9771634615384616 0.03245192307692308 0.04447115384615385
0 0.24158653846153846 0.9771634615384616 0.03245192307692308 0.04447115384615385
0 0.1814903846153846 0.9771634615384616 0.03245192307692308 0.04447115384615385
0 0.15144230769230768 0.9771634615384616 0.03245192307692308 0.04447115384615385
0 0.21153846153846154 0.9771634615384616 0.03245192307692308 0.04447115384615385
0 0.27163461538461536 0.9759615384615384 0.03245192307692308 0.04807692307692308
0 0.3004807692307692 0.9771634615384616 0.030048076923076924 0.04447115384615385
0 0.5420673076923077 0.9759615384615384 0.030048076923076924 0.04807692307692308
0 0.3605769230769231 0.9759615384615384 0.030048076923076924 0.04807692307692308
0 0.5625 0.9759615384615384 0.014423076923076924 0.04807692307692308
0 0.33052884615384615 0.9759615384615384 0.030048076923076924 0.04807692307692308
0 0.3918269230769231 0.9759615384615384 0.03245192307692308 0.04807692307692308
0 0.5096153846153846 0.9759615384615384 0.030048076923076924 0.04807692307692308
0 0.4807692307692308 0.9759615384615384 0.027644230769230768 0.04807692307692308
0 0.4495192307692308 0.9759615384615384 0.030048076923076924 0.04807692307692308
0 0.4206730769230769 0.9759615384615384 0.03245192307692308 0.04807692307692308
0 0.07932692307692307 0.9411057692307693 0.030048076923076924 0.05048076923076923
0 0.020432692307692308 0.9411057692307693 0.03245192307692308 0.04807692307692308
0 0.10697115384615384 0.9411057692307693 0.03245192307692308 0.05048076923076923
0 0.13701923076923078 0.9399038461538461 0.030048076923076924 0.04807692307692308
0 0.05048076923076923 0.9399038461538461 0.030048076923076924 0.05048076923076923
0 0.19831730769230768 0.9399038461538461 0.030048076923076924 0.05048076923076923
0 0.16706730769230768 0.9399038461538461 0.03245192307692308 0.04807692307692308
0 0.22716346153846154 0.9399038461538461 0.03245192307692308 0.05048076923076923
0 0.25721153846153844 0.9399038461538461 0.03245192307692308 0.05048076923076923
0 0.28725961538461536 0.9387019230769231 0.030048076923076924 0.05048076923076923
0 0.3161057692307692 0.9387019230769231 0.030048076923076924 0.05048076923076923
0 0.34615384615384615 0.9375 0.03245192307692308 0.05048076923076923
0 0.5552884615384616 0.9375 0.030048076923076924 0.05048076923076923
0 0.4963942307692308 0.9375 0.030048076923076924 0.05048076923076923
0 0.4362980769230769 0.9375 0.03245192307692308 0.05048076923076923
0 0.3762019230769231 0.9375 0.03245192307692308 0.05048076923076923
0 0.5264423076923077 0.9375 0.030048076923076924 0.05048076923076923
0 0.46634615384615385 0.9375 0.030048076923076924 0.05048076923076923
0 0.40625 0.9375 0.03245192307692308 0.05048076923076923
0 0.036057692307692304 0.9026442307692307 0.03245192307692308 0.05048076923076923
0 0.09495192307692307 0.9026442307692307 0.030048076923076924 0.04447115384615385
0 0.06490384615384616 0.9026442307692307 0.03245192307692308 0.04447115384615385
0 0.12379807692307693 0.9014423076923077 0.03245192307692308 0.04807692307692308
0 0.18389423076923078 0.9014423076923077 0.03245192307692308 0.04807692307692308
0 0.15264423076923078 0.9014423076923077 0.030048076923076924 0.04807692307692308
0 0.2439903846153846 0.9002403846153846 0.03245192307692308 0.04807692307692308
0 0.2127403846153846 0.9002403846153846 0.030048076923076924 0.04807692307692308
0 0.27283653846153844 0.9002403846153846 0.030048076923076924 0.04807692307692308
0 0.30288461538461536 0.8990384615384616 0.030048076923076924 0.04807692307692308
0 0.3329326923076923 0.8990384615384616 0.030048076923076924 0.04807692307692308
0 0.3629807692307692 0.8978365384615384 0.030048076923076924 0.04807692307692308
0 0.5420673076923077 0.8978365384615384 0.030048076923076924 0.05048076923076923
0 0.4807692307692308 0.8978365384615384 0.030048076923076924 0.04807692307692308
0 0.4230769230769231 0.8978365384615384 0.03245192307692308 0.04807692307692308
0 0.5108173076923077 0.8978365384615384 0.030048076923076924 0.05048076923076923
0 0.4519230769230769 0.8978365384615384 0.030048076923076924 0.04807692307692308
0 0.39302884615384615 0.8978365384615384 0.03245192307692308 0.04807692307692308
0 0.5625 0.8966346153846154 0.014423076923076924 0.04807692307692308
0 0.08173076923076923 0.8629807692307693 0.030048076923076924 0.05048076923076923
0 0.052884615384615384 0.8629807692307693 0.030048076923076924 0.04807692307692308
0 0.11057692307692307 0.8629807692307693 0.030048076923076924 0.04807692307692308
0 0.02283653846153846 0.8629807692307693 0.03245192307692308 0.04807692307692308
0 0.13942307692307693 0.8629807692307693 0.030048076923076924 0.05048076923076923
0 0.16826923076923078 0.8629807692307693 0.03245192307692308 0.04807692307692308
0 0.19951923076923078 0.8617788461538461 0.03245192307692308 0.04807692307692308
0 0.22956730769230768 0.8617788461538461 0.03245192307692308 0.04807692307692308
0 0.25961538461538464 0.8617788461538461 0.030048076923076924 0.04807692307692308
0 0.28846153846153844 0.8605769230769231 0.030048076923076924 0.04807692307692308
0 0.31850961538461536 0.8605769230769231 0.030048076923076924 0.04807692307692308
0 0.3473557692307692 0.8581730769230769 0.030048076923076924 0.05048076923076923
0 0.3762019230769231 0.8581730769230769 0.030048076923076924 0.04447115384615385
0 0.4362980769230769 0.8569711538461539 0.03245192307692308 0.05048076923076923
0 0.4074519230769231 0.8569711538461539 0.03245192307692308 0.05048076923076923
0 0.5552884615384616 0.8569711538461539 0.030048076923076924 0.05048076923076923
0 0.5264423076923077 0.8569711538461539 0.030048076923076924 0.05048076923076923
0 0.4963942307692308 0.8569711538461539 0.03245192307692308 0.05048076923076923
0 0.46634615384615385 0.8569711538461539 0.030048076923076924 0.05048076923076923
0 0.038461538461538464 0.8245192307692307 0.030048076923076924 0.05048076923076923
0 0.09615384615384616 0.8245192307692307 0.03245192307692308 0.05048076923076923
0 0.0673076923076923 0.8233173076923077 0.030048076923076924 0.04447115384615385
0 0.12620192307692307 0.8233173076923077 0.030048076923076924 0.04447115384615385
0 0.15504807692307693 0.8233173076923077 0.030048076923076924 0.04807692307692308
0 0.21514423076923078 0.8221153846153846 0.03245192307692308 0.04807692307692308
0 0.18509615384615385 0.8221153846153846 0.03245192307692308 0.04447115384615385
0 0.27524038461538464 0.8209134615384616 0.030048076923076924 0.04807692307692308
0 0.24519230769230768 0.8209134615384616 0.030048076923076924 0.04807692307692308
0 0.30528846153846156 0.8209134615384616 0.030048076923076924 0.04807692307692308
0 0.33413461538461536 0.8197115384615384 0.030048076923076924 0.04447115384615385
0 0.3641826923076923 0.8197115384615384 0.030048076923076924 0.04447115384615385
0 0.39302884615384615 0.8197115384615384 0.030048076923076924 0.04447115384615385
0 0.4230769230769231 0.8197115384615384 0.030048076923076924 0.04447115384615385
0 0.5408653846153846 0.8185096153846154 0.030048076923076924 0.04807692307692308
0 0.48197115384615385 0.8185096153846154 0.030048076923076924 0.04807692307692308
0 0.5108173076923077 0.8185096153846154 0.030048076923076924 0.04807692307692308
0 0.45072115384615385 0.8185096153846154 0.030048076923076924 0.04807692307692308
0 0.5625 0.8185096153846154 0.014423076923076924 0.04807692307692308
0 0.025240384615384616 0.7860576923076923 0.03245192307692308 0.04807692307692308
0 0.054086538461538464 0.7860576923076923 0.030048076923076924 0.04807692307692308
0 0.08413461538461539 0.7860576923076923 0.03245192307692308 0.05048076923076923
0 0.11298076923076923 0.7860576923076923 0.03245192307692308 0.05048076923076923
0 0.14302884615384615 0.7860576923076923 0.03245192307692308 0.04807692307692308
0 0.17067307692307693 0.7848557692307693 0.03245192307692308 0.04807692307692308
0 0.20192307692307693 0.7848557692307693 0.03245192307692308 0.04807692307692308
0 0.23076923076923078 0.7836538461538461 0.03245192307692308 0.04807692307692308
0 0.2608173076923077 0.7824519230769231 0.030048076923076924 0.04807692307692308
0 0.28966346153846156 0.7824519230769231 0.030048076923076924 0.04447115384615385
0 0.31971153846153844 0.7824519230769231 0.030048076923076924 0.04807692307692308
0 0.4362980769230769 0.78125 0.030048076923076924 0.04807692307692308
0 0.3786057692307692 0.78125 0.030048076923076924 0.04807692307692308
0 0.3485576923076923 0.78125 0.030048076923076924 0.04807692307692308
0 0.4963942307692308 0.78125 0.03245192307692308 0.04447115384615385
0 0.46634615384615385 0.78125 0.030048076923076924 0.04447115384615385
0 0.4074519230769231 0.78125 0.030048076923076924 0.04807692307692308
0 0.5252403846153846 0.78125 0.030048076923076924 0.04807692307692308
0 0.5540865384615384 0.78125 0.030048076923076924 0.04807692307692308
0 0.040865384615384616 0.75 0.030048076923076924 0.04807692307692308
0 0.06850961538461539 0.7487980769230769 0.030048076923076924 0.04807692307692308
0 0.09735576923076923 0.7475961538461539 0.030048076923076924 0.04447115384615385
0 0.12740384615384615 0.7475961538461539 0.030048076923076924 0.04807692307692308
0 0.15625 0.7475961538461539 0.030048076923076924 0.04447115384615385
0 0.18629807692307693 0.7463942307692307 0.030048076923076924 0.05048076923076923
0 0.21634615384615385 0.7463942307692307 0.03245192307692308 0.05048076923076923
0 0.24639423076923078 0.7451923076923077 0.030048076923076924 0.04807692307692308
0 0.30649038461538464 0.7451923076923077 0.030048076923076924 0.04447115384615385
0 0.2764423076923077 0.7451923076923077 0.030048076923076924 0.05048076923076923
0 0.33533653846153844 0.7451923076923077 0.030048076923076924 0.04447115384615385
0 0.3942307692307692 0.7439903846153846 0.030048076923076924 0.04807692307692308
0 0.36538461538461536 0.7439903846153846 0.030048076923076924 0.04807692307692308
0 0.4807692307692308 0.7439903846153846 0.030048076923076924 0.05048076923076923
0 0.45072115384615385 0.7439903846153846 0.030048076923076924 0.05048076923076923
0 0.42427884615384615 0.7439903846153846 0.03245192307692308 0.04807692307692308
0 0.5096153846153846 0.7439903846153846 0.027644230769230768 0.05048076923076923
0 0.5396634615384616 0.7439903846153846 0.030048076923076924 0.04807692307692308
0 0.5612980769230769 0.7427884615384616 0.018028846153846152 0.04447115384615385
0 0.027644230769230768 0.7127403846153846 0.03245192307692308 0.04447115384615385
0 0.057692307692307696 0.7115384615384616 0.030048076923076924 0.04807692307692308
0 0.08653846153846154 0.7115384615384616 0.027644230769230768 0.04447115384615385
0 0.1141826923076923 0.7103365384615384 0.030048076923076924 0.04447115384615385
0 0.14423076923076922 0.7091346153846154 0.03245192307692308 0.04447115384615385
0 0.20192307692307693 0.7091346153846154 0.03245192307692308 0.04447115384615385
0 0.17427884615384615 0.7091346153846154 0.030048076923076924 0.04447115384615385
0 0.2620192307692308 0.7091346153846154 0.030048076923076924 0.04447115384615385
0 0.23197115384615385 0.7091346153846154 0.03245192307692308 0.04447115384615385
0 0.34975961538461536 0.7079326923076923 0.030048076923076924 0.04807692307692308
0 0.32091346153846156 0.7079326923076923 0.030048076923076924 0.04447115384615385
0 0.29086538461538464 0.7079326923076923 0.030048076923076924 0.042067307692307696
0 0.3798076923076923 0.7067307692307693 0.030048076923076924 0.04807692307692308
0 0.4074519230769231 0.7067307692307693 0.030048076923076924 0.04447115384615385
0 0.46634615384615385 0.7067307692307693 0.027644230769230768 0.04447115384615385
0 0.4362980769230769 0.7067307692307693 0.030048076923076924 0.042067307692307696
0 0.5252403846153846 0.7055288461538461 0.030048076923076924 0.04807692307692308
0 0.4951923076923077 0.7055288461538461 0.030048076923076924 0.04447115384615385
0 0.5528846153846154 0.7055288461538461 0.030048076923076924 0.04807692307692308
0 0.042067307692307696 0.6742788461538461 0.030048076923076924 0.04447115384615385
0 0.07211538461538461 0.6742788461538461 0.030048076923076924 0.04447115384615385
0 0.10096153846153846 0.6742788461538461 0.030048076923076924 0.04447115384615385
0 0.12980769230769232 0.6730769230769231 0.030048076923076924 0.04447115384615385
0 0.21995192307692307 0.6730769230769231 0.030048076923076924 0.04807692307692308
0 0.15985576923076922 0.6730769230769231 0.03245192307692308 0.04807692307692308
0 0.24879807692307693 0.6730769230769231 0.030048076923076924 0.04447115384615385
0 0.18990384615384615 0.6730769230769231 0.03245192307692308 0.04807692307692308
0 0.27884615384615385 0.6706730769230769 0.030048076923076924 0.04807692307692308
0 0.30649038461538464 0.6706730769230769 0.030048076923076924 0.04447115384615385
0 0.33653846153846156 0.6706730769230769 0.030048076923076924 0.04447115384615385
0 0.3942307692307692 0.6694711538461539 0.030048076923076924 0.04447115384615385
0 0.36658653846153844 0.6694711538461539 0.027644230769230768 0.04447115384615385
0 0.4807692307692308 0.6694711538461539 0.027644230769230768 0.04447115384615385
0 0.45072115384615385 0.6694711538461539 0.030048076923076924 0.04807692307692308
0 0.42427884615384615 0.6694711538461539 0.030048076923076924 0.04447115384615385
0 0.5384615384615384 0.6682692307692307 0.030048076923076924 0.04447115384615385
0 0.5084134615384616 0.6682692307692307 0.030048076923076924 0.04447115384615385
0 0.5612980769230769 0.6670673076923077 0.018028846153846152 0.04447115384615385
0 0.028846153846153848 0.6358173076923077 0.03245192307692308 0.04447115384615385
0 0.05889423076923077 0.6358173076923077 0.030048076923076924 0.04807692307692308
0 0.11658653846153846 0.6358173076923077 0.03245192307692308 0.04807692307692308
0 0.08774038461538461 0.6358173076923077 0.030048076923076924 0.04447115384615385
0 0.23557692307692307 0.6346153846153846 0.03245192307692308 0.04447115384615385
0 0.20673076923076922 0.6346153846153846 0.030048076923076924 0.04447115384615385
0 0.17668269230769232 0.6346153846153846 0.03245192307692308 0.04447115384615385
0 0.1466346153846154 0.6346153846153846 0.030048076923076924 0.04447115384615385
0 0.2920673076923077 0.6346153846153846 0.030048076923076924 0.04447115384615385
0 0.2644230769230769 0.6346153846153846 0.030048076923076924 0.04447115384615385
0 0.32211538461538464 0.6346153846153846 0.030048076923076924 0.04447115384615385
0 0.3798076923076923 0.6334134615384616 0.027644230769230768 0.04447115384615385
0 0.35096153846153844 0.6334134615384616 0.027644230769230768 0.04447115384615385
0 0.4375 0.6334134615384616 0.03245192307692308 0.04447115384615385
0 0.40865384615384615 0.6334134615384616 0.030048076923076924 0.04447115384615385
0 0.46634615384615385 0.6334134615384616 0.027644230769230768 0.04447115384615385
0 0.49399038461538464 0.6334134615384616 0.027644230769230768 0.04447115384615385
0 0.5528846153846154 0.6322115384615384 0.030048076923076924 0.04447115384615385
0 0.5240384615384616 0.6322115384615384 0.030048076923076924 0.04447115384615385
0 0.9182692307692307 0.8016826923076923 0.15865384615384615 0.39663461538461536