0 0.23798076923076922 0.3137019230769231 0.171875 0.23677884615384615
0 0.15865384615384615 0.8509615384615384 0.24158653846153846 0.2980769230769231
0 0.04807692307692308 0.8545673076923077 0.09615384615384616 0.2860576923076923
0 0.7752403846153846 0.6959134615384616 0.0889423076923077 0.11298076923076923
0 0.9242788461538461 0.6971153846153846 0.07572115384615384 0.11057692307692307
0 0.6947115384615384 0.6995192307692307 0.08653846153846154 0.12860576923076922
0 0.8137019230769231 0.7884615384615384 0.09375 0.11298076923076923
0 0.4182692307692308 0.8365384615384616 0.040865384615384616 0.11298076923076923
0 0.44591346153846156 0.7475961538461539 0.09735576923076923 0.11778846153846154
0 0.4951923076923077 0.8377403846153846 0.09975961538461539 0.11057692307692307
0 0.44350961538461536 0.9254807692307693 0.09134615384615384 0.11778846153846154
0 0.6502403846153846 0.6454326923076923 0.09134615384615384 0.026442307692307692
0 0.6105769230769231 0.7019230769230769 0.09735576923076923 0.12620192307692307
0 0.6454326923076923 0.8004807692307693 0.0889423076923077 0.12379807692307693
0 0.7259615384615384 0.7908653846153846 0.09134615384615384 0.10697115384615384
0 0.6887019230769231 0.8882211538461539 0.09134615384615384 0.11298076923076923
0 0.7728365384615384 0.8870192307692307 0.0829326923076923 0.11538461538461539
0 0.8473557692307693 0.8822115384615384 0.08052884615384616 0.10697115384615384
0 0.8137019230769231 0.7872596153846154 0.0829326923076923 0.11778846153846154
0 0.8545673076923077 0.6959134615384616 0.08052884615384616 0.11538461538461539
0 0.8942307692307693 0.7908653846153846 0.078125 0.10697115384615384
0 0.7319711538461539 0.6442307692307693 0.0889423076923077 0.02403846153846154
0 0.8185096153846154 0.6454326923076923 0.078125 0.026442307692307692
0 0.8966346153846154 0.6442307692307693 0.0829326923076923 0.02403846153846154
0 0.9447115384615384 0.7872596153846154 0.04807692307692308 0.0889423076923077
0 0.9807692307692307 0.7860576923076923 0.037259615384615384 0.078125
0 0.9747596153846154 0.71875 0.05048076923076923 0.0829326923076923
0 0.9927884615384616 0.6634615384615384 0.013221153846153846 0.06490384615384616
0 0.9795673076923077 0.984375 0.040865384615384616 0.03125
0 0.9591346153846154 0.9507211538461539 0.05889423076923077 0.08653846153846154
0 0.9939903846153846 0.9350961538461539 0.01201923076923077 0.08173076923076923