0 0.2644230769230769 0.32211538461538464 0.16826923076923078 0.23197115384615385
0 0.18629807692307693 0.8509615384615384 0.23677884615384615 0.296875
0 0.0625 0.8557692307692307 0.125 0.28846153846153844
0 0.7908653846153846 0.6971153846153846 0.08653846153846154 0.11057692307692307
0 0.9362980769230769 0.6983173076923077 0.0733173076923077 0.10817307692307693
0 0.7115384615384616 0.6995192307692307 0.08413461538461539 0.12620192307692307
0 0.828125 0.7884615384615384 0.09254807692307693 0.11057692307692307
0 0.4411057692307692 0.8341346153846154 0.039663461538461536 0.11057692307692307
0 0.46875 0.7475961538461539 0.09495192307692307 0.11538461538461539
0 0.515625 0.8353365384615384 0.09735576923076923 0.10817307692307693
0 0.46634615384615385 0.921875 0.0889423076923077 0.11538461538461539
0 0.6682692307692307 0.6478365384615384 0.0889423076923077 0.026442307692307692
0 0.6286057692307693 0.703125 0.09495192307692307 0.12379807692307693
0 0.6634615384615384 0.8004807692307693 0.08653846153846154 0.12139423076923077
0 0.7415865384615384 0.7896634615384616 0.0889423076923077 0.10576923076923077
0 0.7055288461538461 0.8858173076923077 0.0889423076923077 0.11057692307692307
0 0.7884615384615384 0.8846153846153846 0.08173076923076923 0.11298076923076923
0 0.8605769230769231 0.8786057692307693 0.07932692307692307 0.10576923076923077
0 0.828125 0.7872596153846154 0.08173076923076923 0.11538461538461539
0 0.8689903846153846 0.6971153846153846 0.07932692307692307 0.11298076923076923
0 0.90625 0.7896634615384616 0.07572115384615384 0.10576923076923077
0 0.7487980769230769 0.6466346153846154 0.08653846153846154 0.02403846153846154
0 0.8329326923076923 0.6478365384615384 0.07572115384615384 0.026442307692307692
0 0.9086538461538461 0.6466346153846154 0.08173076923076923 0.02403846153846154
0 0.9567307692307693 0.7872596153846154 0.046875 0.08653846153846154
0 0.9867788461538461 0.7860576923076923 0.026442307692307692 0.07572115384615384
0 0.9795673076923077 0.71875 0.040865384615384616 0.08173076923076923
0 0.9447115384615384 0.9903846153846154 0.057692307692307696 0.018028846153846152
0 0.9855769230769231 0.9831730769230769 0.028846153846153848 0.03365384615384615
0 0.9711538461538461 0.9459134615384616 0.057692307692307696 0.08413461538461539