0 0.1201923076923077 0.171875 0.16826923076923078 0.23197115384615385
0 0.375 0.421875 0.055288461538461536 0.039663461538461536
0 0.4266826923076923 0.4170673076923077 0.0733173076923077 0.05048076923076923
0 0.4951923076923077 0.41466346153846156 0.08413461538461539 0.055288461538461536
0 0.5925480769230769 0.41466346153846156 0.0889423076923077 0.055288461538461536
0 0.8028846153846154 0.41346153846153844 0.09495192307692307 0.057692307692307696
0 0.6959134615384616 0.4110576923076923 0.09254807692307693 0.06370192307692307
0 0.8894230769230769 0.4110576923076923 0.0889423076923077 0.06370192307692307
0 0.9651442307692307 0.40625 0.06971153846153846 0.0673076923076923
0 0.32211538461538464 0.3425480769230769 0.03365384615384615 0.14182692307692307
0 0.41346153846153844 0.34134615384615385 0.07932692307692307 0.13701923076923078
0 0.765625 0.3329326923076923 0.06610576923076923 0.14423076923076922
0 0.5420673076923077 0.33052884615384615 0.08653846153846154 0.1502403846153846
0 0.6274038461538461 0.3245192307692308 0.08653846153846154 0.14423076923076922
0 0.8341346153846154 0.32211538461538464 0.09735576923076923 0.15264423076923078
0 0.9639423076923077 0.31971153846153844 0.07091346153846154 0.1346153846153846
0 0.34134615384615385 0.22716346153846154 0.07091346153846154 0.11298076923076923
0 0.421875 0.22596153846153846 0.07932692307692307 0.11057692307692307
0 0.5228365384615384 0.21995192307692307 0.08173076923076923 0.10576923076923077
0 0.6009615384615384 0.2127403846153846 0.08173076923076923 0.10216346153846154
0 0.7548076923076923 0.21033653846153846 0.09254807692307693 0.14182692307692307
0 0.6754807692307693 0.21033653846153846 0.08173076923076923 0.11057692307692307
0 0.9483173076923077 0.20673076923076922 0.09254807692307693 0.14423076923076922
0 0.8629807692307693 0.203125 0.09254807692307693 0.12139423076923077
0 0.9194711538461539 0.0889423076923077 0.08173076923076923 0.13942307692307693
0 0.8088942307692307 0.08774038461538461 0.09254807692307693 0.14783653846153846
0 0.3557692307692308 0.08173076923076923 0.08413461538461539 0.14783653846153846
0 0.9759615384615384 0.07572115384615384 0.046875 0.14783653846153846
0 0.6670673076923077 0.07572115384615384 0.08653846153846154 0.14423076923076922
0 0.5444711538461539 0.07451923076923077 0.0889423076923077 0.14423076923076922
0 0.4362980769230769 0.016826923076923076 0.07932692307692307 0.03365384615384615
0 0.36658653846153844 0.009615384615384616 0.08173076923076923 0.018028846153846152
0 0.75 0.014423076923076924 0.0889423076923077 0.028846153846153848
0 0.953125 0.010817307692307692 0.09375 0.021634615384615384
0 0.84375 0.013221153846153846 0.09254807692307693 0.026442307692307692
0 0.5132211538461539 0.013221153846153846 0.0889423076923077 0.026442307692307692
0 0.6129807692307693 0.010817307692307692 0.08413461538461539 0.021634615384615384
0 0.1935096153846154 0.9278846153846154 0.14423076923076922 0.14423076923076922
0 0.06370192307692307 0.9002403846153846 0.12620192307692307 0.19951923076923078
0 0.2824519230769231 0.7331730769230769 0.04447115384615385 0.1814903846153846
0 0.051682692307692304 0.7259615384615384 0.10216346153846154 0.18990384615384615
0 0.19471153846153846 0.6778846153846154 0.16346153846153846 0.21875
0 0.10817307692307693 0.5757211538461539 0.1310096153846154 0.18389423076923078
0 0.2512019230769231 0.5336538461538461 0.10817307692307693 0.18389423076923078
0 0.02283653846153846 0.5264423076923077 0.04447115384615385 0.16826923076923078
0 0.6310096153846154 0.8978365384615384 0.14182692307692307 0.20432692307692307
0 0.953125 0.8882211538461539 0.09375 0.2091346153846154
0 0.49038461538461536 0.8605769230769231 0.14182692307692307 0.20793269230769232
0 0.7451923076923077 0.8185096153846154 0.13701923076923078 0.20552884615384615
0 0.35216346153846156 0.7896634615384616 0.09495192307692307 0.20552884615384615
0 0.6069711538461539 0.765625 0.13942307692307693 0.19230769230769232
0 0.9387019230769231 0.7367788461538461 0.12259615384615384 0.19471153846153846
0 0.47115384615384615 0.7235576923076923 0.13701923076923078 0.18389423076923078
0 0.359375 0.6502403846153846 0.10817307692307693 0.14783653846153846
0 0.8233173076923077 0.5853365384615384 0.14423076923076922 0.2127403846153846
0 0.9879807692307693 0.546875 0.02403846153846154 0.21033653846153846
0 0.6790865384615384 0.5444711538461539 0.14182692307692307 0.20552884615384615
0 0.5372596153846154 0.5276442307692307 0.14182692307692307 0.17067307692307693
0 0.7824519230769231 0.4963942307692308 0.13942307692307693 0.10817307692307693
0 0.9194711538461539 0.4891826923076923 0.14423076923076922 0.09495192307692307
0 0.640625 0.4723557692307692 0.13942307692307693 0.06009615384615385
0 0.40625 0.4735576923076923 0.14423076923076922 0.06370192307692307
0 0.4254807692307692 0.9879807692307693 0.13942307692307693 0.02403846153846154
0 0.9026442307692307 0.9831730769230769 0.14783653846153846 0.03365384615384615
0 0.7536057692307693 0.9567307692307693 0.14423076923076922 0.08653846153846154
0 0.8569711538461539 0.9122596153846154 0.12740384615384615 0.17548076923076922