0 0.39663461538461536 0.2776442307692308 0.1622596153846154 0.22355769230769232
0 0.6586538461538461 0.7283653846153846 0.1141826923076923 0.13221153846153846
0 0.5120192307692307 0.7463942307692307 0.16466346153846154 0.16706730769230768
0 0.3449519230769231 0.7596153846153846 0.1622596153846154 0.19591346153846154
0 0.1778846153846154 0.7692307692307693 0.1622596153846154 0.2127403846153846
0 0.04447115384615385 0.7800480769230769 0.0889423076923077 0.23557692307692307
0 0.6057692307692307 0.8966346153846154 0.16466346153846154 0.20552884615384615
0 0.43509615384615385 0.8990384615384616 0.16346153846153846 0.20192307692307693
0 0.27283653846153844 0.9110576923076923 0.16466346153846154 0.1778846153846154
0 0.09495192307692307 0.9170673076923077 0.16947115384615385 0.16466346153846154
0 0.01201923076923077 0.9326923076923077 0.02283653846153846 0.1346153846153846
0 0.8834134615384616 0.7560096153846154 0.19831730769230768 0.1875