0 0.4026442307692308 0.26802884615384615 0.15745192307692307 0.21514423076923078
0 0.6550480769230769 0.703125 0.11057692307692307 0.12740384615384615
0 0.5132211538461539 0.7211538461538461 0.15985576923076922 0.1622596153846154
0 0.35336538461538464 0.734375 0.15745192307692307 0.18870192307692307
0 0.19110576923076922 0.7427884615384616 0.15745192307692307 0.20552884615384615
0 0.052884615384615384 0.7536057692307693 0.10576923076923077 0.2283653846153846
0 0.6045673076923077 0.8834134615384616 0.15985576923076922 0.23317307692307693
0 0.4411057692307692 0.8858173076923077 0.15745192307692307 0.2283653846153846
0 0.28365384615384615 0.8966346153846154 0.15985576923076922 0.20552884615384615
0 0.11177884615384616 0.9026442307692307 0.16466346153846154 0.1935096153846154
0 0.020432692307692308 0.9170673076923077 0.040865384615384616 0.1658653846153846
0 0.8725961538461539 0.7307692307692307 0.19110576923076922 0.1814903846153846