0 0.46875 0.45913461538461536 0.15264423076923078 0.15264423076923078
0 0.9146634615384616 0.15144230769230768 0.09495192307692307 0.30288461538461536
0 0.8269230769230769 0.14302884615384615 0.09014423076923077 0.2704326923076923
0 0.7536057692307693 0.15504807692307693 0.07451923076923077 0.26802884615384615
0 0.6610576923076923 0.1658653846153846 0.08052884615384616 0.2620192307692308
0 0.5901442307692307 0.17067307692307693 0.07211538461538461 0.25961538461538464
0 0.5528846153846154 0.16706730769230768 0.014423076923076924 0.22956730769230768
0 0.9567307692307693 0.018028846153846152 0.08653846153846154 0.036057692307692304
0 0.875 0.026442307692307692 0.08533653846153846 0.052884615384615384
0 0.7956730769230769 0.020432692307692308 0.0829326923076923 0.039663461538461536
0 0.6947115384615384 0.03365384615384615 0.08052884615384616 0.0673076923076923
0 0.6310096153846154 0.039663461538461536 0.06971153846153846 0.07932692307692307
0 0.5721153846153846 0.03365384615384615 0.055288461538461536 0.0673076923076923
0 0.6790865384615384 0.5060096153846154 0.07211538461538461 0.057692307692307696
0 0.9771634615384616 0.15144230769230768 0.04447115384615385 0.30288461538461536
0 0.96875 0.38822115384615385 0.0625 0.2776442307692308
0 0.8617788461538461 0.39302884615384615 0.08774038461538461 0.2848557692307692
0 0.78125 0.39663461538461536 0.09254807692307693 0.2776442307692308
0 0.7175480769230769 0.39302884615384615 0.07211538461538461 0.27283653846153844
0 0.6322115384615384 0.3918269230769231 0.07211538461538461 0.2620192307692308
0 0.5709134615384616 0.39302884615384615 0.052884615384615384 0.2548076923076923
0 0.6213942307692307 0.5036057692307693 0.07211538461538461 0.0625
0 0.4675480769230769 0.7379807692307693 0.15504807692307693 0.21995192307692307