0 0.4050480769230769 0.3004807692307692 0.051682692307692304 0.057692307692307696
0 0.17668269230769232 0.578125 0.16466346153846154 0.15625
0 0.08052884615384616 0.6538461538461539 0.11658653846153846 0.23076923076923078
0 0.021634615384615384 0.7512019230769231 0.042067307692307696 0.23918269230769232
0 0.21153846153846154 0.7932692307692307 0.1622596153846154 0.265625
0 0.1201923076923077 0.890625 0.12139423076923077 0.21875
0 0.013221153846153846 0.9375 0.026442307692307692 0.1201923076923077
0 0.22716346153846154 0.9627403846153846 0.15625 0.07451923076923077
0 0.9807692307692307 0.5661057692307693 0.037259615384615384 0.13221153846153846
0 0.6730769230769231 0.5673076923076923 0.037259615384615384 0.12980769230769232
0 0.7944711538461539 0.5685096153846154 0.08173076923076923 0.12980769230769232
0 0.8774038461538461 0.5709134615384616 0.06971153846153846 0.09495192307692307
0 0.7295673076923077 0.5733173076923077 0.0625 0.09975961538461539
0 0.8713942307692307 0.6802884615384616 0.08413461538461539 0.1346153846153846
0 0.7223557692307693 0.6802884615384616 0.08413461538461539 0.13221153846153846
0 0.8016826923076923 0.6814903846153846 0.06009615384615385 0.10216346153846154
0 0.6730769230769231 0.6802884615384616 0.037259615384615384 0.10216346153846154
0 0.9855769230769231 0.6826923076923077 0.028846153846153848 0.10576923076923077
0 0.8846153846153846 0.859375 0.07211538461538461 0.1045673076923077
0 0.7367788461538461 0.859375 0.0625 0.10697115384615384
0 0.7992788461538461 0.8725961538461539 0.08173076923076923 0.12379807692307693
0 0.9639423076923077 0.8725961538461539 0.07211538461538461 0.12980769230769232
0 0.671875 0.8737980769230769 0.03485576923076923 0.12740384615384615
0 0.6754807692307693 0.9603365384615384 0.042067307692307696 0.07932692307692307
0 0.8112980769230769 0.9603365384615384 0.06971153846153846 0.07932692307692307
0 0.9663461538461539 0.9627403846153846 0.0673076923076923 0.07451923076923077
0 0.7259615384615384 0.9579326923076923 0.08413461538461539 0.08413461538461539
0 0.8774038461538461 0.9591346153846154 0.08653846153846154 0.08173076923076923