0 0.32091346153846156 0.11057692307692307 0.02403846153846154 0.0985576923076923
0 0.14302884615384615 0.11298076923076923 0.06610576923076923 0.10336538461538461
0 0.27163461538461536 0.11298076923076923 0.06850961538461539 0.10336538461538461
0 0.07451923076923077 0.1141826923076923 0.06850961538461539 0.10576923076923077
0 0.30408653846153844 0.19951923076923078 0.05889423076923077 0.10576923076923077
0 0.2439903846153846 0.19951923076923078 0.06370192307692307 0.10576923076923077
0 0.17908653846153846 0.20192307692307693 0.06850961538461539 0.10817307692307693
0 0.040865384615384616 0.20192307692307693 0.06370192307692307 0.10096153846153846
0 0.10817307692307693 0.203125 0.06850961538461539 0.10817307692307693
0 0.7572115384615384 0.1658653846153846 0.1622596153846154 0.24519230769230768
0 0.9855769230769231 0.16947115384615385 0.028846153846153848 0.2403846153846154
0 0.8990384615384616 0.17427884615384615 0.14182692307692307 0.2127403846153846
0 0.4639423076923077 0.1814903846153846 0.1622596153846154 0.23798076923076922
0 0.6153846153846154 0.1875 0.14423076923076922 0.21514423076923078
0 0.36538461538461536 0.18870192307692307 0.06370192307692307 0.22115384615384615
0 0.9038461538461539 0.03365384615384615 0.1622596153846154 0.06610576923076923
0 0.7524038461538461 0.03245192307692308 0.1466346153846154 0.06370192307692307
0 0.6081730769230769 0.038461538461538464 0.1622596153846154 0.07572115384615384
0 0.4699519230769231 0.04326923076923077 0.14423076923076922 0.08533653846153846
0 0.296875 0.8016826923076923 0.0733173076923077 0.25961538461538464
0 0.171875 0.8064903846153846 0.17908653846153846 0.2620192307692308
0 0.04326923076923077 0.8076923076923077 0.08533653846153846 0.25240384615384615
0 0.8858173076923077 0.6778846153846154 0.11778846153846154 0.1814903846153846
0 0.5252403846153846 0.6778846153846154 0.11298076923076923 0.17427884615384615
0 0.6454326923076923 0.6802884615384616 0.11538461538461539 0.17668269230769232
0 0.7596153846153846 0.6814903846153846 0.11298076923076923 0.18389423076923078
0 0.39783653846153844 0.6826923076923077 0.11538461538461539 0.17668269230769232
0 0.47716346153846156 0.8269230769230769 0.11778846153846154 0.16947115384615385
0 0.5949519230769231 0.8317307692307693 0.11298076923076923 0.171875
0 0.8269230769230769 0.8329326923076923 0.11778846153846154 0.17427884615384615
0 0.7079326923076923 0.8377403846153846 0.11778846153846154 0.17427884615384615
0 0.4254807692307692 0.9471153846153846 0.11057692307692307 0.10576923076923077
0 0.5396634615384616 0.9471153846153846 0.11298076923076923 0.10576923076923077
0 0.6586538461538461 0.9507211538461539 0.11538461538461539 0.0985576923076923
0 0.7728365384615384 0.953125 0.11538461538461539 0.09254807692307693
0 0.8930288461538461 0.9543269230769231 0.11538461538461539 0.09014423076923077