0 0.25721153846153844 0.06490384615384616 0.055288461538461536 0.06009615384615385
0 0.9326923076923077 0.30649038461538464 0.09134615384615384 0.14302884615384615
0 0.6995192307692307 0.28846153846153844 0.09134615384615384 0.13581730769230768
0 0.9879807692307693 0.27884615384615385 0.02403846153846154 0.140625
0 0.5432692307692307 0.27524038461538464 0.09375 0.13581730769230768
0 0.7836538461538461 0.23677884615384615 0.09134615384615384 0.13221153846153846
0 0.625 0.2127403846153846 0.09134615384615384 0.13581730769230768
0 0.8653846153846154 0.18389423076923078 0.09375 0.13581730769230768
0 0.9579326923076923 0.16105769230769232 0.0829326923076923 0.140625
0 0.7091346153846154 0.15264423076923078 0.09134615384615384 0.13221153846153846
0 0.5480769230769231 0.13581730769230768 0.09134615384615384 0.13581730769230768
0 0.7920673076923077 0.09975961538461539 0.09134615384615384 0.12980769230769232
0 0.6358173076923077 0.07572115384615384 0.09134615384615384 0.13581730769230768
0 0.8197115384615384 0.44471153846153844 0.09375 0.042067307692307696
0 0.47596153846153844 0.05889423076923077 0.0889423076923077 0.11778846153846154
0 0.8774038461538461 0.055288461538461536 0.09375 0.109375
0 0.9723557692307693 0.04927884615384615 0.055288461538461536 0.0985576923076923
0 0.7175480769230769 0.042067307692307696 0.09134615384615384 0.0829326923076923
0 0.5612980769230769 0.03245192307692308 0.09134615384615384 0.06490384615384616
0 0.8004807692307693 0.015625 0.09134615384615384 0.03125
0 0.9206730769230769 0.43028846153846156 0.09615384615384616 0.0733173076923077
0 0.9819711538461539 0.40865384615384615 0.036057692307692304 0.1141826923076923
0 0.5264423076923077 0.4074519230769231 0.0889423076923077 0.11778846153846154
0 0.7548076923076923 0.3954326923076923 0.09375 0.140625
0 0.6129807692307693 0.3713942307692308 0.09134615384615384 0.13822115384615385
0 0.8473557692307693 0.3449519230769231 0.09134615384615384 0.13581730769230768
0 0.4483173076923077 0.3389423076923077 0.0625 0.13581730769230768
0 0.4110576923076923 0.8028846153846154 0.010817307692307692 0.06009615384615385
0 0.3858173076923077 0.8028846153846154 0.04447115384615385 0.06009615384615385
0 0.3425480769230769 0.8004807692307693 0.04447115384615385 0.06009615384615385
0 0.2980769230769231 0.7980769230769231 0.046875 0.0625
0 0.2548076923076923 0.7956730769230769 0.046875 0.06009615384615385
0 0.21153846153846154 0.7944711538461539 0.046875 0.06009615384615385
0 0.16706730769230768 0.7920673076923077 0.046875 0.06009615384615385
0 0.12139423076923077 0.7884615384615384 0.046875 0.06009615384615385
0 0.07572115384615384 0.7860576923076923 0.046875 0.0625
0 0.030048076923076924 0.7848557692307693 0.046875 0.0625
0 0.4014423076923077 0.7548076923076923 0.03125 0.057692307692307696
0 0.3641826923076923 0.7536057692307693 0.04447115384615385 0.06009615384615385
0 0.32211538461538464 0.7524038461538461 0.04447115384615385 0.06009615384615385
0 0.2776442307692308 0.7487980769230769 0.046875 0.06009615384615385
0 0.234375 0.7475961538461539 0.04447115384615385 0.06009615384615385
0 0.18990384615384615 0.7451923076923077 0.046875 0.06009615384615385
0 0.14543269230769232 0.7427884615384616 0.046875 0.06009615384615385
0 0.09975961538461539 0.7391826923076923 0.046875 0.06009615384615385
0 0.055288461538461536 0.7355769230769231 0.046875 0.06009615384615385
0 0.016826923076923076 0.7331730769230769 0.03365384615384615 0.06009615384615385
0 0.4110576923076923 0.7079326923076923 0.010817307692307692 0.057692307692307696
0 0.3870192307692308 0.7079326923076923 0.04447115384615385 0.057692307692307696
0 0.34375 0.7055288461538461 0.04447115384615385 0.057692307692307696
0 0.3004807692307692 0.7043269230769231 0.04447115384615385 0.06009615384615385
0 0.25721153846153844 0.7007211538461539 0.04447115384615385 0.06009615384615385
0 0.21514423076923078 0.6983173076923077 0.04447115384615385 0.06009615384615385
0 0.16826923076923078 0.6923076923076923 0.046875 0.057692307692307696
0 0.125 0.6923076923076923 0.046875 0.057692307692307696
0 0.08173076923076923 0.6899038461538461 0.046875 0.06009615384615385
0 0.004807692307692308 0.6875 0.009615384615384616 0.057692307692307696
0 0.03485576923076923 0.6875 0.046875 0.057692307692307696
0 0.4014423076923077 0.6610576923076923 0.03125 0.057692307692307696
0 0.36778846153846156 0.6598557692307693 0.04447115384615385 0.057692307692307696
0 0.3245192307692308 0.6574519230769231 0.04447115384615385 0.057692307692307696
0 0.28125 0.65625 0.04447115384615385 0.057692307692307696
0 0.23677884615384615 0.6526442307692307 0.04447115384615385 0.057692307692307696
0 0.1935096153846154 0.6502403846153846 0.04447115384615385 0.057692307692307696
0 0.1502403846153846 0.6454326923076923 0.04447115384615385 0.057692307692307696
0 0.10576923076923077 0.6430288461538461 0.046875 0.06009615384615385
0 0.06129807692307692 0.6418269230769231 0.046875 0.057692307692307696
0 0.018028846153846152 0.6418269230769231 0.036057692307692304 0.055288461538461536
0 0.38822115384615385 0.6141826923076923 0.04447115384615385 0.057692307692307696
0 0.34615384615384615 0.6129807692307693 0.04447115384615385 0.057692307692307696
0 0.30408653846153844 0.6105769230769231 0.04447115384615385 0.057692307692307696
0 0.2608173076923077 0.6069711538461539 0.04447115384615385 0.057692307692307696
0 0.21754807692307693 0.6045673076923077 0.04447115384615385 0.057692307692307696
0 0.17427884615384615 0.6009615384615384 0.04447115384615385 0.057692307692307696
0 0.12980769230769232 0.5973557692307693 0.04447115384615385 0.057692307692307696
0 0.038461538461538464 0.5961538461538461 0.046875 0.057692307692307696
0 0.08653846153846154 0.5961538461538461 0.046875 0.057692307692307696
0 0.007211538461538462 0.5961538461538461 0.014423076923076924 0.057692307692307696
0 0.4026442307692308 0.5685096153846154 0.028846153846153848 0.055288461538461536
0 0.36899038461538464 0.5673076923076923 0.042067307692307696 0.057692307692307696
0 0.32572115384615385 0.5649038461538461 0.042067307692307696 0.057692307692307696
0 0.28365384615384615 0.5625 0.04447115384615385 0.057692307692307696
0 0.2403846153846154 0.5600961538461539 0.04447115384615385 0.057692307692307696
0 0.19831730769230768 0.5576923076923077 0.04447115384615385 0.055288461538461536
0 0.15504807692307693 0.5528846153846154 0.04447115384615385 0.057692307692307696
0 0.11177884615384616 0.5516826923076923 0.046875 0.057692307692307696
0 0.020432692307692308 0.5492788461538461 0.040865384615384616 0.055288461538461536
0 0.06490384615384616 0.5516826923076923 0.046875 0.057692307692307696
0 0.4098557692307692 0.9831730769230769 0.013221153846153846 0.03365384615384615
0 0.38221153846153844 0.9831730769230769 0.046875 0.03365384615384615
0 0.3389423076923077 0.9819711538461539 0.046875 0.036057692307692304
0 0.2920673076923077 0.9819711538461539 0.046875 0.036057692307692304
0 0.24759615384615385 0.9807692307692307 0.046875 0.038461538461538464
0 0.19831730769230768 0.9783653846153846 0.05048076923076923 0.04326923076923077
0 0.15144230769230768 0.9771634615384616 0.04807692307692308 0.04567307692307692
0 0.1045673076923077 0.9771634615384616 0.05048076923076923 0.04567307692307692
0 0.05889423076923077 0.9759615384615384 0.04927884615384615 0.046875
0 0.016826923076923076 0.9747596153846154 0.03365384615384615 0.04927884615384615
0 0.39903846153846156 0.9483173076923077 0.036057692307692304 0.0625
0 0.3605769230769231 0.9483173076923077 0.046875 0.0625
0 0.3161057692307692 0.9471153846153846 0.046875 0.0625
0 0.27163461538461536 0.9435096153846154 0.046875 0.0625
0 0.2247596153846154 0.9411057692307693 0.046875 0.0625
0 0.1814903846153846 0.9387019230769231 0.046875 0.0625
0 0.1346153846153846 0.9375 0.04927884615384615 0.0625
0 0.08774038461538461 0.9350961538461539 0.04927884615384615 0.0625
0 0.040865384615384616 0.9338942307692307 0.04927884615384615 0.0625
0 0.009615384615384616 0.9302884615384616 0.018028846153846152 0.0625
0 0.4098557692307692 0.9002403846153846 0.013221153846153846 0.06009615384615385
0 0.38461538461538464 0.9002403846153846 0.046875 0.0625
0 0.3401442307692308 0.8966346153846154 0.046875 0.06009615384615385
0 0.2956730769230769 0.8954326923076923 0.046875 0.0625
0 0.2512019230769231 0.8930288461538461 0.046875 0.06009615384615385
0 0.20673076923076922 0.8918269230769231 0.046875 0.06009615384615385
0 0.15985576923076922 0.8894230769230769 0.04927884615384615 0.06009615384615385
0 0.1141826923076923 0.8870192307692307 0.046875 0.0625
0 0.0673076923076923 0.8846153846153846 0.04927884615384615 0.0625
0 0.02403846153846154 0.8798076923076923 0.046875 0.0625
0 0.40024038461538464 0.8497596153846154 0.03365384615384615 0.06009615384615385
0 0.3629807692307692 0.8497596153846154 0.04447115384615385 0.06009615384615385
0 0.31850961538461536 0.8485576923076923 0.04447115384615385 0.06009615384615385
0 0.27524038461538464 0.8461538461538461 0.046875 0.06009615384615385
0 0.23197115384615385 0.84375 0.046875 0.0625
0 0.18629807692307693 0.8425480769230769 0.046875 0.06009615384615385
0 0.140625 0.8401442307692307 0.046875 0.06009615384615385
0 0.09495192307692307 0.8365384615384616 0.046875 0.06009615384615385
0 0.04927884615384615 0.8341346153846154 0.046875 0.06009615384615385
0 0.013221153846153846 0.8317307692307693 0.026442307692307692 0.06009615384615385
0 0.8641826923076923 0.8978365384615384 0.17067307692307693 0.20432692307692307
0 0.9675480769230769 0.9038461538461539 0.06490384615384616 0.19230769230769232
0 0.7067307692307693 0.9050480769230769 0.15384615384615385 0.18990384615384615
0 0.44711538461538464 0.8954326923076923 0.06009615384615385 0.20793269230769232
0 0.5492788461538461 0.8894230769230769 0.171875 0.22115384615384615
0 0.8641826923076923 0.6887019230769231 0.15384615384615385 0.23197115384615385
0 0.9699519230769231 0.6802884615384616 0.06009615384615385 0.2548076923076923
0 0.5576923076923077 0.6802884615384616 0.15625 0.22956730769230768
0 0.7139423076923077 0.6778846153846154 0.171875 0.26322115384615385
0 0.44711538461538464 0.6574519230769231 0.06009615384615385 0.26322115384615385
0 0.9699519230769231 0.5204326923076923 0.06009615384615385 0.109375
0 0.7127403846153846 0.5168269230769231 0.16346153846153846 0.10096153846153846
0 0.8737980769230769 0.515625 0.17427884615384615 0.0985576923076923
0 0.4495192307692308 0.5108173076923077 0.06490384615384616 0.0889423076923077
0 0.5528846153846154 0.5060096153846154 0.17427884615384615 0.08052884615384616