0 0.6045673076923077 0.055288461538461536 0.11057692307692307 0.11057692307692307
0 0.6911057692307693 0.12259615384615384 0.1201923076923077 0.14182692307692307
0 0.7836538461538461 0.19831730769230768 0.11057692307692307 0.0985576923076923
0 0.8713942307692307 0.14903846153846154 0.10576923076923077 0.15985576923076922
0 0.9951923076923077 0.171875 0.009615384615384616 0.14182692307692307
0 0.9555288461538461 0.0829326923076923 0.08774038461538461 0.15745192307692307
0 0.7908653846153846 0.07211538461538461 0.10576923076923077 0.14423076923076922
0 0.8402479038461539 0 0.8395601490384615 0.03815133413461538 0.8757286682692308 0.06397308173076922 0.9153418100961539 0.03815133413461538 0.91869009375 0 0.8402479038461539 0
0 0.7019230769230769 0.026442307692307692 0.11057692307692307 0.052884615384615384
0 0.953125 0.20072115384615385 0.09254807692307693 0.09254807692307693
0 0.4987980769230769 0.7908653846153846 0.09615384615384616 0.296875
0 0.2608173076923077 0.7752403846153846 0.19110576923076922 0.33052884615384615
0 0.14903846153846154 0.7752403846153846 0.125 0.2824519230769231
0 0.5324519230769231 0.4735576923076923 0.028846153846153848 0.29447115384615385
0 0.3641826923076923 0.4519230769230769 0.18870192307692307 0.3233173076923077
0 0.07451923076923077 0.44591346153846156 0.14903846153846154 0.31850961538461536
0 0.42788461538461536 0.9663461538461539 0.1935096153846154 0.06610576923076923
0 0.0985576923076923 0.9567307692307693 0.18629807692307693 0.08533653846153846
0 0.42788461538461536 0.2764423076923077 0.125 0.05889423076923077
0 0.12980769230769232 0.27403846153846156 0.1622596153846154 0.054086538461538464
0 0.3137019230769231 0.9639423076923077 0.15745192307692307 0.07091346153846154
0 0.8365384615384616 0.9242788461538461 0.32572115384615385 0.15144230769230768
0 0.6105769230769231 0.9194711538461539 0.12980769230769232 0.16105769230769232
0 0.6899038461538461 0.7115384615384616 0.28725961538461536 0.3401442307692308
0 0.9182692307692307 0.7079326923076923 0.16346153846153846 0.35336538461538464
0 0.6045673076923077 0.41586538461538464 0.11538461538461539 0.33533653846153844
0 0.8317307692307693 0.41586538461538464 0.33533653846153844 0.33533653846153844
0 0.6887019230769231 0.2668269230769231 0.2848557692307692 0.039663461538461536
0 0.9182692307692307 0.2668269230769231 0.16346153846153846 0.04326923076923077