0 0.421875 0.18028846153846154 0.052884615384615384 0.05889423076923077
0 0.6538461538461539 0.37259615384615385 0.06370192307692307 0.44711538461538464
0 0.9074519230769231 0.12259615384615384 0.18509615384615385 0.24519230769230768
0 0.7247596153846154 0.11057692307692307 0.20552884615384615 0.22115384615384615
0 0.8209134615384616 0.3798076923076923 0.2920673076923077 0.4338942307692308
0 0.33774038461538464 0.6923076923076923 0.052884615384615384 0.05889423076923077
0 0.8413461538461539 0.9134615384615384 0.078125 0.12139423076923077
0 0.9242788461538461 0.9122596153846154 0.08413461538461539 0.12139423076923077
0 0.6826923076923077 0.9074519230769231 0.078125 0.11658653846153846
0 0.6322115384615384 0.9074519230769231 0.020432692307692308 0.11899038461538461
0 0.6622596153846154 0.7247596153846154 0.08173076923076923 0.12980769230769232
0 0.8377403846153846 0.7199519230769231 0.08413461538461539 0.12740384615384615
0 0.9230769230769231 0.7139423076923077 0.08413461538461539 0.12379807692307693
0 0.703125 0.6382211538461539 0.08653846153846154 0.08413461538461539
0 0.6394230769230769 0.6370192307692307 0.036057692307692304 0.08173076923076923
0 0.7956730769230769 0.6346153846153846 0.08413461538461539 0.07572115384615384
0 0.8798076923076923 0.6346153846153846 0.08413461538461539 0.07572115384615384
0 0.9603365384615384 0.6334134615384616 0.078125 0.0733173076923077
0 0.8016826923076923 0.9807692307692307 0.08173076923076923 0.038461538461538464
0 0.8846153846153846 0.9795673076923077 0.08413461538461539 0.040865384615384616
0 0.9627403846153846 0.9783653846153846 0.0733173076923077 0.04326923076923077
0 0.6538461538461539 0.9759615384615384 0.06370192307692307 0.04807692307692308
0 0.7235576923076923 0.9747596153846154 0.07572115384615384 0.05048076923076923