0 0.4411057692307692 0.18269230769230768 0.051682692307692304 0.056490384615384616
0 0.6670673076923077 0.3713942307692308 0.06129807692307692 0.43509615384615385
0 0.9122596153846154 0.12379807692307693 0.17548076923076922 0.24759615384615385
0 0.7367788461538461 0.11177884615384616 0.20072115384615385 0.22235576923076922
0 0.8305288461538461 0.37740384615384615 0.2848557692307692 0.4230769230769231
0 0.359375 0.6826923076923077 0.051682692307692304 0.056490384615384616
0 0.8497596153846154 0.8990384615384616 0.07692307692307693 0.11899038461538461
0 0.9302884615384616 0.8978365384615384 0.08173076923076923 0.11899038461538461
0 0.6959134615384616 0.8918269230769231 0.07692307692307693 0.1141826923076923
0 0.6466346153846154 0.8918269230769231 0.019230769230769232 0.11658653846153846
0 0.6754807692307693 0.7139423076923077 0.07932692307692307 0.12620192307692307
0 0.8461538461538461 0.7091346153846154 0.08173076923076923 0.12379807692307693
0 0.9290865384615384 0.7043269230769231 0.08173076923076923 0.12139423076923077
0 0.7151442307692307 0.6298076923076923 0.08413461538461539 0.08173076923076923
0 0.6538461538461539 0.6286057692307693 0.03485576923076923 0.07932692307692307
0 0.8052884615384616 0.6262019230769231 0.08173076923076923 0.07451923076923077
0 0.8870192307692307 0.6262019230769231 0.08173076923076923 0.07451923076923077
0 0.9639423076923077 0.625 0.07211538461538461 0.07211538461538461
0 0.8112980769230769 0.9723557692307693 0.07932692307692307 0.054086538461538464
0 0.8918269230769231 0.9711538461538461 0.08173076923076923 0.056490384615384616
0 0.9663461538461539 0.9699519230769231 0.0673076923076923 0.05889423076923077
0 0.6670673076923077 0.9675480769230769 0.06129807692307692 0.06490384615384616
0 0.7355769230769231 0.9663461538461539 0.07451923076923077 0.0673076923076923