0 0.10096153846153846 0.3894230769230769 0.054086538461538464 0.05889423076923077
0 0.5240384615384616 0.22716346153846154 0.2860576923076923 0.453125
0 0.7019230769230769 0.5048076923076923 0.3173076923076923 0.28846153846153844
0 0.2091346153846154 0.6983173076923077 0.16466346153846154 0.09735576923076923
0 0.8605769230769231 0.6658653846153846 0.1346153846153846 0.03365384615384615
0 0.6129807692307693 0.6706730769230769 0.1346153846153846 0.040865384615384616
0 0.953125 0.6862980769230769 0.09254807692307693 0.07451923076923077
0 0.5072115384615384 0.6983173076923077 0.13942307692307693 0.09735576923076923
0 0.7391826923076923 0.7019230769230769 0.13701923076923078 0.09495192307692307
0 0.859375 0.7271634615384616 0.12860576923076922 0.09495192307692307
0 0.6286057692307693 0.7463942307692307 0.1310096153846154 0.10576923076923077
0 0.4266826923076923 0.7463942307692307 0.09014423076923077 0.10096153846153846
0 0.9567307692307693 0.7764423076923077 0.08653846153846154 0.10096153846153846
0 0.75 0.7824519230769231 0.12379807692307693 0.09014423076923077
0 0.5276442307692307 0.796875 0.12620192307692307 0.09735576923076923
0 0.8581730769230769 0.8209134615384616 0.12139423076923077 0.09014423076923077
0 0.4338942307692308 0.8605769230769231 0.10576923076923077 0.09254807692307693
0 0.6382211538461539 0.875 0.12620192307692307 0.09495192307692307
0 0.7572115384615384 0.8942307692307693 0.11298076923076923 0.08774038461538461
0 0.8605769230769231 0.9086538461538461 0.10336538461538461 0.0829326923076923
0 0.9579326923076923 0.9110576923076923 0.08413461538461539 0.08173076923076923
0 0.5396634615384616 0.9170673076923077 0.11899038461538461 0.09014423076923077