0 0.6802884615384616 0.028846153846153848 0.08413461538461539 0.056490384615384616
0 0.7632211538461539 0.03125 0.0889423076923077 0.06129807692307692
0 0.8509615384615384 0.03245192307692308 0.09134615384615384 0.06370192307692307
0 0.4639423076923077 0.042067307692307696 0.021634615384615384 0.08413461538461539
0 0.5048076923076923 0.052884615384615384 0.05889423076923077 0.10576923076923077
0 0.5685096153846154 0.0673076923076923 0.06610576923076923 0.10576923076923077
0 0.45913461538461536 0.0985576923076923 0.01201923076923077 0.08413461538461539
0 0.4831730769230769 0.11778846153846154 0.056490384615384616 0.0889423076923077
0 0.5396634615384616 0.13701923076923078 0.054086538461538464 0.09615384615384616
0 0.5949519230769231 0.15625 0.06610576923076923 0.10096153846153846
0 0.46875 0.1814903846153846 0.03245192307692308 0.09615384615384616
0 0.5036057692307693 0.2091346153846154 0.06129807692307692 0.0985576923076923
0 0.5637019230769231 0.22596153846153846 0.06129807692307692 0.10336538461538461
0 0.6177884615384616 0.2536057692307692 0.05889423076923077 0.10576923076923077
0 0.6862980769230769 0.26802884615384615 0.08653846153846154 0.13341346153846154
0 0.47836538461538464 0.27163461538461536 0.04927884615384615 0.10096153846153846
0 0.7776442307692307 0.28125 0.0889423076923077 0.13822115384615385
0 0.8677884615384616 0.3004807692307692 0.10096153846153846 0.14302884615384615
0 0.5240384615384616 0.30528846153846156 0.05889423076923077 0.09134615384615384
0 0.5829326923076923 0.32091346153846156 0.056490384615384616 0.09615384615384616
0 0.46274038461538464 0.33653846153846156 0.019230769230769232 0.07091346153846154
0 0.6370192307692307 0.33413461538461536 0.08173076923076923 0.07692307692307693
0 0.8257211538461539 0.3449519230769231 0.0889423076923077 0.054086538461538464
0 0.5024038461538461 0.34975961538461536 0.04927884615384615 0.04447115384615385
0 0.7319711538461539 0.34615384615384615 0.0889423076923077 0.051682692307692304
0 0.546875 0.359375 0.05889423076923077 0.02403846153846154
0 0.9122596153846154 0.35336538461538464 0.09134615384615384 0.037259615384615384
0 0.3954326923076923 0.4699519230769231 0.051682692307692304 0.08413461538461539
0 0.3389423076923077 0.4699519230769231 0.051682692307692304 0.08413461538461539
0 0.28365384615384615 0.47115384615384615 0.051682692307692304 0.08413461538461539
0 0.22956730769230768 0.4723557692307692 0.04927884615384615 0.08413461538461539
0 0.17427884615384615 0.47596153846153844 0.04927884615384615 0.08413461538461539
0 0.12139423076923077 0.47836538461538464 0.04447115384615385 0.07932692307692307
0 0.020432692307692308 0.47836538461538464 0.040865384615384616 0.07692307692307693
0 0.06971153846153846 0.4795673076923077 0.042067307692307696 0.07692307692307693
0 0.42427884615384615 0.5492788461538461 0.051682692307692304 0.08653846153846154
0 0.36778846153846156 0.5504807692307693 0.051682692307692304 0.08653846153846154
0 0.3112980769230769 0.5516826923076923 0.051682692307692304 0.08653846153846154
0 0.25600961538461536 0.5516826923076923 0.04927884615384615 0.08413461538461539
0 0.20192307692307693 0.5528846153846154 0.046875 0.08413461538461539
0 0.14543269230769232 0.5540865384615384 0.04447115384615385 0.07932692307692307
0 0.09375 0.5540865384615384 0.04447115384615385 0.07692307692307693
0 0.007211538461538462 0.5528846153846154 0.014423076923076924 0.07692307692307693
0 0.04326923076923077 0.5552884615384616 0.04447115384615385 0.07692307692307693
0 0.2824519230769231 0.6298076923076923 0.04927884615384615 0.08413461538461539
0 0.2283653846153846 0.6298076923076923 0.04927884615384615 0.08413461538461539
0 0.1201923076923077 0.6310096153846154 0.04447115384615385 0.08173076923076923
0 0.06850961538461539 0.6310096153846154 0.04447115384615385 0.07932692307692307
0 0.171875 0.6310096153846154 0.046875 0.08173076923076923
0 0.019230769230769232 0.6298076923076923 0.038461538461538464 0.07692307692307693
0 0.3389423076923077 0.6310096153846154 0.04927884615384615 0.08653846153846154
0 0.3942307692307692 0.6322115384615384 0.051682692307692304 0.0889423076923077
0 0.008413461538461538 0.7043269230769231 0.016826923076923076 0.07932692307692307
0 0.042067307692307696 0.7055288461538461 0.046875 0.07932692307692307
0 0.14302884615384615 0.7067307692307693 0.046875 0.08173076923076923
0 0.31009615384615385 0.7067307692307693 0.04927884615384615 0.08413461538461539
0 0.09254807692307693 0.7079326923076923 0.046875 0.07932692307692307
0 0.2512019230769231 0.7079326923076923 0.04927884615384615 0.08413461538461539
0 0.1971153846153846 0.7079326923076923 0.046875 0.08173076923076923
0 0.4230769230769231 0.7079326923076923 0.054086538461538464 0.08653846153846154
0 0.3629807692307692 0.7103365384615384 0.051682692307692304 0.08653846153846154
0 0.018028846153846152 0.78125 0.036057692307692304 0.08173076923076923
0 0.11778846153846154 0.7836538461538461 0.04927884615384615 0.08413461538461539
0 0.0673076923076923 0.7836538461538461 0.04447115384615385 0.08173076923076923
0 0.16947115384615385 0.7860576923076923 0.046875 0.08413461538461539
0 0.22355769230769232 0.7872596153846154 0.046875 0.08173076923076923
0 0.28125 0.7872596153846154 0.04927884615384615 0.08413461538461539
0 0.3954326923076923 0.7884615384615384 0.051682692307692304 0.08653846153846154
0 0.33533653846153844 0.7884615384615384 0.04927884615384615 0.08413461538461539
0 0.006009615384615385 0.8545673076923077 0.01201923076923077 0.07932692307692307
0 0.042067307692307696 0.8581730769230769 0.046875 0.08173076923076923
0 0.09375 0.8605769230769231 0.046875 0.08173076923076923
0 0.19951923076923078 0.8617788461538461 0.046875 0.08173076923076923
0 0.1466346153846154 0.8641826923076923 0.04927884615384615 0.08413461538461539
0 0.25240384615384615 0.8641826923076923 0.04927884615384615 0.08413461538461539
0 0.30528846153846156 0.8653846153846154 0.04927884615384615 0.08173076923076923
0 0.36177884615384615 0.8677884615384616 0.04927884615384615 0.08653846153846154
0 0.42427884615384615 0.8701923076923077 0.054086538461538464 0.08653846153846154
0 0.016826923076923076 0.9302884615384616 0.03365384615384615 0.08173076923076923
0 0.06370192307692307 0.9362980769230769 0.04447115384615385 0.08173076923076923
0 0.11298076923076923 0.9399038461538461 0.046875 0.08173076923076923
0 0.22235576923076922 0.9423076923076923 0.04927884615384615 0.08413461538461539
0 0.16826923076923078 0.9423076923076923 0.04927884615384615 0.08413461538461539
0 0.27884615384615385 0.9435096153846154 0.04927884615384615 0.08653846153846154
0 0.33533653846153844 0.9471153846153846 0.04927884615384615 0.08413461538461539
0 0.3918269230769231 0.9483173076923077 0.054086538461538464 0.08653846153846154
0 0.036057692307692304 0.9831730769230769 0.04326923076923077 0.03365384615384615
0 0.0889423076923077 0.984375 0.04807692307692308 0.03125
0 0.13942307692307693 0.9879807692307693 0.046875 0.02403846153846154
0 0.25 0.9927884615384616 0.046875 0.014423076923076924
0 0.19591346153846154 0.9927884615384616 0.046875 0.014423076923076924
0 0.30528846153846156 0.9927884615384616 0.04927884615384615 0.014423076923076924
0 0.41947115384615385 0.9927884615384616 0.051682692307692304 0.014423076923076924
0 0.36177884615384615 0.9963942307692307 0.04927884615384615 0.007211538461538462
0 0.42427884615384615 0.4014423076923077 0.051682692307692304 0.05889423076923077
0 0.36538461538461536 0.4026442307692308 0.051682692307692304 0.06129807692307692
0 0.3125 0.4026442307692308 0.04927884615384615 0.06129807692307692
0 0.25600961538461536 0.40384615384615385 0.04927884615384615 0.06370192307692307
0 0.20192307692307693 0.4050480769230769 0.04927884615384615 0.06610576923076923
0 0.14903846153846154 0.4050480769230769 0.046875 0.06610576923076923
0 0.0985576923076923 0.40625 0.04447115384615385 0.06850961538461539
0 0.046875 0.40625 0.04447115384615385 0.06850961538461539
0 0.009615384615384616 0.4074519230769231 0.019230769230769232 0.07091346153846154
0 0.9290865384615384 0.6081730769230769 0.14182692307692307 0.3317307692307692
0 0.7463942307692307 0.6802884615384616 0.20192307692307693 0.2980769230769231
0 0.5504807692307693 0.7067307692307693 0.19471153846153846 0.3641826923076923
0 0.5192307692307693 0.9266826923076923 0.1346153846153846 0.1466346153846154
0 0.9362980769230769 0.9122596153846154 0.12740384615384615 0.17067307692307693
0 0.6983173076923077 0.921875 0.2439903846153846 0.15504807692307693
0 0.9086538461538461 0.40865384615384615 0.18269230769230768 0.0733173076923077
0 0.7055288461538461 0.4567307692307692 0.2536057692307692 0.16947115384615385