0 0.3401442307692308 0.5540865384615384 0.054086538461538464 0.05889423076923077
0 0.9362980769230769 0.21033653846153846 0.12379807692307693 0.1935096153846154
0 0.7427884615384616 0.3449519230769231 0.1310096153846154 0.19831730769230768
0 0.6129807692307693 0.3641826923076923 0.12379807692307693 0.19831730769230768
0 0.8858173076923077 0.38822115384615385 0.1310096153846154 0.19831730769230768
0 0.9399038461538461 0.5348557692307693 0.09254807692307693 0.1346153846153846
0 0.7716346153846154 0.5396634615384616 0.1310096153846154 0.19831730769230768
0 0.6237980769230769 0.5528846153846154 0.1346153846153846 0.17307692307692307
0 0.1310096153846154 0.9459134615384616 0.054086538461538464 0.05889423076923077
0 0.7920673076923077 0.9735576923076923 0.055288461538461536 0.052884615384615384
0 0.8497596153846154 0.9735576923076923 0.055288461538461536 0.052884615384615384
0 0.7367788461538461 0.9735576923076923 0.06009615384615385 0.052884615384615384
0 0.90625 0.9747596153846154 0.057692307692307696 0.05048076923076923
0 0.6814903846153846 0.9747596153846154 0.055288461538461536 0.05048076923076923
0 0.625 0.9747596153846154 0.057692307692307696 0.05048076923076923
0 0.5745192307692307 0.9747596153846154 0.04807692307692308 0.05048076923076923
0 0.9603365384615384 0.9759615384615384 0.055288461538461536 0.04807692307692308
0 0.8149038461538461 0.7884615384615384 0.05889423076923077 0.07692307692307693
0 0.7007211538461539 0.7896634615384616 0.05889423076923077 0.07932692307692307
0 0.7572115384615384 0.7896634615384616 0.05889423076923077 0.07692307692307693
0 0.9302884615384616 0.7896634615384616 0.056490384615384616 0.07692307692307693
0 0.6430288461538461 0.7908653846153846 0.05889423076923077 0.07932692307692307
0 0.9783653846153846 0.7920673076923077 0.04326923076923077 0.07932692307692307
0 0.5841346153846154 0.7956730769230769 0.05889423076923077 0.07932692307692307
0 0.8461538461538461 0.8569711538461539 0.05889423076923077 0.07692307692307693
0 0.7896634615384616 0.8569711538461539 0.05889423076923077 0.07692307692307693
0 0.9038461538461539 0.8569711538461539 0.056490384615384616 0.07932692307692307
0 0.7331730769230769 0.8569711538461539 0.05889423076923077 0.07932692307692307
0 0.6766826923076923 0.8569711538461539 0.05889423076923077 0.07932692307692307
0 0.9591346153846154 0.8581730769230769 0.056490384615384616 0.07932692307692307
0 0.6189903846153846 0.859375 0.05889423076923077 0.07932692307692307
0 0.5709134615384616 0.8617788461538461 0.038461538461538464 0.07451923076923077
0 0.9915865384615384 0.8629807692307693 0.016826923076923076 0.07692307692307693
0 0.8209134615384616 0.9230769230769231 0.056490384615384616 0.07932692307692307
0 0.8762019230769231 0.9230769230769231 0.056490384615384616 0.07692307692307693
0 0.7644230769230769 0.9230769230769231 0.05889423076923077 0.07932692307692307
0 0.7079326923076923 0.9242788461538461 0.05889423076923077 0.07932692307692307
0 0.6502403846153846 0.9242788461538461 0.056490384615384616 0.07932692307692307
0 0.9326923076923077 0.9242788461538461 0.056490384615384616 0.07932692307692307
0 0.5949519230769231 0.9266826923076923 0.056490384615384616 0.07932692307692307
0 0.9795673076923077 0.9290865384615384 0.040865384615384616 0.07451923076923077