0 0.3605769230769231 0.5192307692307693 0.05048076923076923 0.055288461538461536
0 0.9170673076923077 0.19831730769230768 0.11538461538461539 0.18028846153846154
0 0.9867788461538461 0.2644230769230769 0.026442307692307692 0.1875
0 0.7355769230769231 0.3245192307692308 0.12259615384615384 0.18509615384615385
0 0.6153846153846154 0.3425480769230769 0.11538461538461539 0.18509615384615385
0 0.8689903846153846 0.3641826923076923 0.12259615384615384 0.18509615384615385
0 0.9194711538461539 0.5012019230769231 0.08653846153846154 0.125
0 0.7632211538461539 0.5060096153846154 0.12259615384615384 0.18509615384615385
0 0.625 0.5180288461538461 0.125 0.16105769230769232
0 0.1658653846153846 0.8846153846153846 0.05048076923076923 0.055288461538461536
0 0.7848557692307693 0.9242788461538461 0.052884615384615384 0.07211538461538461
0 0.8377403846153846 0.9242788461538461 0.052884615384615384 0.07211538461538461
0 0.7331730769230769 0.9242788461538461 0.055288461538461536 0.07211538461538461
0 0.8894230769230769 0.9254807692307693 0.052884615384615384 0.06971153846153846
0 0.6814903846153846 0.9254807692307693 0.052884615384615384 0.06971153846153846
0 0.6286057692307693 0.9266826923076923 0.052884615384615384 0.07211538461538461
0 0.5805288461538461 0.9254807692307693 0.04567307692307692 0.07211538461538461
0 0.9399038461538461 0.9290865384615384 0.052884615384615384 0.07211538461538461
0 0.9819711538461539 0.9290865384615384 0.036057692307692304 0.06971153846153846
0 0.8125 0.9735576923076923 0.052884615384615384 0.052884615384615384
0 0.7620192307692307 0.9735576923076923 0.052884615384615384 0.052884615384615384
0 0.8641826923076923 0.9735576923076923 0.05048076923076923 0.052884615384615384
0 0.7091346153846154 0.9735576923076923 0.052884615384615384 0.052884615384615384
0 0.6586538461538461 0.9747596153846154 0.052884615384615384 0.05048076923076923
0 0.6069711538461539 0.9747596153846154 0.05048076923076923 0.05048076923076923
0 0.9146634615384616 0.9759615384615384 0.05048076923076923 0.04807692307692308
0 0.9651442307692307 0.9771634615384616 0.05048076923076923 0.04567307692307692
0 0.8028846153846154 0.7379807692307693 0.055288461538461536 0.07211538461538461
0 0.6971153846153846 0.7391826923076923 0.055288461538461536 0.07451923076923077
0 0.75 0.7391826923076923 0.055288461538461536 0.07211538461538461
0 0.9110576923076923 0.7391826923076923 0.052884615384615384 0.07211538461538461
0 0.6430288461538461 0.7403846153846154 0.055288461538461536 0.07451923076923077
0 0.9627403846153846 0.7415865384615384 0.052884615384615384 0.07451923076923077
0 0.5877403846153846 0.7439903846153846 0.055288461538461536 0.07451923076923077
0 0.9939903846153846 0.7451923076923077 0.01201923076923077 0.07211538461538461
0 0.8329326923076923 0.8016826923076923 0.055288461538461536 0.07211538461538461
0 0.7800480769230769 0.8016826923076923 0.055288461538461536 0.07211538461538461
0 0.8858173076923077 0.8016826923076923 0.052884615384615384 0.07451923076923077
0 0.7271634615384616 0.8016826923076923 0.055288461538461536 0.07451923076923077
0 0.6742788461538461 0.8016826923076923 0.055288461538461536 0.07451923076923077
0 0.9375 0.8028846153846154 0.052884615384615384 0.07451923076923077
0 0.6201923076923077 0.8040865384615384 0.055288461538461536 0.07451923076923077
0 0.5757211538461539 0.8064903846153846 0.036057692307692304 0.06971153846153846
0 0.9807692307692307 0.8076923076923077 0.038461538461538464 0.07211538461538461
0 0.8088942307692307 0.8629807692307693 0.052884615384615384 0.07451923076923077
0 0.8605769230769231 0.8629807692307693 0.052884615384615384 0.07211538461538461
0 0.7560096153846154 0.8629807692307693 0.055288461538461536 0.07451923076923077
0 0.703125 0.8641826923076923 0.055288461538461536 0.07451923076923077
0 0.6502403846153846 0.8641826923076923 0.052884615384615384 0.07451923076923077
0 0.9134615384615384 0.8641826923076923 0.052884615384615384 0.07451923076923077
0 0.5985576923076923 0.8665865384615384 0.052884615384615384 0.07451923076923077
0 0.9639423076923077 0.8689903846153846 0.052884615384615384 0.06971153846153846
0 0.9939903846153846 0.8701923076923077 0.01201923076923077 0.07211538461538461