0 0.2860576923076923 0.22956730769230768 0.051682692307692304 0.056490384615384616
0 0.8064903846153846 0.46274038461538464 0.24879807692307693 0.15745192307692307
0 0.5877403846153846 0.40024038461538464 0.22115384615384615 0.13822115384615385
0 0.8954326923076923 0.28125 0.2091346153846154 0.14783653846153846
0 0.515625 0.18509615384615385 0.09134615384615384 0.12860576923076922
0 0.6442307692307693 0.12980769230769232 0.26802884615384615 0.15745192307692307
0 0.038461538461538464 0.9254807692307693 0.07692307692307693 0.14903846153846154
0 0.13581730769230768 0.9242788461538461 0.10817307692307693 0.1502403846153846
0 0.3557692307692308 0.9242788461538461 0.10576923076923077 0.1502403846153846
0 0.24639423076923078 0.9230769230769231 0.10336538461538461 0.15264423076923078
0 0.43990384615384615 0.921875 0.06129807692307692 0.15504807692307693
0 0.010817307692307692 0.7896634615384616 0.021634615384615384 0.15504807692307693
0 0.08173076923076923 0.7872596153846154 0.10336538461538461 0.15264423076923078
0 0.29927884615384615 0.7872596153846154 0.10336538461538461 0.15264423076923078
0 0.19110576923076922 0.7860576923076923 0.10336538461538461 0.15504807692307693
0 0.4098557692307692 0.7836538461538461 0.10336538461538461 0.15504807692307693
0 0.039663461538461536 0.6490384615384616 0.07932692307692307 0.15504807692307693
0 0.43990384615384615 0.6442307692307693 0.06129807692307692 0.15504807692307693
0 0.13701923076923078 0.6454326923076923 0.10096153846153846 0.1502403846153846
0 0.24519230769230768 0.6442307692307693 0.10336538461538461 0.15504807692307693
0 0.08052884615384616 0.5612980769230769 0.10096153846153846 0.039663461538461536
0 0.18990384615384615 0.5612980769230769 0.10336538461538461 0.039663461538461536
0 0.2980769230769231 0.5588942307692307 0.10336538461538461 0.03485576923076923
0 0.4074519230769231 0.5588942307692307 0.10576923076923077 0.03485576923076923
0 0.6394230769230769 0.9399038461538461 0.16947115384615385 0.1201923076923077
0 0.7259615384615384 0.7824519230769231 0.18028846153846154 0.24158653846153846
0 0.8088942307692307 0.6081730769230769 0.18509615384615385 0.13341346153846154
0 0.5576923076923077 0.8413461538461539 0.171875 0.22716346153846154
0 0.515625 0.6826923076923077 0.09134615384615384 0.21153846153846154
0 0.640625 0.6442307692307693 0.171875 0.20432692307692307