0 0.21394230769230768 0.1875 0.056490384615384616 0.06129807692307692
0 0.7788461538461539 0.4411057692307692 0.2704326923076923 0.17067307692307693
0 0.5408653846153846 0.37259615384615385 0.2403846153846154 0.1502403846153846
0 0.8810096153846154 0.24278846153846154 0.23798076923076922 0.15985576923076922
0 0.4639423076923077 0.13942307692307693 0.0985576923076923 0.13942307692307693
0 0.6033653846153846 0.08173076923076923 0.29086538461538464 0.16346153846153846
0 0.055288461538461536 0.9302884615384616 0.109375 0.13942307692307693
0 0.28966346153846156 0.9302884615384616 0.11538461538461539 0.13942307692307693
0 0.17067307692307693 0.9290865384615384 0.11177884615384616 0.14182692307692307
0 0.38100961538461536 0.9278846153846154 0.0673076923076923 0.14423076923076922
0 0.02403846153846154 0.7908653846153846 0.04807692307692308 0.1658653846153846
0 0.2283653846153846 0.7932692307692307 0.11177884615384616 0.1658653846153846
0 0.11057692307692307 0.7908653846153846 0.11177884615384616 0.16826923076923078
0 0.3485576923076923 0.7884615384615384 0.11177884615384616 0.16826923076923078
0 0.38100961538461536 0.6382211538461539 0.0673076923076923 0.16826923076923078
0 0.052884615384615384 0.6370192307692307 0.10576923076923077 0.16346153846153846
0 0.16947115384615385 0.6382211538461539 0.11177884615384616 0.16826923076923078
0 0.02283653846153846 0.5480769230769231 0.04567307692307692 0.04326923076923077
0 0.109375 0.5480769230769231 0.11177884615384616 0.04326923076923077
0 0.22716346153846154 0.5456730769230769 0.11177884615384616 0.037259615384615384
0 0.34615384615384615 0.5456730769230769 0.11538461538461539 0.037259615384615384
0 0.5961538461538461 0.9459134615384616 0.18269230769230768 0.10817307692307693
0 0.6911057692307693 0.7872596153846154 0.19471153846153846 0.2620192307692308
0 0.7824519230769231 0.5985576923076923 0.20072115384615385 0.14423076923076922
0 0.5096153846153846 0.8521634615384616 0.1875 0.24639423076923078
0 0.4639423076923077 0.6790865384615384 0.0985576923076923 0.22956730769230768
0 0.5985576923076923 0.6382211538461539 0.1875 0.22235576923076922