0 0.38461538461538464 0.14783653846153846 0.052884615384615384 0.057692307692307696
0 0.8617788461538461 0.20072115384615385 0.1502403846153846 0.2247596153846154
0 0.9759615384615384 0.17668269230769232 0.04807692307692308 0.2824519230769231
0 0.7199519230769231 0.17427884615384615 0.16947115384615385 0.28725961538461536
0 0.8834134615384616 0.037259615384615384 0.1971153846153846 0.07451923076923077
0 0.7067307692307693 0.026442307692307692 0.14302884615384615 0.052884615384615384
0 0.21394230769230768 0.8521634615384616 0.07451923076923077 0.14783653846153846
0 0.14423076923076922 0.8449519230769231 0.07211538461538461 0.1502403846153846
0 0.018028846153846152 0.84375 0.03485576923076923 0.14302884615384615
0 0.07091346153846154 0.8377403846153846 0.07211538461538461 0.14543269230769232
0 0.5877403846153846 0.7512019230769231 0.09014423076923077 0.16466346153846154
0 0.5036057692307693 0.7391826923076923 0.08533653846153846 0.15745192307692307
0 0.4206730769230769 0.7331730769230769 0.08052884615384616 0.15745192307692307
0 0.3449519230769231 0.7271634615384616 0.08052884615384616 0.1502403846153846
0 0.2692307692307692 0.7211538461538461 0.07451923076923077 0.15264423076923078
0 0.010817307692307692 0.7139423076923077 0.021634615384615384 0.13942307692307693
0 0.19591346153846154 0.7151442307692307 0.07451923076923077 0.14783653846153846
0 0.125 0.7115384615384616 0.06971153846153846 0.14543269230769232
0 0.057692307692307696 0.7079326923076923 0.07211538461538461 0.14302884615384615
0 0.6177884615384616 0.6081730769230769 0.03485576923076923 0.16706730769230768
0 0.5552884615384616 0.59375 0.09014423076923077 0.1622596153846154
0 0.4723557692307692 0.59375 0.08774038461538461 0.15745192307692307
0 0.3076923076923077 0.5889423076923077 0.06490384615384616 0.1502403846153846
0 0.002403846153846154 0.5877403846153846 0.004807692307692308 0.13942307692307693
0 0.17548076923076922 0.5865384615384616 0.07211538461538461 0.14783653846153846
0 0.2439903846153846 0.5865384615384616 0.07211538461538461 0.1502403846153846
0 0.10697115384615384 0.5853365384615384 0.06971153846153846 0.14543269230769232
0 0.038461538461538464 0.5841346153846154 0.0673076923076923 0.13942307692307693
0 0.3449519230769231 0.5637019230769231 0.08533653846153846 0.15745192307692307
0 0.5552884615384616 0.9891826923076923 0.09134615384615384 0.021634615384615384
0 0.028846153846153848 0.46634615384615385 0.057692307692307696 0.13221153846153846
0 0.22956730769230768 0.4639423076923077 0.07211538461538461 0.13221153846153846
0 0.08533653846153846 0.46033653846153844 0.07211538461538461 0.13221153846153846
0 0.15625 0.46033653846153844 0.07211538461538461 0.13701923076923078
0 0.2860576923076923 0.46033653846153844 0.052884615384615384 0.14783653846153846
0 0.44471153846153844 0.45552884615384615 0.08533653846153846 0.15504807692307693
0 0.5997596153846154 0.4483173076923077 0.06971153846153846 0.1622596153846154
0 0.5276442307692307 0.44711538461538464 0.08774038461538461 0.15745192307692307
0 0.33533653846153844 0.4326923076923077 0.08533653846153846 0.15264423076923078
0 0.47836538461538464 0.9831730769230769 0.0829326923076923 0.03245192307692308
0 0.021634615384615384 0.36778846153846156 0.042067307692307696 0.09975961538461539
0 0.06490384615384616 0.3629807692307692 0.06490384615384616 0.09014423076923077
0 0.12620192307692307 0.3581730769230769 0.07211538461538461 0.0829326923076923
0 0.19951923076923078 0.35697115384615385 0.07451923076923077 0.08052884615384616
0 0.27403846153846156 0.3581730769230769 0.07211538461538461 0.0829326923076923
0 0.4254807692307692 0.35336538461538464 0.08052884615384616 0.07211538461538461
0 0.5060096153846154 0.3545673076923077 0.0829326923076923 0.07451923076923077
0 0.3449519230769231 0.3449519230769231 0.08052884615384616 0.055288461538461536
0 0.5853365384615384 0.35216346153846156 0.09014423076923077 0.06971153846153846
0 0.40024038461538464 0.96875 0.08533653846153846 0.0625
0 0.3125 0.9639423076923077 0.08052884615384616 0.07211538461538461
0 0.23557692307692307 0.9567307692307693 0.07692307692307693 0.08653846153846154
0 0.16466346153846154 0.953125 0.07451923076923077 0.09375
0 0.028846153846153848 0.9519230769230769 0.057692307692307696 0.09495192307692307
0 0.09254807692307693 0.9483173076923077 0.07451923076923077 0.10216346153846154
0 0.6021634615384616 0.9146634615384616 0.06490384615384616 0.16947115384615385
0 0.5264423076923077 0.9038461538461539 0.08533653846153846 0.16466346153846154
0 0.44471153846153844 0.8798076923076923 0.08533653846153846 0.15985576923076922
0 0.3605769230769231 0.8713942307692307 0.07692307692307693 0.15985576923076922
0 0.28725961538461536 0.8581730769230769 0.07692307692307693 0.15504807692307693
0 0.6802884615384616 0.7992788461538461 0.09134615384615384 0.4014423076923077
0 0.9098557692307693 0.5432692307692307 0.18028846153846154 0.4519230769230769
0 0.7271634615384616 0.5144230769230769 0.18509615384615385 0.3954326923076923
0 0.9639423076923077 0.8689903846153846 0.07211538461538461 0.2620192307692308
0 0.8293269230769231 0.8377403846153846 0.1971153846153846 0.3245192307692308