0 0.359375 0.17307692307692307 0.054086538461538464 0.05889423076923077
0 0.8461538461538461 0.2283653846153846 0.15264423076923078 0.22956730769230768
0 0.96875 0.20192307692307693 0.0625 0.28846153846153844
0 0.7019230769230769 0.20072115384615385 0.17307692307692307 0.2932692307692308
0 0.8677884615384616 0.04927884615384615 0.20192307692307693 0.0985576923076923
0 0.6875 0.038461538461538464 0.14543269230769232 0.07692307692307693
0 0.18509615384615385 0.8930288461538461 0.07692307692307693 0.1502403846153846
0 0.11298076923076923 0.8846153846153846 0.07451923076923077 0.15264423076923078
0 0.039663461538461536 0.8774038461538461 0.07451923076923077 0.14783653846153846
0 0.5661057692307693 0.7896634615384616 0.09134615384615384 0.16826923076923078
0 0.4807692307692308 0.7764423076923077 0.08653846153846154 0.16105769230769232
0 0.39663461538461536 0.7716346153846154 0.08173076923076923 0.16105769230769232
0 0.31850961538461536 0.765625 0.08173076923076923 0.15264423076923078
0 0.24158653846153846 0.7584134615384616 0.07692307692307693 0.15504807692307693
0 0.16706730769230768 0.7524038461538461 0.07692307692307693 0.1502403846153846
0 0.09495192307692307 0.7487980769230769 0.07091346153846154 0.14783653846153846
0 0.030048076923076924 0.7427884615384616 0.06009615384615385 0.14423076923076922
0 0.5973557692307693 0.6442307692307693 0.036057692307692304 0.17067307692307693
0 0.5336538461538461 0.6286057692307693 0.09134615384615384 0.1658653846153846
0 0.4495192307692308 0.6286057692307693 0.0889423076923077 0.16105769230769232
0 0.2800480769230769 0.6237980769230769 0.06610576923076923 0.15264423076923078
0 0.14543269230769232 0.6213942307692307 0.07451923076923077 0.1502403846153846
0 0.21514423076923078 0.6213942307692307 0.07451923076923077 0.15264423076923078
0 0.07692307692307693 0.6201923076923077 0.07091346153846154 0.14783653846153846
0 0.020432692307692308 0.6177884615384616 0.040865384615384616 0.14302884615384615
0 0.31850961538461536 0.5985576923076923 0.08653846153846154 0.16105769230769232
0 0.013221153846153846 0.4987980769230769 0.025240384615384616 0.1346153846153846
0 0.20192307692307693 0.4963942307692308 0.07451923076923077 0.1346153846153846
0 0.054086538461538464 0.49278846153846156 0.07451923076923077 0.1346153846153846
0 0.12620192307692307 0.49278846153846156 0.07451923076923077 0.140625
0 0.25841346153846156 0.49278846153846156 0.054086538461538464 0.1502403846153846
0 0.4206730769230769 0.48677884615384615 0.08653846153846154 0.15865384615384615
0 0.5793269230769231 0.4807692307692308 0.07091346153846154 0.1658653846153846
0 0.5048076923076923 0.4795673076923077 0.0889423076923077 0.16105769230769232
0 0.3088942307692308 0.4639423076923077 0.08653846153846154 0.15504807692307693
0 0.03365384615384615 0.39302884615384615 0.06610576923076923 0.09134615384615384
0 0.09615384615384616 0.3894230769230769 0.07451923076923077 0.08413461538461539
0 0.17067307692307693 0.38822115384615385 0.07692307692307693 0.08173076923076923
0 0.24639423076923078 0.3894230769230769 0.07451923076923077 0.08413461538461539
0 0.40024038461538464 0.38341346153846156 0.08173076923076923 0.07451923076923077
0 0.4831730769230769 0.38461538461538464 0.08413461538461539 0.07692307692307693
0 0.31850961538461536 0.375 0.08173076923076923 0.056490384615384616
0 0.5637019230769231 0.38221153846153844 0.09134615384615384 0.07091346153846154
0 0.375 0.9891826923076923 0.08653846153846154 0.021634615384615384
0 0.2860576923076923 0.984375 0.08173076923076923 0.030048076923076924
0 0.20793269230769232 0.9783653846153846 0.07932692307692307 0.04326923076923077
0 0.1346153846153846 0.9747596153846154 0.07692307692307693 0.05048076923076923
0 0.06009615384615385 0.96875 0.07692307692307693 0.0625
0 0.5817307692307693 0.9350961538461539 0.06610576923076923 0.12980769230769232
0 0.5024038461538461 0.9290865384615384 0.08653846153846154 0.14182692307692307
0 0.4206730769230769 0.9194711538461539 0.08653846153846154 0.16105769230769232
0 0.33413461538461536 0.9122596153846154 0.07932692307692307 0.16346153846153846
0 0.25961538461538464 0.8990384615384616 0.07932692307692307 0.15865384615384615
0 0.6622596153846154 0.8173076923076923 0.09495192307692307 0.36538461538461536
0 0.8990384615384616 0.578125 0.19110576923076922 0.46153846153846156
0 0.7091346153846154 0.5480769230769231 0.18870192307692307 0.4026442307692308
0 0.9567307692307693 0.8870192307692307 0.08653846153846154 0.22596153846153846
0 0.8125 0.8557692307692307 0.20192307692307693 0.28846153846153844