0 0.9747596153846154 0.078125 0.05048076923076923 0.15625
0 0.8209134615384616 0.07692307692307693 0.22596153846153846 0.15384615384615385
0 0.4987980769230769 0.9519230769230769 0.11298076923076923 0.09615384615384616
0 0.37740384615384615 0.9435096153846154 0.12860576923076922 0.11298076923076923
0 0.25600961538461536 0.9507211538461539 0.10817307692307693 0.09735576923076923
0 0.15985576923076922 0.9435096153846154 0.11057692307692307 0.11298076923076923
0 0.02403846153846154 0.9387019230769231 0.04807692307692308 0.12259615384615384
0 0.30528846153846156 0.8257211538461539 0.12860576923076922 0.19471153846153846
0 0.5228365384615384 0.8245192307692307 0.06610576923076923 0.19230769230769232
0 0.19110576923076922 0.8209134615384616 0.10817307692307693 0.15865384615384615
0 0.42908653846153844 0.8209134615384616 0.11298076923076923 0.16466346153846154
0 0.06610576923076923 0.8004807692307693 0.12860576923076922 0.18990384615384615
0 0.1875 0.6454326923076923 0.12620192307692307 0.18990384615384615
0 0.5252403846153846 0.6394230769230769 0.06129807692307692 0.171875
0 0.30288461538461536 0.6394230769230769 0.11538461538461539 0.16706730769230768
0 0.42908653846153844 0.6370192307692307 0.1310096153846154 0.1971153846153846
0 0.06610576923076923 0.6201923076923077 0.10817307692307693 0.16466346153846154
0 0.16706730769230768 0.4723557692307692 0.11298076923076923 0.14302884615384615
0 0.41586538461538464 0.4699519230769231 0.11298076923076923 0.140625
0 0.29086538461538464 0.47716346153846156 0.1310096153846154 0.15384615384615385
0 0.515625 0.47596153846153844 0.08173076923076923 0.15144230769230768
0 0.030048076923076924 0.47475961538461536 0.05889423076923077 0.14903846153846154
0 0.6959134615384616 0.8978365384615384 0.24759615384615385 0.20432692307692307
0 0.9014423076923077 0.9170673076923077 0.1778846153846154 0.1658653846153846
0 0.6911057692307693 0.6670673076923077 0.19471153846153846 0.2764423076923077
0 0.8918269230769231 0.65625 0.21514423076923078 0.3798076923076923
0 0.6935096153846154 0.46634615384615385 0.24879807692307693 0.13341346153846154
0 0.8978365384615384 0.4362980769230769 0.17908653846153846 0.07211538461538461