0 0.3004807692307692 0.21875 0.05048076923076923 0.055288461538461536
0 0.9182692307692307 0.11899038461538461 0.16346153846153846 0.23798076923076922
0 0.6033653846153846 0.1346153846153846 0.16826923076923078 0.2692307692307692
0 0.453125 0.359375 0.10096153846153846 0.17548076923076922
0 0.16706730769230768 0.4098557692307692 0.14903846153846154 0.1971153846153846
0 0.36778846153846156 0.41225961538461536 0.16826923076923078 0.25240384615384615
0 0.3954326923076923 0.5540865384615384 0.11778846153846154 0.15144230769230768
0 0.2608173076923077 0.5757211538461539 0.11778846153846154 0.18028846153846154
0 0.020432692307692308 0.6225961538461539 0.040865384615384616 0.1971153846153846
0 0.15625 0.6442307692307693 0.1658653846153846 0.23798076923076922
0 0.4963942307692308 0.7067307692307693 0.04567307692307692 0.15384615384615385
0 0.4483173076923077 0.7692307692307693 0.14182692307692307 0.21875
0 0.12620192307692307 0.8052884615384616 0.12740384615384615 0.15865384615384615
0 0.30649038461538464 0.8185096153846154 0.15384615384615385 0.22115384615384615
0 0.04447115384615385 0.8846153846153846 0.0889423076923077 0.23076923076923078
0 0.19591346153846154 0.29927884615384615 0.18509615384615385 0.06009615384615385
0 0.9543269230769231 0.5685096153846154 0.09134615384615384 0.19951923076923078
0 0.8665865384615384 0.6382211538461539 0.12259615384615384 0.22355769230769232
0 0.6862980769230769 0.6766826923076923 0.13221153846153846 0.21394230769230768
0 0.5661057692307693 0.7019230769230769 0.09375 0.23557692307692307
0 0.8870192307692307 0.78125 0.11298076923076923 0.20192307692307693
0 0.7728365384615384 0.8401442307692307 0.11778846153846154 0.19951923076923078
0 0.6286057692307693 0.8930288461538461 0.15144230769230768 0.21394230769230768
0 0.9579326923076923 0.9038461538461539 0.08413461538461539 0.19230769230769232
0 0.6899038461538461 0.9699519230769231 0.1201923076923077 0.06009615384615385