0 0.9495192307692307 0.0673076923076923 0.10096153846153846 0.1346153846153846
0 0.7716346153846154 0.06610576923076923 0.22115384615384615 0.13221153846153846
0 0.4567307692307692 0.9338942307692307 0.11057692307692307 0.13221153846153846
0 0.33653846153846156 0.9254807692307693 0.12620192307692307 0.14783653846153846
0 0.21875 0.9326923076923077 0.10576923076923077 0.1346153846153846
0 0.12379807692307693 0.9254807692307693 0.10817307692307693 0.14783653846153846
0 0.007211538461538462 0.9206730769230769 0.014423076923076924 0.15865384615384615
0 0.2668269230769231 0.7908653846153846 0.12620192307692307 0.19110576923076922
0 0.4795673076923077 0.7896634615384616 0.06490384615384616 0.18870192307692307
0 0.15504807692307693 0.7860576923076923 0.10576923076923077 0.15625
0 0.38822115384615385 0.7860576923076923 0.11057692307692307 0.16105769230769232
0 0.04807692307692308 0.7668269230769231 0.09495192307692307 0.18629807692307693
0 0.1502403846153846 0.6141826923076923 0.12259615384615384 0.18629807692307693
0 0.48197115384615385 0.609375 0.06009615384615385 0.16826923076923078
0 0.26322115384615385 0.609375 0.11298076923076923 0.16346153846153846
0 0.38822115384615385 0.6069711538461539 0.12860576923076922 0.1935096153846154
0 0.04326923076923077 0.5901442307692307 0.08533653846153846 0.16105769230769232
0 0.1310096153846154 0.44471153846153844 0.11057692307692307 0.140625
0 0.3737980769230769 0.44350961538461536 0.11057692307692307 0.13822115384615385
0 0.25240384615384615 0.4495192307692308 0.12860576923076922 0.1502403846153846
0 0.4723557692307692 0.4483173076923077 0.08052884615384616 0.14783653846153846
0 0.01201923076923077 0.44591346153846156 0.02403846153846154 0.1466346153846154
0 0.6490384615384616 0.8810096153846154 0.2403846153846154 0.23798076923076922
0 0.8521634615384616 0.9002403846153846 0.17548076923076922 0.19831730769230768
0 0.6442307692307693 0.6358173076923077 0.19110576923076922 0.27163461538461536
0 0.8557692307692307 0.6274038461538461 0.23918269230769232 0.3713942307692308
0 0.9831730769230769 0.6274038461538461 0.03245192307692308 0.27884615384615385
0 0.6466346153846154 0.43990384615384615 0.2439903846153846 0.1310096153846154
0 0.8461538461538461 0.4098557692307692 0.17548076923076922 0.07091346153846154