0 0.2824519230769231 0.20432692307692307 0.055288461538461536 0.06129807692307692
0 0.9375 0.11298076923076923 0.125 0.22596153846153846
0 0.6153846153846154 0.12980769230769232 0.1875 0.25961538461538464
0 0.45072115384615385 0.3605769230769231 0.11177884615384616 0.19471153846153846
0 0.1346153846153846 0.41586538461538464 0.16466346153846154 0.21754807692307693
0 0.35697115384615385 0.41947115384615385 0.18629807692307693 0.27884615384615385
0 0.3870192307692308 0.5757211538461539 0.12980769230769232 0.16706730769230768
0 0.23798076923076922 0.5997596153846154 0.12980769230769232 0.19951923076923078
0 0.12259615384615384 0.6754807692307693 0.18389423076923078 0.26322115384615385
0 0.4987980769230769 0.7451923076923077 0.05048076923076923 0.17067307692307693
0 0.44591346153846156 0.8137019230769231 0.15745192307692307 0.24158653846153846
0 0.0889423076923077 0.8533653846153846 0.140625 0.17548076923076922
0 0.28846153846153844 0.8677884615384616 0.17067307692307693 0.24519230769230768
0 0.02403846153846154 0.90625 0.04807692307692308 0.1875
0 0.1658653846153846 0.29447115384615385 0.20432692307692307 0.06610576923076923
0 0.9771634615384616 0.5913461538461539 0.04567307692307692 0.22115384615384615
0 0.9086538461538461 0.6694711538461539 0.13581730769230768 0.24759615384615385
0 0.7091346153846154 0.7115384615384616 0.1466346153846154 0.23677884615384615
0 0.5757211538461539 0.7391826923076923 0.10336538461538461 0.2608173076923077
0 0.9302884615384616 0.8269230769230769 0.125 0.22355769230769232
0 0.8040865384615384 0.890625 0.12980769230769232 0.21754807692307693
0 0.6454326923076923 0.9158653846153846 0.16706730769230768 0.16706730769230768
0 0.9807692307692307 0.9266826923076923 0.038461538461538464 0.14182692307692307