0 0.21634615384615385 0.29086538461538464 0.18509615384615385 0.2439903846153846
0 0.05048076923076923 0.2956730769230769 0.09975961538461539 0.2439903846153846
0 0.38341346153846156 0.3088942307692308 0.12740384615384615 0.2704326923076923
0 0.3137019230769231 0.5060096153846154 0.19230769230769232 0.22716346153846154
0 0.10216346153846154 0.5084134615384616 0.18509615384615385 0.22235576923076922
0 0.05889423076923077 0.5925480769230769 0.11658653846153846 0.054086538461538464
0 0.5012019230769231 0.06610576923076923 0.09014423076923077 0.13221153846153846
0 0.47716346153846156 0.171875 0.06129807692307692 0.12980769230769232
0 0.5516826923076923 0.17668269230769232 0.08774038461538461 0.14182692307692307
0 0.6430288461538461 0.17908653846153846 0.109375 0.15384615384615385
0 0.8689903846153846 0.18269230769230768 0.14423076923076922 0.1778846153846154
0 0.7487980769230769 0.18509615384615385 0.11658653846153846 0.16105769230769232
0 0.46634615384615385 0.2692307692307692 0.038461538461538464 0.12379807692307693
0 0.5168269230769231 0.28365384615384615 0.08774038461538461 0.13701923076923078
0 0.5985576923076923 0.2956730769230769 0.10697115384615384 0.1466346153846154
0 0.6935096153846154 0.3125 0.11177884615384616 0.15384615384615385
0 0.7956730769230769 0.33052884615384615 0.1346153846153846 0.16105769230769232
0 0.9254807692307693 0.33533653846153844 0.14423076923076922 0.17307692307692307
0 0.49158653846153844 0.38221153846153844 0.07572115384615384 0.11899038461538461
0 0.5637019230769231 0.39903846153846156 0.0829326923076923 0.13221153846153846
0 0.6466346153846154 0.4230769230769231 0.09975961538461539 0.14423076923076922
0 0.7451923076923077 0.4483173076923077 0.1141826923076923 0.15625
0 0.47115384615384615 0.46634615384615385 0.04927884615384615 0.11658653846153846
0 0.8557692307692307 0.4807692307692308 0.12740384615384615 0.15865384615384615
0 0.53125 0.4891826923076923 0.0829326923076923 0.11899038461538461
0 0.9567307692307693 0.4963942307692308 0.08533653846153846 0.1778846153846154
0 0.6045673076923077 0.5216346153846154 0.09014423076923077 0.12980769230769232
0 0.45552884615384615 0.5456730769230769 0.019230769230769232 0.1141826923076923
0 0.6935096153846154 0.5528846153846154 0.1045673076923077 0.1346153846153846
0 0.4987980769230769 0.5673076923076923 0.07572115384615384 0.1045673076923077
0 0.796875 0.5673076923076923 0.12379807692307693 0.1045673076923077
0 0.5721153846153846 0.5805288461538461 0.08533653846153846 0.078125
0 0.9182692307692307 0.5829326923076923 0.1346153846153846 0.0733173076923077
0 0.6526442307692307 0.5997596153846154 0.09014423076923077 0.038461538461538464
0 0.8088942307692307 0.06129807692307692 0.12980769230769232 0.12139423076923077
0 0.6923076923076923 0.06490384615384616 0.11177884615384616 0.12980769230769232
0 0.5901442307692307 0.06490384615384616 0.09735576923076923 0.12980769230769232
0 0.38221153846153844 0.8629807692307693 0.12980769230769232 0.21514423076923078