0 0.6887019230769231 0.11057692307692307 0.0829326923076923 0.09375
0 0.5985576923076923 0.13822115384615385 0.08052884615384616 0.09134615384615384
0 0.5432692307692307 0.1502403846153846 0.057692307692307696 0.09134615384615384
0 0.7115384615384616 0.22596153846153846 0.08653846153846154 0.0985576923076923
0 0.6009615384615384 0.23197115384615385 0.078125 0.0889423076923077
0 0.6358173076923077 0.2860576923076923 0.0829326923076923 0.09375
0 0.578125 0.31009615384615385 0.078125 0.0625
0 0.875 0.33052884615384615 0.078125 0.020432692307692308
0 0.6129807692307693 0.04567307692307692 0.07572115384615384 0.09134615384615384
0 0.5408653846153846 0.057692307692307696 0.06971153846153846 0.0889423076923077
0 0.8545673076923077 0.0673076923076923 0.078125 0.08653846153846154
0 0.27163461538461536 0.5420673076923077 0.24519230769230768 0.35697115384615385
0 0.4543269230769231 0.5456730769230769 0.10096153846153846 0.35697115384615385
0 0.0673076923076923 0.5480769230769231 0.1346153846153846 0.3173076923076923
0 0.15264423076923078 0.84375 0.21634615384615385 0.3125
0 0.3894230769230769 0.8353365384615384 0.23076923076923078 0.3293269230769231
0 0.13701923076923078 0.37259615384615385 0.23677884615384615 0.0625
0 0.3954326923076923 0.3762019230769231 0.21875 0.06971153846153846
0 0.7980769230769231 0.7307692307692307 0.0625 0.08052884615384616
0 0.5901442307692307 0.7980769230769231 0.06009615384615385 0.078125
0 0.5600961538461539 0.7331730769230769 0.06009615384615385 0.08052884615384616
0 0.8317307692307693 0.6598557692307693 0.0625 0.08653846153846154
0 0.7379807692307693 0.7307692307692307 0.0625 0.08052884615384616
0 0.5168269230769231 0.7331730769230769 0.02403846153846154 0.08052884615384616
0 0.7704326923076923 0.6610576923076923 0.0625 0.0829326923076923
0 0.7115384615384616 0.6622596153846154 0.0625 0.0829326923076923
0 0.6466346153846154 0.796875 0.06009615384615385 0.078125
0 0.6189903846153846 0.7319711538461539 0.06009615384615385 0.08052884615384616
0 0.6778846153846154 0.7319711538461539 0.06009615384615385 0.08052884615384616
0 0.8930288461538461 0.6598557692307693 0.0625 0.08653846153846154
0 0.8822115384615384 0.7944711538461539 0.0625 0.08052884615384616
0 0.6754807692307693 0.8605769230769231 0.06009615384615385 0.07572115384615384
0 0.5612980769230769 0.8617788461538461 0.057692307692307696 0.07572115384615384
0 0.8581730769230769 0.7295673076923077 0.0625 0.08052884615384616
0 0.6189903846153846 0.8605769230769231 0.06009615384615385 0.078125
0 0.9903846153846154 0.6574519230769231 0.018028846153846152 0.08052884615384616
0 0.8677884615384616 0.5889423076923077 0.0625 0.08653846153846154
0 0.7331730769230769 0.8605769230769231 0.06009615384615385 0.07572115384615384
0 0.7644230769230769 0.796875 0.06009615384615385 0.08052884615384616
0 0.7067307692307693 0.7980769230769231 0.06009615384615385 0.078125
0 0.7908653846153846 0.859375 0.06009615384615385 0.07572115384615384
0 0.8064903846153846 0.5889423076923077 0.06490384615384616 0.08653846153846154
0 0.5180288461538461 0.8605769230769231 0.026442307692307692 0.07572115384615384
0 0.5901442307692307 0.9230769230769231 0.06009615384615385 0.0733173076923077
0 0.7788461538461539 0.5144230769230769 0.06490384615384616 0.09134615384615384
0 0.8425480769230769 0.5144230769230769 0.06490384615384616 0.09134615384615384
0 0.9038461538461539 0.5144230769230769 0.06490384615384616 0.0889423076923077
0 0.515625 0.5913461538461539 0.020432692307692308 0.0889423076923077
0 0.5576923076923077 0.5925480769230769 0.0625 0.0889423076923077
0 0.7439903846153846 0.5901442307692307 0.0625 0.08653846153846154
0 0.6814903846153846 0.5913461538461539 0.0625 0.0889423076923077
0 0.8485576923076923 0.859375 0.06009615384615385 0.07572115384615384
0 0.9399038461538461 0.7944711538461539 0.06009615384615385 0.078125
0 0.9278846153846154 0.5889423076923077 0.0625 0.08653846153846154
0 0.6201923076923077 0.5913461538461539 0.0625 0.0889423076923077
0 0.7019230769230769 0.921875 0.057692307692307696 0.07572115384615384
0 0.6502403846153846 0.6622596153846154 0.0625 0.0829326923076923
0 0.9302884615384616 0.9194711538461539 0.057692307692307696 0.07572115384615384
0 0.5324519230769231 0.7980769230769231 0.055288461538461536 0.07572115384615384
0 0.5901442307692307 0.6634615384615384 0.0625 0.0829326923076923
0 0.7151442307692307 0.515625 0.06490384615384616 0.0889423076923077
0 0.5336538461538461 0.9230769230769231 0.057692307692307696 0.07572115384615384
0 0.8161057692307693 0.9206730769230769 0.06009615384615385 0.07572115384615384
0 0.5889423076923077 0.515625 0.06490384615384616 0.0889423076923077
0 0.953125 0.6586538461538461 0.0625 0.0829326923076923
0 0.9663461538461539 0.5132211538461539 0.0625 0.0889423076923077
0 0.6454326923076923 0.9230769230769231 0.057692307692307696 0.07572115384615384
0 0.9771634615384616 0.9158653846153846 0.04567307692307692 0.07211538461538461
0 0.5144230769230769 0.4375 0.018028846153846152 0.09375
0 0.7596153846153846 0.921875 0.057692307692307696 0.07572115384615384
0 0.7836538461538461 0.9723557692307693 0.057692307692307696 0.055288461538461536
0 0.6526442307692307 0.515625 0.06490384615384616 0.0889423076923077
0 0.8413461538461539 0.9723557692307693 0.057692307692307696 0.055288461538461536
0 0.6742788461538461 0.9735576923076923 0.057692307692307696 0.051682692307692304
0 0.9639423076923077 0.8569711538461539 0.06009615384615385 0.07572115384615384
0 0.6850961538461539 0.4375 0.06490384615384616 0.09134615384615384
0 0.53125 0.515625 0.051682692307692304 0.0889423076923077
0 0.5324519230769231 0.6634615384615384 0.055288461538461536 0.0829326923076923
0 0.7487980769230769 0.4375 0.06490384615384616 0.09134615384615384
0 0.9783653846153846 0.5865384615384616 0.04326923076923077 0.08653846153846154
0 0.984375 0.7920673076923077 0.03125 0.078125
0 0.5192307692307693 0.9735576923076923 0.028846153846153848 0.051682692307692304
0 0.6177884615384616 0.9735576923076923 0.057692307692307696 0.051682692307692304
0 0.7295673076923077 0.9723557692307693 0.057692307692307696 0.055288461538461536
0 0.8245192307692307 0.7956730769230769 0.06009615384615385 0.08052884615384616
0 0.5612980769230769 0.9735576923076923 0.055288461538461536 0.051682692307692304
0 0.8737980769230769 0.9206730769230769 0.06009615384615385 0.07572115384615384
0 0.9723557692307693 0.7283653846153846 0.055288461538461536 0.08052884615384616
0 0.9855769230769231 0.4362980769230769 0.028846153846153848 0.09134615384615384
0 0.8774038461538461 0.4362980769230769 0.06490384615384616 0.09134615384615384
0 0.9182692307692307 0.7283653846153846 0.0625 0.08052884615384616
0 0.953125 0.9711538461538461 0.057692307692307696 0.057692307692307696
0 0.8137019230769231 0.4362980769230769 0.06490384615384616 0.09134615384615384
0 0.9939903846153846 0.8545673076923077 0.01201923076923077 0.07451923076923077
0 0.8954326923076923 0.9711538461538461 0.057692307692307696 0.057692307692307696
0 0.90625 0.8581730769230769 0.06009615384615385 0.07572115384615384
0 0.9411057692307693 0.4362980769230769 0.06490384615384616 0.09134615384615384
0 0.9891826923076923 0.9699519230769231 0.020432692307692308 0.06009615384615385