0 0.6923076923076923 0.28365384615384615 0.09735576923076923 0.22235576923076922
0 0.6057692307692307 0.3173076923076923 0.16826923076923078 0.2512019230769231
0 0.7259615384615384 0.4855769230769231 0.03125 0.21033653846153846
0 0.09134615384615384 0.5168269230769231 0.18269230769230768 0.2439903846153846
0 0.65625 0.5192307692307693 0.15625 0.2247596153846154
0 0.3004807692307692 0.5228365384615384 0.18509615384615385 0.2439903846153846
0 0.4963942307692308 0.5252403846153846 0.1658653846153846 0.23918269230769232
0 0.6862980769230769 0.6850961538461539 0.109375 0.18509615384615385
0 0.5540865384615384 0.6923076923076923 0.15625 0.17067307692307693
0 0.3786057692307692 0.6899038461538461 0.1658653846153846 0.17548076923076922
0 0.04447115384615385 0.6983173076923077 0.08774038461538461 0.15865384615384615
0 0.20192307692307693 0.7007211538461539 0.18509615384615385 0.15384615384615385
0 0.7271634615384616 0.016826923076923076 0.021634615384615384 0.03125
0 0.7391826923076923 0.037259615384615384 0.004807692307692308 0.026442307692307692
0 0.703125 0.04326923076923077 0.019230769230769232 0.03125
0 0.7247596153846154 0.04447115384615385 0.019230769230769232 0.02403846153846154
0 0.6947115384615384 0.06850961538461539 0.019230769230769232 0.028846153846153848
0 0.7211538461538461 0.06971153846153846 0.016826923076923076 0.026442307692307692
0 0.734375 0.06490384615384616 0.014423076923076924 0.026442307692307692
0 0.7055288461538461 0.09615384615384616 0.016826923076923076 0.021634615384615384
0 0.7223557692307693 0.09495192307692307 0.014423076923076924 0.021634615384615384
0 0.7355769230769231 0.09134615384615384 0.01201923076923077 0.021634615384615384
0 0.9855769230769231 0.2800480769230769 0.028846153846153848 0.12139423076923077
0 0.8786057692307693 0.30408653846153844 0.21754807692307693 0.1466346153846154
0 0.8641826923076923 0.42427884615384615 0.17548076923076922 0.1045673076923077
0 0.8774038461538461 0.5637019230769231 0.21033653846153846 0.12980769230769232
0 0.9831730769230769 0.5336538461538461 0.03365384615384615 0.10216346153846154
0 0.010817307692307692 0.8810096153846154 0.021634615384615384 0.18990384615384615
0 0.48677884615384615 0.9459134615384616 0.09975961538461539 0.10697115384615384
0 0.33533653846153844 0.9459134615384616 0.09495192307692307 0.10697115384615384
0 0.06971153846153846 0.9747596153846154 0.07692307692307693 0.05048076923076923
0 0.11658653846153846 0.8605769230769231 0.078125 0.1658653846153846
0 0.9855769230769231 0.9014423076923077 0.028846153846153848 0.1971153846153846
0 0.8100961538461539 0.9110576923076923 0.10216346153846154 0.1778846153846154
0 0.9423076923076923 0.7992788461538461 0.09495192307692307 0.040865384615384616