0 0.33774038461538464 0.4987980769230769 0.052884615384615384 0.018028846153846152
0 0.11778846153846154 0.6826923076923077 0.20552884615384615 0.3161057692307692
0 0.5192307692307693 0.6875 0.21153846153846154 0.3137019230769231
0 0.3161057692307692 0.6887019230769231 0.19831730769230768 0.29927884615384615
0 0.6490384615384616 0.6923076923076923 0.052884615384615384 0.28846153846153844
0 0.2247596153846154 0.8954326923076923 0.18389423076923078 0.2091346153846154
0 0.5997596153846154 0.8942307692307693 0.15384615384615385 0.21153846153846154
0 0.06490384615384616 0.8942307692307693 0.12980769230769232 0.21153846153846154
0 0.41947115384615385 0.8966346153846154 0.20552884615384615 0.20552884615384615
0 0.41586538461538464 0.5432692307692307 0.21394230769230768 0.07091346153846154
0 0.8088942307692307 0.7632211538461539 0.2668269230769231 0.4723557692307692