0 0.3293269230769231 0.030048076923076924 0.054086538461538464 0.05889423076923077
0 0.5985576923076923 0.9879807692307693 0.11538461538461539 0.02283653846153846
0 0.234375 0.9783653846153846 0.12740384615384615 0.04326923076923077
0 0.4699519230769231 0.9723557692307693 0.13221153846153846 0.055288461538461536
0 0.6850961538461539 0.9567307692307693 0.04326923076923077 0.08653846153846154
0 0.2512019230769231 0.9038461538461539 0.10216346153846154 0.140625
0 0.47836538461538464 0.890625 0.10697115384615384 0.140625
0 0.6826923076923077 0.8762019230769231 0.04807692307692308 0.1346153846153846
0 0.3557692307692308 0.8713942307692307 0.12740384615384615 0.17908653846153846
0 0.5913461538461539 0.859375 0.12980769230769232 0.18389423076923078
0 0.36899038461538464 0.7427884615384616 0.10216346153846154 0.12980769230769232
0 0.5901442307692307 0.7259615384615384 0.10697115384615384 0.125
0 0.24519230769230768 0.7127403846153846 0.12259615384615384 0.16826923076923078
0 0.47475961538461536 0.6995192307692307 0.125 0.17067307692307693
0 0.6754807692307693 0.6646634615384616 0.06129807692307692 0.17548076923076922
0 0.7331730769230769 0.8293269230769231 0.054086538461538464 0.16346153846153846
0 0.8365384615384616 0.7800480769230769 0.13822115384615385 0.1935096153846154
0 0.8185096153846154 0.6478365384615384 0.11177884615384616 0.1346153846153846
0 0.7331730769230769 0.6298076923076923 0.054086538461538464 0.18389423076923078