0 0.39302884615384615 0.21514423076923078 0.014423076923076924 0.055288461538461536
0 0.4362980769230769 0.29447115384615385 0.0733173076923077 0.3762019230769231
0 0.7451923076923077 0.2439903846153846 0.328125 0.47596153846153844
0 0.09014423076923077 0.8870192307692307 0.14543269230769232 0.22596153846153846
0 0.38100961538461536 0.8786057692307693 0.038461538461538464 0.2283653846153846
0 0.27163461538461536 0.8737980769230769 0.14543269230769232 0.22355769230769232
0 0.171875 0.6911057692307693 0.14302884615384615 0.2283653846153846
0 0.33653846153846156 0.6887019230769231 0.12860576923076922 0.22596153846153846
0 0.06971153846153846 0.6598557692307693 0.13822115384615385 0.17908653846153846
0 0.6177884615384616 0.9807692307692307 0.026442307692307692 0.026442307692307692
0 0.5805288461538461 0.9699519230769231 0.04326923076923077 0.06009615384615385
0 0.4050480769230769 0.9663461538461539 0.01201923076923077 0.0673076923076923
0 0.9338942307692307 0.9663461538461539 0.040865384615384616 0.0673076923076923
0 0.8653846153846154 0.9675480769230769 0.03365384615384615 0.055288461538461536
0 0.9795673076923077 0.9651442307692307 0.040865384615384616 0.06971153846153846
0 0.6778846153846154 0.9663461538461539 0.036057692307692304 0.05048076923076923
0 0.5168269230769231 0.9651442307692307 0.04326923076923077 0.06370192307692307
0 0.44711538461538464 0.9639423076923077 0.03365384615384615 0.052884615384615384
0 0.47716346153846156 0.9519230769230769 0.036057692307692304 0.052884615384615384
0 0.7487980769230769 0.9483173076923077 0.03365384615384615 0.04807692307692308
0 0.7139423076923077 0.9459134615384616 0.04326923076923077 0.06850961538461539
0 0.9026442307692307 0.9387019230769231 0.04567307692307692 0.06850961538461539
0 0.6117788461538461 0.9206730769230769 0.07091346153846154 0.109375
0 0.5600961538461539 0.9206730769230769 0.026442307692307692 0.040865384615384616
0 0.42427884615384615 0.9194711538461539 0.04567307692307692 0.06850961538461539
0 0.6694711538461539 0.9170673076923077 0.04567307692307692 0.06850961538461539
0 0.7776442307692307 0.9122596153846154 0.04567307692307692 0.06850961538461539
0 0.9423076923076923 0.9122596153846154 0.03365384615384615 0.038461538461538464
0 0.8545673076923077 0.9110576923076923 0.03365384615384615 0.05048076923076923
0 0.9927884615384616 0.9050480769230769 0.014423076923076924 0.06850961538461539
0 0.46634615384615385 0.8942307692307693 0.04326923076923077 0.07091346153846154
0 0.8245192307692307 0.8930288461538461 0.04326923076923077 0.06610576923076923
0 0.7391826923076923 0.8894230769230769 0.04807692307692308 0.06850961538461539
0 0.5192307692307693 0.8846153846153846 0.07091346153846154 0.11177884615384616
0 0.9266826923076923 0.8774038461538461 0.04326923076923077 0.06850961538461539
0 0.6995192307692307 0.875 0.026442307692307692 0.036057692307692304
0 0.8762019230769231 0.8713942307692307 0.03365384615384615 0.05048076923076923
0 0.96875 0.8629807692307693 0.04326923076923077 0.06850961538461539
0 0.41225961538461536 0.8569711538461539 0.02403846153846154 0.06850961538461539
0 0.6766826923076923 0.8569711538461539 0.026442307692307692 0.036057692307692304
0 0.7860576923076923 0.8557692307692307 0.026442307692307692 0.03365384615384615
0 0.6478365384615384 0.8449519230769231 0.03365384615384615 0.052884615384615384
0 0.5793269230769231 0.8449519230769231 0.04326923076923077 0.06610576923076923
0 0.7596153846153846 0.8425480769230769 0.026442307692307692 0.04326923076923077
0 0.8521634615384616 0.8377403846153846 0.04326923076923077 0.06370192307692307
0 0.703125 0.8377403846153846 0.028846153846153848 0.040865384615384616
0 0.9879807692307693 0.8341346153846154 0.02403846153846154 0.05048076923076923
0 0.8076923076923077 0.8305288461538461 0.026442307692307692 0.038461538461538464
0 0.47475961538461536 0.8245192307692307 0.04807692307692308 0.07091346153846154
0 0.9002403846153846 0.8245192307692307 0.04326923076923077 0.06610576923076923
0 0.7307692307692307 0.8233173076923077 0.036057692307692304 0.04807692307692308
0 0.44471153846153844 0.8100961538461539 0.03125 0.052884615384615384
0 0.9387019230769231 0.8100961538461539 0.04326923076923077 0.06610576923076923
0 0.6778846153846154 0.8076923076923077 0.04326923076923077 0.06610576923076923
0 0.9711538461538461 0.8064903846153846 0.028846153846153848 0.040865384615384616
0 0.7848557692307693 0.8052884615384616 0.04567307692307692 0.06850961538461539
0 0.6117788461538461 0.8052884615384616 0.026442307692307692 0.040865384615384616
0 0.5552884615384616 0.8028846153846154 0.02403846153846154 0.038461538461538464
0 0.640625 0.7920673076923077 0.03365384615384615 0.05048076923076923
0 0.5216346153846154 0.7920673076923077 0.038461538461538464 0.05048076923076923
0 0.41466346153846156 0.7896634615384616 0.028846153846153848 0.05048076923076923
0 0.7475961538461539 0.7788461538461539 0.021634615384615384 0.040865384615384616
0 0.5793269230769231 0.7788461538461539 0.04567307692307692 0.06850961538461539
0 0.9927884615384616 0.7752403846153846 0.014423076923076924 0.040865384615384616
0 0.7175480769230769 0.7740384615384616 0.04567307692307692 0.06850961538461539
0 0.5492788461538461 0.765625 0.02403846153846154 0.040865384615384616
0 0.6189903846153846 0.7584134615384616 0.026442307692307692 0.038461538461538464
0 0.875 0.7584134615384616 0.07091346153846154 0.1045673076923077
0 0.4651442307692308 0.7560096153846154 0.04807692307692308 0.06850961538461539
0 0.765625 0.7548076923076923 0.028846153846153848 0.038461538461538464
0 0.8100961538461539 0.7524038461538461 0.04326923076923077 0.06850961538461539
0 0.6610576923076923 0.7463942307692307 0.04326923076923077 0.06850961538461539
0 0.5132211538461539 0.7379807692307693 0.04326923076923077 0.06850961538461539
0 0.9711538461538461 0.7379807692307693 0.057692307692307696 0.10697115384615384
0 0.6935096153846154 0.7247596153846154 0.026442307692307692 0.04326923076923077
0 0.5600961538461539 0.7223557692307693 0.03365384615384615 0.05048076923076923
0 0.5949519230769231 0.7211538461538461 0.02403846153846154 0.038461538461538464
0 0.7596153846153846 0.7163461538461539 0.02403846153846154 0.038461538461538464
0 0.42788461538461536 0.7127403846153846 0.04567307692307692 0.06850961538461539
0 0.9002403846153846 0.7115384615384616 0.03365384615384615 0.04567307692307692
0 0.625 0.7103365384615384 0.04326923076923077 0.06610576923076923
0 0.7307692307692307 0.7079326923076923 0.04567307692307692 0.06850961538461539
0 0.7824519230769231 0.7019230769230769 0.026442307692307692 0.038461538461538464
0 0.47475961538461536 0.6935096153846154 0.036057692307692304 0.052884615384615384
0 0.6742788461538461 0.6923076923076923 0.026442307692307692 0.03365384615384615
0 0.8269230769230769 0.6899038461538461 0.04326923076923077 0.06610576923076923
0 0.5132211538461539 0.6838942307692307 0.02403846153846154 0.03365384615384615
0 0.8641826923076923 0.6778846153846154 0.03365384615384615 0.052884615384615384
0 0.5865384615384616 0.6754807692307693 0.03365384615384615 0.052884615384615384
0 0.6526442307692307 0.671875 0.026442307692307692 0.040865384615384616
0 0.5396634615384616 0.6658653846153846 0.04326923076923077 0.06850961538461539
0 0.7632211538461539 0.6634615384615384 0.04567307692307692 0.06370192307692307
0 0.8966346153846154 0.6622596153846154 0.03365384615384615 0.04567307692307692
0 0.4110576923076923 0.6598557692307693 0.021634615384615384 0.06850961538461539
0 0.453125 0.6586538461538461 0.026442307692307692 0.036057692307692304
0 0.6826923076923077 0.6538461538461539 0.028846153846153848 0.038461538461538464
0 0.9459134615384616 0.6526442307692307 0.04567307692307692 0.06610576923076923
0 0.6153846153846154 0.6418269230769231 0.04326923076923077 0.06850961538461539
0 0.8425480769230769 0.640625 0.036057692307692304 0.04807692307692308
0 0.7235576923076923 0.6394230769230769 0.04326923076923077 0.06610576923076923
0 0.5132211538461539 0.6394230769230769 0.03365384615384615 0.052884615384615384
0 0.47115384615384615 0.6382211538461539 0.036057692307692304 0.052884615384615384
0 0.8076923076923077 0.6310096153846154 0.026442307692307692 0.038461538461538464
0 0.78125 0.6274038461538461 0.026442307692307692 0.038461538461538464
0 0.6550480769230769 0.6165865384615384 0.04326923076923077 0.06610576923076923
0 0.9627403846153846 0.6141826923076923 0.03365384615384615 0.05048076923076923
0 0.6911057692307693 0.6129807692307693 0.026442307692307692 0.038461538461538464
0 0.5709134615384616 0.6117788461538461 0.04326923076923077 0.06610576923076923
0 0.8846153846153846 0.6069711538461539 0.04326923076923077 0.06610576923076923
0 0.9242788461538461 0.6057692307692307 0.026442307692307692 0.03365384615384615
0 0.42427884615384615 0.6021634615384616 0.04326923076923077 0.06370192307692307
0 0.9951923076923077 0.6009615384615384 0.009615384615384616 0.06009615384615385
0 0.7560096153846154 0.6009615384615384 0.04567307692307692 0.06009615384615385
0 0.4795673076923077 0.5913461538461539 0.026442307692307692 0.040865384615384616
0 0.8389423076923077 0.5925480769230769 0.036057692307692304 0.04326923076923077
0 0.8016826923076923 0.5901442307692307 0.036057692307692304 0.038461538461538464
0 0.7151442307692307 0.5889423076923077 0.036057692307692304 0.036057692307692304
0 0.4110576923076923 0.5805288461538461 0.021634615384615384 0.019230769230769232
0 0.6766826923076923 0.5817307692307693 0.04326923076923077 0.021634615384615384
0 0.515625 0.5901442307692307 0.07091346153846154 0.038461538461538464
0 0.6105769230769231 0.5877403846153846 0.07091346153846154 0.03365384615384615
0 0.6466346153846154 0.9939903846153846 0.04567307692307692 0.01201923076923077
0 0.46875 0.9927884615384616 0.04807692307692308 0.014423076923076924
0 0.5973557692307693 0.9927884615384616 0.02403846153846154 0.014423076923076924
0 0.7355769230769231 0.9855769230769231 0.04326923076923077 0.028846153846153848
0 0.42788461538461536 0.9855769230769231 0.026442307692307692 0.028846153846153848
0 0.8233173076923077 0.9675480769230769 0.06971153846153846 0.06490384615384616
0 0.7007211538461539 0.9855769230769231 0.026442307692307692 0.028846153846153848