0 0.30649038461538464 0.10817307692307693 0.055288461538461536 0.06129807692307692
0 0.46875 0.39903846153846156 0.06370192307692307 0.03125
0 0.7331730769230769 0.38341346153846156 0.06850961538461539 0.06370192307692307
0 0.6045673076923077 0.38100961538461536 0.06610576923076923 0.06850961538461539
0 0.44591346153846156 0.36778846153846156 0.02403846153846154 0.07932692307692307
0 0.6682692307692307 0.36658653846153844 0.06850961538461539 0.08774038461538461
0 0.5396634615384616 0.3605769230769231 0.06610576923076923 0.09014423076923077
0 0.48677884615384615 0.34375 0.06129807692307692 0.08413461538461539
0 0.7199519230769231 0.3112980769230769 0.06850961538461539 0.08774038461538461
0 0.5925480769230769 0.30408653846153844 0.06610576923076923 0.09014423076923077
0 0.45072115384615385 0.2848557692307692 0.03485576923076923 0.08173076923076923
0 0.6586538461538461 0.28125 0.06610576923076923 0.08774038461538461
0 0.5528846153846154 0.27884615384615385 0.057692307692307696 0.07692307692307693
0 0.4963942307692308 0.2548076923076923 0.06370192307692307 0.08173076923076923
0 0.8317307692307693 0.2536057692307692 0.07091346153846154 0.09495192307692307
0 0.6177884615384616 0.23798076923076922 0.06370192307692307 0.05048076923076923
0 0.765625 0.22355769230769232 0.07091346153846154 0.09254807692307693
0 0.5685096153846154 0.19591346153846154 0.06370192307692307 0.08173076923076923
0 0.4567307692307692 0.19471153846153846 0.04447115384615385 0.08173076923076923
0 0.8870192307692307 0.1935096153846154 0.07091346153846154 0.09495192307692307
0 0.6995192307692307 0.18870192307692307 0.07091346153846154 0.09254807692307693
0 0.5096153846153846 0.16947115384615385 0.06370192307692307 0.08173076923076923
0 0.6370192307692307 0.16706730769230768 0.06129807692307692 0.08173076923076923
0 0.8185096153846154 0.15985576923076922 0.07451923076923077 0.09014423076923077
0 0.7536057692307693 0.12740384615384615 0.07091346153846154 0.09254807692307693
0 0.5865384615384616 0.11538461538461539 0.06370192307692307 0.07932692307692307
0 0.4639423076923077 0.11298076923076923 0.06129807692307692 0.08173076923076923
0 0.6862980769230769 0.09975961538461539 0.06850961538461539 0.08774038461538461
0 0.8725961538461539 0.09975961538461539 0.06850961538461539 0.09014423076923077
0 0.5264423076923077 0.09134615384615384 0.06129807692307692 0.08173076923076923
0 0.8064903846153846 0.06971153846153846 0.07091346153846154 0.09014423076923077
0 0.7415865384615384 0.040865384615384616 0.07091346153846154 0.08173076923076923
0 0.859375 0.03365384615384615 0.06610576923076923 0.057692307692307696
0 0.796875 0.015625 0.06370192307692307 0.03125
0 0.6177884615384616 0.02283653846153846 0.06610576923076923 0.04447115384615385
0 0.45552884615384615 0.018028846153846152 0.04567307692307692 0.036057692307692304
0 0.9074519230769231 0.016826923076923076 0.06490384615384616 0.03365384615384615
0 0.734375 0.009615384615384616 0.06610576923076923 0.018028846153846152
0 0.5540865384615384 0.009615384615384616 0.06610576923076923 0.018028846153846152
0 0.016826923076923076 0.984375 0.03365384615384615 0.03125
0 0.05048076923076923 0.984375 0.037259615384615384 0.03125
0 0.08653846153846154 0.984375 0.03485576923076923 0.03125
0 0.12139423076923077 0.984375 0.037259615384615384 0.03125
0 0.15625 0.984375 0.037259615384615384 0.03125
0 0.19230769230769232 0.9819711538461539 0.038461538461538464 0.036057692307692304
0 0.22596153846153846 0.9819711538461539 0.038461538461538464 0.036057692307692304
0 0.2620192307692308 0.9819711538461539 0.038461538461538464 0.036057692307692304
0 0.2980769230769231 0.9807692307692307 0.038461538461538464 0.038461538461538464
0 0.33533653846153844 0.9807692307692307 0.036057692307692304 0.038461538461538464
0 0.3713942307692308 0.9807692307692307 0.036057692307692304 0.038461538461538464
0 0.40625 0.9807692307692307 0.038461538461538464 0.038461538461538464
0 0.43028846153846156 0.9795673076923077 0.008413461538461538 0.039663461538461536
0 0.008413461538461538 0.9555288461538461 0.015625 0.04807692307692308
0 0.03485576923076923 0.953125 0.037259615384615384 0.04447115384615385
0 0.06850961538461539 0.953125 0.03485576923076923 0.05048076923076923
0 0.10336538461538461 0.953125 0.03485576923076923 0.04807692307692308
0 0.13701923076923078 0.9519230769230769 0.037259615384615384 0.04807692307692308
0 0.17307692307692307 0.9519230769230769 0.037259615384615384 0.04807692307692308
0 0.20793269230769232 0.9507211538461539 0.037259615384615384 0.04807692307692308
0 0.24278846153846154 0.9507211538461539 0.037259615384615384 0.05048076923076923
0 0.27884615384615385 0.9495192307692307 0.037259615384615384 0.04807692307692308
0 0.3161057692307692 0.9495192307692307 0.037259615384615384 0.04807692307692308
0 0.35216346153846156 0.9483173076923077 0.037259615384615384 0.04807692307692308
0 0.3894230769230769 0.9471153846153846 0.037259615384615384 0.04807692307692308
0 0.41947115384615385 0.9459134615384616 0.028846153846153848 0.05048076923076923
0 0.015625 0.9158653846153846 0.03125 0.04807692307692308
0 0.05048076923076923 0.9158653846153846 0.037259615384615384 0.04807692307692308
0 0.08413461538461539 0.9158653846153846 0.03485576923076923 0.04807692307692308
0 0.11899038461538461 0.9158653846153846 0.037259615384615384 0.04807692307692308
0 0.15384615384615385 0.9134615384615384 0.037259615384615384 0.04807692307692308
0 0.1875 0.9122596153846154 0.037259615384615384 0.04807692307692308
0 0.2247596153846154 0.9122596153846154 0.039663461538461536 0.04807692307692308
0 0.25961538461538464 0.9110576923076923 0.037259615384615384 0.05048076923076923
0 0.29447115384615385 0.9098557692307693 0.037259615384615384 0.04807692307692308
0 0.33052884615384615 0.9098557692307693 0.037259615384615384 0.05048076923076923
0 0.36658653846153844 0.9086538461538461 0.037259615384615384 0.04807692307692308
0 0.4026442307692308 0.9074519230769231 0.037259615384615384 0.05048076923076923
0 0.4254807692307692 0.90625 0.015625 0.05048076923076923
0 0.008413461538461538 0.8786057692307693 0.015625 0.04807692307692308
0 0.03365384615384615 0.8786057692307693 0.037259615384615384 0.04807692307692308
0 0.06610576923076923 0.8786057692307693 0.03485576923076923 0.04807692307692308
0 0.10096153846153846 0.8774038461538461 0.03485576923076923 0.04807692307692308
0 0.1346153846153846 0.8774038461538461 0.037259615384615384 0.04807692307692308
0 0.16947115384615385 0.8762019230769231 0.03485576923076923 0.04807692307692308
0 0.203125 0.8762019230769231 0.037259615384615384 0.04807692307692308
0 0.23918269230769232 0.8737980769230769 0.037259615384615384 0.04807692307692308
0 0.27524038461538464 0.8725961538461539 0.037259615384615384 0.04807692307692308
0 0.31009615384615385 0.8713942307692307 0.037259615384615384 0.04807692307692308
0 0.34615384615384615 0.8689903846153846 0.037259615384615384 0.04807692307692308
0 0.38100961538461536 0.8689903846153846 0.037259615384615384 0.04807692307692308
0 0.41586538461538464 0.8677884615384616 0.037259615384615384 0.04807692307692308
0 0.015625 0.8401442307692307 0.03125 0.04447115384615385
0 0.04927884615384615 0.8413461538461539 0.03485576923076923 0.04807692307692308
0 0.08173076923076923 0.8413461538461539 0.03485576923076923 0.04807692307692308
0 0.11658653846153846 0.8401442307692307 0.037259615384615384 0.04807692307692308
0 0.1502403846153846 0.8389423076923077 0.037259615384615384 0.04807692307692308
0 0.18509615384615385 0.8377403846153846 0.03485576923076923 0.04807692307692308
0 0.21995192307692307 0.8377403846153846 0.037259615384615384 0.04807692307692308
0 0.2536057692307692 0.8365384615384616 0.037259615384615384 0.04807692307692308
0 0.28966346153846156 0.8341346153846154 0.037259615384615384 0.04807692307692308
0 0.4230769230769231 0.8317307692307693 0.021634615384615384 0.04447115384615385
0 0.3245192307692308 0.8317307692307693 0.037259615384615384 0.04807692307692308
0 0.359375 0.8305288461538461 0.037259615384615384 0.04807692307692308
0 0.3954326923076923 0.8305288461538461 0.037259615384615384 0.04807692307692308
0 0.007211538461538462 0.8052884615384616 0.013221153846153846 0.04447115384615385
0 0.03125 0.8040865384615384 0.03485576923076923 0.04447115384615385
0 0.06490384615384616 0.8040865384615384 0.03485576923076923 0.04807692307692308
0 0.09735576923076923 0.8028846153846154 0.03485576923076923 0.04807692307692308
0 0.13221153846153846 0.8016826923076923 0.037259615384615384 0.04807692307692308
0 0.1658653846153846 0.8016826923076923 0.037259615384615384 0.04807692307692308
0 0.20072115384615385 0.8004807692307693 0.037259615384615384 0.04807692307692308
0 0.23557692307692307 0.7992788461538461 0.037259615384615384 0.04807692307692308
0 0.26802884615384615 0.7980769230769231 0.037259615384615384 0.04807692307692308
0 0.41225961538461536 0.7980769230769231 0.037259615384615384 0.04807692307692308
0 0.30528846153846156 0.7944711538461539 0.037259615384615384 0.04807692307692308
0 0.3389423076923077 0.7944711538461539 0.037259615384615384 0.04807692307692308
0 0.3737980769230769 0.7932692307692307 0.037259615384615384 0.04807692307692308
0 0.015625 0.7668269230769231 0.03125 0.04807692307692308
0 0.04807692307692308 0.7668269230769231 0.037259615384615384 0.04807692307692308
0 0.08052884615384616 0.765625 0.037259615384615384 0.04807692307692308
0 0.11538461538461539 0.765625 0.037259615384615384 0.04807692307692308
0 0.14783653846153846 0.7632211538461539 0.037259615384615384 0.04807692307692308
0 0.18269230769230768 0.7632211538461539 0.037259615384615384 0.04807692307692308
0 0.21514423076923078 0.7620192307692307 0.037259615384615384 0.04807692307692308
0 0.25 0.7596153846153846 0.037259615384615384 0.04807692307692308
0 0.4206730769230769 0.7584134615384616 0.026442307692307692 0.04447115384615385
0 0.39302884615384615 0.7596153846153846 0.037259615384615384 0.04807692307692308
0 0.2860576923076923 0.7584134615384616 0.037259615384615384 0.04807692307692308
0 0.31971153846153844 0.7584134615384616 0.037259615384615384 0.04807692307692308
0 0.3557692307692308 0.7548076923076923 0.037259615384615384 0.04807692307692308
0 0.008413461538461538 0.7331730769230769 0.015625 0.04807692307692308
0 0.028846153846153848 0.7319711538461539 0.037259615384615384 0.04807692307692308
0 0.06370192307692307 0.7295673076923077 0.037259615384615384 0.04807692307692308
0 0.09735576923076923 0.7283653846153846 0.037259615384615384 0.04807692307692308
0 0.12980769230769232 0.7283653846153846 0.037259615384615384 0.04807692307692308
0 0.16346153846153846 0.7271634615384616 0.037259615384615384 0.04807692307692308
0 0.19831730769230768 0.7259615384615384 0.037259615384615384 0.04807692307692308
0 0.22956730769230768 0.7235576923076923 0.037259615384615384 0.04807692307692308
0 0.2668269230769231 0.7235576923076923 0.037259615384615384 0.04807692307692308
0 0.37259615384615385 0.7223557692307693 0.037259615384615384 0.04807692307692308
0 0.4074519230769231 0.7223557692307693 0.037259615384615384 0.04807692307692308
0 0.3004807692307692 0.7223557692307693 0.037259615384615384 0.04807692307692308
0 0.33413461538461536 0.7199519230769231 0.037259615384615384 0.04807692307692308
0 0.015625 0.6959134615384616 0.03125 0.04807692307692308
0 0.04447115384615385 0.6947115384615384 0.03485576923076923 0.04807692307692308
0 0.07932692307692307 0.6935096153846154 0.03485576923076923 0.04807692307692308
0 0.11298076923076923 0.6923076923076923 0.03485576923076923 0.04807692307692308
0 0.1466346153846154 0.6899038461538461 0.03485576923076923 0.04807692307692308
0 0.17908653846153846 0.6887019230769231 0.03125 0.04807692307692308
0 0.2127403846153846 0.6875 0.03125 0.04807692307692308
0 0.24759615384615385 0.6862980769230769 0.03485576923076923 0.04807692307692308
0 0.28125 0.6850961538461539 0.03485576923076923 0.04807692307692308
0 0.31490384615384615 0.6850961538461539 0.03485576923076923 0.04447115384615385
0 0.35216346153846156 0.6850961538461539 0.03125 0.04447115384615385
0 0.3870192307692308 0.6850961538461539 0.03125 0.04447115384615385
0 0.4182692307692308 0.6814903846153846 0.03125 0.04447115384615385
0 0.007211538461538462 0.6598557692307693 0.013221153846153846 0.04447115384615385
0 0.028846153846153848 0.6586538461538461 0.03485576923076923 0.04447115384615385
0 0.06129807692307692 0.6586538461538461 0.03485576923076923 0.04447115384615385
0 0.09495192307692307 0.65625 0.03485576923076923 0.04447115384615385
0 0.12860576923076922 0.6550480769230769 0.03485576923076923 0.04447115384615385
0 0.1622596153846154 0.6538461538461539 0.03485576923076923 0.04447115384615385
0 0.19591346153846154 0.6538461538461539 0.03485576923076923 0.04447115384615385
0 0.22716346153846154 0.6502403846153846 0.03125 0.04447115384615385
0 0.26322115384615385 0.6490384615384616 0.03125 0.04447115384615385
0 0.3329326923076923 0.6490384615384616 0.03485576923076923 0.04447115384615385
0 0.4026442307692308 0.6478365384615384 0.03485576923076923 0.04447115384615385
0 0.296875 0.6478365384615384 0.03485576923076923 0.04447115384615385
0 0.36778846153846156 0.6466346153846154 0.03485576923076923 0.04447115384615385
0 0.5913461538461539 0.9759615384615384 0.08173076923076923 0.04807692307692308
0 0.7872596153846154 0.9675480769230769 0.08413461538461539 0.06490384615384616
0 0.9591346153846154 0.9615384615384616 0.07091346153846154 0.07692307692307693
0 0.8701923076923077 0.9615384615384616 0.07451923076923077 0.07692307692307693
0 0.7115384615384616 0.953125 0.07451923076923077 0.09254807692307693
0 0.5372596153846154 0.9338942307692307 0.07451923076923077 0.13221153846153846
0 0.984375 0.9038461538461539 0.03125 0.1502403846153846
0 0.9194711538461539 0.8846153846153846 0.08413461538461539 0.140625
0 0.7608173076923077 0.8713942307692307 0.07091346153846154 0.11658653846153846
0 0.6550480769230769 0.8713942307692307 0.08774038461538461 0.140625
0 0.8389423076923077 0.8701923076923077 0.08173076923076923 0.12980769230769232
0 0.4579326923076923 0.8209134615384616 0.04807692307692308 0.1346153846153846
0 0.53125 0.8028846153846154 0.08173076923076923 0.140625
0 0.9639423076923077 0.7668269230769231 0.07091346153846154 0.15384615384615385
0 0.7139423076923077 0.765625 0.07932692307692307 0.1346153846153846
0 0.796875 0.7584134615384616 0.08413461538461539 0.14302884615384615
0 0.8834134615384616 0.7536057692307693 0.08774038461538461 0.14302884615384615
0 0.6069711538461539 0.7427884615384616 0.09014423076923077 0.1502403846153846
0 0.46875 0.6862980769230769 0.06850961538461539 0.14543269230769232
0 0.5492788461538461 0.671875 0.07451923076923077 0.12379807692307693
0 0.9975961538461539 0.6658653846153846 0.004807692307692308 0.14543269230769232
0 0.6706730769230769 0.6442307692307693 0.07451923076923077 0.12139423076923077
0 0.7596153846153846 0.6430288461538461 0.07091346153846154 0.11658653846153846
0 0.921875 0.6346153846153846 0.07692307692307693 0.12379807692307693
0 0.8365384615384616 0.6322115384615384 0.07091346153846154 0.11899038461538461
0 0.4723557692307692 0.578125 0.06850961538461539 0.10576923076923077
0 0.6105769230769231 0.5757211538461539 0.08413461538461539 0.1346153846153846
0 0.9711538461538461 0.5408653846153846 0.057692307692307696 0.14543269230769232
0 0.7163461538461539 0.5372596153846154 0.08173076923076923 0.12980769230769232
0 0.8834134615384616 0.53125 0.07692307692307693 0.11899038461538461
0 0.7908653846153846 0.5168269230769231 0.07692307692307693 0.11899038461538461
0 0.6478365384615384 0.4651442307692308 0.07451923076923077 0.10096153846153846
0 0.5685096153846154 0.4651442307692308 0.06850961538461539 0.10096153846153846
0 0.8401442307692307 0.4495192307692308 0.07692307692307693 0.06850961538461539
0 0.9387019230769231 0.4519230769230769 0.09014423076923077 0.07451923076923077
0 0.7548076923076923 0.43990384615384615 0.07692307692307693 0.05048076923076923
0 0.5264423076923077 0.4266826923076923 0.08413461538461539 0.02403846153846154