0 0.039663461538461536 0.1658653846153846 0.07932692307692307 0.22115384615384615
0 0.9459134615384616 0.3786057692307692 0.09495192307692307 0.14302884615384615
0 0.8413461538461539 0.3918269230769231 0.11298076923076923 0.15264423076923078
0 0.9651442307692307 0.4891826923076923 0.06971153846153846 0.13221153846153846
0 0.875 0.5072115384615384 0.09975961538461539 0.13701923076923078
0 0.7596153846153846 0.5276442307692307 0.1201923076923077 0.14783653846153846
0 0.6334134615384616 0.5492788461538461 0.13221153846153846 0.1622596153846154
0 0.9807692307692307 0.5769230769230769 0.037259615384615384 0.1045673076923077
0 0.9194711538461539 0.5877403846153846 0.09495192307692307 0.08533653846153846
0 0.8185096153846154 0.5985576923076923 0.10697115384615384 0.0625
0 0.6911057692307693 0.6105769230769231 0.12259615384615384 0.039663461538461536
0 0.0829326923076923 0.7872596153846154 0.16466346153846154 0.31490384615384615
0 0.23076923076923078 0.9567307692307693 0.20673076923076922 0.08653846153846154
0 0.5456730769230769 0.8293269230769231 0.12740384615384615 0.24278846153846154
0 0.7463942307692307 0.8341346153846154 0.14302884615384615 0.24278846153846154