0 0.4014423076923077 0.3137019230769231 0.1466346153846154 0.21875
0 0.9939903846153846 0.21754807692307693 0.01201923076923077 0.1622596153846154
0 0.8197115384615384 0.18269230769230768 0.09014423076923077 0.16706730769230768
0 0.7403846153846154 0.12740384615384615 0.09975961538461539 0.171875
0 0.6454326923076923 0.08653846153846154 0.10336538461538461 0.17307692307692307
0 0.9711538461538461 0.07091346153846154 0.057692307692307696 0.14182692307692307
0 0.8990384615384616 0.052884615384615384 0.10096153846153846 0.10576923076923077
0 0.7836538461538461 0.04326923076923077 0.09975961538461539 0.08653846153846154
0 0.5216346153846154 0.03245192307692308 0.09254807692307693 0.06490384615384616
0 0.6574519230769231 0.02283653846153846 0.10216346153846154 0.04447115384615385
0 0.7487980769230769 0.3293269230769231 0.07932692307692307 0.1141826923076923
0 0.9723557692307693 0.009615384615384616 0.055288461538461536 0.019230769230769232
0 0.08774038461538461 0.9543269230769231 0.17548076923076922 0.09134615384615384
0 0.27884615384615385 0.9603365384615384 0.19951923076923078 0.07932692307692307
0 0.027644230769230768 0.7944711538461539 0.055288461538461536 0.2512019230769231
0 0.3894230769230769 0.7956730769230769 0.171875 0.2536057692307692
0 0.17668269230769232 0.8088942307692307 0.23918269230769232 0.27884615384615385
0 0.7139423076923077 0.9447115384615384 0.20432692307692307 0.109375
0 0.9038461538461539 0.8894230769230769 0.19110576923076922 0.22115384615384615
0 0.5324519230769231 0.7752403846153846 0.1141826923076923 0.21153846153846154
0 0.6814903846153846 0.75 0.27403846153846156 0.1622596153846154
0 0.9098557692307693 0.7487980769230769 0.17908653846153846 0.15865384615384615