0 0.41586538461538464 0.3088942307692308 0.14783653846153846 0.22115384615384615
0 0.8377403846153846 0.17668269230769232 0.09014423076923077 0.16826923076923078
0 0.7572115384615384 0.1201923076923077 0.10096153846153846 0.17307692307692307
0 0.6634615384615384 0.08413461538461539 0.10576923076923077 0.16826923076923078
0 0.9795673076923077 0.0673076923076923 0.036057692307692304 0.1346153846153846
0 0.9194711538461539 0.05048076923076923 0.10096153846153846 0.10096153846153846
0 0.8004807692307693 0.039663461538461536 0.10096153846153846 0.07932692307692307
0 0.5360576923076923 0.028846153846153848 0.09254807692307693 0.057692307692307696
0 0.6742788461538461 0.019230769230769232 0.10336538461538461 0.037259615384615384
0 0.7668269230769231 0.32572115384615385 0.08052884615384616 0.11538461538461539
0 0.09375 0.9543269230769231 0.1875 0.08653846153846154
0 0.28966346153846156 0.9603365384615384 0.19951923076923078 0.07932692307692307
0 0.03245192307692308 0.7956730769230769 0.06490384615384616 0.2536057692307692
0 0.40384615384615385 0.796875 0.17307692307692307 0.25600961538461536
0 0.18870192307692307 0.8088942307692307 0.24158653846153846 0.28125
0 0.7307692307692307 0.9459134615384616 0.20552884615384615 0.10817307692307693
0 0.9134615384615384 0.8894230769230769 0.17307692307692307 0.22115384615384615
0 0.5480769230769231 0.7752403846153846 0.11538461538461539 0.21394230769230768
0 0.6983173076923077 0.75 0.2764423076923077 0.16346153846153846
0 0.9194711538461539 0.7487980769230769 0.16105769230769232 0.16105769230769232