0 0.19110576923076922 0.30288461538461536 0.16706730769230768 0.22956730769230768
0 0.4206730769230769 0.07932692307692307 0.16947115384615385 0.15865384615384615
0 0.5889423076923077 0.06850961538461539 0.16826923076923078 0.13701923076923078
0 0.7632211538461539 0.06129807692307692 0.171875 0.12259615384615384
0 0.9242788461538461 0.05048076923076923 0.15144230769230768 0.10096153846153846
0 0.4375 0.46634615384615385 0.17668269230769232 0.125
0 0.609375 0.4483173076923077 0.171875 0.16105769230769232
0 0.7800480769230769 0.4411057692307692 0.16947115384615385 0.17427884615384615
0 0.9314903846153846 0.4266826923076923 0.13701923076923078 0.19951923076923078
0 0.3786057692307692 0.30649038461538464 0.08653846153846154 0.31490384615384615
0 0.08774038461538461 0.5456730769230769 0.055288461538461536 0.03365384615384615
0 0.5961538461538461 0.9254807692307693 0.036057692307692304 0.055288461538461536
0 0.9807692307692307 0.9206730769230769 0.038461538461538464 0.06009615384615385
0 0.5600961538461539 0.921875 0.036057692307692304 0.055288461538461536
0 0.9387019230769231 0.9182692307692307 0.046875 0.057692307692307696
0 0.5252403846153846 0.9182692307692307 0.036057692307692304 0.055288461538461536
0 0.8954326923076923 0.9134615384615384 0.04447115384615385 0.057692307692307696
0 0.4891826923076923 0.9134615384615384 0.036057692307692304 0.055288461538461536
0 0.8533653846153846 0.9110576923076923 0.042067307692307696 0.057692307692307696
0 0.4543269230769231 0.9098557692307693 0.036057692307692304 0.055288461538461536
0 0.8112980769230769 0.90625 0.042067307692307696 0.055288461538461536
0 0.41947115384615385 0.90625 0.036057692307692304 0.055288461538461536
0 0.7704326923076923 0.9026442307692307 0.042067307692307696 0.055288461538461536
0 0.3858173076923077 0.9026442307692307 0.036057692307692304 0.055288461538461536
0 0.35096153846153844 0.8966346153846154 0.03125 0.055288461538461536
0 0.7307692307692307 0.8990384615384616 0.042067307692307696 0.055288461538461536
0 0.6923076923076923 0.8930288461538461 0.038461538461538464 0.055288461538461536
0 0.6550480769230769 0.8882211538461539 0.038461538461538464 0.055288461538461536
0 0.6189903846153846 0.8846153846153846 0.036057692307692304 0.055288461538461536
0 0.5805288461538461 0.8786057692307693 0.038461538461538464 0.051682692307692304
0 0.9903846153846154 0.8762019230769231 0.018028846153846152 0.055288461538461536
0 0.5456730769230769 0.8762019230769231 0.036057692307692304 0.051682692307692304
0 0.9615384615384616 0.8737980769230769 0.046875 0.055288461538461536
0 0.5120192307692307 0.8737980769230769 0.036057692307692304 0.051682692307692304
0 0.9170673076923077 0.8713942307692307 0.04447115384615385 0.057692307692307696
0 0.47596153846153844 0.8701923076923077 0.036057692307692304 0.051682692307692304
0 0.8737980769230769 0.8677884615384616 0.04447115384615385 0.055288461538461536
0 0.4423076923076923 0.8653846153846154 0.036057692307692304 0.055288461538461536
0 0.8317307692307693 0.8629807692307693 0.042067307692307696 0.055288461538461536
0 0.4074519230769231 0.8617788461538461 0.036057692307692304 0.04927884615384615
0 0.7920673076923077 0.8605769230769231 0.042067307692307696 0.055288461538461536
0 0.3737980769230769 0.8605769230769231 0.036057692307692304 0.046875
0 0.34615384615384615 0.8545673076923077 0.020432692307692308 0.051682692307692304
0 0.7524038461538461 0.8557692307692307 0.042067307692307696 0.055288461538461536
0 0.7139423076923077 0.8509615384615384 0.042067307692307696 0.055288461538461536
0 0.6754807692307693 0.8473557692307693 0.038461538461538464 0.055288461538461536
0 0.6394230769230769 0.84375 0.038461538461538464 0.051682692307692304
0 0.6033653846153846 0.8401442307692307 0.038461538461538464 0.051682692307692304
0 0.5661057692307693 0.8377403846153846 0.036057692307692304 0.051682692307692304
0 0.5324519230769231 0.8329326923076923 0.036057692307692304 0.051682692307692304
0 0.9783653846153846 0.828125 0.04326923076923077 0.055288461538461536
0 0.49759615384615385 0.8305288461538461 0.038461538461538464 0.051682692307692304
0 0.9375 0.828125 0.04447115384615385 0.055288461538461536
0 0.4639423076923077 0.8269230769230769 0.036057692307692304 0.051682692307692304
0 0.8942307692307693 0.8257211538461539 0.04447115384615385 0.055288461538461536
0 0.43028846153846156 0.8233173076923077 0.036057692307692304 0.04927884615384615
0 0.8533653846153846 0.8221153846153846 0.042067307692307696 0.055288461538461536
0 0.3954326923076923 0.8197115384615384 0.03365384615384615 0.046875
0 0.8125 0.8185096153846154 0.042067307692307696 0.055288461538461536
0 0.36177884615384615 0.8173076923076923 0.03365384615384615 0.051682692307692304
0 0.34134615384615385 0.8125 0.010817307692307692 0.051682692307692304
0 0.7740384615384616 0.8137019230769231 0.042067307692307696 0.055288461538461536
0 0.734375 0.8112980769230769 0.042067307692307696 0.051682692307692304
0 0.6971153846153846 0.8076923076923077 0.038461538461538464 0.051682692307692304
0 0.6598557692307693 0.8028846153846154 0.038461538461538464 0.051682692307692304
0 0.6237980769230769 0.8004807692307693 0.038461538461538464 0.04927884615384615
0 0.5877403846153846 0.7980769230769231 0.036057692307692304 0.051682692307692304
0 0.5528846153846154 0.7956730769230769 0.036057692307692304 0.04927884615384615
0 0.5180288461538461 0.7920673076923077 0.036057692307692304 0.051682692307692304
0 0.484375 0.7884615384615384 0.036057692307692304 0.04927884615384615
0 0.9891826923076923 0.7872596153846154 0.020432692307692308 0.055288461538461536
0 0.9579326923076923 0.7848557692307693 0.04447115384615385 0.055288461538461536
0 0.45072115384615385 0.7848557692307693 0.036057692307692304 0.04927884615384615
0 0.4182692307692308 0.7824519230769231 0.036057692307692304 0.04927884615384615
0 0.9158653846153846 0.7824519230769231 0.042067307692307696 0.055288461538461536
0 0.38461538461538464 0.7800480769230769 0.03365384615384615 0.046875
0 0.8737980769230769 0.7800480769230769 0.042067307692307696 0.055288461538461536
0 0.35096153846153844 0.7764423076923077 0.03125 0.046875
0 0.8329326923076923 0.7776442307692307 0.042067307692307696 0.055288461538461536
0 0.7944711538461539 0.7740384615384616 0.042067307692307696 0.051682692307692304
0 0.7548076923076923 0.7692307692307693 0.042067307692307696 0.051682692307692304
0 0.7175480769230769 0.7668269230769231 0.038461538461538464 0.051682692307692304
0 0.6814903846153846 0.7644230769230769 0.036057692307692304 0.051682692307692304
0 0.6442307692307693 0.7620192307692307 0.036057692307692304 0.04927884615384615
0 0.609375 0.7596153846153846 0.036057692307692304 0.051682692307692304
0 0.5745192307692307 0.7560096153846154 0.036057692307692304 0.04927884615384615
0 0.5384615384615384 0.7536057692307693 0.036057692307692304 0.051682692307692304
0 0.5048076923076923 0.7512019230769231 0.036057692307692304 0.04927884615384615
0 0.4723557692307692 0.7487980769230769 0.036057692307692304 0.04927884615384615
0 0.4387019230769231 0.7463942307692307 0.03365384615384615 0.046875
0 0.9771634615384616 0.7439903846153846 0.04567307692307692 0.055288461538461536
0 0.40625 0.7427884615384616 0.03365384615384615 0.046875
0 0.9362980769230769 0.7403846153846154 0.04447115384615385 0.051682692307692304
0 0.37259615384615385 0.7391826923076923 0.03365384615384615 0.046875
0 0.8942307692307693 0.7379807692307693 0.042067307692307696 0.051682692307692304
0 0.34615384615384615 0.7367788461538461 0.020432692307692308 0.046875
0 0.8545673076923077 0.7355769230769231 0.042067307692307696 0.051682692307692304
0 0.8149038461538461 0.7331730769230769 0.042067307692307696 0.051682692307692304
0 0.7764423076923077 0.7307692307692307 0.042067307692307696 0.051682692307692304
0 0.7379807692307693 0.7283653846153846 0.038461538461538464 0.04927884615384615
0 0.7007211538461539 0.7247596153846154 0.036057692307692304 0.04927884615384615
0 0.6634615384615384 0.7235576923076923 0.036057692307692304 0.04927884615384615
0 0.6298076923076923 0.7211538461538461 0.036057692307692304 0.04927884615384615
0 0.59375 0.71875 0.036057692307692304 0.046875
0 0.5600961538461539 0.7163461538461539 0.036057692307692304 0.046875
0 0.5264423076923077 0.7139423076923077 0.03365384615384615 0.046875
0 0.49399038461538464 0.7127403846153846 0.03365384615384615 0.046875
0 0.45913461538461536 0.7091346153846154 0.03365384615384615 0.046875
0 0.4266826923076923 0.7067307692307693 0.03365384615384615 0.046875
0 0.3942307692307692 0.7043269230769231 0.03365384615384615 0.046875
0 0.9879807692307693 0.7007211538461539 0.02403846153846154 0.051682692307692304
0 0.36177884615384615 0.7019230769230769 0.03365384615384615 0.046875
0 0.9567307692307693 0.7007211538461539 0.042067307692307696 0.051682692307692304
0 0.34134615384615385 0.6983173076923077 0.010817307692307692 0.046875
0 0.9158653846153846 0.6983173076923077 0.042067307692307696 0.051682692307692304
0 0.875 0.6947115384615384 0.042067307692307696 0.051682692307692304
0 0.8365384615384616 0.6935096153846154 0.042067307692307696 0.051682692307692304
0 0.796875 0.6911057692307693 0.038461538461538464 0.051682692307692304
0 0.7596153846153846 0.6887019230769231 0.038461538461538464 0.04927884615384615
0 0.7211538461538461 0.6875 0.038461538461538464 0.04927884615384615
0 0.6850961538461539 0.6850961538461539 0.038461538461538464 0.04927884615384615
0 0.6502403846153846 0.6838942307692307 0.036057692307692304 0.04927884615384615
0 0.6141826923076923 0.6814903846153846 0.036057692307692304 0.04927884615384615
0 0.5805288461538461 0.6778846153846154 0.036057692307692304 0.046875
0 0.546875 0.6766826923076923 0.03365384615384615 0.046875
0 0.5132211538461539 0.6742788461538461 0.03365384615384615 0.046875
0 0.4807692307692308 0.6730769230769231 0.03365384615384615 0.046875
0 0.4483173076923077 0.6706730769230769 0.03365384615384615 0.046875
0 0.41346153846153844 0.6682692307692307 0.03365384615384615 0.046875
0 0.38221153846153844 0.6658653846153846 0.03125 0.046875
0 0.35096153846153844 0.6622596153846154 0.03125 0.04447115384615385
0 0.9771634615384616 0.6574519230769231 0.04567307692307692 0.05048076923076923
0 0.9362980769230769 0.65625 0.042067307692307696 0.051682692307692304
0 0.8954326923076923 0.6550480769230769 0.042067307692307696 0.051682692307692304
0 0.8569711538461539 0.6538461538461539 0.042067307692307696 0.051682692307692304
0 0.8173076923076923 0.6526442307692307 0.042067307692307696 0.051682692307692304
0 0.7788461538461539 0.6502403846153846 0.038461538461538464 0.051682692307692304
0 0.7427884615384616 0.6490384615384616 0.038461538461538464 0.04927884615384615
0 0.7055288461538461 0.6466346153846154 0.038461538461538464 0.04927884615384615
0 0.6694711538461539 0.6454326923076923 0.036057692307692304 0.046875
0 0.6358173076923077 0.6430288461538461 0.036057692307692304 0.046875
0 0.5997596153846154 0.6418269230769231 0.036057692307692304 0.046875
0 0.5661057692307693 0.640625 0.036057692307692304 0.04927884615384615
0 0.5336538461538461 0.6394230769230769 0.03365384615384615 0.046875
0 0.5012019230769231 0.6370192307692307 0.03365384615384615 0.046875
0 0.46875 0.6358173076923077 0.03365384615384615 0.04447115384615385
0 0.4362980769230769 0.6322115384615384 0.03365384615384615 0.04447115384615385
0 0.40384615384615385 0.6322115384615384 0.03125 0.046875
0 0.34615384615384615 0.625 0.020432692307692308 0.046875
0 0.37259615384615385 0.6262019230769231 0.03125 0.046875
0 0.9879807692307693 0.6177884615384616 0.02403846153846154 0.051682692307692304
0 0.9567307692307693 0.6153846153846154 0.042067307692307696 0.051682692307692304
0 0.9170673076923077 0.6141826923076923 0.042067307692307696 0.051682692307692304
0 0.8774038461538461 0.6129807692307693 0.042067307692307696 0.04927884615384615
0 0.8389423076923077 0.6117788461538461 0.042067307692307696 0.046875
0 0.7992788461538461 0.6117788461538461 0.038461538461538464 0.04927884615384615
0 0.7632211538461539 0.6105769230769231 0.038461538461538464 0.04927884615384615
0 0.7247596153846154 0.6081730769230769 0.038461538461538464 0.04927884615384615
0 0.6899038461538461 0.6069711538461539 0.036057692307692304 0.04927884615384615
0 0.6550480769230769 0.6069711538461539 0.036057692307692304 0.046875
0 0.6201923076923077 0.6057692307692307 0.036057692307692304 0.046875
0 0.5877403846153846 0.6045673076923077 0.03365384615384615 0.046875
0 0.5528846153846154 0.6033653846153846 0.03365384615384615 0.046875
0 0.5192307692307693 0.5997596153846154 0.03125 0.042067307692307696
0 0.4879807692307692 0.5997596153846154 0.03125 0.04447115384615385
0 0.45552884615384615 0.5973557692307693 0.03365384615384615 0.04447115384615385
0 0.42427884615384615 0.5961538461538461 0.03125 0.046875
0 0.3918269230769231 0.59375 0.03365384615384615 0.04447115384615385
0 0.36177884615384615 0.5925480769230769 0.03125 0.04447115384615385
0 0.34134615384615385 0.5889423076923077 0.010817307692307692 0.042067307692307696
0 0.9783653846153846 0.578125 0.042067307692307696 0.051682692307692304
0 0.9375 0.5769230769230769 0.042067307692307696 0.051682692307692304
0 0.8966346153846154 0.5745192307692307 0.042067307692307696 0.051682692307692304
0 0.859375 0.5733173076923077 0.042067307692307696 0.051682692307692304
0 0.7824519230769231 0.5733173076923077 0.036057692307692304 0.04927884615384615
0 0.7463942307692307 0.5721153846153846 0.036057692307692304 0.046875
0 0.8197115384615384 0.5721153846153846 0.042067307692307696 0.04927884615384615
0 0.6742788461538461 0.5685096153846154 0.036057692307692304 0.046875
0 0.6394230769230769 0.5685096153846154 0.036057692307692304 0.046875
0 0.7091346153846154 0.5673076923076923 0.036057692307692304 0.046875
0 0.6069711538461539 0.5661057692307693 0.036057692307692304 0.04447115384615385
0 0.5733173076923077 0.5661057692307693 0.03365384615384615 0.046875
0 0.5384615384615384 0.5649038461538461 0.03365384615384615 0.046875
0 0.5072115384615384 0.5637019230769231 0.03125 0.046875
0 0.47475961538461536 0.5625 0.03365384615384615 0.046875
0 0.44350961538461536 0.5612980769230769 0.03365384615384615 0.046875
0 0.41225961538461536 0.5600961538461539 0.03365384615384615 0.04447115384615385
0 0.3798076923076923 0.5576923076923077 0.03365384615384615 0.04447115384615385
0 0.34975961538461536 0.5564903846153846 0.028846153846153848 0.04447115384615385
0 0.9867788461538461 0.5444711538461539 0.026442307692307692 0.03125
0 0.9543269230769231 0.5444711538461539 0.038461538461538464 0.03125
0 0.8774038461538461 0.5432692307692307 0.042067307692307696 0.028846153846153848
0 0.9158653846153846 0.5432692307692307 0.038461538461538464 0.028846153846153848
0 0.8377403846153846 0.5432692307692307 0.038461538461538464 0.028846153846153848
0 0.765625 0.5432692307692307 0.036057692307692304 0.028846153846153848
0 0.8004807692307693 0.5420673076923077 0.038461538461538464 0.026442307692307692
0 0.6598557692307693 0.5420673076923077 0.03365384615384615 0.026442307692307692
0 0.6923076923076923 0.5420673076923077 0.036057692307692304 0.026442307692307692
0 0.7295673076923077 0.5420673076923077 0.036057692307692304 0.026442307692307692
0 0.625 0.5408653846153846 0.036057692307692304 0.02403846153846154
0 0.5901442307692307 0.5408653846153846 0.03365384615384615 0.02403846153846154
0 0.5588942307692307 0.5384615384615384 0.03365384615384615 0.020432692307692308
0 0.5252403846153846 0.5372596153846154 0.03365384615384615 0.018028846153846152
0 0.49399038461538464 0.5384615384615384 0.03365384615384615 0.020432692307692308
0 0.4326923076923077 0.5372596153846154 0.03125 0.018028846153846152
0 0.46274038461538464 0.5360576923076923 0.03365384615384615 0.015625
0 0.40024038461538464 0.5360576923076923 0.03365384615384615 0.015625
0 0.36899038461538464 0.5360576923076923 0.03365384615384615 0.015625
0 0.6274038461538461 0.9975961538461539 0.042067307692307696 0.004807692307692308
0 0.9819711538461539 0.9927884615384616 0.036057692307692304 0.014423076923076924
0 0.5889423076923077 0.9927884615384616 0.038461538461538464 0.014423076923076924
0 0.9399038461538461 0.9903846153846154 0.046875 0.018028846153846152
0 0.5516826923076923 0.9903846153846154 0.036057692307692304 0.018028846153846152
0 0.8942307692307693 0.9891826923076923 0.04447115384615385 0.020432692307692308
0 0.515625 0.9879807692307693 0.036057692307692304 0.02403846153846154
0 0.8509615384615384 0.9867788461538461 0.042067307692307696 0.026442307692307692
0 0.4795673076923077 0.9867788461538461 0.036057692307692304 0.026442307692307692
0 0.8088942307692307 0.9855769230769231 0.04447115384615385 0.028846153846153848
0 0.44471153846153844 0.984375 0.036057692307692304 0.03125
0 0.7680288461538461 0.9819711538461539 0.042067307692307696 0.036057692307692304
0 0.40865384615384615 0.9819711538461539 0.036057692307692304 0.036057692307692304
0 0.7283653846153846 0.9783653846153846 0.04326923076923077 0.04326923076923077
0 0.37259615384615385 0.9783653846153846 0.038461538461538464 0.04326923076923077
0 0.6862980769230769 0.9771634615384616 0.040865384615384616 0.04567307692307692
0 0.3449519230769231 0.9771634615384616 0.021634615384615384 0.04567307692307692
0 0.6502403846153846 0.9735576923076923 0.038461538461538464 0.051682692307692304
0 0.6105769230769231 0.9723557692307693 0.038461538461538464 0.055288461538461536
0 0.9915865384615384 0.9711538461538461 0.016826923076923076 0.057692307692307696
0 0.5757211538461539 0.96875 0.036057692307692304 0.057692307692307696
0 0.9627403846153846 0.9675480769230769 0.046875 0.06009615384615385
0 0.5384615384615384 0.9651442307692307 0.038461538461538464 0.057692307692307696
0 0.9182692307692307 0.9627403846153846 0.04447115384615385 0.057692307692307696
0 0.5024038461538461 0.9591346153846154 0.036057692307692304 0.055288461538461536
0 0.875 0.9591346153846154 0.04447115384615385 0.057692307692307696
0 0.4675480769230769 0.9555288461538461 0.036057692307692304 0.055288461538461536
0 0.8305288461538461 0.9555288461538461 0.042067307692307696 0.057692307692307696
0 0.4326923076923077 0.9507211538461539 0.036057692307692304 0.055288461538461536
0 0.7884615384615384 0.9507211538461539 0.042067307692307696 0.057692307692307696
0 0.39903846153846156 0.9471153846153846 0.036057692307692304 0.055288461538461536
0 0.75 0.9447115384615384 0.042067307692307696 0.06009615384615385
0 0.3629807692307692 0.9423076923076923 0.036057692307692304 0.051682692307692304
0 0.7091346153846154 0.9399038461538461 0.042067307692307696 0.057692307692307696
0 0.34134615384615385 0.9375 0.010817307692307692 0.051682692307692304
0 0.671875 0.9350961538461539 0.038461538461538464 0.055288461538461536
0 0.6322115384615384 0.9302884615384616 0.038461538461538464 0.055288461538461536