0 0.7692307692307693 0.15985576923076922 0.06129807692307692 0.31971153846153844
0 0.625 0.9338942307692307 0.07211538461538461 0.13221153846153846
0 0.6947115384615384 0.9302884615384616 0.07211538461538461 0.13942307692307693
0 0.007211538461538462 0.8774038461538461 0.014423076923076924 0.1778846153846154
0 0.07211538461538461 0.8737980769230769 0.10096153846153846 0.171875
0 0.16826923076923078 0.8581730769230769 0.09375 0.16706730769230768
0 0.25841346153846156 0.84375 0.0889423076923077 0.1622596153846154
0 0.34134615384615385 0.8317307692307693 0.08413461538461539 0.15504807692307693
0 0.421875 0.8269230769230769 0.07932692307692307 0.15504807692307693
0 0.49759615384615385 0.8197115384615384 0.07932692307692307 0.14783653846153846
0 0.5721153846153846 0.8137019230769231 0.0733173076923077 0.1502403846153846
0 0.6442307692307693 0.8076923076923077 0.0733173076923077 0.14543269230769232
0 0.7091346153846154 0.8028846153846154 0.05889423076923077 0.14302884615384615
0 0.03125 0.7211538461538461 0.06129807692307692 0.171875
0 0.10817307692307693 0.7151442307692307 0.09615384615384616 0.16706730769230768
0 0.20072115384615385 0.7043269230769231 0.09134615384615384 0.16466346153846154
0 0.29086538461538464 0.6887019230769231 0.0889423076923077 0.15985576923076922
0 0.3713942307692308 0.6887019230769231 0.08653846153846154 0.15504807692307693
0 0.5348557692307693 0.6838942307692307 0.06370192307692307 0.14783653846153846
0 0.6646634615384616 0.6814903846153846 0.07091346153846154 0.14543269230769232
0 0.5973557692307693 0.6814903846153846 0.07091346153846154 0.14783653846153846
0 0.7175480769230769 0.6802884615384616 0.042067307692307696 0.14302884615384615
0 0.49759615384615385 0.6586538461538461 0.08413461538461539 0.15504807692307693
0 0.04567307692307692 0.5709134615384616 0.09134615384615384 0.171875
0 0.13942307692307693 0.5661057692307693 0.09375 0.1622596153846154
0 0.6105769230769231 0.5600961538461539 0.07091346153846154 0.1310096153846154
0 0.7283653846153846 0.5552884615384616 0.021634615384615384 0.1310096153846154
0 0.6838942307692307 0.5564903846153846 0.07091346153846154 0.13581730769230768
0 0.5552884615384616 0.5564903846153846 0.051682692307692304 0.14543269230769232
0 0.39903846153846156 0.5516826923076923 0.08413461538461539 0.15264423076923078
0 0.23557692307692307 0.546875 0.09134615384615384 0.15985576923076922
0 0.3173076923076923 0.5444711538461539 0.08653846153846154 0.15504807692307693
0 0.5072115384615384 0.5300480769230769 0.08413461538461539 0.1502403846153846
0 0.7067307692307693 0.43149038461538464 0.06370192307692307 0.13341346153846154
0 0.01201923076923077 0.42908653846153844 0.02403846153846154 0.171875
0 0.640625 0.42788461538461536 0.0733173076923077 0.13822115384615385
0 0.5673076923076923 0.42788461538461536 0.07091346153846154 0.140625
0 0.07572115384615384 0.4170673076923077 0.0985576923076923 0.1622596153846154
0 0.4170673076923077 0.41466346153846156 0.07932692307692307 0.14783653846153846
0 0.3389423076923077 0.41466346153846156 0.08173076923076923 0.15264423076923078
0 0.4963942307692308 0.4110576923076923 0.07932692307692307 0.1201923076923077
0 0.25961538461538464 0.40865384615384615 0.0889423076923077 0.15504807692307693
0 0.171875 0.40625 0.09375 0.1622596153846154
0 0.7223557692307693 0.35216346153846156 0.03245192307692308 0.06370192307692307
0 0.5841346153846154 0.34615384615384615 0.0733173076923077 0.051682692307692304
0 0.5132211538461539 0.3425480769230769 0.07692307692307693 0.04447115384615385
0 0.6826923076923077 0.3389423076923077 0.0733173076923077 0.037259615384615384
0 0.43509615384615385 0.34134615384615385 0.07692307692307693 0.042067307692307696
0 0.3629807692307692 0.33774038461538464 0.08173076923076923 0.03485576923076923
0 0.04447115384615385 0.96875 0.0889423076923077 0.06129807692307692
0 0.140625 0.9663461538461539 0.0985576923076923 0.06610576923076923
0 0.23076923076923078 0.9603365384615384 0.09134615384615384 0.07932692307692307
0 0.3173076923076923 0.9555288461538461 0.08413461538461539 0.0889423076923077
0 0.39903846153846156 0.9459134615384616 0.08413461538461539 0.10817307692307693
0 0.48197115384615385 0.9411057692307693 0.07692307692307693 0.11778846153846154
0 0.5528846153846154 0.9350961538461539 0.07692307692307693 0.12980769230769232
0 0.9807692307692307 0.8701923076923077 0.038461538461538464 0.10096153846153846
0 0.7572115384615384 0.8629807692307693 0.037259615384615384 0.09615384615384616
0 0.9050480769230769 0.8497596153846154 0.056490384615384616 0.0985576923076923
0 0.7680288461538461 0.8173076923076923 0.05889423076923077 0.11778846153846154
0 0.9495192307692307 0.7908653846153846 0.056490384615384616 0.10096153846153846
0 0.8762019230769231 0.7608173076923077 0.056490384615384616 0.10096153846153846
0 0.9903846153846154 0.7524038461538461 0.019230769230769232 0.10096153846153846
0 0.7572115384615384 0.7271634615384616 0.037259615384615384 0.10817307692307693
0 0.9002403846153846 0.6935096153846154 0.06129807692307692 0.10817307692307693
0 0.8317307692307693 0.671875 0.056490384615384616 0.0985576923076923
0 0.9735576923076923 0.6658653846153846 0.051682692307692304 0.10096153846153846
0 0.7740384615384616 0.6442307692307693 0.056490384615384616 0.08413461538461539
0 0.8834134615384616 0.6141826923076923 0.056490384615384616 0.09375
0 0.9471153846153846 0.5841346153846154 0.056490384615384616 0.09375
0 0.7475961538461539 0.5805288461538461 0.016826923076923076 0.09615384615384616
0 0.7680288461538461 0.5396634615384616 0.05889423076923077 0.10817307692307693
0 0.9771634615384616 0.5084134615384616 0.04567307692307692 0.0985576923076923
0 0.7932692307692307 0.4230769230769231 0.07091346153846154 0.12259615384615384
0 0.8882211538461539 0.4074519230769231 0.06610576923076923 0.11538461538461539
0 0.8533653846153846 0.3701923076923077 0.11057692307692307 0.10096153846153846
0 0.9543269230769231 0.36658653846153844 0.09134615384615384 0.09375
0 0.8377403846153846 0.9831730769230769 0.055288461538461536 0.03365384615384615
0 0.9747596153846154 0.9711538461538461 0.05048076923076923 0.052884615384615384
0 0.8978365384615384 0.9651442307692307 0.056490384615384616 0.06850961538461539
0 0.8016826923076923 0.9435096153846154 0.056490384615384616 0.10336538461538461
0 0.9447115384615384 0.9266826923076923 0.056490384615384616 0.10096153846153846
0 0.7463942307692307 0.9158653846153846 0.014423076923076924 0.09375
0 0.8581730769230769 0.9086538461538461 0.056490384615384616 0.10096153846153846