0 0.14423076923076922 0.03365384615384615 0.15384615384615385 0.0673076923076923
0 0.8028846153846154 0.18990384615384615 0.13822115384615385 0.29086538461538464
0 0.7367788461538461 0.4170673076923077 0.12860576923076922 0.14543269230769232
0 0.49158653846153844 0.3473557692307692 0.08774038461538461 0.22115384615384615
0 0.6838942307692307 0.24519230769230768 0.109375 0.25240384615384615
0 0.6310096153846154 0.45072115384615385 0.09735576923076923 0.08052884615384616
0 0.7103365384615384 0.052884615384615384 0.11298076923076923 0.10576923076923077
0 0.6177884615384616 0.0829326923076923 0.1141826923076923 0.16466346153846154
0 0.5276442307692307 0.11057692307692307 0.09014423076923077 0.22115384615384615
0 0.4723557692307692 0.15865384615384615 0.06009615384615385 0.22596153846153846
0 0.5817307692307693 0.29447115384615385 0.1045673076923077 0.2644230769230769
0 0.8076923076923077 0.7896634615384616 0.10216346153846154 0.1502403846153846
0 0.7079326923076923 0.7920673076923077 0.09975961538461539 0.15264423076923078
0 0.9807692307692307 0.7980769230769231 0.038461538461538464 0.1502403846153846
0 0.9146634615384616 0.8004807692307693 0.09495192307692307 0.15264423076923078
0 0.6021634615384616 0.8028846153846154 0.10216346153846154 0.15504807692307693
0 0.5012019230769231 0.8052884615384616 0.09975961538461539 0.15745192307692307
0 0.8557692307692307 0.9242788461538461 0.09495192307692307 0.1502403846153846
0 0.7596153846153846 0.9254807692307693 0.09735576923076923 0.14783653846153846
0 0.6610576923076923 0.9278846153846154 0.09975961538461539 0.14302884615384615
0 0.9543269230769231 0.9278846153846154 0.09134615384615384 0.13942307692307693
0 0.5564903846153846 0.9350961538461539 0.09975961538461539 0.12860576923076922
0 0.4735576923076923 0.9362980769230769 0.06370192307692307 0.12620192307692307
0 0.8064903846153846 0.5396634615384616 0.1045673076923077 0.09975961538461539
0 0.7019230769230769 0.5384615384615384 0.10216346153846154 0.09735576923076923
0 0.9110576923076923 0.5444711538461539 0.09975961538461539 0.109375
0 0.5985576923076923 0.546875 0.1045673076923077 0.1141826923076923
0 0.9807692307692307 0.546875 0.038461538461538464 0.1141826923076923
0 0.49399038461538464 0.5480769230769231 0.09975961538461539 0.11658653846153846
0 0.65625 0.6550480769230769 0.10216346153846154 0.15745192307692307
0 0.859375 0.6574519230769231 0.09975961538461539 0.15745192307692307
0 0.7584134615384616 0.6574519230769231 0.09975961538461539 0.15745192307692307
0 0.9579326923076923 0.6658653846153846 0.08413461538461539 0.15384615384615385
0 0.5492788461538461 0.6670673076923077 0.1045673076923077 0.15504807692307693
0 0.4699519230769231 0.6682692307692307 0.055288461538461536 0.15745192307692307