0 0.2608173076923077 0.1814903846153846 0.15384615384615385 0.21153846153846154
0 0.8677884615384616 0.5564903846153846 0.057692307692307696 0.06490384615384616
0 0.7620192307692307 0.42788461538461536 0.055288461538461536 0.07211538461538461
0 0.6802884615384616 0.47836538461538464 0.055288461538461536 0.07211538461538461
0 0.8112980769230769 0.5528846153846154 0.055288461538461536 0.07211538461538461
0 0.7331730769230769 0.484375 0.055288461538461536 0.06971153846153846
0 0.6189903846153846 0.40865384615384615 0.021634615384615384 0.07211538461538461
0 0.7872596153846154 0.49038461538461536 0.057692307692307696 0.07211538461538461
0 0.8149038461538461 0.4338942307692308 0.055288461538461536 0.06971153846153846
0 0.7584134615384616 0.5492788461538461 0.055288461538461536 0.07451923076923077
0 0.6730769230769231 0.5757211538461539 0.057692307692307696 0.026442307692307692
0 0.8401442307692307 0.4963942307692308 0.055288461538461536 0.07211538461538461
0 0.6310096153846154 0.47115384615384615 0.04567307692307692 0.07211538461538461
0 0.8942307692307693 0.5024038461538461 0.057692307692307696 0.07211538461538461
0 0.6153846153846154 0.5300480769230769 0.014423076923076924 0.07451923076923077
0 0.7271634615384616 0.5793269230769231 0.055288461538461536 0.019230769230769232
0 0.65625 0.41586538461538464 0.055288461538461536 0.07211538461538461
0 0.6634615384615384 0.29927884615384615 0.055288461538461536 0.06971153846153846
0 0.8425480769230769 0.3786057692307692 0.055288461538461536 0.07211538461538461
0 0.6490384615384616 0.5360576923076923 0.057692307692307696 0.07451923076923077
0 0.9206730769230769 0.44591346153846156 0.055288461538461536 0.06971153846153846
0 0.6225961538461539 0.29447115384615385 0.028846153846153848 0.06971153846153846
0 0.7091346153846154 0.421875 0.055288461538461536 0.07211538461538461
0 0.7379807692307693 0.36658653846153844 0.052884615384615384 0.06971153846153846
0 0.6418269230769231 0.24158653846153846 0.052884615384615384 0.0673076923076923
0 0.8677884615384616 0.43990384615384615 0.055288461538461536 0.07211538461538461
0 0.8954326923076923 0.38461538461538464 0.055288461538461536 0.07211538461538461
0 0.7908653846153846 0.37259615384615385 0.055288461538461536 0.06971153846153846
0 0.6262019230769231 0.5733173076923077 0.036057692307692304 0.03125
0 0.9507211538461539 0.5048076923076923 0.06009615384615385 0.06971153846153846
0 0.9735576923076923 0.4483173076923077 0.052884615384615384 0.06971153846153846
0 0.7668269230769231 0.3125 0.055288461538461536 0.06971153846153846
0 0.9242788461538461 0.5576923076923077 0.06009615384615385 0.0625
0 0.9783653846153846 0.5564903846153846 0.04326923076923077 0.06490384615384616
0 0.6346153846153846 0.35336538461538464 0.052884615384615384 0.07211538461538461
0 0.6923076923076923 0.24759615384615385 0.052884615384615384 0.0673076923076923
0 0.9471153846153846 0.390625 0.055288461538461536 0.06971153846153846
0 0.8701923076923077 0.3245192307692308 0.052884615384615384 0.06971153846153846
0 0.9915865384615384 0.5024038461538461 0.016826923076923076 0.07211538461538461
0 0.7151442307692307 0.3076923076923077 0.052884615384615384 0.0673076923076923
0 0.6862980769230769 0.3605769230769231 0.055288461538461536 0.06971153846153846
0 0.8233173076923077 0.20552884615384615 0.052884615384615384 0.0673076923076923
0 0.9206730769230769 0.33052884615384615 0.052884615384615384 0.06971153846153846
0 0.8461538461538461 0.2644230769230769 0.052884615384615384 0.0673076923076923
0 0.7956730769230769 0.25961538461538464 0.052884615384615384 0.06971153846153846
0 0.8185096153846154 0.31850961538461536 0.055288461538461536 0.06971153846153846
0 0.7043269230769231 0.5420673076923077 0.057692307692307696 0.07451923076923077
0 0.7439903846153846 0.2536057692307692 0.052884615384615384 0.06971153846153846
0 0.7211538461538461 0.19591346153846154 0.052884615384615384 0.0673076923076923
0 0.6706730769230769 0.18990384615384615 0.052884615384615384 0.0673076923076923
0 0.9230769230769231 0.21875 0.052884615384615384 0.0673076923076923
0 0.6262019230769231 0.18269230769230768 0.036057692307692304 0.0673076923076923
0 0.8725961538461539 0.2127403846153846 0.05048076923076923 0.0673076923076923
0 0.8990384615384616 0.16105769230769232 0.05048076923076923 0.06490384615384616
0 0.9867788461538461 0.3918269230769231 0.026442307692307692 0.0673076923076923
0 0.9855769230769231 0.2824519230769231 0.028846153846153848 0.06490384615384616
0 0.7716346153846154 0.20072115384615385 0.052884615384615384 0.0673076923076923
0 0.9471153846153846 0.2776442307692308 0.052884615384615384 0.0673076923076923
0 0.9483173076923077 0.16826923076923078 0.052884615384615384 0.0625
0 0.6490384615384616 0.13341346153846154 0.05048076923076923 0.06490384615384616
0 0.9867788461538461 0.17908653846153846 0.026442307692307692 0.06490384615384616
0 0.6983173076923077 0.13942307692307693 0.05048076923076923 0.06490384615384616
0 0.8485576923076923 0.15504807692307693 0.05048076923076923 0.06490384615384616
0 0.6153846153846154 0.12620192307692307 0.014423076923076924 0.06490384615384616
0 0.9723557692307693 0.33413461538461536 0.055288461538461536 0.0673076923076923
0 0.7992788461538461 0.1502403846153846 0.05048076923076923 0.06490384615384616
0 0.9735576923076923 0.22596153846153846 0.052884615384615384 0.06490384615384616
0 0.7487980769230769 0.14543269230769232 0.05048076923076923 0.06490384615384616
0 0.8966346153846154 0.2704326923076923 0.052884615384615384 0.06971153846153846
0 0.5877403846153846 0.90625 0.040865384615384616 0.14423076923076922
0 0.5288461538461539 0.9074519230769231 0.0673076923076923 0.14423076923076922
0 0.46153846153846156 0.8990384615384616 0.0673076923076923 0.14182692307692307
0 0.39783653846153844 0.8918269230769231 0.07211538461538461 0.14423076923076922
0 0.328125 0.8834134615384616 0.06971153846153846 0.1466346153846154
0 0.25721153846153844 0.8713942307692307 0.07211538461538461 0.14423076923076922
0 0.1814903846153846 0.8677884615384616 0.07211538461538461 0.1466346153846154
0 0.5673076923076923 0.7824519230769231 0.06971153846153846 0.14423076923076922
0 0.5 0.7776442307692307 0.0673076923076923 0.14423076923076922
0 0.4338942307692308 0.7704326923076923 0.06971153846153846 0.13942307692307693
0 0.3605769230769231 0.7596153846153846 0.06971153846153846 0.14423076923076922
0 0.28966346153846156 0.7487980769230769 0.0673076923076923 0.14423076923076922
0 0.21995192307692307 0.7451923076923077 0.06971153846153846 0.14423076923076922
0 0.1466346153846154 0.7391826923076923 0.07211538461538461 0.14423076923076922
0 0.5877403846153846 0.6670673076923077 0.040865384615384616 0.14182692307692307
0 0.5324519230769231 0.6586538461538461 0.0673076923076923 0.13942307692307693
0 0.46153846153846156 0.6538461538461539 0.0673076923076923 0.12980769230769232
0 0.3954326923076923 0.6514423076923077 0.06490384615384616 0.125
0 0.328125 0.6454326923076923 0.06971153846153846 0.11298076923076923
0 0.25240384615384615 0.6418269230769231 0.07211538461538461 0.10576923076923077
0 0.1814903846153846 0.6382211538461539 0.06971153846153846 0.0985576923076923
0 0.109375 0.6358173076923077 0.06971153846153846 0.09375
0 0.5649038461538461 0.9819711538461539 0.0625 0.036057692307692304
0 0.4987980769230769 0.9771634615384616 0.06971153846153846 0.04567307692307692
0 0.42427884615384615 0.9735576923076923 0.06971153846153846 0.052884615384615384
0 0.3581730769230769 0.9699519230769231 0.07211538461538461 0.06009615384615385
0 0.28966346153846156 0.96875 0.06971153846153846 0.0625
0 0.21995192307692307 0.9591346153846154 0.06971153846153846 0.08173076923076923
0 0.7355769230769231 0.8076923076923077 0.03365384615384615 0.04807692307692308
0 0.7043269230769231 0.8064903846153846 0.03365384615384615 0.04807692307692308
0 0.6730769230769231 0.8028846153846154 0.03365384615384615 0.04326923076923077
0 0.6418269230769231 0.8016826923076923 0.03365384615384615 0.04567307692307692
0 0.6165865384615384 0.7992788461538461 0.016826923076923076 0.04567307692307692
0 0.9939903846153846 0.7872596153846154 0.01201923076923077 0.04567307692307692
0 0.9735576923076923 0.7848557692307693 0.03365384615384615 0.04567307692307692
0 0.9411057692307693 0.7836538461538461 0.03365384615384615 0.04567307692307692
0 0.9110576923076923 0.78125 0.03365384615384615 0.04567307692307692
0 0.8798076923076923 0.7788461538461539 0.03365384615384615 0.04567307692307692
0 0.8485576923076923 0.7776442307692307 0.03365384615384615 0.04567307692307692
0 0.8173076923076923 0.7752403846153846 0.03365384615384615 0.04567307692307692
0 0.7860576923076923 0.7728365384615384 0.03365384615384615 0.04567307692307692
0 0.7548076923076923 0.7716346153846154 0.03365384615384615 0.04567307692307692
0 0.7223557692307693 0.7704326923076923 0.03365384615384615 0.04567307692307692
0 0.6911057692307693 0.7680288461538461 0.03365384615384615 0.04567307692307692
0 0.6598557692307693 0.765625 0.03125 0.04567307692307692
0 0.6286057692307693 0.7632211538461539 0.03125 0.04567307692307692
0 0.9867788461538461 0.7475961538461539 0.026442307692307692 0.04326923076923077
0 0.9591346153846154 0.7475961538461539 0.03125 0.04567307692307692
0 0.9278846153846154 0.7463942307692307 0.03365384615384615 0.04326923076923077
0 0.8978365384615384 0.7439903846153846 0.03125 0.04326923076923077
0 0.8665865384615384 0.7415865384615384 0.03365384615384615 0.04326923076923077
0 0.8353365384615384 0.7391826923076923 0.03365384615384615 0.04567307692307692
0 0.8040865384615384 0.7379807692307693 0.03365384615384615 0.04326923076923077
0 0.7740384615384616 0.7355769230769231 0.03365384615384615 0.04326923076923077
0 0.7427884615384616 0.734375 0.03365384615384615 0.04567307692307692
0 0.7103365384615384 0.7331730769230769 0.03365384615384615 0.04326923076923077
0 0.6802884615384616 0.7319711538461539 0.03125 0.04567307692307692
0 0.6478365384615384 0.7295673076923077 0.03365384615384615 0.04567307692307692
0 0.6201923076923077 0.7259615384615384 0.02403846153846154 0.04326923076923077
0 0.9951923076923077 0.7139423076923077 0.009615384615384616 0.04326923076923077
0 0.9759615384615384 0.7127403846153846 0.03365384615384615 0.04326923076923077
0 0.9447115384615384 0.7115384615384616 0.03125 0.04326923076923077
0 0.9146634615384616 0.7091346153846154 0.03365384615384615 0.04326923076923077
0 0.8834134615384616 0.7067307692307693 0.03365384615384615 0.04326923076923077
0 0.8533653846153846 0.7055288461538461 0.03125 0.04567307692307692
0 0.8221153846153846 0.703125 0.03365384615384615 0.04567307692307692
0 0.7920673076923077 0.7019230769230769 0.03365384615384615 0.04326923076923077
0 0.7608173076923077 0.6995192307692307 0.03125 0.04326923076923077
0 0.7295673076923077 0.6983173076923077 0.03365384615384615 0.04567307692307692
0 0.6983173076923077 0.6959134615384616 0.03125 0.04326923076923077
0 0.6682692307692307 0.6947115384615384 0.03365384615384615 0.04326923076923077
0 0.6370192307692307 0.6935096153846154 0.03365384615384615 0.04326923076923077
0 0.6141826923076923 0.6899038461538461 0.01201923076923077 0.04326923076923077
0 0.9879807692307693 0.6778846153846154 0.02403846153846154 0.04326923076923077
0 0.9615384615384616 0.6766826923076923 0.03365384615384615 0.04326923076923077
0 0.9302884615384616 0.6754807692307693 0.03125 0.04326923076923077
0 0.9002403846153846 0.6730769230769231 0.03125 0.04326923076923077
0 0.8701923076923077 0.6706730769230769 0.03125 0.04326923076923077
0 0.8401442307692307 0.6694711538461539 0.03365384615384615 0.04326923076923077
0 0.8088942307692307 0.6670673076923077 0.03125 0.04326923076923077
0 0.7788461538461539 0.6658653846153846 0.03125 0.04326923076923077
0 0.7475961538461539 0.6634615384615384 0.03365384615384615 0.04326923076923077
0 0.7163461538461539 0.6622596153846154 0.03365384615384615 0.04326923076923077
0 0.6862980769230769 0.6598557692307693 0.03365384615384615 0.04326923076923077
0 0.6550480769230769 0.6586538461538461 0.03365384615384615 0.04567307692307692
0 0.6237980769230769 0.65625 0.03125 0.04326923076923077
0 0.9963942307692307 0.6442307692307693 0.007211538461538462 0.04326923076923077
0 0.9771634615384616 0.6430288461538461 0.03365384615384615 0.04326923076923077
0 0.9471153846153846 0.6418269230769231 0.03125 0.04326923076923077
0 0.9170673076923077 0.6394230769230769 0.03125 0.04326923076923077
0 0.8870192307692307 0.6382211538461539 0.03125 0.04326923076923077
0 0.8569711538461539 0.6358173076923077 0.03125 0.04326923076923077
0 0.8269230769230769 0.6334134615384616 0.03125 0.04326923076923077
0 0.7956730769230769 0.6322115384615384 0.028846153846153848 0.040865384615384616
0 0.765625 0.6310096153846154 0.03125 0.04326923076923077
0 0.7355769230769231 0.6286057692307693 0.03125 0.04326923076923077
0 0.7055288461538461 0.6274038461538461 0.03125 0.04326923076923077
0 0.6742788461538461 0.625 0.03365384615384615 0.04326923076923077
0 0.6430288461538461 0.6225961538461539 0.03125 0.04326923076923077
0 0.6177884615384616 0.6201923076923077 0.019230769230769232 0.04326923076923077
0 0.9891826923076923 0.6105769230769231 0.021634615384615384 0.04326923076923077
0 0.9627403846153846 0.6081730769230769 0.03125 0.038461538461538464
0 0.9326923076923077 0.6081730769230769 0.028846153846153848 0.038461538461538464
0 0.9014423076923077 0.6069711538461539 0.028846153846153848 0.036057692307692304
0 0.8737980769230769 0.6057692307692307 0.03125 0.03365384615384615
0 0.8425480769230769 0.6045673076923077 0.03125 0.03125
0 0.8125 0.6045673076923077 0.028846153846153848 0.03125
0 0.7824519230769231 0.6033653846153846 0.03125 0.028846153846153848
0 0.7536057692307693 0.6021634615384616 0.03125 0.026442307692307692
0 0.7211538461538461 0.6009615384615384 0.03365384615384615 0.02403846153846154
0 0.6899038461538461 0.5997596153846154 0.03365384615384615 0.021634615384615384
0 0.6598557692307693 0.5997596153846154 0.03125 0.021634615384615384
0 0.6310096153846154 0.5985576923076923 0.03125 0.019230769230769232
0 0.8449519230769231 0.8509615384615384 0.03365384615384615 0.04567307692307692
0 0.8137019230769231 0.8497596153846154 0.03125 0.04567307692307692
0 0.78125 0.8473557692307693 0.03365384615384615 0.04326923076923077
0 0.75 0.8461538461538461 0.03365384615384615 0.04567307692307692
0 0.7175480769230769 0.84375 0.03125 0.04567307692307692
0 0.6862980769230769 0.8425480769230769 0.03365384615384615 0.04567307692307692
0 0.6538461538461539 0.8401442307692307 0.03365384615384615 0.04807692307692308
0 0.6225961538461539 0.8365384615384616 0.028846153846153848 0.04807692307692308
0 0.9867788461538461 0.8233173076923077 0.026442307692307692 0.04567307692307692
0 0.9567307692307693 0.8209134615384616 0.03125 0.04567307692307692
0 0.9254807692307693 0.8185096153846154 0.03125 0.04567307692307692
0 0.8942307692307693 0.8173076923076923 0.03365384615384615 0.04807692307692308
0 0.8629807692307693 0.8149038461538461 0.03365384615384615 0.04567307692307692
0 0.8317307692307693 0.8125 0.03365384615384615 0.04567307692307692
0 0.7992788461538461 0.8112980769230769 0.03365384615384615 0.04807692307692308
0 0.7668269230769231 0.8100961538461539 0.03365384615384615 0.04567307692307692