0 0.5192307692307693 0.9375 0.04807692307692308 0.125
0 0.43990384615384615 0.9459134615384616 0.10576923076923077 0.10817307692307693
0 0.3449519230769231 0.9375 0.10817307692307693 0.125
0 0.055288461538461536 0.9326923076923077 0.11057692307692307 0.13341346153846154
0 0.17908653846153846 0.9326923076923077 0.11057692307692307 0.13341346153846154
0 0.4831730769230769 0.8161057692307693 0.11899038461538461 0.19230769230769232
0 0.375 0.8100961538461539 0.10576923076923077 0.15625
0 0.1310096153846154 0.8028846153846154 0.10576923076923077 0.15865384615384615
0 0.038461538461538464 0.7920673076923077 0.07572115384615384 0.17427884615384615
0 0.25240384615384615 0.7908653846153846 0.12620192307692307 0.18629807692307693
0 0.3713942307692308 0.6382211538461539 0.12379807692307693 0.18629807692307693
0 0.484375 0.6322115384615384 0.1141826923076923 0.16466346153846154
0 0.13221153846153846 0.6274038461538461 0.12620192307692307 0.18629807692307693
0 0.027644230769230768 0.6153846153846154 0.055288461538461536 0.15865384615384615
0 0.25240384615384615 0.6141826923076923 0.10576923076923077 0.16105769230769232
0 0.052884615384615384 0.45913461538461536 0.10576923076923077 0.16105769230769232
0 0.35096153846153844 0.4567307692307692 0.11057692307692307 0.16105769230769232
0 0.4735576923076923 0.4543269230769231 0.12860576923076922 0.18990384615384615
0 0.18028846153846154 0.44711538461538464 0.12860576923076922 0.19230769230769232
0 0.3449519230769231 0.30408653846153844 0.12860576923076922 0.13341346153846154
0 0.057692307692307696 0.3016826923076923 0.11538461538461539 0.13221153846153846
0 0.18629807692307693 0.2956730769230769 0.11057692307692307 0.11658653846153846
0 0.4699519230769231 0.2920673076923077 0.11658653846153846 0.10817307692307693
0 0.9579326923076923 0.9495192307692307 0.0829326923076923 0.10096153846153846
0 0.7884615384615384 0.8605769230769231 0.12860576923076922 0.19471153846153846
0 0.65625 0.8425480769230769 0.1310096153846154 0.19471153846153846
0 0.9278846153846154 0.8197115384615384 0.12860576923076922 0.19471153846153846
0 0.5745192307692307 0.6862980769230769 0.06370192307692307 0.20192307692307693
0 0.9663461538461539 0.6730769230769231 0.0673076923076923 0.12980769230769232
0 0.8185096153846154 0.6694711538461539 0.12860576923076922 0.19471153846153846
0 0.6730769230769231 0.6454326923076923 0.1310096153846154 0.19230769230769232
0 0.9002403846153846 0.5252403846153846 0.0889423076923077 0.1310096153846154
0 0.59375 0.5240384615384616 0.09375 0.13581730769230768
0 0.9723557692307693 0.5108173076923077 0.055288461538461536 0.18990384615384615
0 0.8016826923076923 0.49038461538461536 0.09134615384615384 0.13581730769230768
0 0.6971153846153846 0.4723557692307692 0.0889423076923077 0.13942307692307693
0 0.8737980769230769 0.39663461538461536 0.0889423076923077 0.13341346153846154
0 0.7632211538461539 0.36538461538461536 0.0889423076923077 0.1310096153846154
0 0.9699519230769231 0.3425480769230769 0.06009615384615385 0.13341346153846154
0 0.6189903846153846 0.3425480769230769 0.13581730769230768 0.2091346153846154
0 0.7103365384615384 0.28365384615384615 0.09615384615384616 0.09375
0 0.9483173076923077 0.265625 0.0889423076923077 0.055288461538461536
0 0.8341346153846154 0.28966346153846156 0.12860576923076922 0.10336538461538461