0 0.45913461538461536 0.4098557692307692 0.10336538461538461 0.15144230769230768
0 0.8449519230769231 0.4170673076923077 0.12980769230769232 0.18870192307692307
0 0.3269230769230769 0.4483173076923077 0.11177884615384616 0.1622596153846154
0 0.6334134615384616 0.5408653846153846 0.1622596153846154 0.234375
0 0.9795673076923077 0.6983173076923077 0.039663461538461536 0.21514423076923078
0 0.8954326923076923 0.7295673076923077 0.14302884615384615 0.21754807692307693
0 0.05048076923076923 0.7379807692307693 0.10096153846153846 0.20432692307692307
0 0.75 0.75 0.1622596153846154 0.23197115384615385
0 0.359375 0.7872596153846154 0.15745192307692307 0.23918269230769232
0 0.5288461538461539 0.8088942307692307 0.16466346153846154 0.2283653846153846
0 0.20793269230769232 0.8858173076923077 0.14903846153846154 0.21754807692307693
0 0.9819711538461539 0.47475961538461536 0.036057692307692304 0.21875