0 0.4050480769230769 0.0829326923076923 0.08052884615384616 0.13701923076923078
0 0.5420673076923077 0.09495192307692307 0.02403846153846154 0.15384615384615385
0 0.3293269230769231 0.0985576923076923 0.07572115384615384 0.14182692307692307
0 0.055288461538461536 0.11057692307692307 0.0985576923076923 0.1346153846153846
0 0.26802884615384615 0.15144230769230768 0.10576923076923077 0.17427884615384615
0 0.45552884615384615 0.1971153846153846 0.0829326923076923 0.12980769230769232
0 0.3641826923076923 0.21033653846153846 0.08052884615384616 0.13942307692307693
0 0.5192307692307693 0.22956730769230768 0.06850961538461539 0.13942307692307693
0 0.31850961538461536 0.27163461538461536 0.0829326923076923 0.13942307692307693
0 0.07091346153846154 0.2776442307692308 0.10817307692307693 0.1814903846153846
0 0.2247596153846154 0.30528846153846156 0.09014423076923077 0.1466346153846154
0 0.009615384615384616 0.32572115384615385 0.019230769230769232 0.18629807692307693
0 0.4651442307692308 0.3545673076923077 0.0829326923076923 0.1466346153846154
0 0.36538461538461536 0.3701923076923077 0.0829326923076923 0.11298076923076923
0 0.17548076923076922 0.375 0.09254807692307693 0.14423076923076922
0 0.5456730769230769 0.39903846153846156 0.016826923076923076 0.1466346153846154
0 0.004807692307692308 0.45072115384615385 0.009615384615384616 0.11298076923076923
0 0.4699519230769231 0.4807692307692308 0.07091346153846154 0.054086538461538464
0 0.16466346153846154 0.4795673076923077 0.10336538461538461 0.056490384615384616
0 0.4074519230769231 0.4807692307692308 0.09254807692307693 0.054086538461538464
0 0.484375 0.016826923076923076 0.0889423076923077 0.03365384615384615
0 0.38461538461538464 0.02283653846153846 0.08653846153846154 0.04567307692307692
0 0.27283653846153844 0.027644230769230768 0.08413461538461539 0.055288461538461536
0 0.04567307692307692 0.042067307692307696 0.09014423076923077 0.0829326923076923
0 0.22716346153846154 0.027644230769230768 0.0889423076923077 0.055288461538461536
0 0.7944711538461539 0.06490384615384616 0.13701923076923078 0.12980769230769232
0 0.9326923076923077 0.06971153846153846 0.1346153846153846 0.13942307692307693
0 0.6730769230769231 0.06009615384615385 0.10096153846153846 0.1201923076923077
0 0.7524038461538461 0.13822115384615385 0.11538461538461539 0.15144230769230768
0 0.8521634615384616 0.23197115384615385 0.12740384615384615 0.15384615384615385
0 0.9627403846153846 0.23317307692307693 0.0733173076923077 0.1622596153846154
0 0.5997596153846154 0.234375 0.09014423076923077 0.1201923076923077
0 0.6959134615384616 0.2824519230769231 0.11057692307692307 0.125
0 0.8149038461538461 0.3004807692307692 0.11057692307692307 0.11778846153846154
0 0.9326923076923077 0.36177884615384615 0.1201923076923077 0.125
0 0.6658653846153846 0.3641826923076923 0.10096153846153846 0.10817307692307693
0 0.4519230769230769 0.7487980769230769 0.203125 0.3942307692307692
0 0.14783653846153846 0.8341346153846154 0.2956730769230769 0.3269230769230769
0 0.4423076923076923 0.9663461538461539 0.22355769230769232 0.06610576923076923