0 0.12620192307692307 0.11177884615384616 0.15625 0.22355769230769232
0 0.03125 0.10697115384615384 0.0625 0.2091346153846154
0 0.27283653846153844 0.10817307692307693 0.14182692307692307 0.20432692307692307
0 0.5540865384615384 0.12259615384615384 0.13701923076923078 0.21153846153846154
0 0.4182692307692308 0.12379807692307693 0.15865384615384615 0.23317307692307693
0 0.7007211538461539 0.125 0.13701923076923078 0.23557692307692307
0 0.12740384615384615 0.3233173076923077 0.14182692307692307 0.21394230769230768
0 0.027644230769230768 0.3293269230769231 0.055288461538461536 0.23557692307692307
0 0.4110576923076923 0.3317307692307692 0.14423076923076922 0.21153846153846154
0 0.2668269230769231 0.3329326923076923 0.15865384615384615 0.24278846153846154
0 0.6947115384615384 0.33774038461538464 0.13701923076923078 0.21634615384615385
0 0.5637019230769231 0.35096153846153844 0.15865384615384615 0.24278846153846154
0 0.028846153846153848 0.49278846153846156 0.057692307692307696 0.12980769230769232
0 0.26802884615384615 0.4963942307692308 0.15144230769230768 0.12259615384615384
0 0.11899038461538461 0.49759615384615385 0.16105769230769232 0.1201923076923077
0 0.5504807692307693 0.5012019230769231 0.14423076923076922 0.11298076923076923
0 0.41466346153846156 0.5060096153846154 0.16105769230769232 0.10336538461538461
0 0.6995192307692307 0.5072115384615384 0.13942307692307693 0.10096153846153846
0 0.20192307692307693 0.5829326923076923 0.12980769230769232 0.05048076923076923
0 0.5204326923076923 0.5889423076923077 0.13221153846153846 0.0625
0 0.07211538461538461 0.6021634615384616 0.12980769230769232 0.0889423076923077
0 0.30528846153846156 0.6213942307692307 0.125 0.12740384615384615
0 0.6213942307692307 0.6189903846153846 0.12740384615384615 0.12259615384615384
0 0.17908653846153846 0.6418269230769231 0.12740384615384615 0.16826923076923078
0 0.49278846153846156 0.6646634615384616 0.12740384615384615 0.1778846153846154
0 0.05889423076923077 0.6778846153846154 0.11778846153846154 0.16826923076923078
0 0.7079326923076923 0.7860576923076923 0.12259615384615384 0.1971153846153846
0 0.37740384615384615 0.8040865384615384 0.13221153846153846 0.19471153846153846
0 0.5829326923076923 0.8389423076923077 0.13221153846153846 0.19471153846153846
0 0.24519230769230768 0.8413461538461539 0.12980769230769232 0.18990384615384615
0 0.11538461538461539 0.875 0.12980769230769232 0.19471153846153846
0 0.3401442307692308 0.9182692307692307 0.12740384615384615 0.16346153846153846
0 0.6754807692307693 0.9350961538461539 0.12740384615384615 0.11778846153846154
0 0.4651442307692308 0.9242788461538461 0.13221153846153846 0.15144230769230768
0 0.21033653846153846 0.9399038461538461 0.12740384615384615 0.1201923076923077
0 0.03125 0.9387019230769231 0.0625 0.12259615384615384
0 0.5685096153846154 0.9627403846153846 0.12740384615384615 0.07451923076923077
0 0.09615384615384616 0.9783653846153846 0.125 0.04326923076923077
0 0.7319711538461539 0.5913461538461539 0.07451923076923077 0.0673076923076923
0 0.9735576923076923 0.6742788461538461 0.036057692307692304 0.08653846153846154
0 0.9399038461538461 0.6814903846153846 0.03125 0.08653846153846154
0 0.9074519230769231 0.6911057692307693 0.03365384615384615 0.08653846153846154
0 0.8713942307692307 0.6983173076923077 0.038461538461538464 0.08653846153846154
0 0.8341346153846154 0.7055288461538461 0.036057692307692304 0.0889423076923077
0 0.7956730769230769 0.7139423076923077 0.038461538461538464 0.0889423076923077
0 0.9891826923076923 0.796875 0.021634615384615384 0.07451923076923077
0 0.9627403846153846 0.8088942307692307 0.03365384615384615 0.08173076923076923
0 0.9314903846153846 0.8185096153846154 0.03365384615384615 0.07932692307692307
0 0.8978365384615384 0.8317307692307693 0.03365384615384615 0.07932692307692307
0 0.8629807692307693 0.8389423076923077 0.03365384615384615 0.08173076923076923
0 0.8293269230769231 0.8521634615384616 0.038461538461538464 0.08413461538461539
0 0.7908653846153846 0.8617788461538461 0.038461538461538464 0.08653846153846154
0 0.9855769230769231 0.9254807692307693 0.028846153846153848 0.06971153846153846
0 0.9555288461538461 0.9399038461538461 0.03125 0.07932692307692307
0 0.9230769230769231 0.9507211538461539 0.03125 0.07451923076923077
0 0.8882211538461539 0.9615384615384616 0.036057692307692304 0.07451923076923077
0 0.8545673076923077 0.9663461538461539 0.036057692307692304 0.0673076923076923
0 0.8197115384615384 0.9723557692307693 0.03365384615384615 0.055288461538461536
0 0.7860576923076923 0.9807692307692307 0.03365384615384615 0.038461538461538464
0 0.9459134615384616 0.5685096153846154 0.036057692307692304 0.021634615384615384
0 0.9098557692307693 0.5697115384615384 0.036057692307692304 0.02403846153846154
0 0.8737980769230769 0.5733173076923077 0.036057692307692304 0.03125
0 0.8377403846153846 0.5757211538461539 0.040865384615384616 0.036057692307692304
0 0.796875 0.5793269230769231 0.040865384615384616 0.04326923076923077
0 0.9939903846153846 0.6646634615384616 0.01201923076923077 0.07932692307692307
0 0.7836538461538461 0.6117788461538461 0.028846153846153848 0.055288461538461536
0 0.8173076923076923 0.6105769230769231 0.040865384615384616 0.055288461538461536
0 0.8521634615384616 0.6045673076923077 0.036057692307692304 0.052884615384615384
0 0.8858173076923077 0.5985576923076923 0.038461538461538464 0.05048076923076923
0 0.9206730769230769 0.5913461538461539 0.038461538461538464 0.04807692307692308
0 0.9519230769230769 0.5853365384615384 0.03365384615384615 0.052884615384615384
0 0.9831730769230769 0.5829326923076923 0.03365384615384615 0.05048076923076923