0 0.10336538461538461 0.02403846153846154 0.20552884615384615 0.04807692307692308
0 0.32572115384615385 0.019230769230769232 0.21033653846153846 0.038461538461538464
0 0.45552884615384615 0.17307692307692307 0.21033653846153846 0.3173076923076923
0 0.20432692307692307 0.17427884615384615 0.21033653846153846 0.3125
0 0.042067307692307696 0.17307692307692307 0.08413461538461539 0.3401442307692308
0 0.31850961538461536 0.40024038461538464 0.21033653846153846 0.18028846153846154
0 0.09254807692307693 0.40024038461538464 0.18509615384615385 0.18028846153846154
0 0.8665865384615384 0.3161057692307692 0.1622596153846154 0.22355769230769232
0 0.24639423076923078 0.8161057692307693 0.06370192307692307 0.14423076923076922
0 0.07091346153846154 0.8317307692307693 0.06370192307692307 0.1502403846153846
0 0.19591346153846154 0.8389423076923077 0.09134615384615384 0.1622596153846154
0 0.028846153846153848 0.84375 0.057692307692307696 0.16826923076923078
0 0.5168269230769231 0.8617788461538461 0.05048076923076923 0.08413461538461539
0 0.5612980769230769 0.8653846153846154 0.015625 0.08173076923076923
0 0.4831730769230769 0.9362980769230769 0.052884615384615384 0.08413461538461539
0 0.5444711538461539 0.9411057692307693 0.04807692307692308 0.08413461538461539
0 0.3233173076923077 0.9387019230769231 0.1045673076923077 0.12139423076923077
0 0.20192307692307693 0.9519230769230769 0.06850961538461539 0.09615384615384616
0 0.027644230769230768 0.9555288461538461 0.055288461538461536 0.0889423076923077
0 0.13822115384615385 0.9519230769230769 0.0985576923076923 0.09615384615384616
0 0.5084134615384616 0.9831730769230769 0.052884615384615384 0.03245192307692308
0 0.5480769230769231 0.5396634615384616 0.040865384615384616 0.0985576923076923
0 0.4951923076923077 0.5420673076923077 0.06370192307692307 0.10096153846153846
0 0.18629807692307693 0.5637019230769231 0.0985576923076923 0.1466346153846154
0 0.0625 0.5588942307692307 0.06370192307692307 0.13701923076923078
0 0.025240384615384616 0.5685096153846154 0.05048076923076923 0.15745192307692307
0 0.5288461538461539 0.6334134615384616 0.06370192307692307 0.1045673076923077
0 0.3233173076923077 0.6911057692307693 0.0985576923076923 0.16947115384615385
0 0.13581730769230768 0.703125 0.10096153846153846 0.16466346153846154
0 0.5492788461538461 0.7295673076923077 0.038461538461538464 0.1045673076923077
0 0.4951923076923077 0.7295673076923077 0.06370192307692307 0.10697115384615384
0 0.24158653846153846 0.5576923076923077 0.055288461538461536 0.1346153846153846
0 0.19951923076923078 0.6911057692307693 0.05048076923076923 0.1346153846153846
0 0.6598557692307693 0.5420673076923077 0.11177884615384616 0.1045673076923077
0 0.7728365384615384 0.5456730769230769 0.11899038461538461 0.11177884615384616
0 0.8918269230769231 0.5480769230769231 0.1141826923076923 0.11658653846153846
0 0.9747596153846154 0.5492788461538461 0.05048076923076923 0.11899038461538461
0 0.6141826923076923 0.6490384615384616 0.09134615384615384 0.15985576923076922
0 0.71875 0.6550480769230769 0.11177884615384616 0.15985576923076922
0 0.8329326923076923 0.6610576923076923 0.1141826923076923 0.1622596153846154
0 0.9447115384615384 0.6634615384615384 0.11057692307692307 0.16346153846153846
0 0.5817307692307693 0.7884615384615384 0.025240384615384616 0.16466346153846154
0 0.7752403846153846 0.7932692307692307 0.11177884615384616 0.15264423076923078
0 0.6538461538461539 0.7944711538461539 0.1141826923076923 0.15745192307692307
0 0.9747596153846154 0.8016826923076923 0.05048076923076923 0.15745192307692307
0 0.8882211538461539 0.8052884615384616 0.11658653846153846 0.1622596153846154
0 0.6057692307692307 0.9290865384615384 0.0733173076923077 0.14182692307692307
0 0.703125 0.9302884615384616 0.12139423076923077 0.13942307692307693
0 0.8245192307692307 0.9290865384615384 0.11658653846153846 0.14182692307692307
0 0.9423076923076923 0.9350961538461539 0.1141826923076923 0.12980769230769232