0 0.08413461538461539 0.35096153846153844 0.11538461538461539 0.17908653846153846
0 0.16706730769230768 0.17668269230769232 0.16826923076923078 0.2548076923076923
0 0.040865384615384616 0.171875 0.08173076923076923 0.2548076923076923
0 0.9807692307692307 0.38221153846153844 0.038461538461538464 0.14903846153846154
0 0.890625 0.38341346153846156 0.13942307692307693 0.1502403846153846
0 0.7512019230769231 0.38100961538461536 0.13942307692307693 0.15264423076923078
0 0.6117788461538461 0.3798076923076923 0.13942307692307693 0.15504807692307693
0 0.5132211538461539 0.3786057692307692 0.052884615384615384 0.15745192307692307
0 0.8233173076923077 0.22716346153846154 0.13942307692307693 0.2127403846153846
0 0.9471153846153846 0.22716346153846154 0.10576923076923077 0.20793269230769232
0 0.5492788461538461 0.22235576923076922 0.12379807692307693 0.2127403846153846
0 0.6838942307692307 0.22235576923076922 0.13701923076923078 0.21033653846153846
0 0.8918269230769231 0.0733173076923077 0.13942307692307693 0.1466346153846154
0 0.7536057692307693 0.07211538461538461 0.13942307692307693 0.14423076923076922
0 0.6117788461538461 0.07211538461538461 0.13942307692307693 0.14423076923076922
0 0.5132211538461539 0.07091346153846154 0.052884615384615384 0.14182692307692307
0 0.8557692307692307 0.8858173076923077 0.18389423076923078 0.2283653846153846
0 0.6670673076923077 0.8810096153846154 0.19230769230769232 0.23677884615384615
0 0.5300480769230769 0.8822115384615384 0.0889423076923077 0.23557692307692307
0 0.9711538461538461 0.8786057692307693 0.057692307692307696 0.24158653846153846
0 0.7776442307692307 0.5889423076923077 0.18629807692307693 0.26322115384615385
0 0.5949519230769231 0.5853365384615384 0.18389423076923078 0.2548076923076923
0 0.9350961538461539 0.5793269230769231 0.12860576923076922 0.24158653846153846