0 0.31490384615384615 0.22956730769230768 0.11298076923076923 0.17067307692307693
0 0.14543269230769232 0.22956730769230768 0.11057692307692307 0.17067307692307693
0 0.07211538461538461 0.09134615384615384 0.14423076923076922 0.18269230769230768
0 0.2283653846153846 0.09014423076923077 0.16346153846153846 0.18028846153846154
0 0.3858173076923077 0.08774038461538461 0.14783653846153846 0.17548076923076922
0 0.6634615384615384 0.3762019230769231 0.4074519230769231 0.34375
0 0.3762019230769231 0.8329326923076923 0.16826923076923078 0.15384615384615385
0 0.171875 0.8245192307692307 0.2512019230769231 0.2091346153846154
0 0.030048076923076924 0.8209134615384616 0.06009615384615385 0.15384615384615385
0 0.19831730769230768 0.6598557692307693 0.18629807692307693 0.1502403846153846
0 0.36899038461538464 0.6574519230769231 0.1814903846153846 0.19831730769230768
0 0.054086538461538464 0.6466346153846154 0.10817307692307693 0.19831730769230768
0 0.1658653846153846 0.9591346153846154 0.19230769230769232 0.08173076923076923
0 0.35336538461538464 0.9495192307692307 0.21394230769230768 0.10096153846153846
0 0.036057692307692304 0.9435096153846154 0.07211538461538461 0.11298076923076923
0 0.5673076923076923 0.6622596153846154 0.10576923076923077 0.15384615384615385
0 0.5 0.8028846153846154 0.08052884615384616 0.14302884615384615
0 0.6418269230769231 0.5673076923076923 0.0985576923076923 0.039663461538461536
0 0.49278846153846156 0.6586538461538461 0.06490384615384616 0.14543269230769232
0 0.5504807692307693 0.5685096153846154 0.10576923076923077 0.04326923076923077
0 0.9723557692307693 0.6117788461538461 0.055288461538461536 0.12860576923076922
0 0.8942307692307693 0.6141826923076923 0.11057692307692307 0.13341346153846154
0 0.7944711538461539 0.6153846153846154 0.10096153846153846 0.13581730769230768