0 0.31490384615384615 0.23076923076923078 0.11899038461538461 0.17908653846153846
0 0.13701923076923078 0.23076923076923078 0.11538461538461539 0.17908653846153846
0 0.06850961538461539 0.09134615384615384 0.13701923076923078 0.1814903846153846
0 0.2247596153846154 0.0889423076923077 0.17067307692307693 0.1778846153846154
0 0.3870192307692308 0.08653846153846154 0.15384615384615385 0.17307692307692307
0 0.6790865384615384 0.38341346153846156 0.4266826923076923 0.3605769230769231
0 0.37740384615384615 0.8617788461538461 0.17668269230769232 0.16105769230769232
0 0.16466346153846154 0.8521634615384616 0.26322115384615385 0.21875
0 0.02403846153846154 0.8485576923076923 0.046875 0.16105769230769232
0 0.19230769230769232 0.6802884615384616 0.19471153846153846 0.15745192307692307
0 0.3713942307692308 0.6778846153846154 0.18990384615384615 0.20793269230769232
0 0.04927884615384615 0.6670673076923077 0.09735576923076923 0.20793269230769232
0 0.15865384615384615 0.9759615384615384 0.203125 0.046875
0 0.35216346153846156 0.9651442307692307 0.22355769230769232 0.06971153846153846
0 0.030048076923076924 0.9591346153846154 0.06009615384615385 0.08173076923076923
0 0.5793269230769231 0.6826923076923077 0.11057692307692307 0.16105769230769232
0 0.5084134615384616 0.8305288461538461 0.08413461538461539 0.1502403846153846
0 0.65625 0.5841346153846154 0.10216346153846154 0.042067307692307696
0 0.5 0.6790865384615384 0.06850961538461539 0.15264423076923078
0 0.5600961538461539 0.5853365384615384 0.11057692307692307 0.04447115384615385
0 0.9867788461538461 0.6298076923076923 0.026442307692307692 0.1346153846153846
0 0.9206730769230769 0.6334134615384616 0.11538461538461539 0.13942307692307693
0 0.8161057692307693 0.6346153846153846 0.10576923076923077 0.14182692307692307