0 0.4987980769230769 0.28966346153846156 0.1875 0.5793269230769231
0 0.18509615384615385 0.24759615384615385 0.36899038461538464 0.4951923076923077
0 0.7728365384615384 0.28846153846153844 0.22596153846153846 0.3485576923076923
0 0.9483173076923077 0.2704326923076923 0.10216346153846154 0.30528846153846156
0 0.9747596153846154 0.0673076923076923 0.05048076923076923 0.1346153846153846
0 0.6682692307692307 0.0889423076923077 0.15144230769230768 0.17668269230769232
0 0.8617788461538461 0.0625 0.22355769230769232 0.125
0 0.6802884615384616 0.5588942307692307 0.17668269230769232 0.21514423076923078
0 0.039663461538461536 0.9254807692307693 0.06129807692307692 0.08173076923076923
0 0.5252403846153846 0.71875 0.05889423076923077 0.07451923076923077
0 0.38822115384615385 0.921875 0.06129807692307692 0.08173076923076923
0 0.004807692307692308 0.9375 0.009615384615384616 0.08173076923076923
0 0.5733173076923077 0.7163461538461539 0.038461538461538464 0.07451923076923077
0 0.010817307692307692 0.7908653846153846 0.020432692307692308 0.07932692307692307
0 0.1875 0.8545673076923077 0.05889423076923077 0.07932692307692307
0 0.06370192307692307 0.9771634615384616 0.06129807692307692 0.04567307692307692
0 0.46875 0.7199519230769231 0.05889423076923077 0.07451923076923077
0 0.33052884615384615 0.921875 0.05889423076923077 0.08173076923076923
0 0.5757211538461539 0.8497596153846154 0.03365384615384615 0.07932692307692307
0 0.18028846153846154 0.9747596153846154 0.0625 0.05048076923076923
0 0.24158653846153846 0.9747596153846154 0.06009615384615385 0.05048076923076923
0 0.24639423076923078 0.7235576923076923 0.056490384615384616 0.07451923076923077
0 0.5516826923076923 0.6790865384615384 0.06129807692307692 0.025240384615384616
0 0.5588942307692307 0.7836538461538461 0.06129807692307692 0.07692307692307693
0 0.41225961538461536 0.7199519230769231 0.05889423076923077 0.07451923076923077
0 0.12980769230769232 0.8545673076923077 0.05889423076923077 0.08173076923076923
0 0.27163461538461536 0.9230769230769231 0.05889423076923077 0.08413461538461539
0 0.12139423076923077 0.9747596153846154 0.06009615384615385 0.05048076923076923
0 0.21394230769230768 0.9242788461538461 0.06129807692307692 0.08413461538461539
0 0.3581730769230769 0.9747596153846154 0.0625 0.05048076923076923
0 0.19110576923076922 0.7247596153846154 0.05889423076923077 0.07692307692307693
0 0.15504807692307693 0.9242788461538461 0.06129807692307692 0.08173076923076923
0 0.27403846153846156 0.6814903846153846 0.056490384615384616 0.03125
0 0.3016826923076923 0.7235576923076923 0.056490384615384616 0.07451923076923077
0 0.29927884615384615 0.9747596153846154 0.06009615384615385 0.05048076923076923
0 0.0733173076923077 0.8569711538461539 0.05889423076923077 0.07932692307692307
0 0.49399038461538464 0.6790865384615384 0.05889423076923077 0.025240384615384616
0 0.44711538461538464 0.9206730769230769 0.05889423076923077 0.08173076923076923
0 0.21634615384615385 0.7884615384615384 0.05889423076923077 0.07692307692307693
0 0.27283653846153844 0.7872596153846154 0.05889423076923077 0.07692307692307693
0 0.1346153846153846 0.7247596153846154 0.05889423076923077 0.07692307692307693
0 0.35697115384615385 0.7223557692307693 0.05889423076923077 0.07451923076923077
0 0.5625 0.9182692307692307 0.05889423076923077 0.08173076923076923
0 0.47475961538461536 0.8497596153846154 0.06129807692307692 0.07932692307692307
0 0.5336538461538461 0.8497596153846154 0.06129807692307692 0.07932692307692307
0 0.328125 0.6814903846153846 0.056490384615384616 0.03125
0 0.5060096153846154 0.9194711538461539 0.06129807692307692 0.08413461538461539
0 0.4375 0.6802884615384616 0.05889423076923077 0.027644230769230768
0 0.018028846153846152 0.9819711538461539 0.036057692307692304 0.036057692307692304
0 0.38221153846153844 0.6802884615384616 0.056490384615384616 0.027644230769230768
0 0.41947115384615385 0.9747596153846154 0.06009615384615385 0.05048076923076923
0 0.07932692307692307 0.7259615384615384 0.05889423076923077 0.07692307692307693
0 0.41586538461538464 0.8509615384615384 0.05889423076923077 0.07932692307692307
0 0.4423076923076923 0.7848557692307693 0.05889423076923077 0.07932692307692307
0 0.1045673076923077 0.7896634615384616 0.05889423076923077 0.07692307692307693
0 0.5 0.7836538461538461 0.05889423076923077 0.07692307692307693
0 0.15985576923076922 0.7884615384615384 0.056490384615384616 0.07692307692307693
0 0.3293269230769231 0.7872596153846154 0.05889423076923077 0.07692307692307693
0 0.3858173076923077 0.7860576923076923 0.05889423076923077 0.07692307692307693
0 0.09735576923076923 0.9254807692307693 0.05889423076923077 0.08173076923076923
0 0.16466346153846154 0.6814903846153846 0.056490384615384616 0.03125
0 0.5793269230769231 0.9723557692307693 0.02403846153846154 0.055288461538461536
0 0.359375 0.8521634615384616 0.05889423076923077 0.07932692307692307
0 0.47716346153846156 0.9735576923076923 0.06490384615384616 0.052884615384615384
0 0.109375 0.6838942307692307 0.05889423076923077 0.03365384615384615
0 0.5384615384615384 0.9723557692307693 0.0625 0.055288461538461536
0 0.046875 0.7896634615384616 0.05889423076923077 0.07932692307692307
0 0.025240384615384616 0.7247596153846154 0.05048076923076923 0.07451923076923077
0 0.014423076923076924 0.6838942307692307 0.027644230769230768 0.03365384615384615
0 0.21995192307692307 0.6814903846153846 0.056490384615384616 0.03125
0 0.054086538461538464 0.6814903846153846 0.056490384615384616 0.03125
0 0.3016826923076923 0.8533653846153846 0.05889423076923077 0.07932692307692307
0 0.021634615384615384 0.8569711538461539 0.04326923076923077 0.08173076923076923
0 0.2439903846153846 0.8533653846153846 0.05889423076923077 0.07932692307692307
0 0.8665865384615384 0.7475961538461539 0.22596153846153846 0.16105769230769232
0 0.7295673076923077 0.9086538461538461 0.2692307692307692 0.1814903846153846