0 0.0625 0.171875 0.12379807692307693 0.3425480769230769
0 0.2860576923076923 0.15745192307692307 0.1502403846153846 0.31490384615384615
0 0.4182692307692308 0.13581730769230768 0.17307692307692307 0.27163461538461536
0 0.703125 0.31009615384615385 0.14182692307692307 0.12139423076923077
0 0.8990384615384616 0.28125 0.13221153846153846 0.1778846153846154
0 0.9759615384615384 0.27283653846153844 0.04807692307692308 0.19591346153846154
0 0.5697115384615384 0.04927884615384615 0.12980769230769232 0.0985576923076923
0 0.18990384615384615 0.7752403846153846 0.3798076923076923 0.4495192307692308
0 0.3641826923076923 0.5204326923076923 0.28125 0.29927884615384615
0 0.014423076923076924 0.5288461538461539 0.027644230769230768 0.3173076923076923
0 0.5288461538461539 0.6370192307692307 0.04807692307692308 0.22355769230769232