0 0.29447115384615385 0.018028846153846152 0.0889423076923077 0.03485576923076923
0 0.14182692307692307 0.028846153846153848 0.08533653846153846 0.057692307692307696
0 0.039663461538461536 0.03365384615384615 0.07932692307692307 0.0673076923076923
0 0.375 0.04447115384615385 0.0889423076923077 0.0889423076923077
0 0.22355769230769232 0.054086538461538464 0.0889423076923077 0.10817307692307693
0 0.4495192307692308 0.07572115384615384 0.07572115384615384 0.1310096153846154
0 0.30288461538461536 0.09975961538461539 0.0889423076923077 0.12860576923076922
0 0.14423076923076922 0.125 0.0889423076923077 0.1310096153846154
0 0.042067307692307696 0.15384615384615385 0.0829326923076923 0.13581730769230768
0 0.3942307692307692 0.16826923076923078 0.0889423076923077 0.1310096153846154
0 0.22956730769230768 0.17307692307692307 0.08533653846153846 0.12860576923076922
0 0.003605769230769231 0.20552884615384615 0.007211538461538462 0.12860576923076922
0 0.31490384615384615 0.23076923076923078 0.08533653846153846 0.12860576923076922
0 0.4579326923076923 0.234375 0.057692307692307696 0.1310096153846154
0 0.15264423076923078 0.25721153846153844 0.0889423076923077 0.13341346153846154
0 0.39903846153846156 0.30288461538461536 0.0889423076923077 0.1310096153846154
0 0.23677884615384615 0.30408653846153844 0.0889423076923077 0.1310096153846154
0 0.025240384615384616 0.31850961538461536 0.05048076923076923 0.13581730769230768
0 0.3233173076923077 0.36538461538461536 0.0889423076923077 0.13341346153846154
0 0.0733173076923077 0.39663461538461536 0.09134615384615384 0.13341346153846154
0 0.004807692307692308 0.43149038461538464 0.009615384615384616 0.1310096153846154
0 0.2283653846153846 0.4411057692307692 0.0889423076923077 0.13341346153846154
0 0.13942307692307693 0.47716346153846156 0.09134615384615384 0.11658653846153846
0 0.052884615384615384 0.49759615384615385 0.09134615384615384 0.07572115384615384
0 0.28846153846153844 0.5 0.09134615384615384 0.07091346153846154
0 0.20673076923076922 0.5192307692307693 0.09134615384615384 0.03245192307692308
0 0.7211538461538461 0.03365384615384615 0.052884615384615384 0.0673076923076923
0 0.7487980769230769 0.09254807692307693 0.052884615384615384 0.06850961538461539
0 0.6971153846153846 0.09495192307692307 0.052884615384615384 0.07091346153846154
0 0.8257211538461539 0.03125 0.055288461538461536 0.0625
0 0.8786057692307693 0.030048076923076924 0.055288461538461536 0.06009615384615385
0 0.6730769230769231 0.15264423076923078 0.052884615384615384 0.06850961538461539
0 0.8521634615384616 0.08653846153846154 0.055288461538461536 0.07091346153846154
0 0.5913461538461539 0.007211538461538462 0.052884615384615384 0.014423076923076924
0 0.6201923076923077 0.039663461538461536 0.052884615384615384 0.07091346153846154
0 0.5408653846153846 0.008413461538461538 0.052884615384615384 0.016826923076923076
0 0.9891826923076923 0.07692307692307693 0.021634615384615384 0.07211538461538461
0 0.7740384615384616 0.14903846153846154 0.052884615384615384 0.06850961538461539
0 0.7740384615384616 0.03245192307692308 0.052884615384615384 0.06490384615384616
0 0.5697115384615384 0.042067307692307696 0.052884615384615384 0.06850961538461539
0 0.5961538461538461 0.0985576923076923 0.052884615384615384 0.07091346153846154
0 0.5192307692307693 0.04326923076923077 0.052884615384615384 0.07091346153846154
0 0.9783653846153846 0.027644230769230768 0.04326923076923077 0.055288461538461536
0 0.6706730769230769 0.036057692307692304 0.052884615384615384 0.07091346153846154
0 0.7235576923076923 0.1502403846153846 0.052884615384615384 0.06850961538461539
0 0.8004807692307693 0.09014423076923077 0.055288461538461536 0.07091346153846154
0 0.9050480769230769 0.08413461538461539 0.055288461538461536 0.07091346153846154
0 0.9302884615384616 0.028846153846153848 0.052884615384615384 0.057692307692307696
0 0.8004807692307693 0.20432692307692307 0.052884615384615384 0.06850961538461539
0 0.6490384615384616 0.2091346153846154 0.05048076923076923 0.06850961538461539
0 0.9567307692307693 0.08173076923076923 0.055288461538461536 0.07091346153846154
0 0.9290865384615384 0.14182692307692307 0.052884615384615384 0.07091346153846154
0 0.75 0.20552884615384615 0.052884615384615384 0.06850961538461539
0 0.9026442307692307 0.20072115384615385 0.052884615384615384 0.06850961538461539
0 0.6995192307692307 0.20793269230769232 0.052884615384615384 0.06850961538461539
0 0.5504807692307693 0.21394230769230768 0.05048076923076923 0.06850961538461539
0 0.8774038461538461 0.14423076923076922 0.055288461538461536 0.06850961538461539
0 0.75 0.3173076923076923 0.05048076923076923 0.06610576923076923
0 0.7752403846153846 0.25961538461538464 0.052884615384615384 0.06850961538461539
0 0.5997596153846154 0.21153846153846154 0.05048076923076923 0.06850961538461539
0 0.546875 0.10096153846153846 0.052884615384615384 0.07091346153846154
0 0.6466346153846154 0.09735576923076923 0.052884615384615384 0.07091346153846154
0 0.6754807692307693 0.2644230769230769 0.05048076923076923 0.06610576923076923
0 0.6262019230769231 0.2668269230769231 0.05048076923076923 0.06610576923076923
0 0.8509615384615384 0.20192307692307693 0.052884615384615384 0.06850961538461539
0 0.5036057692307693 0.10096153846153846 0.03245192307692308 0.07091346153846154
0 0.49399038461538464 0.15985576923076922 0.013221153846153846 0.06850961538461539
0 0.9759615384615384 0.13942307692307693 0.04807692307692308 0.07091346153846154
0 0.5240384615384616 0.15865384615384615 0.052884615384615384 0.06850961538461539
0 0.7271634615384616 0.3701923076923077 0.05048076923076923 0.06370192307692307
0 0.5288461538461539 0.2692307692307692 0.05048076923076923 0.06610576923076923
0 0.5769230769230769 0.26802884615384615 0.05048076923076923 0.06850961538461539
0 0.8004807692307693 0.31490384615384615 0.052884615384615384 0.06610576923076923
0 0.953125 0.19831730769230768 0.052884615384615384 0.07091346153846154
0 0.8257211538461539 0.25841346153846156 0.052884615384615384 0.06850961538461539
0 0.4963942307692308 0.2704326923076923 0.018028846153846152 0.06610576923076923
0 0.9495192307692307 0.3088942307692308 0.052884615384615384 0.06610576923076923
0 0.9747596153846154 0.2536057692307692 0.05048076923076923 0.06850961538461539
0 0.5805288461538461 0.375 0.05048076923076923 0.06610576923076923
0 0.6526442307692307 0.31971153846153844 0.05048076923076923 0.06370192307692307
0 0.5733173076923077 0.15745192307692307 0.052884615384615384 0.06850961538461539
0 0.9855769230769231 0.3076923076923077 0.027644230769230768 0.06610576923076923
0 0.7752403846153846 0.36899038461538464 0.05048076923076923 0.06610576923076923
0 0.8497596153846154 0.3137019230769231 0.052884615384615384 0.06370192307692307
0 0.5552884615384616 0.3233173076923077 0.05048076923076923 0.06370192307692307
0 0.6237980769230769 0.15504807692307693 0.052884615384615384 0.06850961538461539
0 0.984375 0.41586538461538464 0.030048076923076924 0.06370192307692307
0 0.6286057692307693 0.3737980769230769 0.05048076923076923 0.06370192307692307
0 0.7512019230769231 0.4230769230769231 0.05048076923076923 0.06370192307692307
0 0.5324519230769231 0.37740384615384615 0.05048076923076923 0.06610576923076923
0 0.5084134615384616 0.3233173076923077 0.04326923076923077 0.06610576923076923
0 0.8245192307692307 0.36778846153846156 0.05048076923076923 0.06370192307692307
0 0.6550480769230769 0.5168269230769231 0.04807692307692308 0.038461538461538464
0 0.8990384615384616 0.31009615384615385 0.052884615384615384 0.06610576923076923
0 0.8737980769230769 0.36538461538461536 0.05048076923076923 0.06370192307692307
0 0.9711538461538461 0.46875 0.052884615384615384 0.06370192307692307
0 0.8004807692307693 0.421875 0.05048076923076923 0.06370192307692307
0 0.6550480769230769 0.4254807692307692 0.05048076923076923 0.06610576923076923
0 0.9230769230769231 0.36538461538461536 0.052884615384615384 0.06370192307692307
0 0.609375 0.5168269230769231 0.04807692307692308 0.038461538461538464
0 0.6778846153846154 0.37259615384615385 0.05048076923076923 0.06370192307692307
0 0.703125 0.42427884615384615 0.05048076923076923 0.06610576923076923
0 0.9723557692307693 0.36177884615384615 0.052884615384615384 0.06610576923076923
0 0.7283653846153846 0.47596153846153844 0.05048076923076923 0.06370192307692307
0 0.9447115384615384 0.5108173076923077 0.05048076923076923 0.04807692307692308
0 0.6069711538461539 0.4266826923076923 0.05048076923076923 0.06610576923076923
0 0.5588942307692307 0.42908653846153844 0.05048076923076923 0.06610576923076923
0 0.9879807692307693 0.1935096153846154 0.02403846153846154 0.06971153846153846
0 0.6802884615384616 0.47716346153846156 0.05048076923076923 0.06610576923076923
0 0.5072115384615384 0.21514423076923078 0.040865384615384616 0.06610576923076923
0 0.7764423076923077 0.47475961538461536 0.05048076923076923 0.06370192307692307
0 0.5096153846153846 0.42908653846153844 0.04567307692307692 0.06610576923076923
0 0.921875 0.47115384615384615 0.05048076923076923 0.06370192307692307
0 0.8725961538461539 0.4723557692307692 0.05048076923076923 0.06370192307692307
0 0.7992788461538461 0.5144230769230769 0.04807692307692308 0.04326923076923077
0 0.8473557692307693 0.5144230769230769 0.04807692307692308 0.04326923076923077
0 0.6322115384615384 0.47836538461538464 0.04807692307692308 0.06610576923076923
0 0.8978365384615384 0.4182692307692308 0.05048076923076923 0.06610576923076923
0 0.7512019230769231 0.515625 0.04807692307692308 0.040865384615384616
0 0.8954326923076923 0.5144230769230769 0.04807692307692308 0.04326923076923077
0 0.8245192307692307 0.4735576923076923 0.05048076923076923 0.06370192307692307
0 0.984375 0.5108173076923077 0.030048076923076924 0.04807692307692308
0 0.5 0.48197115384615385 0.025240384615384616 0.06009615384615385
0 0.5612980769230769 0.5180288461538461 0.04807692307692308 0.03485576923076923
0 0.5144230769230769 0.5180288461538461 0.04807692307692308 0.03485576923076923
0 0.7247596153846154 0.26322115384615385 0.05048076923076923 0.06850961538461539
0 0.8485576923076923 0.4206730769230769 0.05048076923076923 0.06610576923076923
0 0.8257211538461539 0.1466346153846154 0.052884615384615384 0.06850961538461539
0 0.5360576923076923 0.4807692307692308 0.04807692307692308 0.06370192307692307
0 0.8762019230769231 0.25721153846153844 0.052884615384615384 0.06850961538461539
0 0.7007211538461539 0.31850961538461536 0.05048076923076923 0.06610576923076923
0 0.703125 0.515625 0.04807692307692308 0.040865384615384616
0 0.5841346153846154 0.4807692307692308 0.05048076923076923 0.06009615384615385
0 0.9266826923076923 0.25600961538461536 0.052884615384615384 0.06850961538461539
0 0.9471153846153846 0.4170673076923077 0.05048076923076923 0.06370192307692307
0 0.6033653846153846 0.32091346153846156 0.05048076923076923 0.06370192307692307
0 0.4987980769230769 0.37740384615384615 0.02283653846153846 0.06370192307692307
0 0.44591346153846156 0.6694711538461539 0.0829326923076923 0.26802884615384615
0 0.28365384615384615 0.7512019230769231 0.23677884615384615 0.36658653846153844
0 0.09134615384615384 0.90625 0.16105769230769232 0.18629807692307693
0 0.5997596153846154 0.5805288461538461 0.030048076923076924 0.052884615384615384
0 0.5060096153846154 0.5805288461538461 0.030048076923076924 0.052884615384615384
0 0.8161057692307693 0.9951923076923077 0.030048076923076924 0.009615384615384616
0 0.8762019230769231 0.9951923076923077 0.030048076923076924 0.009615384615384616
0 0.9350961538461539 0.9951923076923077 0.03245192307692308 0.009615384615384616
0 0.6286057692307693 0.5817307692307693 0.030048076923076924 0.05048076923076923
0 0.6598557692307693 0.5817307692307693 0.03245192307692308 0.05048076923076923
0 0.8173076923076923 0.5817307692307693 0.03245192307692308 0.05048076923076923
0 0.7848557692307693 0.5817307692307693 0.03245192307692308 0.05048076923076923
0 0.8786057692307693 0.5817307692307693 0.030048076923076924 0.052884615384615384
0 0.5360576923076923 0.5817307692307693 0.03245192307692308 0.05048076923076923
0 0.6911057692307693 0.5817307692307693 0.03245192307692308 0.05048076923076923
0 0.8485576923076923 0.5817307692307693 0.03245192307692308 0.05048076923076923
0 0.9411057692307693 0.5829326923076923 0.030048076923076924 0.05048076923076923
0 0.9098557692307693 0.5829326923076923 0.03485576923076923 0.052884615384615384
0 0.5685096153846154 0.5829326923076923 0.030048076923076924 0.05048076923076923
0 0.7536057692307693 0.5829326923076923 0.03245192307692308 0.05048076923076923
0 0.7235576923076923 0.5829326923076923 0.03245192307692308 0.05048076923076923
0 0.9711538461538461 0.5841346153846154 0.03245192307692308 0.05048076923076923
0 0.9915865384615384 0.5841346153846154 0.016826923076923076 0.04807692307692308
0 0.6153846153846154 0.6225961538461539 0.030048076923076924 0.052884615384615384
0 0.4963942307692308 0.6213942307692307 0.018028846153846152 0.05048076923076923
0 0.6754807692307693 0.6237980769230769 0.03245192307692308 0.05048076923076923
0 0.6454326923076923 0.6237980769230769 0.03245192307692308 0.052884615384615384
0 0.5841346153846154 0.6237980769230769 0.030048076923076924 0.052884615384615384
0 0.5528846153846154 0.6237980769230769 0.03245192307692308 0.052884615384615384
0 0.5216346153846154 0.6237980769230769 0.03245192307692308 0.052884615384615384
0 0.7992788461538461 0.6237980769230769 0.03245192307692308 0.05048076923076923
0 0.7055288461538461 0.6237980769230769 0.03245192307692308 0.05048076923076923
0 0.7692307692307693 0.6237980769230769 0.03245192307692308 0.05048076923076923
0 0.7367788461538461 0.6237980769230769 0.03245192307692308 0.05048076923076923
0 0.8293269230769231 0.6237980769230769 0.03245192307692308 0.05048076923076923
0 0.8605769230769231 0.625 0.03245192307692308 0.04807692307692308
0 0.9831730769230769 0.625 0.03245192307692308 0.04807692307692308
0 0.9519230769230769 0.625 0.03245192307692308 0.04807692307692308
0 0.921875 0.625 0.03245192307692308 0.04807692307692308
0 0.8918269230769231 0.625 0.03245192307692308 0.04807692307692308
0 0.7199519230769231 0.6646634615384616 0.03245192307692308 0.05048076923076923
0 0.6586538461538461 0.6646634615384616 0.03245192307692308 0.05048076923076923
0 0.6899038461538461 0.6646634615384616 0.03245192307692308 0.05048076923076923
0 0.5060096153846154 0.6646634615384616 0.030048076923076924 0.05048076923076923
0 0.8149038461538461 0.6646634615384616 0.03485576923076923 0.05048076923076923
0 0.7824519230769231 0.6646634615384616 0.03245192307692308 0.05048076923076923
0 0.7512019230769231 0.6646634615384616 0.03245192307692308 0.05048076923076923
0 0.6274038461538461 0.6646634615384616 0.030048076923076924 0.05048076923076923
0 0.5973557692307693 0.6646634615384616 0.030048076923076924 0.05048076923076923
0 0.5673076923076923 0.6646634615384616 0.030048076923076924 0.05048076923076923
0 0.5360576923076923 0.6646634615384616 0.030048076923076924 0.05048076923076923
0 0.8461538461538461 0.6646634615384616 0.03245192307692308 0.05048076923076923
0 0.9387019230769231 0.6658653846153846 0.03245192307692308 0.05048076923076923
0 0.90625 0.6658653846153846 0.03245192307692308 0.05048076923076923
0 0.8762019230769231 0.6658653846153846 0.03245192307692308 0.05048076923076923
0 0.9699519230769231 0.6658653846153846 0.03245192307692308 0.05048076923076923
0 0.9915865384615384 0.6646634615384616 0.016826923076923076 0.05048076923076923
0 0.7355769230769231 0.7043269230769231 0.03245192307692308 0.05048076923076923
0 0.6730769230769231 0.7043269230769231 0.03245192307692308 0.05048076923076923
0 0.703125 0.7043269230769231 0.03245192307692308 0.05048076923076923
0 0.6117788461538461 0.7043269230769231 0.03245192307692308 0.05048076923076923
0 0.5516826923076923 0.7043269230769231 0.03245192307692308 0.05048076923076923
0 0.4963942307692308 0.7043269230769231 0.018028846153846152 0.05048076923076923
0 0.6430288461538461 0.7043269230769231 0.03245192307692308 0.05048076923076923
0 0.5817307692307693 0.7043269230769231 0.03245192307692308 0.05048076923076923
0 0.5216346153846154 0.7043269230769231 0.030048076923076924 0.05048076923076923
0 0.921875 0.7043269230769231 0.03245192307692308 0.05048076923076923
0 0.7668269230769231 0.7055288461538461 0.03245192307692308 0.05048076923076923
0 0.828125 0.7055288461538461 0.03245192307692308 0.05048076923076923
0 0.7980769230769231 0.7055288461538461 0.03245192307692308 0.05048076923076923
0 0.859375 0.7055288461538461 0.030048076923076924 0.05048076923076923
0 0.9519230769230769 0.7055288461538461 0.03245192307692308 0.05048076923076923
0 0.890625 0.7055288461538461 0.03245192307692308 0.05048076923076923
0 0.9819711538461539 0.7055288461538461 0.03245192307692308 0.04807692307692308
0 0.6586538461538461 0.7451923076923077 0.030048076923076924 0.05048076923076923
0 0.5973557692307693 0.7451923076923077 0.030048076923076924 0.04807692307692308
0 0.5384615384615384 0.7451923076923077 0.030048076923076924 0.04807692307692308
0 0.71875 0.7451923076923077 0.03245192307692308 0.05048076923076923
0 0.6274038461538461 0.7451923076923077 0.03245192307692308 0.05048076923076923
0 0.5685096153846154 0.7451923076923077 0.030048076923076924 0.04807692307692308
0 0.5072115384615384 0.7451923076923077 0.030048076923076924 0.04807692307692308
0 0.7800480769230769 0.7451923076923077 0.030048076923076924 0.05048076923076923
0 0.6887019230769231 0.7451923076923077 0.030048076923076924 0.05048076923076923
0 0.9338942307692307 0.7451923076923077 0.03245192307692308 0.05048076923076923
0 0.9038461538461539 0.7451923076923077 0.03245192307692308 0.05048076923076923
0 0.8100961538461539 0.7451923076923077 0.03245192307692308 0.05048076923076923
0 0.7487980769230769 0.7463942307692307 0.03245192307692308 0.04807692307692308
0 0.8725961538461539 0.7463942307692307 0.03245192307692308 0.04807692307692308
0 0.8425480769230769 0.7463942307692307 0.03245192307692308 0.04807692307692308
0 0.9891826923076923 0.7439903846153846 0.021634615384615384 0.05048076923076923
0 0.9663461538461539 0.7463942307692307 0.03245192307692308 0.05048076923076923
0 0.4963942307692308 0.7824519230769231 0.018028846153846152 0.04567307692307692
0 0.5516826923076923 0.7848557692307693 0.03245192307692308 0.05048076923076923
0 0.5228365384615384 0.7848557692307693 0.030048076923076924 0.05048076923076923
0 0.671875 0.7848557692307693 0.030048076923076924 0.05048076923076923
0 0.7319711538461539 0.7848557692307693 0.03245192307692308 0.05048076923076923
0 0.6430288461538461 0.7848557692307693 0.030048076923076924 0.05048076923076923
0 0.6117788461538461 0.7848557692307693 0.03245192307692308 0.05048076923076923
0 0.5817307692307693 0.7848557692307693 0.030048076923076924 0.05048076923076923
0 0.7944711538461539 0.7848557692307693 0.03245192307692308 0.05048076923076923
0 0.7644230769230769 0.7848557692307693 0.03245192307692308 0.05048076923076923
0 0.9182692307692307 0.7848557692307693 0.03245192307692308 0.05048076923076923
0 0.8858173076923077 0.7848557692307693 0.03245192307692308 0.05048076923076923
0 0.8557692307692307 0.7848557692307693 0.03245192307692308 0.05048076923076923
0 0.8257211538461539 0.7848557692307693 0.03245192307692308 0.05048076923076923
0 0.7019230769230769 0.7848557692307693 0.03245192307692308 0.05048076923076923
0 0.9795673076923077 0.7848557692307693 0.03245192307692308 0.05048076923076923
0 0.9483173076923077 0.7848557692307693 0.03245192307692308 0.05048076923076923
0 0.9963942307692307 0.7848557692307693 0.007211538461538462 0.05048076923076923
0 0.5072115384615384 0.8233173076923077 0.030048076923076924 0.04807692307692308
0 0.5384615384615384 0.8233173076923077 0.030048076923076924 0.04807692307692308
0 0.6574519230769231 0.8245192307692307 0.030048076923076924 0.04567307692307692
0 0.5985576923076923 0.8245192307692307 0.030048076923076924 0.04567307692307692
0 0.7175480769230769 0.8245192307692307 0.030048076923076924 0.04807692307692308
0 0.6274038461538461 0.8245192307692307 0.03245192307692308 0.04567307692307692
0 0.5673076923076923 0.8245192307692307 0.030048076923076924 0.04567307692307692
0 0.7776442307692307 0.8245192307692307 0.030048076923076924 0.04807692307692308
0 0.6862980769230769 0.8245192307692307 0.030048076923076924 0.04807692307692308
0 0.7475961538461539 0.8257211538461539 0.030048076923076924 0.04807692307692308
0 0.8401442307692307 0.8257211538461539 0.03245192307692308 0.04807692307692308
0 0.8088942307692307 0.8257211538461539 0.03245192307692308 0.04807692307692308
0 0.9615384615384616 0.8257211538461539 0.03245192307692308 0.04807692307692308
0 0.9002403846153846 0.8257211538461539 0.03245192307692308 0.04807692307692308
0 0.8701923076923077 0.8257211538461539 0.03245192307692308 0.04807692307692308
0 0.9302884615384616 0.8257211538461539 0.03245192307692308 0.04807692307692308
0 0.9867788461538461 0.8245192307692307 0.025240384615384616 0.04807692307692308
0 0.5516826923076923 0.8617788461538461 0.030048076923076924 0.04567307692307692
0 0.49759615384615385 0.8617788461538461 0.020432692307692308 0.04807692307692308
0 0.6117788461538461 0.8617788461538461 0.03245192307692308 0.04567307692307692
0 0.5817307692307693 0.8617788461538461 0.030048076923076924 0.04567307692307692
0 0.5228365384615384 0.8617788461538461 0.030048076923076924 0.04567307692307692
0 0.6418269230769231 0.8617788461538461 0.030048076923076924 0.04567307692307692
0 0.6706730769230769 0.8617788461538461 0.030048076923076924 0.04567307692307692
0 0.7608173076923077 0.8641826923076923 0.030048076923076924 0.04567307692307692
0 0.7007211538461539 0.8641826923076923 0.030048076923076924 0.04567307692307692
0 0.7920673076923077 0.8641826923076923 0.03245192307692308 0.04567307692307692
0 0.7307692307692307 0.8641826923076923 0.030048076923076924 0.04807692307692308
0 0.8521634615384616 0.8641826923076923 0.03245192307692308 0.04567307692307692
0 0.8834134615384616 0.8641826923076923 0.03245192307692308 0.04567307692307692
0 0.8221153846153846 0.8641826923076923 0.030048076923076924 0.04567307692307692
0 0.9747596153846154 0.8641826923076923 0.030048076923076924 0.04567307692307692
0 0.9146634615384616 0.8641826923076923 0.03245192307692308 0.04567307692307692
0 0.9927884615384616 0.8653846153846154 0.014423076923076924 0.04807692307692308
0 0.9447115384615384 0.8653846153846154 0.030048076923076924 0.04807692307692308
0 0.5084134615384616 0.9002403846153846 0.030048076923076924 0.04807692307692308
0 0.49158653846153844 0.8990384615384616 0.007211538461538462 0.04567307692307692
0 0.5973557692307693 0.9002403846153846 0.030048076923076924 0.05048076923076923
0 0.5673076923076923 0.9002403846153846 0.030048076923076924 0.05048076923076923
0 0.5396634615384616 0.9002403846153846 0.030048076923076924 0.04807692307692308
0 0.6262019230769231 0.9002403846153846 0.030048076923076924 0.05048076923076923
0 0.65625 0.9002403846153846 0.030048076923076924 0.04807692307692308
0 0.6850961538461539 0.9014423076923077 0.030048076923076924 0.04567307692307692
0 0.7764423076923077 0.9014423076923077 0.03245192307692308 0.04807692307692308
0 0.7463942307692307 0.9014423076923077 0.03245192307692308 0.04567307692307692
0 0.7151442307692307 0.9014423076923077 0.030048076923076924 0.04567307692307692
0 0.8052884615384616 0.9026442307692307 0.03245192307692308 0.04807692307692308
0 0.8677884615384616 0.9026442307692307 0.03245192307692308 0.04807692307692308
0 0.8365384615384616 0.9026442307692307 0.03245192307692308 0.04807692307692308
0 0.984375 0.9026442307692307 0.030048076923076924 0.04807692307692308
0 0.9567307692307693 0.9026442307692307 0.03245192307692308 0.04807692307692308
0 0.9266826923076923 0.9026442307692307 0.03245192307692308 0.04807692307692308
0 0.8978365384615384 0.9026442307692307 0.030048076923076924 0.04807692307692308
0 0.4987980769230769 0.9387019230769231 0.02283653846153846 0.04807692307692308
0 0.5228365384615384 0.9387019230769231 0.030048076923076924 0.04807692307692308
0 0.5817307692307693 0.9387019230769231 0.030048076923076924 0.04807692307692308
0 0.5516826923076923 0.9387019230769231 0.030048076923076924 0.04326923076923077
0 0.6418269230769231 0.9399038461538461 0.030048076923076924 0.04567307692307692
0 0.6105769230769231 0.9399038461538461 0.030048076923076924 0.04567307692307692
0 0.6995192307692307 0.9399038461538461 0.030048076923076924 0.04567307692307692
0 0.6694711538461539 0.9399038461538461 0.030048076923076924 0.04567307692307692
0 0.7283653846153846 0.9399038461538461 0.030048076923076924 0.04807692307692308
0 0.7596153846153846 0.9399038461538461 0.03245192307692308 0.04567307692307692
0 0.7896634615384616 0.9411057692307693 0.03245192307692308 0.04807692307692308
0 0.8497596153846154 0.9411057692307693 0.03245192307692308 0.04807692307692308
0 0.8209134615384616 0.9411057692307693 0.03245192307692308 0.04807692307692308
0 0.8798076923076923 0.9411057692307693 0.03245192307692308 0.04807692307692308
0 0.9098557692307693 0.9411057692307693 0.03245192307692308 0.04807692307692308
0 0.9411057692307693 0.9411057692307693 0.03245192307692308 0.04807692307692308
0 0.9915865384615384 0.9399038461538461 0.016826923076923076 0.04807692307692308
0 0.9711538461538461 0.9423076923076923 0.030048076923076924 0.04567307692307692
0 0.5084134615384616 0.9747596153846154 0.030048076923076924 0.04567307692307692
0 0.49158653846153844 0.9735576923076923 0.007211538461538462 0.04326923076923077
0 0.5973557692307693 0.9747596153846154 0.030048076923076924 0.04567307692307692
0 0.5673076923076923 0.9747596153846154 0.030048076923076924 0.04567307692307692
0 0.5396634615384616 0.9747596153846154 0.030048076923076924 0.04567307692307692
0 0.6550480769230769 0.9759615384615384 0.030048076923076924 0.04567307692307692
0 0.625 0.9759615384615384 0.030048076923076924 0.04567307692307692
0 0.6838942307692307 0.9759615384615384 0.030048076923076924 0.04567307692307692
0 0.7439903846153846 0.9771634615384616 0.030048076923076924 0.04567307692307692
0 0.7728365384615384 0.9771634615384616 0.03245192307692308 0.04567307692307692
0 0.7139423076923077 0.9771634615384616 0.030048076923076924 0.04326923076923077
0 0.8605769230769231 0.9771634615384616 0.030048076923076924 0.04567307692307692
0 0.8016826923076923 0.9771634615384616 0.03245192307692308 0.04567307692307692
0 0.8317307692307693 0.9771634615384616 0.03245192307692308 0.04567307692307692
0 0.9230769230769231 0.9771634615384616 0.03245192307692308 0.04567307692307692
0 0.8918269230769231 0.9771634615384616 0.030048076923076924 0.04567307692307692
0 0.953125 0.9771634615384616 0.03245192307692308 0.04567307692307692
0 0.9819711538461539 0.9771634615384616 0.030048076923076924 0.04567307692307692
0 0.4963942307692308 0.9927884615384616 0.021634615384615384 0.014423076923076924
0 0.5516826923076923 0.9927884615384616 0.03125 0.014423076923076924
0 0.5216346153846154 0.9927884615384616 0.028846153846153848 0.014423076923076924
0 0.5793269230769231 0.9927884615384616 0.028846153846153848 0.014423076923076924
0 0.6069711538461539 0.9927884615384616 0.03125 0.014423076923076924
0 0.6694711538461539 0.9951923076923077 0.030048076923076924 0.009615384615384616
0 0.6394230769230769 0.9951923076923077 0.030048076923076924 0.009615384615384616
0 0.6971153846153846 0.9951923076923077 0.030048076923076924 0.009615384615384616
0 0.7271634615384616 0.9951923076923077 0.030048076923076924 0.009615384615384616
0 0.7572115384615384 0.9951923076923077 0.030048076923076924 0.009615384615384616