0 0.30528846153846156 0.5829326923076923 0.08653846153846154 0.04927884615384615
0 0.22115384615384615 0.5841346153846154 0.08173076923076923 0.046875
0 0.3858173076923077 0.5829326923076923 0.08173076923076923 0.04927884615384615
0 0.46153846153846156 0.5817307692307693 0.07091346153846154 0.052884615384615384
0 0.03365384615384615 0.5600961538461539 0.0673076923076923 0.09134615384615384
0 0.11298076923076923 0.5588942307692307 0.08413461538461539 0.09735576923076923
0 0.18509615384615385 0.5276442307692307 0.0889423076923077 0.12259615384615384
0 0.34375 0.5168269230769231 0.078125 0.11538461538461539
0 0.4254807692307692 0.5168269230769231 0.08173076923076923 0.11778846153846154
0 0.2668269230769231 0.515625 0.078125 0.11778846153846154
0 0.48197115384615385 0.5120192307692307 0.03125 0.11778846153846154
0 0.013221153846153846 0.4807692307692308 0.026442307692307692 0.12259615384615384
0 0.0673076923076923 0.4723557692307692 0.08653846153846154 0.12860576923076922
0 0.14182692307692307 0.4230769230769231 0.08413461538461539 0.11778846153846154
0 0.30649038461538464 0.41466346153846156 0.08653846153846154 0.12259615384615384
0 0.46033653846153844 0.41346153846153844 0.0733173076923077 0.11538461538461539
0 0.22355769230769232 0.4110576923076923 0.08173076923076923 0.1201923076923077
0 0.38461538461538464 0.4110576923076923 0.07572115384615384 0.109375
0 0.03245192307692308 0.36538461538461536 0.06490384615384616 0.12860576923076922
0 0.1045673076923077 0.3233173076923077 0.0733173076923077 0.1045673076923077
0 0.35096153846153844 0.31850961538461536 0.0889423076923077 0.12259615384615384
0 0.1778846153846154 0.3173076923076923 0.08413461538461539 0.11298076923076923
0 0.43028846153846156 0.3088942307692308 0.0733173076923077 0.109375
0 0.265625 0.30649038461538464 0.08413461538461539 0.12259615384615384
0 0.04807692307692308 0.23557692307692307 0.08173076923076923 0.11538461538461539
0 0.47115384615384615 0.234375 0.052884615384615384 0.12860576923076922
0 0.13341346153846154 0.2247596153846154 0.0889423076923077 0.12620192307692307
0 0.21875 0.21995192307692307 0.078125 0.109375
0 0.3245192307692308 0.20673076923076922 0.0889423076923077 0.12620192307692307
0 0.4110576923076923 0.20432692307692307 0.08173076923076923 0.12620192307692307
0 0.2668269230769231 0.1346153846153846 0.08173076923076923 0.11538461538461539
0 0.036057692307692304 0.12620192307692307 0.07211538461538461 0.11298076923076923
0 0.11298076923076923 0.1201923076923077 0.0733173076923077 0.1045673076923077
0 0.3581730769230769 0.109375 0.078125 0.109375
0 0.4495192307692308 0.09975961538461539 0.08173076923076923 0.11538461538461539
0 0.4855769230769231 0.05048076923076923 0.02403846153846154 0.10096153846153846
0 0.2980769230769231 0.04447115384615385 0.078125 0.0889423076923077
0 0.2247596153846154 0.038461538461538464 0.06850961538461539 0.07572115384615384
0 0.08173076923076923 0.039663461538461536 0.0733173076923077 0.078125
0 0.15504807692307693 0.038461538461538464 0.0733173076923077 0.07572115384615384
0 0.38221153846153844 0.030048076923076924 0.0625 0.06009615384615385
0 0.44471153846153844 0.02283653846153846 0.0625 0.04447115384615385
0 0.5649038461538461 0.25841346153846156 0.06009615384615385 0.08173076923076923
0 0.9182692307692307 0.39783653846153844 0.06009615384615385 0.08653846153846154
0 0.8786057692307693 0.17548076923076922 0.057692307692307696 0.078125
0 0.59375 0.18870192307692307 0.06009615384615385 0.08173076923076923
0 0.7115384615384616 0.3137019230769231 0.06009615384615385 0.08413461538461539
0 0.7079326923076923 0.1778846153846154 0.057692307692307696 0.07572115384615384
0 0.6514423076923077 0.1814903846153846 0.06009615384615385 0.078125
0 0.6790865384615384 0.11538461538461539 0.057692307692307696 0.07572115384615384
0 0.7391826923076923 0.24519230769230768 0.06009615384615385 0.08173076923076923
0 0.6514423076923077 0.055288461538461536 0.057692307692307696 0.07572115384615384
0 0.5949519230769231 0.056490384615384616 0.057692307692307696 0.07572115384615384
0 0.859375 0.3858173076923077 0.06009615384615385 0.08413461538461539
0 0.9579326923076923 0.1141826923076923 0.06009615384615385 0.078125
0 0.7620192307692307 0.04927884615384615 0.055288461538461536 0.07572115384615384
0 0.9891826923076923 0.46875 0.020432692307692308 0.08413461538461539
0 0.9987980769230769 0.2548076923076923 0.002403846153846154 0.08173076923076923
0 0.7956730769230769 0.24158653846153846 0.057692307692307696 0.08173076923076923
0 0.5649038461538461 0.12379807692307693 0.06009615384615385 0.07572115384615384
0 0.6814903846153846 0.24759615384615385 0.06009615384615385 0.08173076923076923
0 0.5168269230769231 0.12620192307692307 0.039663461538461536 0.078125
0 0.9459134615384616 0.328125 0.06009615384615385 0.08413461538461539
0 0.6778846153846154 0.014423076923076924 0.057692307692307696 0.028846153846153848
0 0.765625 0.17668269230769232 0.057692307692307696 0.07572115384615384
0 0.9014423076923077 0.109375 0.057692307692307696 0.07572115384615384
0 0.5360576923076923 0.19110576923076922 0.06009615384615385 0.078125
0 0.9795673076923077 0.1875 0.040865384615384616 0.07692307692307693
0 0.8221153846153846 0.17548076923076922 0.057692307692307696 0.078125
0 0.515625 0.2608173076923077 0.036057692307692304 0.08173076923076923
0 0.8473557692307693 0.11177884615384616 0.057692307692307696 0.07572115384615384
0 0.96875 0.25600961538461536 0.057692307692307696 0.08413461538461539
0 0.5384615384615384 0.06129807692307692 0.06009615384615385 0.078125
0 0.7355769230769231 0.1141826923076923 0.057692307692307696 0.07572115384615384
0 0.6237980769230769 0.2536057692307692 0.06009615384615385 0.08173076923076923
0 0.5649038461538461 0.016826923076923076 0.057692307692307696 0.03365384615384615
0 0.7704326923076923 0.3125 0.06009615384615385 0.08413461538461539
0 0.9110576923076923 0.24639423076923078 0.06009615384615385 0.08413461538461539
0 0.8870192307692307 0.31490384615384615 0.06009615384615385 0.08413461538461539
0 0.5144230769230769 0.4050480769230769 0.03365384615384615 0.08653846153846154
0 0.9350961538461539 0.17908653846153846 0.057692307692307696 0.078125
0 0.9855769230769231 0.3245192307692308 0.028846153846153848 0.08413461538461539
0 0.9759615384615384 0.05048076923076923 0.046875 0.07572115384615384
0 0.59375 0.32572115384615385 0.06009615384615385 0.08413461538461539
0 0.7908653846153846 0.11298076923076923 0.057692307692307696 0.07572115384615384
0 0.8004807692307693 0.38461538461538464 0.06009615384615385 0.08413461538461539
0 0.6814903846153846 0.3942307692307692 0.0625 0.08653846153846154
0 0.6225961538461539 0.11778846153846154 0.06009615384615385 0.078125
0 0.6213942307692307 0.39783653846153844 0.0625 0.08413461538461539
0 0.9867788461538461 0.013221153846153846 0.026442307692307692 0.026442307692307692
0 0.9254807692307693 0.046875 0.057692307692307696 0.07572115384615384
0 0.6550480769230769 0.32211538461538464 0.06009615384615385 0.08413461538461539
0 0.5336538461538461 0.3293269230769231 0.0625 0.08413461538461539
0 0.7307692307692307 0.013221153846153846 0.057692307692307696 0.026442307692307692
0 0.8149038461538461 0.04807692307692308 0.057692307692307696 0.07572115384615384
0 0.5180288461538461 0.018028846153846152 0.042067307692307696 0.036057692307692304
0 0.7403846153846154 0.3870192307692308 0.06009615384615385 0.08653846153846154
0 0.8701923076923077 0.04807692307692308 0.057692307692307696 0.0733173076923077
0 0.9915865384615384 0.12379807692307693 0.015625 0.07572115384615384
0 0.9471153846153846 0.010817307692307692 0.057692307692307696 0.020432692307692308
0 0.8389423076923077 0.01201923076923077 0.055288461538461536 0.02403846153846154
0 0.7067307692307693 0.052884615384615384 0.057692307692307696 0.07572115384615384
0 0.6225961538461539 0.015625 0.057692307692307696 0.03125
0 0.7836538461538461 0.013221153846153846 0.055288461538461536 0.026442307692307692
0 0.8918269230769231 0.01201923076923077 0.055288461538461536 0.02403846153846154
0 0.5612980769230769 0.4014423076923077 0.0625 0.08653846153846154
0 0.9735576923076923 0.39783653846153844 0.052884615384615384 0.08413461538461539
0 0.828125 0.3125 0.06009615384615385 0.08413461538461539
0 0.8533653846153846 0.24158653846153846 0.06009615384615385 0.08173076923076923
0 0.24639423076923078 0.9915865384615384 0.046875 0.015625
0 0.29086538461538464 0.9891826923076923 0.046875 0.020432692307692308
0 0.33774038461538464 0.9867788461538461 0.046875 0.026442307692307692
0 0.38341346153846156 0.984375 0.04927884615384615 0.03125
0 0.43028846153846156 0.9819711538461539 0.04927884615384615 0.036057692307692304
0 0.009615384615384616 0.9819711538461539 0.018028846153846152 0.036057692307692304
0 0.4735576923076923 0.9783653846153846 0.04326923076923077 0.04326923076923077
0 0.038461538461538464 0.9783653846153846 0.04807692307692308 0.04326923076923077
0 0.08413461538461539 0.9759615384615384 0.046875 0.046875
0 0.12860576923076922 0.9735576923076923 0.046875 0.052884615384615384
0 0.17548076923076922 0.9711538461538461 0.046875 0.057692307692307696
0 0.22115384615384615 0.96875 0.046875 0.0625
0 0.265625 0.9615384615384616 0.046875 0.0625
0 0.3112980769230769 0.9567307692307693 0.04927884615384615 0.06490384615384616
0 0.35697115384615385 0.9519230769230769 0.04927884615384615 0.06490384615384616
0 0.4050480769230769 0.9459134615384616 0.04927884615384615 0.06490384615384616
0 0.019230769230769232 0.9399038461538461 0.038461538461538464 0.0625
0 0.45072115384615385 0.9411057692307693 0.04927884615384615 0.06490384615384616
0 0.06009615384615385 0.9362980769230769 0.046875 0.0625
0 0.4855769230769231 0.9362980769230769 0.02403846153846154 0.06490384615384616
0 0.1045673076923077 0.9302884615384616 0.046875 0.0625
0 0.1502403846153846 0.9242788461538461 0.046875 0.0625
0 0.19471153846153846 0.9182692307692307 0.046875 0.0625
0 0.2403846153846154 0.9134615384615384 0.046875 0.0625
0 0.2848557692307692 0.9074519230769231 0.046875 0.0625
0 0.3317307692307692 0.9014423076923077 0.046875 0.0625
0 0.37740384615384615 0.8966346153846154 0.046875 0.0625
0 0.008413461538461538 0.8930288461538461 0.015625 0.0625
0 0.4230769230769231 0.8918269230769231 0.04927884615384615 0.0625
0 0.036057692307692304 0.8870192307692307 0.046875 0.0625
0 0.4699519230769231 0.8858173076923077 0.046875 0.0625
0 0.08173076923076923 0.8810096153846154 0.046875 0.0625
0 0.12620192307692307 0.8762019230769231 0.046875 0.0625
0 0.17067307692307693 0.8701923076923077 0.046875 0.0625
0 0.21634615384615385 0.8653846153846154 0.046875 0.0625
0 0.2608173076923077 0.8581730769230769 0.046875 0.0625
0 0.30528846153846156 0.8533653846153846 0.046875 0.0625
0 0.35096153846153844 0.8485576923076923 0.04927884615384615 0.0625
0 0.39663461538461536 0.8413461538461539 0.046875 0.0625
0 0.018028846153846152 0.8389423076923077 0.036057692307692304 0.06009615384615385
0 0.4423076923076923 0.8365384615384616 0.04927884615384615 0.0625
0 0.057692307692307696 0.8341346153846154 0.046875 0.06009615384615385
0 0.4807692307692308 0.8293269230769231 0.03365384615384615 0.0625
0 0.10216346153846154 0.828125 0.046875 0.06009615384615385
0 0.1466346153846154 0.8233173076923077 0.046875 0.06009615384615385
0 0.19110576923076922 0.8185096153846154 0.046875 0.0625
0 0.23557692307692307 0.8112980769230769 0.046875 0.0625
0 0.2800480769230769 0.8064903846153846 0.046875 0.0625
0 0.3245192307692308 0.7992788461538461 0.046875 0.06009615384615385
0 0.36899038461538464 0.7944711538461539 0.046875 0.06009615384615385
0 0.006009615384615385 0.7920673076923077 0.01201923076923077 0.06009615384615385
0 0.03365384615384615 0.7884615384615384 0.046875 0.06009615384615385
0 0.41466346153846156 0.7884615384615384 0.046875 0.0625
0 0.46153846153846156 0.78125 0.04927884615384615 0.0625
0 0.078125 0.78125 0.046875 0.0625
0 0.12139423076923077 0.7764423076923077 0.046875 0.06009615384615385
0 0.49038461538461536 0.7752403846153846 0.013221153846153846 0.0625
0 0.1658653846153846 0.7704326923076923 0.046875 0.06009615384615385
0 0.2091346153846154 0.7644230769230769 0.046875 0.06009615384615385
0 0.2536057692307692 0.7596153846153846 0.046875 0.06009615384615385
0 0.2980769230769231 0.7524038461538461 0.046875 0.06009615384615385
0 0.3425480769230769 0.7463942307692307 0.046875 0.06009615384615385
0 0.016826923076923076 0.7415865384615384 0.03365384615384615 0.06009615384615385
0 0.38822115384615385 0.7391826923076923 0.046875 0.06009615384615385
0 0.055288461538461536 0.7367788461538461 0.04447115384615385 0.06009615384615385
0 0.43509615384615385 0.734375 0.046875 0.06009615384615385
0 0.0985576923076923 0.7319711538461539 0.046875 0.06009615384615385
0 0.47596153846153844 0.7295673076923077 0.042067307692307696 0.06009615384615385
0 0.14182692307692307 0.7235576923076923 0.046875 0.06009615384615385
0 0.18509615384615385 0.71875 0.04447115384615385 0.06009615384615385
0 0.22956730769230768 0.7115384615384616 0.046875 0.06009615384615385
0 0.27403846153846156 0.7067307692307693 0.046875 0.06009615384615385
0 0.3173076923076923 0.7007211538461539 0.046875 0.06009615384615385
0 0.004807692307692308 0.6959134615384616 0.009615384615384616 0.06009615384615385
0 0.3629807692307692 0.6935096153846154 0.046875 0.06009615384615385
0 0.03125 0.6911057692307693 0.04447115384615385 0.06009615384615385
0 0.40865384615384615 0.6875 0.046875 0.0625
0 0.07451923076923077 0.6862980769230769 0.04447115384615385 0.06009615384615385
0 0.4543269230769231 0.6814903846153846 0.046875 0.0625
0 0.11778846153846154 0.6790865384615384 0.04447115384615385 0.06009615384615385
0 0.4855769230769231 0.6766826923076923 0.02403846153846154 0.06009615384615385
0 0.16105769230769232 0.6730769230769231 0.046875 0.06009615384615385
0 0.20432692307692307 0.6658653846153846 0.04447115384615385 0.06009615384615385
0 0.24879807692307693 0.6610576923076923 0.046875 0.06009615384615385
0 0.2932692307692308 0.6550480769230769 0.046875 0.06009615384615385
0 0.33774038461538464 0.6478365384615384 0.046875 0.06009615384615385
0 0.015625 0.6454326923076923 0.03125 0.06009615384615385
0 0.38221153846153844 0.6418269230769231 0.046875 0.06009615384615385
0 0.052884615384615384 0.640625 0.04447115384615385 0.06009615384615385
0 0.09254807692307693 0.6346153846153846 0.04447115384615385 0.055288461538461536
0 0.4266826923076923 0.6346153846153846 0.046875 0.055288461538461536
0 0.47115384615384615 0.6334134615384616 0.046875 0.052884615384615384
0 0.13701923076923078 0.6322115384615384 0.04447115384615385 0.04927884615384615
0 0.17908653846153846 0.6286057692307693 0.04447115384615385 0.042067307692307696
0 0.22115384615384615 0.6262019230769231 0.04447115384615385 0.036057692307692304
0 0.265625 0.6225961538461539 0.04447115384615385 0.03125
0 0.31009615384615385 0.6189903846153846 0.04447115384615385 0.02403846153846154
0 0.3545673076923077 0.6165865384615384 0.04447115384615385 0.018028846153846152
0 0.026442307692307692 0.6153846153846154 0.042067307692307696 0.015625
0 0.5865384615384616 0.9615384615384616 0.09975961538461539 0.07572115384615384
0 0.6658653846153846 0.9603365384615384 0.07572115384615384 0.078125
0 0.5108173076923077 0.9579326923076923 0.026442307692307692 0.08413461538461539
0 0.9122596153846154 0.8617788461538461 0.0625 0.13581730769230768
0 0.8497596153846154 0.8581730769230769 0.09735576923076923 0.15745192307692307
0 0.6911057692307693 0.8485576923076923 0.10216346153846154 0.16466346153846154
0 0.5192307692307693 0.8377403846153846 0.04447115384615385 0.16706730769230768
0 0.5817307692307693 0.8365384615384616 0.08653846153846154 0.14182692307692307
0 0.9423076923076923 0.7151442307692307 0.09375 0.15504807692307693
0 0.8233173076923077 0.7079326923076923 0.08653846153846154 0.13581730769230768
0 0.6790865384615384 0.6875 0.0733173076923077 0.1310096153846154
0 0.6033653846153846 0.6814903846153846 0.09735576923076923 0.14903846153846154
0 0.5192307692307693 0.6742788461538461 0.04447115384615385 0.13341346153846154