0 0.013221153846153846 0.015625 0.025240384615384616 0.030048076923076924
0 0.4855769230769231 0.016826923076923076 0.06370192307692307 0.03365384615384615
0 0.22596153846153846 0.030048076923076924 0.08653846153846154 0.06009615384615385
0 0.055288461538461536 0.04567307692307692 0.0889423076923077 0.09134615384615384
0 0.34975961538461536 0.04807692307692308 0.07932692307692307 0.09615384615384616
0 0.4326923076923077 0.052884615384615384 0.08413461538461539 0.1045673076923077
0 0.5036057692307693 0.07932692307692307 0.027644230769230768 0.10697115384615384
0 0.014423076923076924 0.10576923076923077 0.027644230769230768 0.12980769230769232
0 0.2860576923076923 0.10817307692307693 0.08173076923076923 0.11538461538461539
0 0.3762019230769231 0.13221153846153846 0.0889423076923077 0.125
0 0.18028846153846154 0.13942307692307693 0.0889423076923077 0.12740384615384615
0 0.07932692307692307 0.14423076923076922 0.08413461538461539 0.11177884615384616
0 0.4675480769230769 0.15144230769230768 0.08653846153846154 0.125
0 0.24639423076923078 0.21634615384615385 0.07692307692307693 0.1201923076923077
0 0.02283653846153846 0.22235576923076922 0.04567307692307692 0.11778846153846154
0 0.32572115384615385 0.2247596153846154 0.08413461538461539 0.12740384615384615
0 0.1502403846153846 0.2283653846153846 0.07932692307692307 0.10216346153846154
0 0.41346153846153844 0.2403846153846154 0.0889423076923077 0.11778846153846154
0 0.49399038461538464 0.28365384615384615 0.04807692307692308 0.11177884615384616
0 0.19471153846153846 0.3004807692307692 0.08653846153846154 0.1201923076923077
0 0.2776442307692308 0.31971153846153844 0.07932692307692307 0.11778846153846154
0 0.359375 0.3317307692307692 0.07932692307692307 0.11538461538461539
0 0.44711538461538464 0.33533653846153844 0.07451923076923077 0.109375
0 0.08774038461538461 0.33774038461538464 0.08413461538461539 0.1201923076923077
0 0.016826923076923076 0.3425480769230769 0.03365384615384615 0.125
0 0.4987980769230769 0.3713942307692308 0.038461538461538464 0.06850961538461539
0 0.15384615384615385 0.38100961538461536 0.08413461538461539 0.04807692307692308
0 0.24519230769230768 0.38221153846153844 0.07692307692307693 0.04567307692307692
0 0.07211538461538461 0.390625 0.07932692307692307 0.030048076923076924
0 0.31971153846153844 0.390625 0.07932692307692307 0.030048076923076924
0 0.9807692307692307 0.2932692307692308 0.038461538461538464 0.07091346153846154
0 0.8870192307692307 0.29447115384615385 0.05048076923076923 0.07451923076923077
0 0.6814903846153846 0.29447115384615385 0.04807692307692308 0.07091346153846154
0 0.6310096153846154 0.29447115384615385 0.05048076923076923 0.07091346153846154
0 0.5805288461538461 0.29447115384615385 0.05048076923076923 0.07091346153846154
0 0.5360576923076923 0.2932692307692308 0.036057692307692304 0.07091346153846154
0 0.9375 0.29447115384615385 0.05048076923076923 0.07451923076923077
0 0.7295673076923077 0.29447115384615385 0.05048076923076923 0.07451923076923077
0 0.7836538461538461 0.2956730769230769 0.05048076923076923 0.07091346153846154
0 0.8341346153846154 0.2956730769230769 0.05048076923076923 0.07451923076923077
0 0.9927884615384616 0.35096153846153844 0.014423076923076924 0.07211538461538461
0 0.6610576923076923 0.35336538461538464 0.05048076923076923 0.06850961538461539
0 0.6081730769230769 0.35336538461538464 0.054086538461538464 0.06850961538461539
0 0.5552884615384616 0.35336538461538464 0.054086538461538464 0.07091346153846154
0 0.9615384615384616 0.35336538461538464 0.05048076923076923 0.07091346153846154
0 0.5228365384615384 0.35216346153846156 0.009615384615384616 0.07091346153846154
0 0.9110576923076923 0.3545673076923077 0.05048076923076923 0.06850961538461539
0 0.859375 0.3545673076923077 0.04807692307692308 0.07091346153846154
0 0.7584134615384616 0.3545673076923077 0.05048076923076923 0.07091346153846154
0 0.7091346153846154 0.3545673076923077 0.04807692307692308 0.07091346153846154
0 0.8100961538461539 0.3557692307692308 0.05048076923076923 0.07091346153846154
0 0.5372596153846154 0.3918269230769231 0.038461538461538464 0.027644230769230768
0 0.5817307692307693 0.390625 0.05048076923076923 0.030048076923076924
0 0.6322115384615384 0.3918269230769231 0.05048076923076923 0.027644230769230768
0 0.9795673076923077 0.3918269230769231 0.040865384615384616 0.027644230769230768
0 0.9350961538461539 0.3918269230769231 0.04807692307692308 0.027644230769230768
0 0.8846153846153846 0.3918269230769231 0.05048076923076923 0.027644230769230768
0 0.734375 0.3918269230769231 0.05048076923076923 0.027644230769230768
0 0.6838942307692307 0.3918269230769231 0.05048076923076923 0.027644230769230768
0 0.7848557692307693 0.39302884615384615 0.04807692307692308 0.025240384615384616
0 0.8341346153846154 0.39302884615384615 0.05048076923076923 0.025240384615384616
0 0.9807692307692307 0.17067307692307693 0.038461538461538464 0.07091346153846154
0 0.9362980769230769 0.17307692307692307 0.05048076923076923 0.07451923076923077
0 0.8846153846153846 0.17427884615384615 0.05048076923076923 0.07091346153846154
0 0.8341346153846154 0.17427884615384615 0.04807692307692308 0.07091346153846154
0 0.9927884615384616 0.23076923076923078 0.014423076923076924 0.07211538461538461
0 0.9615384615384616 0.23317307692307693 0.05048076923076923 0.07451923076923077
0 0.7560096153846154 0.234375 0.05048076923076923 0.07451923076923077
0 0.7067307692307693 0.234375 0.04807692307692308 0.07091346153846154
0 0.6550480769230769 0.234375 0.05048076923076923 0.07091346153846154
0 0.6033653846153846 0.234375 0.05048076923076923 0.06850961538461539
0 0.9110576923076923 0.234375 0.05048076923076923 0.07091346153846154
0 0.8088942307692307 0.234375 0.054086538461538464 0.07091346153846154
0 0.859375 0.234375 0.05048076923076923 0.07091346153846154
0 0.5540865384615384 0.23557692307692307 0.04567307692307692 0.06850961538461539
0 0.5240384615384616 0.234375 0.013221153846153846 0.06610576923076923
0 0.0829326923076923 0.4543269230769231 0.08413461538461539 0.09735576923076923
0 0.4699519230769231 0.5865384615384616 0.09735576923076923 0.12259615384615384
0 0.02283653846153846 0.6310096153846154 0.04567307692307692 0.109375
0 0.08052884615384616 0.6346153846153846 0.08173076923076923 0.12259615384615384
0 0.004807692307692308 0.7199519230769231 0.009615384615384616 0.10697115384615384
0 0.49158653846153844 0.6850961538461539 0.054086538461538464 0.1201923076923077
0 0.40865384615384615 0.6694711538461539 0.09134615384615384 0.109375
0 0.5060096153846154 0.7932692307692307 0.02283653846153846 0.11778846153846154
0 0.4807692307692308 0.8665865384615384 0.07451923076923077 0.09975961538461539
0 0.4050480769230769 0.8569711538461539 0.0889423076923077 0.109375
0 0.453125 0.7764423076923077 0.0889423076923077 0.11778846153846154
0 0.36899038461538464 0.7668269230769231 0.09495192307692307 0.109375
0 0.3161057692307692 0.6814903846153846 0.0889423076923077 0.11177884615384616
0 0.2704326923076923 0.7668269230769231 0.09495192307692307 0.1045673076923077
0 0.31850961538461536 0.8509615384615384 0.08653846153846154 0.11177884615384616
0 0.018028846153846152 0.4567307692307692 0.036057692307692304 0.10216346153846154
0 0.12259615384615384 0.5396634615384616 0.08653846153846154 0.1201923076923077
0 0.16105769230769232 0.6382211538461539 0.09134615384615384 0.1201923076923077
0 0.12740384615384615 0.7319711538461539 0.08413461538461539 0.11778846153846154
0 0.05048076923076923 0.7223557692307693 0.08653846153846154 0.10216346153846154
0 0.08653846153846154 0.8149038461538461 0.08653846153846154 0.10697115384615384
0 0.02283653846153846 0.8125 0.04567307692307692 0.109375
0 0.002403846153846154 0.7175480769230769 0.004807692307692308 0.109375
0 0.04326923076923077 0.5384615384615384 0.08413461538461539 0.11538461538461539
0 0.5384615384615384 0.41466346153846156 0.036057692307692304 0.018028846153846152
0 0.9639423076923077 0.8305288461538461 0.07091346153846154 0.23677884615384615
0 0.7127403846153846 0.8725961538461539 0.12259615384615384 0.22716346153846154
0 0.5949519230769231 0.8918269230769231 0.11778846153846154 0.21634615384615385
0 0.9110576923076923 0.9519230769230769 0.1346153846153846 0.09615384615384616
0 0.7860576923076923 0.9723557692307693 0.1201923076923077 0.055288461538461536
0 0.6790865384615384 0.9879807692307693 0.11177884615384616 0.02283653846153846