0 0.49399038461538464 0.20192307692307693 0.08533653846153846 0.12740384615384615
0 0.3473557692307692 0.21634615384615385 0.08774038461538461 0.12740384615384615
0 0.03125 0.23798076923076922 0.0625 0.12980769230769232
0 0.1045673076923077 0.2439903846153846 0.08774038461538461 0.12980769230769232
0 0.5733173076923077 0.2512019230769231 0.08533653846153846 0.12379807692307693
0 0.19471153846153846 0.25841346153846156 0.08533653846153846 0.12980769230769232
0 0.42427884615384615 0.27403846153846156 0.08533653846153846 0.12740384615384615
0 0.6201923076923077 0.3004807692307692 0.03125 0.12740384615384615
0 0.5036057692307693 0.33052884615384615 0.08533653846153846 0.12379807692307693
0 0.35216346153846156 0.34615384615384615 0.08533653846153846 0.12740384615384615
0 0.10576923076923077 0.03245192307692308 0.08653846153846154 0.06490384615384616
0 0.03245192307692308 0.3713942307692308 0.06490384615384616 0.12740384615384615
0 0.11057692307692307 0.3762019230769231 0.08533653846153846 0.12980769230769232
0 0.5805288461538461 0.3798076923076923 0.08533653846153846 0.12139423076923077
0 0.4338942307692308 0.4026442307692308 0.08533653846153846 0.12740384615384615
0 0.5985576923076923 0.037259615384615384 0.07211538461538461 0.07451923076923077
0 0.2848557692307692 0.4230769230769231 0.0829326923076923 0.12379807692307693
0 0.6274038461538461 0.4266826923076923 0.019230769230769232 0.11658653846153846
0 0.18389423076923078 0.42788461538461536 0.08533653846153846 0.1141826923076923
0 0.5108173076923077 0.4387019230769231 0.08533653846153846 0.09254807692307693
0 0.3641826923076923 0.4483173076923077 0.08533653846153846 0.0733173076923077
0 0.03365384615384615 0.46274038461538464 0.0673076923076923 0.04567307692307692
0 0.11057692307692307 0.46274038461538464 0.08533653846153846 0.046875
0 0.5889423076923077 0.4639423076923077 0.08533653846153846 0.04447115384615385
0 0.3329326923076923 0.08052884615384616 0.0829326923076923 0.13221153846153846
0 0.5480769230769231 0.10096153846153846 0.08774038461538461 0.1346153846153846
0 0.41346153846153844 0.12620192307692307 0.08533653846153846 0.12980769230769232
0 0.06850961538461539 0.12980769230769232 0.08533653846153846 0.12980769230769232
0 0.15504807692307693 0.13341346153846154 0.0829326923076923 0.12980769230769232
0 0.6129807692307693 0.14903846153846154 0.046875 0.12740384615384615
0 0.24759615384615385 0.15504807692307693 0.0829326923076923 0.12740384615384615
0 0.9891826923076923 0.027644230769230768 0.021634615384615384 0.055288461538461536
0 0.9158653846153846 0.028846153846153848 0.11538461538461539 0.057692307692307696
0 0.7992788461538461 0.030048076923076924 0.11778846153846154 0.06009615384615385
0 0.96875 0.09495192307692307 0.0625 0.08413461538461539
0 0.8810096153846154 0.09735576923076923 0.1141826923076923 0.08533653846153846
0 0.7632211538461539 0.09975961538461539 0.11177884615384616 0.0829326923076923
0 0.9891826923076923 0.17307692307692307 0.021634615384615384 0.0829326923076923
0 0.9230769230769231 0.1778846153846154 0.1141826923076923 0.08052884615384616
0 0.8076923076923077 0.17908653846153846 0.1141826923076923 0.0829326923076923
0 0.9675480769230769 0.24759615384615385 0.06490384615384616 0.07692307692307693
0 0.8810096153846154 0.24879807692307693 0.11177884615384616 0.07572115384615384
0 0.7680288461538461 0.25240384615384615 0.109375 0.0733173076923077
0 0.9879807692307693 0.32211538461538464 0.02403846153846154 0.078125
0 0.8076923076923077 0.3245192307692308 0.11177884615384616 0.07572115384615384
0 0.9194711538461539 0.32572115384615385 0.109375 0.07572115384615384
0 0.9675480769230769 0.39302884615384615 0.06490384615384616 0.07451923076923077
0 0.8834134615384616 0.39903846153846156 0.10697115384615384 0.07572115384615384
0 0.7716346153846154 0.40024038461538464 0.109375 0.07572115384615384
0 0.9182692307692307 0.4567307692307692 0.109375 0.056490384615384616
0 0.8100961538461539 0.45913461538461536 0.10697115384615384 0.054086538461538464
0 0.9891826923076923 0.46033653846153844 0.021634615384615384 0.051682692307692304
0 0.31490384615384615 0.6670673076923077 0.078125 0.12980769230769232
0 0.0889423076923077 0.7391826923076923 0.14903846153846154 0.2704326923076923
0 0.21514423076923078 0.7475961538461539 0.06850961538461539 0.11658653846153846
0 0.2800480769230769 0.7680288461538461 0.0733173076923077 0.12139423076923077
0 0.3557692307692308 0.7824519230769231 0.08052884615384616 0.12139423076923077
0 0.18509615384615385 0.8413461538461539 0.0733173076923077 0.11899038461538461
0 0.24879807692307693 0.8605769230769231 0.078125 0.11658653846153846
0 0.3173076923076923 0.8798076923076923 0.078125 0.12139423076923077
0 0.3942307692307692 0.8990384615384616 0.078125 0.12139423076923077
0 0.4723557692307692 0.9194711538461539 0.08533653846153846 0.12740384615384615
0 0.040865384615384616 0.5552884615384616 0.08173076923076923 0.13942307692307693