0 0.042067307692307696 0.027644230769230768 0.08413461538461539 0.055288461538461536
0 0.12860576923076922 0.027644230769230768 0.0889423076923077 0.055288461538461536
0 0.39903846153846156 0.04567307692307692 0.08653846153846154 0.09134615384615384
0 0.2403846153846154 0.04447115384615385 0.08173076923076923 0.0889423076923077
0 0.4735576923076923 0.046875 0.0673076923076923 0.09375
0 0.31971153846153844 0.04447115384615385 0.07572115384615384 0.0889423076923077
0 0.09375 0.09975961538461539 0.08173076923076923 0.11057692307692307
0 0.17908653846153846 0.10216346153846154 0.08653846153846154 0.12139423076923077
0 0.3557692307692308 0.12740384615384615 0.0889423076923077 0.12379807692307693
0 0.49759615384615385 0.12740384615384615 0.021634615384615384 0.11298076923076923
0 0.27524038461538464 0.13701923076923078 0.0733173076923077 0.11057692307692307
0 0.4411057692307692 0.13942307692307693 0.08413461538461539 0.12379807692307693
0 0.03365384615384615 0.1658653846153846 0.0673076923076923 0.1201923076923077
0 0.1201923076923077 0.19230769230769232 0.09254807692307693 0.12860576923076922
0 0.21394230769230768 0.21153846153846154 0.0889423076923077 0.12860576923076922
0 0.47716346153846156 0.22596153846153846 0.06009615384615385 0.11057692307692307
0 0.38100961538461536 0.23918269230769232 0.0889423076923077 0.12620192307692307
0 0.29447115384615385 0.24158653846153846 0.08173076923076923 0.12620192307692307
0 0.01201923076923077 0.2776442307692308 0.02403846153846154 0.12379807692307693
0 0.0673076923076923 0.28725961538461536 0.08653846153846154 0.1310096153846154
0 0.15745192307692307 0.30288461538461536 0.09254807692307693 0.12139423076923077
0 0.43990384615384615 0.3112980769230769 0.08173076923076923 0.11538461538461539
0 0.3473557692307692 0.33653846153846156 0.07932692307692307 0.11057692307692307
0 0.25600961538461536 0.3473557692307692 0.08173076923076923 0.11538461538461539
0 0.028846153846153848 0.38461538461538464 0.057692307692307696 0.12139423076923077
0 0.10216346153846154 0.39783653846153844 0.08173076923076923 0.11899038461538461
0 0.1935096153846154 0.4014423076923077 0.07572115384615384 0.11298076923076923
0 0.40625 0.41225961538461536 0.07932692307692307 0.11057692307692307
0 0.47596153846153844 0.4206730769230769 0.06370192307692307 0.09975961538461539
0 0.3233173076923077 0.43149038461538464 0.06370192307692307 0.0889423076923077
0 0.25961538461538464 0.44471153846153844 0.06370192307692307 0.08413461538461539
0 0.01201923076923077 0.47596153846153844 0.02403846153846154 0.09975961538461539
0 0.06129807692307692 0.484375 0.08173076923076923 0.08413461538461539
0 0.4423076923076923 0.49158653846153844 0.06850961538461539 0.06850961538461539
0 0.49399038461538464 0.49399038461538464 0.028846153846153848 0.06610576923076923
0 0.29447115384615385 0.4963942307692308 0.06370192307692307 0.06009615384615385
0 0.22596153846153846 0.4987980769230769 0.06370192307692307 0.055288461538461536
0 0.14182692307692307 0.49038461538461536 0.08413461538461539 0.07091346153846154
0 0.36658653846153844 0.49399038461538464 0.08173076923076923 0.06610576923076923
0 0.6778846153846154 0.41947115384615385 0.12139423076923077 0.18629807692307693
0 0.8064903846153846 0.421875 0.12379807692307693 0.18990384615384615
0 0.9290865384615384 0.42427884615384615 0.12139423076923077 0.1971153846153846
0 0.5552884615384616 0.42427884615384615 0.09495192307692307 0.18990384615384615
0 0.6237980769230769 0.5084134615384616 0.12620192307692307 0.037259615384615384
0 0.16947115384615385 0.5817307692307693 0.1971153846153846 0.11057692307692307
0 0.039663461538461536 0.5961538461538461 0.07932692307692307 0.13942307692307693
0 0.3894230769230769 0.6021634615384616 0.23677884615384615 0.15264423076923078
0 0.02403846153846154 0.7235576923076923 0.046875 0.14182692307692307
0 0.3713942307692308 0.7355769230769231 0.1971153846153846 0.1502403846153846
0 0.16105769230769232 0.7403846153846154 0.2548076923076923 0.19951923076923078
0 0.1502403846153846 0.8978365384615384 0.19230769230769232 0.14423076923076922
0 0.4879807692307692 0.9038461538461539 0.039663461538461536 0.13942307692307693
0 0.028846153846153848 0.9014423076923077 0.057692307692307696 0.1971153846153846
0 0.3605769230769231 0.9098557692307693 0.25 0.18028846153846154
0 0.13341346153846154 0.9903846153846154 0.2548076923076923 0.018028846153846152
0 0.33774038461538464 0.9951923076923077 0.19951923076923078 0.009615384615384616
0 0.5576923076923077 0.5637019230769231 0.09975961538461539 0.0733173076923077
0 0.6574519230769231 0.5637019230769231 0.09975961538461539 0.0733173076923077
0 0.7608173076923077 0.5661057692307693 0.09975961538461539 0.07932692307692307
0 0.9603365384615384 0.5697115384615384 0.07932692307692307 0.08653846153846154
0 0.8701923076923077 0.5709134615384616 0.09735576923076923 0.0889423076923077
0 0.5264423076923077 0.6538461538461539 0.037259615384615384 0.1346153846153846
0 0.5997596153846154 0.65625 0.10817307692307693 0.1346153846153846
0 0.7091346153846154 0.6610576923076923 0.10576923076923077 0.1346153846153846
0 0.8161057692307693 0.6622596153846154 0.10817307692307693 0.1346153846153846
0 0.9903846153846154 0.6646634615384616 0.018028846153846152 0.12860576923076922
0 0.9278846153846154 0.6646634615384616 0.10817307692307693 0.12860576923076922
0 0.546875 0.7752403846153846 0.07932692307692307 0.1502403846153846
0 0.7632211538461539 0.7800480769230769 0.11298076923076923 0.14783653846153846
0 0.6478365384615384 0.78125 0.11298076923076923 0.1502403846153846
0 0.8774038461538461 0.7836538461538461 0.11538461538461539 0.14783653846153846
0 0.9663461538461539 0.7860576923076923 0.0673076923076923 0.14423076923076922
0 0.703125 0.9158653846153846 0.12139423076923077 0.16826923076923078
0 0.578125 0.9146634615384616 0.12379807692307693 0.17067307692307693
0 0.9435096153846154 0.9170673076923077 0.11298076923076923 0.1658653846153846
0 0.8233173076923077 0.9182692307692307 0.12139423076923077 0.16346153846153846
0 0.8930288461538461 0.9903846153846154 0.12860576923076922 0.018028846153846152
0 0.6346153846153846 0.9903846153846154 0.12620192307692307 0.018028846153846152