0 0.1045673076923077 0.2536057692307692 0.08774038461538461 0.20793269230769232
0 0.1935096153846154 0.25600961538461536 0.15264423076923078 0.24759615384615385
0 0.4951923076923077 0.2608173076923077 0.1778846153846154 0.26802884615384615
0 0.38221153846153844 0.2620192307692308 0.10697115384615384 0.2247596153846154
0 0.6935096153846154 0.2704326923076923 0.12980769230769232 0.23557692307692307
0 0.8389423076923077 0.27524038461538464 0.20192307692307693 0.2800480769230769
0 0.0673076923076923 0.47475961538461536 0.1346153846153846 0.23557692307692307
0 0.23918269230769232 0.4795673076923077 0.1045673076923077 0.21754807692307693
0 0.3389423076923077 0.49759615384615385 0.16466346153846154 0.25240384615384615
0 0.5288461538461539 0.5036057692307693 0.11778846153846154 0.22716346153846154
0 0.6586538461538461 0.5252403846153846 0.18509615384615385 0.26802884615384615
0 0.8798076923076923 0.5324519230769231 0.17307692307692307 0.23798076923076922
0 0.5396634615384616 0.0673076923076923 0.125 0.1346153846153846
0 0.8930288461538461 0.06971153846153846 0.18028846153846154 0.13942307692307693
0 0.2439903846153846 0.06971153846153846 0.10216346153846154 0.13942307692307693
0 0.34134615384615385 0.0733173076923077 0.16346153846153846 0.1466346153846154
0 0.23076923076923078 0.7860576923076923 0.12980769230769232 0.21995192307692307
0 0.040865384615384616 0.7920673076923077 0.08173076923076923 0.25240384615384615
0 0.06490384615384616 0.07572115384615384 0.12980769230769232 0.15144230769230768
0 0.6682692307692307 0.07572115384615384 0.19230769230769232 0.15144230769230768
0 0.3701923076923077 0.8137019230769231 0.17548076923076922 0.25240384615384615
0 0.5528846153846154 0.8293269230769231 0.13701923076923078 0.22956730769230768
0 0.6802884615384616 0.8689903846153846 0.19951923076923078 0.2620192307692308
0 0.9050480769230769 0.8822115384615384 0.18990384615384615 0.23557692307692307
0 0.1466346153846154 0.9627403846153846 0.15745192307692307 0.07451923076923077
0 0.35336538461538464 0.9735576923076923 0.13221153846153846 0.052884615384615384
0 0.46153846153846156 0.9939903846153846 0.14302884615384615 0.01201923076923077
0 0.0625 0.9471153846153846 0.125 0.1045673076923077