0 0.5060096153846154 0.21153846153846154 0.09134615384615384 0.13581730769230768
0 0.34975961538461536 0.22596153846153846 0.09375 0.13581730769230768
0 0.02283653846153846 0.25 0.04447115384615385 0.13822115384615385
0 0.0889423076923077 0.25600961538461536 0.09375 0.13822115384615385
0 0.5913461538461539 0.2644230769230769 0.09134615384615384 0.13341346153846154
0 0.18629807692307693 0.27283653846153844 0.09134615384615384 0.13822115384615385
0 0.43149038461538464 0.28966346153846156 0.09134615384615384 0.13581730769230768
0 0.6430288461538461 0.3173076923076923 0.03365384615384615 0.13581730769230768
0 0.5168269230769231 0.34975961538461536 0.09134615384615384 0.13341346153846154
0 0.3545673076923077 0.36658653846153844 0.09134615384615384 0.13581730769230768
0 0.09134615384615384 0.03245192307692308 0.09375 0.06490384615384616
0 0.02403846153846154 0.3954326923076923 0.046875 0.13581730769230768
0 0.09495192307692307 0.39783653846153844 0.09134615384615384 0.13822115384615385
0 0.5997596153846154 0.4014423076923077 0.09134615384615384 0.1310096153846154
0 0.4423076923076923 0.4266826923076923 0.09134615384615384 0.13581730769230768
0 0.6201923076923077 0.038461538461538464 0.078125 0.07572115384615384
0 0.2824519230769231 0.4495192307692308 0.0889423076923077 0.13341346153846154
0 0.6490384615384616 0.453125 0.020432692307692308 0.12620192307692307
0 0.17427884615384615 0.4543269230769231 0.09134615384615384 0.12259615384615384
0 0.5252403846153846 0.46634615384615385 0.09134615384615384 0.09975961538461539
0 0.36778846153846156 0.47596153846153844 0.09134615384615384 0.078125
0 0.025240384615384616 0.49158653846153844 0.04927884615384615 0.046875
0 0.09495192307692307 0.49038461538461536 0.09134615384615384 0.04927884615384615
0 0.6081730769230769 0.49158653846153844 0.09134615384615384 0.046875
0 0.33413461538461536 0.08173076923076923 0.0889423076923077 0.14182692307692307
0 0.5637019230769231 0.10336538461538461 0.09375 0.14423076923076922
0 0.4206730769230769 0.12980769230769232 0.09134615384615384 0.13822115384615385
0 0.04927884615384615 0.13341346153846154 0.09134615384615384 0.13822115384615385
0 0.14302884615384615 0.13701923076923078 0.0889423076923077 0.13822115384615385
0 0.6346153846153846 0.15504807692307693 0.04927884615384615 0.13581730769230768
0 0.24158653846153846 0.16105769230769232 0.0889423076923077 0.13581730769230768
0 0.9483173076923077 0.028846153846153848 0.10336538461538461 0.057692307692307696
0 0.8353365384615384 0.030048076923076924 0.12620192307692307 0.06009615384615385
0 0.9915865384615384 0.0985576923076923 0.015625 0.09134615384615384
0 0.921875 0.09975961538461539 0.12259615384615384 0.09134615384615384
0 0.7956730769230769 0.10216346153846154 0.1201923076923077 0.0889423076923077
0 0.953125 0.18509615384615385 0.09375 0.08653846153846154
0 0.8425480769230769 0.1875 0.12259615384615384 0.0889423076923077
0 0.9903846153846154 0.2620192307692308 0.018028846153846152 0.08413461538461539
0 0.921875 0.2620192307692308 0.1201923076923077 0.08173076923076923
0 0.8004807692307693 0.265625 0.11778846153846154 0.078125
0 0.8425480769230769 0.3425480769230769 0.1201923076923077 0.08173076923076923
0 0.9507211538461539 0.34375 0.0985576923076923 0.08173076923076923
0 0.9903846153846154 0.4170673076923077 0.018028846153846152 0.08173076923076923
0 0.9242788461538461 0.4230769230769231 0.11538461538461539 0.08173076923076923
0 0.8052884615384616 0.42427884615384615 0.11778846153846154 0.08173076923076923
0 0.9507211538461539 0.484375 0.0985576923076923 0.06009615384615385
0 0.8449519230769231 0.48677884615384615 0.11538461538461539 0.057692307692307696
0 0.3137019230769231 0.7103365384615384 0.08413461538461539 0.13822115384615385
0 0.07572115384615384 0.7860576923076923 0.15144230769230768 0.29086538461538464
0 0.20673076923076922 0.796875 0.0733173076923077 0.12620192307692307
0 0.2776442307692308 0.8197115384615384 0.078125 0.1310096153846154
0 0.3581730769230769 0.8353365384615384 0.08653846153846154 0.1310096153846154
0 0.17548076923076922 0.8978365384615384 0.078125 0.12860576923076922
0 0.2439903846153846 0.9182692307692307 0.08413461538461539 0.12620192307692307
0 0.3161057692307692 0.9350961538461539 0.08413461538461539 0.12980769230769232
0 0.39783653846153844 0.9459134615384616 0.08413461538461539 0.10697115384615384
0 0.4831730769230769 0.9567307692307693 0.09134615384615384 0.08653846153846154
0 0.03245192307692308 0.5901442307692307 0.06490384615384616 0.14903846153846154