0 0.41947115384615385 0.18629807692307693 0.0829326923076923 0.12620192307692307
0 0.27524038461538464 0.20072115384615385 0.08774038461538461 0.12620192307692307
0 0.038461538461538464 0.22596153846153846 0.07692307692307693 0.12980769230769232
0 0.12379807692307693 0.24278846153846154 0.08533653846153846 0.12860576923076922
0 0.35216346153846156 0.25841346153846156 0.08533653846153846 0.12620192307692307
0 0.42427884615384615 0.31490384615384615 0.0733173076923077 0.12379807692307693
0 0.2800480769230769 0.33052884615384615 0.08533653846153846 0.12620192307692307
0 0.039663461538461536 0.025240384615384616 0.07932692307692307 0.05048076923076923
0 0.040865384615384616 0.35697115384615385 0.08173076923076923 0.12740384615384615
0 0.36177884615384615 0.3858173076923077 0.08533653846153846 0.12620192307692307
0 0.21394230769230768 0.40865384615384615 0.0829326923076923 0.12620192307692307
0 0.11298076923076923 0.4182692307692308 0.08533653846153846 0.12620192307692307
0 0.42788461538461536 0.4387019230769231 0.06610576923076923 0.12379807692307693
0 0.2920673076923077 0.4579326923076923 0.08533653846153846 0.12379807692307693
0 0.040865384615384616 0.4855769230769231 0.08173076923076923 0.12980769230769232
0 0.36899038461538464 0.5108173076923077 0.08533653846153846 0.12379807692307693
0 0.21634615384615385 0.5348557692307693 0.08533653846153846 0.12620192307692307
0 0.11538461538461539 0.5540865384615384 0.08533653846153846 0.1141826923076923
0 0.4362980769230769 0.5612980769230769 0.04807692307692308 0.09975961538461539
0 0.2980769230769231 0.5661057692307693 0.0829326923076923 0.09254807692307693
0 0.04326923076923077 0.5817307692307693 0.0829326923076923 0.06009615384615385
0 0.3786057692307692 0.59375 0.0829326923076923 0.036057692307692304
0 0.2608173076923077 0.06610576923076923 0.0829326923076923 0.1310096153846154
0 0.44591346153846156 0.08653846153846154 0.03125 0.13341346153846154
0 0.34134615384615385 0.11057692307692307 0.08533653846153846 0.12860576923076922
0 0.019230769230769232 0.11298076923076923 0.038461538461538464 0.12860576923076922
0 0.08413461538461539 0.11778846153846154 0.0829326923076923 0.12860576923076922
0 0.17548076923076922 0.13942307692307693 0.0829326923076923 0.12620192307692307
0 0.7680288461538461 0.09254807692307693 0.13341346153846154 0.15985576923076922
0 0.9471153846153846 0.11298076923076923 0.10576923076923077 0.22596153846153846
0 0.5853365384615384 0.11899038461538461 0.1814903846153846 0.2283653846153846
0 0.48677884615384615 0.1658653846153846 0.05048076923076923 0.14302884615384615
0 0.6814903846153846 0.328125 0.171875 0.20673076923076922
0 0.5108173076923077 0.3641826923076923 0.09975961538461539 0.140625
0 0.9447115384615384 0.515625 0.11057692307692307 0.18990384615384615
0 0.578125 0.5276442307692307 0.18990384615384615 0.16706730769230768
0 0.5096153846153846 0.046875 0.10096153846153846 0.09375
0 0.8365384615384616 0.4807692307692308 0.1310096153846154 0.1502403846153846
0 0.8389423076923077 0.22596153846153846 0.12620192307692307 0.13822115384615385
0 0.7872596153846154 0.37259615384615385 0.10697115384615384 0.14543269230769232
0 0.03125 0.6610576923076923 0.0625 0.09134615384615384
0 0.39302884615384615 0.6802884615384616 0.13581730769230768 0.11658653846153846
0 0.1346153846153846 0.6802884615384616 0.13822115384615385 0.1141826923076923
0 0.06850961538461539 0.7427884615384616 0.11177884615384616 0.09735576923076923
0 0.3088942307692308 0.7439903846153846 0.10697115384615384 0.09495192307692307
0 0.2127403846153846 0.7752403846153846 0.13822115384615385 0.11177884615384616
0 0.43509615384615385 0.7764423076923077 0.05048076923076923 0.11177884615384616
0 0.03125 0.8293269230769231 0.0625 0.09134615384615384
0 0.24639423076923078 0.8305288461538461 0.11177884615384616 0.08533653846153846
0 0.1346153846153846 0.8689903846153846 0.13822115384615385 0.1141826923076923
0 0.39663461538461536 0.8713942307692307 0.12860576923076922 0.11177884615384616
0 0.30408653846153844 0.9086538461538461 0.10697115384615384 0.09495192307692307
0 0.0673076923076923 0.9110576923076923 0.1045673076923077 0.09014423076923077
0 0.20793269230769232 0.9495192307692307 0.13701923076923078 0.10096153846153846
0 0.42427884615384615 0.9543269230769231 0.06971153846153846 0.09134615384615384
0 0.20793269230769232 0.6274038461538461 0.13822115384615385 0.03125
0 0.24519230769230768 0.6586538461538461 0.109375 0.09254807692307693
0 0.7524038461538461 0.9519230769230769 0.05048076923076923 0.055288461538461536