0 0.055288461538461536 0.3485576923076923 0.10096153846153846 0.04567307692307692
0 0.16105769230769232 0.34975961538461536 0.10576923076923077 0.04326923076923077
0 0.3737980769230769 0.34615384615384615 0.09615384615384616 0.05048076923076923
0 0.27163461538461536 0.34134615384615385 0.10336538461538461 0.06009615384615385
0 0.47596153846153844 0.3389423076923077 0.10336538461538461 0.06610576923076923
0 0.5492788461538461 0.3389423076923077 0.04326923076923077 0.06610576923076923
0 0.21394230769230768 0.27403846153846156 0.10576923076923077 0.13942307692307693
0 0.10697115384615384 0.27403846153846156 0.10336538461538461 0.14423076923076922
0 0.5300480769230769 0.27403846153846156 0.08052884615384616 0.13341346153846154
0 0.026442307692307692 0.27163461538461536 0.052884615384615384 0.13341346153846154
0 0.3293269230769231 0.265625 0.09615384615384616 0.13341346153846154
0 0.43028846153846156 0.25961538461538464 0.10576923076923077 0.14182692307692307
0 0.27884615384615385 0.17067307692307693 0.11057692307692307 0.14903846153846154
0 0.057692307692307696 0.15745192307692307 0.10096153846153846 0.13341346153846154
0 0.1658653846153846 0.15745192307692307 0.11057692307692307 0.14903846153846154
0 0.38100961538461536 0.13822115384615385 0.10576923076923077 0.1466346153846154
0 0.5540865384615384 0.13822115384615385 0.03245192307692308 0.14423076923076922
0 0.4855769230769231 0.1310096153846154 0.10576923076923077 0.14903846153846154
0 0.027644230769230768 0.057692307692307696 0.055288461538461536 0.11538461538461539
0 0.10817307692307693 0.051682692307692304 0.10096153846153846 0.10336538461538461
0 0.2283653846153846 0.046875 0.1141826923076923 0.09375
0 0.5360576923076923 0.04326923076923077 0.06850961538461539 0.08533653846153846
0 0.4362980769230769 0.042067307692307696 0.10096153846153846 0.0829326923076923
0 0.33653846153846156 0.040865384615384616 0.0985576923076923 0.08052884615384616
0 0.6766826923076923 0.34375 0.08052884615384616 0.055288461538461536
0 0.5997596153846154 0.33052884615384615 0.057692307692307696 0.08052884615384616
0 0.6995192307692307 0.25 0.0829326923076923 0.09615384615384616
0 0.6009615384615384 0.24519230769230768 0.06009615384615385 0.08533653846153846
0 0.6262019230769231 0.19230769230769232 0.08052884615384616 0.09134615384615384
0 0.5901442307692307 0.15384615384615385 0.038461538461538464 0.09134615384615384
0 0.859375 0.11778846153846154 0.07572115384615384 0.08052884615384616
0 0.7487980769230769 0.07932692307692307 0.07091346153846154 0.07572115384615384
0 0.6286057692307693 0.055288461538461536 0.07572115384615384 0.08533653846153846
0 0.7776442307692307 0.04326923076923077 0.08052884615384616 0.08533653846153846
0 0.703125 0.018028846153846152 0.0733173076923077 0.03485576923076923
0 0.6454326923076923 0.006009615384615385 0.06009615384615385 0.01201923076923077
0 0.5168269230769231 0.9399038461538461 0.10576923076923077 0.1201923076923077
0 0.3317307692307692 0.9362980769230769 0.20432692307692307 0.12620192307692307
0 0.12620192307692307 0.9375 0.20432692307692307 0.125
0 0.4495192307692308 0.828125 0.19230769230769232 0.171875
0 0.24639423076923078 0.8149038461538461 0.19230769230769232 0.171875
0 0.0733173076923077 0.8112980769230769 0.1466346153846154 0.17427884615384615
0 0.5144230769230769 0.6911057692307693 0.1141826923076923 0.15865384615384615
0 0.36177884615384615 0.6814903846153846 0.1814903846153846 0.15865384615384615
0 0.03485576923076923 0.6658653846153846 0.06971153846153846 0.15384615384615385
0 0.16346153846153846 0.6670673076923077 0.18629807692307693 0.15144230769230768
0 0.4567307692307692 0.5552884615384616 0.171875 0.14423076923076922
0 0.2800480769230769 0.546875 0.17427884615384615 0.14423076923076922
0 0.0985576923076923 0.5324519230769231 0.17908653846153846 0.13581730769230768
0 0.006009615384615385 0.5288461538461539 0.01201923076923077 0.14423076923076922
0 0.3737980769230769 0.4483173076923077 0.16105769230769232 0.12860576923076922
0 0.5192307692307693 0.4387019230769231 0.10336538461538461 0.12379807692307693
0 0.2091346153846154 0.42908653846153844 0.16706730769230768 0.11658653846153846
0 0.06009615384615385 0.4206730769230769 0.1201923076923077 0.10096153846153846
0 0.984375 0.9627403846153846 0.026442307692307692 0.07451923076923077
0 0.9387019230769231 0.9627403846153846 0.06490384615384616 0.07451923076923077
0 0.8701923076923077 0.9603365384615384 0.06370192307692307 0.078125
0 0.8052884615384616 0.9603365384615384 0.06610576923076923 0.078125
0 0.6754807692307693 0.9603365384615384 0.06370192307692307 0.078125
0 0.7391826923076923 0.9579326923076923 0.06370192307692307 0.0829326923076923
0 0.9675480769230769 0.8918269230769231 0.06490384615384616 0.09134615384615384
0 0.9050480769230769 0.890625 0.06370192307692307 0.09134615384615384
0 0.8425480769230769 0.8882211538461539 0.06370192307692307 0.09375
0 0.7776442307692307 0.8846153846153846 0.06370192307692307 0.09375
0 0.6490384615384616 0.8822115384615384 0.06610576923076923 0.0889423076923077
0 0.7139423076923077 0.8810096153846154 0.06370192307692307 0.09375
0 0.9855769230769231 0.8137019230769231 0.027644230769230768 0.09134615384615384
0 0.9399038461538461 0.8137019230769231 0.06370192307692307 0.09134615384615384
0 0.8677884615384616 0.8004807692307693 0.06370192307692307 0.0889423076923077
0 0.6766826923076923 0.7992788461538461 0.06610576923076923 0.0889423076923077
0 0.8028846153846154 0.7980769230769231 0.06370192307692307 0.09134615384615384
0 0.7415865384615384 0.7944711538461539 0.06009615384615385 0.09134615384615384
0 0.9699519230769231 0.734375 0.06009615384615385 0.08533653846153846
0 0.9074519230769231 0.734375 0.06370192307692307 0.08533653846153846
0 0.8401442307692307 0.7211538461538461 0.06370192307692307 0.08533653846153846
0 0.7091346153846154 0.7199519230769231 0.06009615384615385 0.0829326923076923
0 0.7740384615384616 0.7175480769230769 0.06370192307692307 0.08533653846153846
0 0.9855769230769231 0.6634615384615384 0.027644230769230768 0.0829326923076923
0 0.9423076923076923 0.6634615384615384 0.06009615384615385 0.0829326923076923
0 0.8798076923076923 0.6586538461538461 0.057692307692307696 0.0829326923076923
0 0.8100961538461539 0.6466346153846154 0.06009615384615385 0.0829326923076923
0 0.7439903846153846 0.6466346153846154 0.06370192307692307 0.08052884615384616
0 0.9711538461538461 0.5913461538461539 0.057692307692307696 0.078125
0 0.9110576923076923 0.5913461538461539 0.057692307692307696 0.078125
0 0.8521634615384616 0.5901442307692307 0.06009615384615385 0.08052884615384616
0 0.78125 0.5769230769230769 0.06009615384615385 0.078125
0 0.9855769230769231 0.5252403846153846 0.027644230769230768 0.07572115384615384
0 0.9423076923076923 0.5228365384615384 0.055288461538461536 0.078125
0 0.8834134615384616 0.5216346153846154 0.057692307692307696 0.07572115384615384
0 0.8233173076923077 0.5192307692307693 0.057692307692307696 0.078125