0 0.43149038461538464 0.3473557692307692 0.1814903846153846 0.25841346153846156
0 0.06370192307692307 0.2932692307692308 0.12740384615384615 0.22596153846153846
0 0.2512019230769231 0.24519230769230768 0.1875 0.2512019230769231
0 0.5733173076923077 0.21394230769230768 0.09975961538461539 0.17668269230769232
0 0.7307692307692307 0.16826923076923078 0.16947115384615385 0.1875
0 0.6370192307692307 0.07091346153846154 0.17668269230769232 0.140625
0 0.8149038461538461 0.04447115384615385 0.1971153846153846 0.0889423076923077
0 0.3245192307692308 0.9747596153846154 0.17307692307692307 0.05048076923076923
0 0.15144230769230768 0.9651442307692307 0.16947115384615385 0.06971153846153846
0 0.42427884615384615 0.8798076923076923 0.17908653846153846 0.23317307692307693
0 0.06129807692307692 0.8725961538461539 0.12259615384615384 0.2127403846153846
0 0.25240384615384615 0.8545673076923077 0.16947115384615385 0.23317307692307693
0 0.47475961538461536 0.7043269230769231 0.09735576923076923 0.2127403846153846
0 0.13581730769230768 0.6983173076923077 0.16947115384615385 0.203125
0 0.3329326923076923 0.6935096153846154 0.15865384615384615 0.19230769230769232
0 0.02403846153846154 0.6923076923076923 0.04807692307692308 0.19230769230769232
0 0.8641826923076923 0.9855769230769231 0.08173076923076923 0.027644230769230768
0 0.7752403846153846 0.9723557692307693 0.07932692307692307 0.055288461538461536
0 0.7199519230769231 0.9675480769230769 0.056490384615384616 0.06370192307692307
0 0.6189903846153846 0.9543269230769231 0.07211538461538461 0.08413461538461539
0 0.6502403846153846 0.9086538461538461 0.07451923076923077 0.09014423076923077
0 0.8870192307692307 0.9050480769230769 0.08413461538461539 0.09735576923076923
0 0.7800480769230769 0.9002403846153846 0.07692307692307693 0.08774038461538461
0 0.640625 0.8509615384615384 0.07211538461538461 0.06971153846153846
0 0.8125 0.8461538461538461 0.08173076923076923 0.09254807692307693
0 0.5745192307692307 0.8257211538461539 0.06129807692307692 0.07692307692307693
0 0.7560096153846154 0.8076923076923077 0.07692307692307693 0.09254807692307693
0 0.5697115384615384 0.7572115384615384 0.06129807692307692 0.06129807692307692
0 0.6346153846153846 0.7548076923076923 0.06129807692307692 0.07932692307692307
0 0.9375 0.7319711538461539 0.07211538461538461 0.07692307692307693
0 0.7223557692307693 0.7163461538461539 0.07211538461538461 0.08774038461538461
0 0.8149038461538461 0.7079326923076923 0.07692307692307693 0.08774038461538461
0 0.9627403846153846 0.6923076923076923 0.07451923076923077 0.09254807692307693
0 0.5528846153846154 0.6887019230769231 0.05889423076923077 0.08413461538461539
0 0.8918269230769231 0.6430288461538461 0.07451923076923077 0.08774038461538461
0 0.6670673076923077 0.6322115384615384 0.06610576923076923 0.06971153846153846
0 0.5997596153846154 0.6310096153846154 0.06610576923076923 0.06610576923076923
0 0.5324519230769231 0.6201923076923077 0.018028846153846152 0.04567307692307692
0 0.9867788461538461 0.6213942307692307 0.025240384615384616 0.04927884615384615
0 0.6887019230769231 0.6983173076923077 0.06129807692307692 0.07451923076923077
0 0.8329326923076923 0.6310096153846154 0.06129807692307692 0.06610576923076923