0 0.4807692307692308 0.35216346153846156 0.1814903846153846 0.25841346153846156
0 0.09014423076923077 0.3004807692307692 0.17427884615384615 0.22596153846153846
0 0.3004807692307692 0.25 0.1875 0.2512019230769231
0 0.6213942307692307 0.21875 0.09975961538461539 0.17668269230769232
0 0.7800480769230769 0.17307692307692307 0.16947115384615385 0.1875
0 0.6862980769230769 0.0733173076923077 0.17668269230769232 0.1466346153846154
0 0.8653846153846154 0.046875 0.1971153846153846 0.09375
0 0.3737980769230769 0.9783653846153846 0.17427884615384615 0.04326923076923077
0 0.19951923076923078 0.9675480769230769 0.16947115384615385 0.06370192307692307
0 0.4723557692307692 0.8834134615384616 0.17908653846153846 0.23317307692307693
0 0.0889423076923077 0.8798076923076923 0.16706730769230768 0.2127403846153846
0 0.3016826923076923 0.8605769230769231 0.16947115384615385 0.23317307692307693
0 0.5228365384615384 0.7091346153846154 0.09735576923076923 0.2127403846153846
0 0.18509615384615385 0.7043269230769231 0.16947115384615385 0.203125
0 0.38221153846153844 0.6983173076923077 0.15865384615384615 0.19230769230769232
0 0.04927884615384615 0.6983173076923077 0.09735576923076923 0.19230769230769232
0 0.9122596153846154 0.9879807692307693 0.08173076923076923 0.02283653846153846
0 0.8233173076923077 0.9747596153846154 0.07932692307692307 0.05048076923076923
0 0.7692307692307693 0.9699519230769231 0.056490384615384616 0.05889423076923077
0 0.6670673076923077 0.9579326923076923 0.07211538461538461 0.08413461538461539
0 0.6983173076923077 0.9146634615384616 0.07451923076923077 0.09014423076923077
0 0.9362980769230769 0.9098557692307693 0.08413461538461539 0.09735576923076923
0 0.828125 0.9050480769230769 0.07692307692307693 0.08774038461538461
0 0.6899038461538461 0.8569711538461539 0.07211538461538461 0.06971153846153846
0 0.8617788461538461 0.8509615384615384 0.08173076923076923 0.09254807692307693
0 0.6225961538461539 0.8305288461538461 0.06129807692307692 0.07692307692307693
0 0.8052884615384616 0.8125 0.07692307692307693 0.09254807692307693
0 0.6177884615384616 0.7632211538461539 0.06129807692307692 0.06129807692307692
0 0.6838942307692307 0.7608173076923077 0.06129807692307692 0.07932692307692307
0 0.9735576923076923 0.7355769230769231 0.052884615384615384 0.07692307692307693
0 0.7704326923076923 0.7223557692307693 0.07211538461538461 0.08774038461538461
0 0.8641826923076923 0.7127403846153846 0.07692307692307693 0.08774038461538461
0 0.9867788461538461 0.6971153846153846 0.025240384615384616 0.09254807692307693
0 0.6009615384615384 0.6935096153846154 0.05889423076923077 0.08413461538461539
0 0.9411057692307693 0.6490384615384616 0.07451923076923077 0.08774038461538461
0 0.7151442307692307 0.6370192307692307 0.06610576923076923 0.06971153846153846
0 0.6490384615384616 0.6358173076923077 0.06610576923076923 0.06610576923076923
0 0.5805288461538461 0.6262019230769231 0.018028846153846152 0.04567307692307692
0 0.7367788461538461 0.7043269230769231 0.06129807692307692 0.07451923076923077
0 0.8822115384615384 0.6358173076923077 0.06129807692307692 0.06610576923076923