0 0.04326923076923077 0.010817307692307692 0.07692307692307693 0.021634615384615384
0 0.6814903846153846 0.22355769230769232 0.2932692307692308 0.2932692307692308
0 0.16466346153846154 0.8617788461538461 0.16466346153846154 0.2091346153846154
0 0.019230769230769232 0.8533653846153846 0.037259615384615384 0.2091346153846154
0 0.07091346153846154 0.7043269230769231 0.14182692307692307 0.2283653846153846
0 0.21153846153846154 0.6730769230769231 0.1346153846153846 0.20673076923076922
0 0.02403846153846154 0.5192307692307693 0.046875 0.22596153846153846
0 0.12860576923076922 0.4963942307692308 0.16466346153846154 0.22596153846153846
0 0.21875 0.40625 0.11899038461538461 0.07211538461538461
0 0.06370192307692307 0.4014423076923077 0.12740384615384615 0.0625
0 0.0673076923076923 0.9603365384615384 0.1346153846153846 0.07932692307692307
0 0.22716346153846154 0.9543269230769231 0.0985576923076923 0.09134615384615384
0 0.5396634615384616 0.8016826923076923 0.16466346153846154 0.28125
0 0.7764423076923077 0.7920673076923077 0.16466346153846154 0.28365384615384615
0 0.9891826923076923 0.5600961538461539 0.021634615384615384 0.27884615384615385
0 0.8257211538461539 0.9519230769230769 0.1658653846153846 0.09615384615384616
0 0.4170673076923077 0.5685096153846154 0.17427884615384615 0.2764423076923077
0 0.6081730769230769 0.5745192307692307 0.1622596153846154 0.27163461538461536
0 0.5504807692307693 0.4170673076923077 0.15144230769230768 0.09254807692307693
0 0.6875 0.4266826923076923 0.1466346153846154 0.11177884615384616
0 0.9014423076923077 0.4266826923076923 0.15144230769230768 0.11177884615384616
0 0.6081730769230769 0.9519230769230769 0.16346153846153846 0.09615384615384616
0 0.9879807692307693 0.8269230769230769 0.02403846153846154 0.25
0 0.4170673076923077 0.9507211538461539 0.1658653846153846 0.0985576923076923
0 0.3425480769230769 0.7980769230769231 0.12740384615384615 0.28365384615384615
0 0.8822115384615384 0.8161057692307693 0.109375 0.265625
0 0.31009615384615385 0.5444711538461539 0.0625 0.28846153846153844
0 0.7560096153846154 0.5661057692307693 0.14903846153846154 0.22355769230769232
0 0.9819711538461539 0.40865384615384615 0.036057692307692304 0.07692307692307693