0 0.4879807692307692 0.18269230769230768 0.11057692307692307 0.15625
0 0.6201923076923077 0.20793269230769232 0.13221153846153846 0.1778846153846154
0 0.2644230769230769 0.25961538461538464 0.0985576923076923 0.13701923076923078
0 0.39302884615384615 0.2776442307692308 0.11057692307692307 0.15144230769230768
0 0.21394230769230768 0.31850961538461536 0.0889423076923077 0.11778846153846154
0 0.6887019230769231 0.3629807692307692 0.12740384615384615 0.16826923076923078
0 0.5516826923076923 0.36658653846153844 0.125 0.16826923076923078
0 0.25721153846153844 0.44711538461538464 0.09134615384615384 0.13701923076923078
0 0.18870192307692307 0.4519230769230769 0.07451923076923077 0.10817307692307693
0 0.7716346153846154 0.4879807692307692 0.11778846153846154 0.1466346153846154
0 0.3401442307692308 0.49038461538461536 0.1201923076923077 0.15144230769230768
0 0.46033653846153844 0.53125 0.12740384615384615 0.16105769230769232
0 0.6225961538461539 0.5492788461538461 0.13221153846153846 0.1658653846153846
0 0.24639423076923078 0.5709134615384616 0.10096153846153846 0.1201923076923077
0 0.34615384615384615 0.5901442307692307 0.10817307692307693 0.10336538461538461
0 0.6887019230769231 0.6189903846153846 0.11778846153846154 0.14423076923076922
0 0.4387019230769231 0.7079326923076923 0.125 0.14903846153846154
0 0.5673076923076923 0.7355769230769231 0.13221153846153846 0.14903846153846154
0 0.6526442307692307 0.84375 0.125 0.13221153846153846