0 0.27163461538461536 0.5540865384615384 0.17908653846153846 0.18990384615384615
0 0.09254807692307693 0.6057692307692307 0.18389423076923078 0.08533653846153846
0 0.8737980769230769 0.07692307692307693 0.16706730769230768 0.15384615384615385
0 0.9735576923076923 0.0733173076923077 0.052884615384615384 0.1466346153846154
0 0.5697115384615384 0.0829326923076923 0.16826923076923078 0.1658653846153846
0 0.7259615384615384 0.08052884615384616 0.14903846153846154 0.16105769230769232
0 0.4567307692307692 0.0829326923076923 0.09134615384615384 0.1658653846153846
0 0.9723557692307693 0.25841346153846156 0.055288461538461536 0.24519230769230768
0 0.8725961538461539 0.25961538461538464 0.14903846153846154 0.21514423076923078
0 0.5769230769230769 0.27524038461538464 0.14423076923076922 0.22235576923076922
0 0.7199519230769231 0.2764423076923077 0.16706730769230768 0.24519230769230768
0 0.453125 0.2776442307692308 0.0829326923076923 0.24759615384615385
0 0.9747596153846154 0.4855769230769231 0.05048076923076923 0.2247596153846154
0 0.7271634615384616 0.4951923076923077 0.15144230769230768 0.22235576923076922
0 0.8786057692307693 0.4963942307692308 0.16706730769230768 0.2548076923076923
0 0.45552884615384615 0.5 0.0889423076923077 0.22716346153846154
0 0.5673076923076923 0.515625 0.16706730769230768 0.2548076923076923
0 0.8774038461538461 0.6262019230769231 0.15865384615384615 0.04567307692307692
0 0.578125 0.6310096153846154 0.15144230769230768 0.03485576923076923
0 0.03485576923076923 0.8473557692307693 0.06009615384615385 0.07572115384615384
0 0.020432692307692308 0.9110576923076923 0.040865384615384616 0.07572115384615384
0 0.007211538461538462 0.9675480769230769 0.014423076923076924 0.06490384615384616
0 0.016826923076923076 0.78125 0.03245192307692308 0.078125
0 0.0889423076923077 0.7139423076923077 0.06009615384615385 0.08052884615384616
0 0.23677884615384615 0.90625 0.057692307692307696 0.07572115384615384
0 0.2932692307692308 0.9050480769230769 0.057692307692307696 0.07572115384615384
0 0.1814903846153846 0.9074519230769231 0.057692307692307696 0.07572115384615384
0 0.3545673076923077 0.6646634615384616 0.06370192307692307 0.030048076923076924
0 0.3485576923076923 0.9038461538461539 0.057692307692307696 0.07572115384615384
0 0.23557692307692307 0.7776442307692307 0.06009615384615385 0.08052884615384616
0 0.14783653846153846 0.7139423076923077 0.06370192307692307 0.08052884615384616
0 0.20673076923076922 0.7115384615384616 0.06009615384615385 0.08052884615384616
0 0.265625 0.7103365384615384 0.06009615384615385 0.08052884615384616
0 0.125 0.9074519230769231 0.057692307692307696 0.0733173076923077
0 0.17548076923076922 0.6670673076923077 0.06370192307692307 0.03485576923076923
0 0.06971153846153846 0.9086538461538461 0.06009615384615385 0.07572115384615384
0 0.17908653846153846 0.7788461538461539 0.06009615384615385 0.078125
0 0.052884615384615384 0.6670673076923077 0.06610576923076923 0.03485576923076923
0 0.15144230769230768 0.8449519230769231 0.06009615384615385 0.078125
0 0.3954326923076923 0.7728365384615384 0.03245192307692308 0.08052884615384616
0 0.010817307692307692 0.6682692307692307 0.021634615384615384 0.038461538461538464
0 0.09495192307692307 0.8461538461538461 0.06009615384615385 0.078125
0 0.23317307692307693 0.6658653846153846 0.06370192307692307 0.03245192307692308
0 0.29447115384615385 0.6658653846153846 0.06370192307692307 0.03245192307692308
0 0.06129807692307692 0.78125 0.06009615384615385 0.078125
0 0.042067307692307696 0.9663461538461539 0.06009615384615385 0.0673076923076923
0 0.11538461538461539 0.6670673076923077 0.06370192307692307 0.03485576923076923
0 0.3245192307692308 0.7091346153846154 0.06009615384615385 0.0829326923076923
0 0.29086538461538464 0.9951923076923077 0.055288461538461536 0.009615384615384616
0 0.265625 0.8425480769230769 0.057692307692307696 0.078125
0 0.3786057692307692 0.8401442307692307 0.057692307692307696 0.078125
0 0.31971153846153844 0.9639423076923077 0.057692307692307696 0.07211538461538461
0 0.20793269230769232 0.84375 0.057692307692307696 0.07572115384615384
0 0.38100961538461536 0.7067307692307693 0.06009615384615385 0.08052884615384616
0 0.29447115384615385 0.7776442307692307 0.06009615384615385 0.08052884615384616
0 0.375 0.9627403846153846 0.057692307692307696 0.07451923076923077
0 0.1814903846153846 0.9951923076923077 0.055288461538461536 0.009615384615384616
0 0.32211538461538464 0.8425480769230769 0.06009615384615385 0.078125
0 0.0985576923076923 0.9651442307692307 0.057692307692307696 0.06971153846153846
0 0.15144230769230768 0.9651442307692307 0.057692307692307696 0.06971153846153846
0 0.2644230769230769 0.9639423076923077 0.057692307692307696 0.07211538461538461
0 0.20673076923076922 0.9639423076923077 0.057692307692307696 0.07211538461538461
0 0.35216346153846156 0.7764423076923077 0.06009615384615385 0.078125
0 0.23557692307692307 0.9951923076923077 0.057692307692307696 0.009615384615384616
0 0.34615384615384615 0.9951923076923077 0.055288461538461536 0.009615384615384616
0 0.39302884615384615 0.9002403846153846 0.038461538461538464 0.0733173076923077
0 0.030048076923076924 0.7139423076923077 0.06009615384615385 0.0829326923076923
0 0.1201923076923077 0.78125 0.06370192307692307 0.078125
0 0.390625 0.9927884615384616 0.040865384615384616 0.014423076923076924
0 0.49038461538461536 0.6923076923076923 0.10096153846153846 0.08533653846153846
0 0.5961538461538461 0.6911057692307693 0.10576923076923077 0.0829326923076923
0 0.8076923076923077 0.6959134615384616 0.09615384615384616 0.09375
0 0.7055288461538461 0.7007211538461539 0.10336538461538461 0.10336538461538461
0 0.9098557692307693 0.703125 0.10336538461538461 0.10817307692307693
0 0.9807692307692307 0.703125 0.038461538461538464 0.10817307692307693
0 0.6478365384615384 0.7896634615384616 0.10576923076923077 0.13942307692307693
0 0.5420673076923077 0.7896634615384616 0.10336538461538461 0.14423076923076922
0 0.9615384615384616 0.7896634615384616 0.07572115384615384 0.13341346153846154
0 0.4495192307692308 0.7896634615384616 0.07572115384615384 0.13341346153846154
0 0.7644230769230769 0.7980769230769231 0.09615384615384616 0.13341346153846154
0 0.8653846153846154 0.8028846153846154 0.10576923076923077 0.14182692307692307
0 0.7139423076923077 0.8930288461538461 0.11057692307692307 0.14903846153846154
0 0.49278846153846156 0.9050480769230769 0.10096153846153846 0.13341346153846154
0 0.5997596153846154 0.9050480769230769 0.11057692307692307 0.14903846153846154
0 0.421875 0.9098557692307693 0.020432692307692308 0.13942307692307693
0 0.8161057692307693 0.9254807692307693 0.10576923076923077 0.1466346153846154
0 0.9855769230769231 0.9254807692307693 0.027644230769230768 0.14423076923076922
0 0.9194711538461539 0.9278846153846154 0.10576923076923077 0.14423076923076922
0 0.45072115384615385 0.9735576923076923 0.078125 0.052884615384615384
0 0.5432692307692307 0.9795673076923077 0.10096153846153846 0.040865384615384616
0 0.6634615384615384 0.984375 0.1141826923076923 0.030048076923076924
0 0.9675480769230769 0.9879807692307693 0.06490384615384616 0.02403846153846154
0 0.8701923076923077 0.9891826923076923 0.10096153846153846 0.021634615384615384
0 0.7704326923076923 0.9891826923076923 0.0985576923076923 0.021634615384615384