0 0.4699519230769231 0.5805288461538461 0.09254807692307693 0.07692307692307693
0 0.2091346153846154 0.5625 0.125 0.1141826923076923
0 0.36177884615384615 0.5396634615384616 0.18028846153846154 0.15985576923076922
0 0.07572115384615384 0.5360576923076923 0.15144230769230768 0.16706730769230768
0 0.4735576923076923 0.4014423076923077 0.14903846153846154 0.23918269230769232
0 0.3449519230769231 0.38461538461538464 0.11177884615384616 0.17307692307692307
0 0.06370192307692307 0.3762019230769231 0.125 0.16706730769230768
0 0.21995192307692307 0.3581730769230769 0.1778846153846154 0.2608173076923077
0 0.007211538461538462 0.34615384615384615 0.013221153846153846 0.265625
0 0.4362980769230769 0.2127403846153846 0.11177884615384616 0.15384615384615385
0 0.5228365384615384 0.18269230769230768 0.05048076923076923 0.22115384615384615
0 0.30408653846153844 0.12980769230769232 0.16466346153846154 0.23677884615384615
0 0.04807692307692308 0.09254807692307693 0.09615384615384616 0.18509615384615385
0 0.1658653846153846 0.1622596153846154 0.12259615384615384 0.18870192307692307
0 0.9314903846153846 0.5528846153846154 0.13701923076923078 0.12980769230769232
0 0.5985576923076923 0.3894230769230769 0.10096153846153846 0.3485576923076923
0 0.8641826923076923 0.3473557692307692 0.20793269230769232 0.3088942307692308
0 0.33774038461538464 0.9350961538461539 0.17067307692307693 0.12980769230769232
0 0.18269230769230768 0.9146634615384616 0.15144230769230768 0.17067307692307693
0 0.42788461538461536 0.8125 0.1971153846153846 0.21033653846153846
0 0.2548076923076923 0.7836538461538461 0.16466346153846154 0.18629807692307693
0 0.10336538461538461 0.7524038461538461 0.13822115384615385 0.17548076923076922
0 0.015625 0.7127403846153846 0.03125 0.16105769230769232
0 0.33052884615384615 0.6754807692307693 0.18870192307692307 0.11177884615384616
0 0.16706730769230768 0.6610576923076923 0.15985576923076922 0.0829326923076923
0 0.6418269230769231 0.9819711538461539 0.19230769230769232 0.036057692307692304
0 0.7644230769230769 0.8100961538461539 0.4338942307692308 0.3798076923076923