0 0.6754807692307693 0.042067307692307696 0.14423076923076922 0.08413461538461539
0 0.5492788461538461 0.08774038461538461 0.13701923076923078 0.17548076923076922
0 0.47596153846153844 0.20432692307692307 0.12740384615384615 0.09735576923076923
0 0.4735576923076923 0.027644230769230768 0.14302884615384615 0.055288461538461536
0 0.4182692307692308 0.13942307692307693 0.09735576923076923 0.20552884615384615
0 0.11298076923076923 0.8293269230769231 0.16466346153846154 0.2848557692307692
0 0.23317307692307693 0.35216346153846156 0.1778846153846154 0.19951923076923078
0 0.23677884615384615 0.59375 0.17548076923076922 0.2776442307692308
0 0.0625 0.5985576923076923 0.125 0.27283653846153844
0 0.0985576923076923 0.3701923076923077 0.15264423076923078 0.23557692307692307
0 0.018028846153846152 0.3798076923076923 0.03485576923076923 0.2548076923076923
0 0.06129807692307692 0.9663461538461539 0.12259615384615384 0.0673076923076923
0 0.23557692307692307 0.9651442307692307 0.16466346153846154 0.06971153846153846
0 0.3076923076923077 0.8245192307692307 0.125 0.2848557692307692
0 0.34134615384615385 0.5697115384615384 0.057692307692307696 0.28966346153846156
0 0.3401442307692308 0.33413461538461536 0.06009615384615385 0.1622596153846154
0 0.875 0.6165865384615384 0.13221153846153846 0.23197115384615385
0 0.5961538461538461 0.5745192307692307 0.1201923076923077 0.22235576923076922
0 0.4795673076923077 0.5528846153846154 0.11538461538461539 0.21754807692307693
0 0.3870192307692308 0.5396634615384616 0.03485576923076923 0.21514423076923078
0 0.7908653846153846 0.42908653846153844 0.13221153846153846 0.22716346153846154
0 0.9783653846153846 0.40024038461538464 0.042067307692307696 0.17548076923076922
0 0.6694711538461539 0.3870192307692308 0.11778846153846154 0.22716346153846154
0 0.5637019230769231 0.3629807692307692 0.11057692307692307 0.21754807692307693
0 0.4495192307692308 0.3545673076923077 0.11057692307692307 0.20552884615384615
0 0.9663461538461539 0.2860576923076923 0.0673076923076923 0.0673076923076923
0 0.7800480769230769 0.2860576923076923 0.1045673076923077 0.0673076923076923
0 0.6923076923076923 0.2776442307692308 0.09014423076923077 0.05048076923076923