0 0.38100961538461536 0.3581730769230769 0.04447115384615385 0.1935096153846154
0 0.13221153846153846 0.35096153846153844 0.1201923076923077 0.1935096153846154
0 0.27403846153846156 0.34375 0.18269230769230768 0.2668269230769231
0 0.036057692307692304 0.34134615384615385 0.07211538461538461 0.2644230769230769
0 0.2776442307692308 0.1346153846153846 0.12259615384615384 0.16466346153846154
0 0.028846153846153848 0.13341346153846154 0.057692307692307696 0.16706730769230768
0 0.3713942307692308 0.12139423076923077 0.06009615384615385 0.24278846153846154
0 0.13701923076923078 0.11778846153846154 0.18028846153846154 0.23557692307692307
0 0.9579326923076923 0.5108173076923077 0.08413461538461539 0.042067307692307696
0 0.46634615384615385 0.5144230769230769 0.12620192307692307 0.03365384615384615
0 0.5949519230769231 0.5108173076923077 0.12860576923076922 0.042067307692307696
0 0.7259615384615384 0.5084134615384616 0.12860576923076922 0.046875
0 0.4411057692307692 0.45552884615384615 0.07572115384615384 0.09975961538461539
0 0.5480769230769231 0.45072115384615385 0.1310096153846154 0.09735576923076923
0 0.6802884615384616 0.44591346153846156 0.12860576923076922 0.09735576923076923
0 0.9555288461538461 0.42788461538461536 0.0889423076923077 0.12259615384615384
0 0.4639423076923077 0.3629807692307692 0.1201923076923077 0.09735576923076923
0 0.5913461538461539 0.35697115384615385 0.12860576923076922 0.09375
0 0.7211538461538461 0.35336538461538464 0.12620192307692307 0.09134615384615384
0 0.953125 0.3112980769230769 0.09375 0.109375
0 0.44471153846153844 0.27283653846153844 0.08413461538461539 0.09375
0 0.5504807692307693 0.2704326923076923 0.12620192307692307 0.09134615384615384
0 0.6778846153846154 0.26802884615384615 0.12620192307692307 0.09375
0 0.9483173076923077 0.19951923076923078 0.10336538461538461 0.10576923076923077
0 0.46634615384615385 0.18509615384615385 0.12620192307692307 0.09134615384615384
0 0.5913461538461539 0.18269230769230768 0.12259615384615384 0.09134615384615384
0 0.7175480769230769 0.18028846153846154 0.1201923076923077 0.0889423076923077
0 0.44471153846153844 0.10216346153846154 0.08413461538461539 0.0889423076923077
0 0.5456730769230769 0.09735576923076923 0.12259615384615384 0.08653846153846154
0 0.6706730769230769 0.09495192307692307 0.12259615384615384 0.0889423076923077
0 0.9459134615384616 0.09134615384615384 0.10697115384615384 0.1045673076923077
0 0.4699519230769231 0.03125 0.12259615384615384 0.0625
0 0.5913461538461539 0.030048076923076924 0.1201923076923077 0.06009615384615385
0 0.7103365384615384 0.027644230769230768 0.11778846153846154 0.055288461538461536
0 0.9423076923076923 0.018028846153846152 0.11538461538461539 0.036057692307692304
0 0.30408653846153844 0.9627403846153846 0.0985576923076923 0.07451923076923077
0 0.04567307692307692 0.9110576923076923 0.08173076923076923 0.12259615384615384
0 0.3581730769230769 0.8762019230769231 0.0889423076923077 0.14903846153846154
0 0.2536057692307692 0.8665865384615384 0.09735576923076923 0.14423076923076922
0 0.08774038461538461 0.8317307692307693 0.09735576923076923 0.14423076923076922
0 0.018028846153846152 0.8100961538461539 0.036057692307692304 0.14903846153846154
0 0.38341346153846156 0.7560096153846154 0.039663461538461536 0.1466346153846154
0 0.3173076923076923 0.7415865384615384 0.09375 0.14423076923076922
0 0.21995192307692307 0.7163461538461539 0.09375 0.1466346153846154
0 0.12379807692307693 0.703125 0.09375 0.1466346153846154
0 0.036057692307692304 0.6814903846153846 0.07211538461538461 0.1466346153846154
0 0.43990384615384615 0.9759615384615384 0.052884615384615384 0.046875
0 0.49399038461538464 0.9759615384615384 0.055288461538461536 0.046875
0 0.5480769230769231 0.9759615384615384 0.055288461538461536 0.046875
0 0.6033653846153846 0.9759615384615384 0.055288461538461536 0.046875
0 0.6574519230769231 0.9759615384615384 0.052884615384615384 0.046875
0 0.9951923076923077 0.9747596153846154 0.009615384615384616 0.04567307692307692
0 0.7079326923076923 0.9747596153846154 0.04927884615384615 0.04927884615384615
0 0.7608173076923077 0.9747596153846154 0.04927884615384615 0.04927884615384615
0 0.8125 0.9747596153846154 0.04927884615384615 0.04927884615384615
0 0.9158653846153846 0.9747596153846154 0.052884615384615384 0.04927884615384615
0 0.9675480769230769 0.9747596153846154 0.04927884615384615 0.04927884615384615
0 0.8641826923076923 0.9735576923076923 0.052884615384615384 0.052884615384615384
0 0.421875 0.9290865384615384 0.036057692307692304 0.0733173076923077
0 0.6310096153846154 0.9278846153846154 0.052884615384615384 0.0733173076923077
0 0.4675480769230769 0.9278846153846154 0.052884615384615384 0.07572115384615384
0 0.5769230769230769 0.9278846153846154 0.055288461538461536 0.07572115384615384
0 0.5228365384615384 0.9278846153846154 0.055288461538461536 0.07572115384615384
0 0.6850961538461539 0.9266826923076923 0.052884615384615384 0.07091346153846154
0 0.7355769230769231 0.9266826923076923 0.052884615384615384 0.07091346153846154
0 0.7860576923076923 0.9266826923076923 0.052884615384615384 0.07091346153846154
0 0.9423076923076923 0.9266826923076923 0.052884615384615384 0.07091346153846154
0 0.984375 0.9254807692307693 0.03125 0.07091346153846154
0 0.890625 0.9254807692307693 0.052884615384615384 0.07091346153846154
0 0.8389423076923077 0.9254807692307693 0.052884615384615384 0.07091346153846154
0 0.4098557692307692 0.8677884615384616 0.013221153846153846 0.07091346153846154
0 0.9951923076923077 0.8653846153846154 0.009615384615384616 0.0673076923076923
0 0.9158653846153846 0.8665865384615384 0.052884615384615384 0.07091346153846154
0 0.4423076923076923 0.8665865384615384 0.04927884615384615 0.0733173076923077
0 0.9675480769230769 0.8665865384615384 0.052884615384615384 0.07091346153846154
0 0.6045673076923077 0.8665865384615384 0.055288461538461536 0.07572115384615384
0 0.8653846153846154 0.8653846153846154 0.04927884615384615 0.07091346153846154
0 0.7620192307692307 0.8653846153846154 0.052884615384615384 0.0733173076923077
0 0.8137019230769231 0.8653846153846154 0.052884615384615384 0.07091346153846154
0 0.5480769230769231 0.8653846153846154 0.057692307692307696 0.0733173076923077
0 0.6574519230769231 0.8653846153846154 0.052884615384615384 0.07572115384615384
0 0.7091346153846154 0.8641826923076923 0.052884615384615384 0.0733173076923077
0 0.49038461538461536 0.8641826923076923 0.057692307692307696 0.07572115384615384
0 0.9831730769230769 0.8076923076923077 0.03365384615384615 0.07091346153846154
0 0.9423076923076923 0.8064903846153846 0.052884615384615384 0.0733173076923077
0 0.890625 0.8052884615384616 0.052884615384615384 0.07572115384615384
0 0.8389423076923077 0.8040865384615384 0.052884615384615384 0.0733173076923077
0 0.7860576923076923 0.8040865384615384 0.04927884615384615 0.07572115384615384
0 0.5180288461538461 0.8028846153846154 0.055288461538461536 0.07572115384615384
0 0.7355769230769231 0.8028846153846154 0.055288461538461536 0.07572115384615384
0 0.5721153846153846 0.8004807692307693 0.055288461538461536 0.07572115384615384
0 0.6814903846153846 0.8004807692307693 0.055288461538461536 0.07572115384615384
0 0.4182692307692308 0.7992788461538461 0.03125 0.07572115384615384
0 0.6274038461538461 0.7992788461538461 0.055288461538461536 0.078125
0 0.46033653846153844 0.7980769230769231 0.055288461538461536 0.07572115384615384
0 0.9951923076923077 0.7487980769230769 0.009615384615384616 0.06971153846153846
0 0.96875 0.7475961538461539 0.052884615384615384 0.07091346153846154
0 0.9170673076923077 0.7463942307692307 0.04927884615384615 0.07091346153846154
0 0.8665865384615384 0.7403846153846154 0.052884615384615384 0.07572115384615384
0 0.5985576923076923 0.7391826923076923 0.052884615384615384 0.07091346153846154
0 0.5432692307692307 0.7379807692307693 0.055288461538461536 0.0733173076923077
0 0.7067307692307693 0.7379807692307693 0.052884615384615384 0.0733173076923077
0 0.4891826923076923 0.7379807692307693 0.055288461538461536 0.0733173076923077
0 0.8137019230769231 0.7367788461538461 0.052884615384615384 0.07572115384615384
0 0.7608173076923077 0.7367788461538461 0.052884615384615384 0.0733173076923077
0 0.4362980769230769 0.7367788461538461 0.055288461538461536 0.07091346153846154
0 0.6502403846153846 0.7331730769230769 0.055288461538461536 0.07572115384615384