0 0.25 0.19230769230769232 0.23197115384615385 0.38461538461538464
0 0.4026442307692308 0.23677884615384615 0.18509615384615385 0.4735576923076923
0 0.4074519230769231 0.9579326923076923 0.12259615384615384 0.08413461538461539
0 0.15504807692307693 0.9579326923076923 0.11298076923076923 0.08413461538461539
0 0.2668269230769231 0.9639423076923077 0.14182692307692307 0.07211538461538461
0 0.2548076923076923 0.5036057692307693 0.14423076923076922 0.038461538461538464
0 0.3942307692307692 0.5096153846153846 0.11298076923076923 0.04927884615384615
0 0.1502403846153846 0.5108173076923077 0.11057692307692307 0.051682692307692304
0 0.06971153846153846 0.5637019230769231 0.13942307692307693 0.12139423076923077
0 0.3329326923076923 0.5661057692307693 0.14182692307692307 0.12139423076923077
0 0.4483173076923077 0.5709134615384616 0.09254807692307693 0.10096153846153846
0 0.21514423076923078 0.5721153846153846 0.10817307692307693 0.09254807692307693
0 0.46634615384615385 0.6622596153846154 0.056490384615384616 0.11899038461538461
0 0.25240384615384615 0.6622596153846154 0.1466346153846154 0.11899038461538461
0 0.140625 0.6634615384615384 0.10336538461538461 0.10096153846153846
0 0.38461538461538464 0.6670673076923077 0.11057692307692307 0.10336538461538461
0 0.20793269230769232 0.7536057692307693 0.11057692307692307 0.09735576923076923
0 0.44350961538461536 0.7536057692307693 0.10336538461538461 0.10096153846153846
0 0.0673076923076923 0.7560096153846154 0.1346153846153846 0.12139423076923077
0 0.32211538461538464 0.7644230769230769 0.14182692307692307 0.11899038461538461
0 0.23076923076923078 0.8725961538461539 0.12139423076923077 0.10576923076923077
0 0.4579326923076923 0.8737980769230769 0.07451923076923077 0.09735576923076923
0 0.35336538461538464 0.8894230769230769 0.1466346153846154 0.12139423076923077
0 0.0733173076923077 0.8954326923076923 0.1466346153846154 0.12620192307692307
0 0.7872596153846154 0.546875 0.21875 0.12379807692307693
0 0.5408653846153846 0.7151442307692307 0.09254807692307693 0.2091346153846154