0 0.25721153846153844 0.2800480769230769 0.23798076923076922 0.34375
0 0.09735576923076923 0.234375 0.19471153846153846 0.43509615384615385
0 0.5661057692307693 0.2704326923076923 0.07932692307692307 0.36538461538461536
0 0.8894230769230769 0.25841346153846156 0.037259615384615384 0.042067307692307696
0 0.8497596153846154 0.25721153846153844 0.037259615384615384 0.04807692307692308
0 0.9290865384615384 0.25240384615384615 0.039663461538461536 0.05048076923076923
0 0.9927884615384616 0.24759615384615385 0.013221153846153846 0.055288461538461536
0 0.9663461538461539 0.24759615384615385 0.037259615384615384 0.055288461538461536
0 0.7127403846153846 0.234375 0.042067307692307696 0.057692307692307696
0 0.671875 0.23197115384615385 0.039663461538461536 0.057692307692307696
0 0.6322115384615384 0.22716346153846154 0.037259615384615384 0.06129807692307692
0 0.7355769230769231 0.18870192307692307 0.039663461538461536 0.055288461538461536
0 0.6935096153846154 0.18269230769230768 0.042067307692307696 0.057692307692307696
0 0.6538461538461539 0.17908653846153846 0.037259615384615384 0.057692307692307696
0 0.6201923076923077 0.17307692307692307 0.028846153846153848 0.055288461538461536
0 0.7151442307692307 0.13581730769230768 0.039663461538461536 0.055288461538461536
0 0.6742788461538461 0.1310096153846154 0.039663461538461536 0.04447115384615385
0 0.9098557692307693 0.4026442307692308 0.037259615384615384 0.057692307692307696
0 0.8701923076923077 0.4026442307692308 0.037259615384615384 0.055288461538461536
0 0.8317307692307693 0.40024038461538464 0.037259615384615384 0.06129807692307692
0 0.9495192307692307 0.39903846153846156 0.037259615384615384 0.057692307692307696
0 0.984375 0.39783653846153844 0.03125 0.055288461538461536
0 0.7259615384615384 0.3894230769230769 0.039663461538461536 0.06129807692307692
0 0.6850961538461539 0.3870192307692308 0.039663461538461536 0.057692307692307696
0 0.9290865384615384 0.35096153846153844 0.039663461538461536 0.055288461538461536
0 0.8509615384615384 0.35096153846153844 0.037259615384615384 0.055288461538461536
0 0.8894230769230769 0.34975961538461536 0.037259615384615384 0.057692307692307696
0 0.9927884615384616 0.34615384615384615 0.013221153846153846 0.057692307692307696
0 0.96875 0.3473557692307692 0.039663461538461536 0.057692307692307696
0 0.7079326923076923 0.33413461538461536 0.042067307692307696 0.057692307692307696
0 0.6682692307692307 0.3317307692307692 0.039663461538461536 0.06129807692307692
0 0.8293269230769231 0.3016826923076923 0.037259615384615384 0.057692307692307696
0 0.8689903846153846 0.3004807692307692 0.039663461538461536 0.055288461538461536
0 0.9086538461538461 0.29927884615384615 0.037259615384615384 0.055288461538461536
0 0.9471153846153846 0.29927884615384615 0.039663461538461536 0.057692307692307696
0 0.984375 0.29447115384615385 0.03125 0.055288461538461536
0 0.7319711538461539 0.28846153846153844 0.039663461538461536 0.06129807692307692
0 0.6887019230769231 0.28365384615384615 0.039663461538461536 0.055288461538461536
0 0.6490384615384616 0.28125 0.039663461538461536 0.052884615384615384
0 0.7403846153846154 0.08774038461538461 0.042067307692307696 0.06610576923076923
0 0.039663461538461536 0.8798076923076923 0.07932692307692307 0.2403846153846154
0 0.1935096153846154 0.8713942307692307 0.19591346153846154 0.25721153846153844
0 0.3858173076923077 0.8617788461538461 0.1658653846153846 0.2764423076923077
0 0.5396634615384616 0.8497596153846154 0.13221153846153846 0.3004807692307692
0 0.08173076923076923 0.6105769230769231 0.16346153846153846 0.3173076923076923
0 0.2764423076923077 0.5973557692307693 0.18269230769230768 0.29086538461538464
0 0.4375 0.5889423076923077 0.16105769230769232 0.27283653846153844
0 0.5685096153846154 0.5841346153846154 0.07451923076923077 0.2644230769230769
0 0.7872596153846154 0.7007211538461539 0.21995192307692307 0.2860576923076923
0 0.6310096153846154 0.6850961538461539 0.05048076923076923 0.3329326923076923
0 0.6923076923076923 0.5120192307692307 0.171875 0.11899038461538461
0 0.8966346153846154 0.5120192307692307 0.20673076923076922 0.11899038461538461