0 0.27403846153846156 0.3137019230769231 0.22355769230769232 0.3233173076923077
0 0.10817307692307693 0.27163461538461536 0.21634615384615385 0.4074519230769231
0 0.5649038461538461 0.30288461538461536 0.07451923076923077 0.34375
0 0.8677884615384616 0.2920673076923077 0.03485576923076923 0.039663461538461536
0 0.8305288461538461 0.29086538461538464 0.03485576923076923 0.04447115384615385
0 0.9050480769230769 0.28725961538461536 0.037259615384615384 0.046875
0 0.9783653846153846 0.28365384615384615 0.037259615384615384 0.051682692307692304
0 0.9411057692307693 0.2824519230769231 0.03485576923076923 0.051682692307692304
0 0.703125 0.2704326923076923 0.039663461538461536 0.055288461538461536
0 0.6646634615384616 0.2668269230769231 0.037259615384615384 0.055288461538461536
0 0.6274038461538461 0.26322115384615385 0.03485576923076923 0.057692307692307696
0 0.7235576923076923 0.22716346153846154 0.037259615384615384 0.051682692307692304
0 0.6838942307692307 0.22115384615384615 0.039663461538461536 0.055288461538461536
0 0.6466346153846154 0.21754807692307693 0.03485576923076923 0.055288461538461536
0 0.6153846153846154 0.2127403846153846 0.027644230769230768 0.051682692307692304
0 0.7055288461538461 0.1778846153846154 0.037259615384615384 0.051682692307692304
0 0.6670673076923077 0.17307692307692307 0.037259615384615384 0.042067307692307696
0 0.8882211538461539 0.42788461538461536 0.03485576923076923 0.055288461538461536
0 0.8509615384615384 0.42788461538461536 0.03485576923076923 0.051682692307692304
0 0.8149038461538461 0.4266826923076923 0.03485576923076923 0.057692307692307696
0 0.9254807692307693 0.4254807692307692 0.03485576923076923 0.055288461538461536
0 0.9615384615384616 0.42427884615384615 0.03485576923076923 0.051682692307692304
0 0.9915865384615384 0.41947115384615385 0.016826923076923076 0.057692307692307696
0 0.7151442307692307 0.41586538461538464 0.037259615384615384 0.057692307692307696
0 0.6766826923076923 0.41466346153846156 0.037259615384615384 0.055288461538461536
0 0.9050480769230769 0.3798076923076923 0.037259615384615384 0.051682692307692304
0 0.8317307692307693 0.3798076923076923 0.03485576923076923 0.051682692307692304
0 0.8677884615384616 0.3786057692307692 0.03485576923076923 0.055288461538461536
0 0.9783653846153846 0.37740384615384615 0.037259615384615384 0.055288461538461536
0 0.9423076923076923 0.37740384615384615 0.037259615384615384 0.055288461538461536
0 0.6983173076923077 0.3641826923076923 0.039663461538461536 0.055288461538461536
0 0.6598557692307693 0.36177884615384615 0.037259615384615384 0.057692307692307696
0 0.8125 0.3329326923076923 0.03485576923076923 0.055288461538461536
0 0.8497596153846154 0.3317307692307692 0.037259615384615384 0.051682692307692304
0 0.8870192307692307 0.33052884615384615 0.03485576923076923 0.051682692307692304
0 0.9915865384615384 0.3293269230769231 0.016826923076923076 0.051682692307692304
0 0.9230769230769231 0.33052884615384615 0.037259615384615384 0.055288461538461536
0 0.9615384615384616 0.328125 0.03485576923076923 0.051682692307692304
0 0.7199519230769231 0.32091346153846156 0.037259615384615384 0.057692307692307696
0 0.6802884615384616 0.3161057692307692 0.037259615384615384 0.051682692307692304
0 0.6430288461538461 0.31490384615384615 0.037259615384615384 0.04927884615384615
0 0.9891826923076923 0.24158653846153846 0.021634615384615384 0.040865384615384616
0 0.7283653846153846 0.13221153846153846 0.039663461538461536 0.0625
0 0.052884615384615384 0.8810096153846154 0.10576923076923077 0.23798076923076922
0 0.21394230769230768 0.8737980769230769 0.18389423076923078 0.2512019230769231
0 0.39663461538461536 0.8653846153846154 0.15625 0.2692307692307692
0 0.5396634615384616 0.8545673076923077 0.12379807692307693 0.29086538461538464
0 0.09375 0.6237980769230769 0.18629807692307693 0.2980769230769231
0 0.2920673076923077 0.6117788461538461 0.171875 0.27403846153846156
0 0.44350961538461536 0.6033653846153846 0.15144230769230768 0.25600961538461536
0 0.5673076923076923 0.5997596153846154 0.06971153846153846 0.24879807692307693
0 0.7728365384615384 0.7091346153846154 0.20673076923076922 0.2692307692307692
0 0.6262019230769231 0.6935096153846154 0.046875 0.3137019230769231
0 0.6826923076923077 0.53125 0.1622596153846154 0.11177884615384616
0 0.8894230769230769 0.53125 0.22115384615384615 0.11177884615384616