0 0.11298076923076923 0.21634615384615385 0.22115384615384615 0.4326923076923077
0 0.7560096153846154 0.3605769230769231 0.11778846153846154 0.09495192307692307
0 0.9747596153846154 0.3605769230769231 0.05048076923076923 0.0985576923076923
0 0.6502403846153846 0.3786057692307692 0.09014423076923077 0.11778846153846154
0 0.8942307692307693 0.38100961538461536 0.13822115384615385 0.11778846153846154
0 0.6935096153846154 0.4423076923076923 0.11538461538461539 0.10096153846153846
0 0.9387019230769231 0.4483173076923077 0.11778846153846154 0.09254807692307693
0 0.8149038461538461 0.4795673076923077 0.14302884615384615 0.11778846153846154
0 0.7560096153846154 0.515625 0.11538461538461539 0.06009615384615385
0 0.9735576923076923 0.5168269230769231 0.052884615384615384 0.057692307692307696
0 0.8954326923076923 0.5324519230769231 0.14302884615384615 0.025240384615384616
0 0.8293269230769231 0.013221153846153846 0.13942307692307693 0.026442307692307692
0 0.7055288461538461 0.010817307692307692 0.11298076923076923 0.021634615384615384
0 0.9447115384615384 0.009615384615384616 0.10576923076923077 0.019230769230769232
0 0.6670673076923077 0.0625 0.12259615384615384 0.11538461538461539
0 0.9098557692307693 0.0625 0.14302884615384615 0.11538461538461539
0 0.9831730769230769 0.06370192307692307 0.03245192307692308 0.0985576923076923
0 0.78125 0.0673076923076923 0.10817307692307693 0.10096153846153846
0 0.9495192307692307 0.1502403846153846 0.10096153846153846 0.09495192307692307
0 0.7175480769230769 0.15384615384615385 0.11057692307692307 0.0985576923076923
0 0.6334134615384616 0.16105769230769232 0.055288461538461536 0.11538461538461539
0 0.8413461538461539 0.1622596153846154 0.13822115384615385 0.11538461538461539
0 0.9314903846153846 0.26802884615384615 0.11778846153846154 0.10336538461538461
0 0.6887019230769231 0.2704326923076923 0.11538461538461539 0.09495192307692307
0 0.8112980769230769 0.28365384615384615 0.14302884615384615 0.11778846153846154
0 0.038461538461538464 0.7463942307692307 0.057692307692307696 0.09014423076923077
0 0.09014423076923077 0.7487980769230769 0.06009615384615385 0.0985576923076923
0 0.21754807692307693 0.7512019230769231 0.06490384615384616 0.10096153846153846
0 0.4206730769230769 0.7536057692307693 0.0673076923076923 0.10576923076923077
0 0.28846153846153844 0.7536057692307693 0.07091346153846154 0.10576923076923077
0 0.49158653846153844 0.7548076923076923 0.07091346153846154 0.10817307692307693
0 0.013221153846153846 0.8269230769230769 0.026442307692307692 0.10096153846153846
0 0.051682692307692304 0.8341346153846154 0.06490384615384616 0.10336538461538461
0 0.11778846153846154 0.8365384615384616 0.06490384615384616 0.10336538461538461
0 0.18269230769230768 0.8389423076923077 0.06490384615384616 0.10817307692307693
0 0.2512019230769231 0.8425480769230769 0.0673076923076923 0.10817307692307693
0 0.3173076923076923 0.8425480769230769 0.06490384615384616 0.10817307692307693
0 0.38461538461538464 0.8449519230769231 0.07091346153846154 0.11057692307692307
0 0.5264423076923077 0.8449519230769231 0.06490384615384616 0.10336538461538461
0 0.5841346153846154 0.8449519230769231 0.04326923076923077 0.10817307692307693
0 0.4567307692307692 0.8461538461538461 0.07091346153846154 0.11057692307692307
0 1 0.5452261298076923 0.7666125817307693 0.5452261298076923 0.6210783677884616 0.5638190961538462 0.6055276370192307 0.5843094639423076 0.6055276370192307 0.6863295528846154 1 0.621234110576923 1 0.5452261298076923