0 0.10697115384615384 0.21394230769230768 0.21394230769230768 0.42788461538461536
0 0.7415865384615384 0.35697115384615385 0.11658653846153846 0.09495192307692307
0 0.9663461538461539 0.35697115384615385 0.0673076923076923 0.09735576923076923
0 0.6370192307692307 0.3737980769230769 0.09014423076923077 0.11658653846153846
0 0.8786057692307693 0.37740384615384615 0.13701923076923078 0.11658653846153846
0 0.6790865384615384 0.4375 0.1141826923076923 0.09975961538461539
0 0.921875 0.44350961538461536 0.11658653846153846 0.09254807692307693
0 0.7992788461538461 0.47475961538461536 0.14182692307692307 0.11658653846153846
0 0.7415865384615384 0.5096153846153846 0.1141826923076923 0.06009615384615385
0 0.9651442307692307 0.5108173076923077 0.06971153846153846 0.057692307692307696
0 0.8798076923076923 0.5276442307692307 0.14182692307692307 0.025240384615384616
0 0.8137019230769231 0.013221153846153846 0.13701923076923078 0.026442307692307692
0 0.6911057692307693 0.010817307692307692 0.11298076923076923 0.021634615384615384
0 0.9266826923076923 0.009615384615384616 0.10336538461538461 0.019230769230769232
0 0.6526442307692307 0.0625 0.12139423076923077 0.1141826923076923
0 0.8930288461538461 0.0625 0.14182692307692307 0.1141826923076923
0 0.9747596153846154 0.06370192307692307 0.04927884615384615 0.09735576923076923
0 0.765625 0.0673076923076923 0.10697115384615384 0.09975961538461539
0 0.9362980769230769 0.1502403846153846 0.10697115384615384 0.09495192307692307
0 0.703125 0.15144230769230768 0.109375 0.09735576923076923
0 0.6189903846153846 0.15865384615384615 0.055288461538461536 0.1141826923076923
0 0.8257211538461539 0.15985576923076922 0.13701923076923078 0.1141826923076923
0 0.9146634615384616 0.2644230769230769 0.11658653846153846 0.10216346153846154
0 0.6742788461538461 0.2668269230769231 0.1141826923076923 0.09495192307692307
0 0.7956730769230769 0.28125 0.14182692307692307 0.11658653846153846
0 0.03125 0.7391826923076923 0.057692307692307696 0.09014423076923077
0 0.08173076923076923 0.7415865384615384 0.06009615384615385 0.09735576923076923
0 0.20793269230769232 0.7439903846153846 0.06490384615384616 0.09975961538461539
0 0.40865384615384615 0.7463942307692307 0.0673076923076923 0.1045673076923077
0 0.27884615384615385 0.7463942307692307 0.06971153846153846 0.1045673076923077
0 0.47836538461538464 0.7475961538461539 0.06971153846153846 0.10697115384615384
0 0.009615384615384616 0.8173076923076923 0.019230769230769232 0.10096153846153846
0 0.04326923076923077 0.8257211538461539 0.06490384615384616 0.10216346153846154
0 0.109375 0.828125 0.06490384615384616 0.10216346153846154
0 0.17307692307692307 0.8305288461538461 0.06490384615384616 0.10697115384615384
0 0.24158653846153846 0.8341346153846154 0.0673076923076923 0.10697115384615384
0 0.3076923076923077 0.8341346153846154 0.06490384615384616 0.10697115384615384
0 0.37259615384615385 0.8365384615384616 0.06971153846153846 0.109375
0 0.5132211538461539 0.8365384615384616 0.06490384615384616 0.10216346153846154
0 0.5709134615384616 0.8365384615384616 0.042067307692307696 0.10697115384615384
0 0.44471153846153844 0.8377403846153846 0.06971153846153846 0.109375
0 1 0.5398009951923076 0.7515219110576923 0.5398009951923076 0.6074357956730769 0.5582089543269231 0.5920398004807692 0.5784954399038461 0.5920398004807692 0.6795004038461538 1 0.6121792115384616 1 0.5398009951923076