0 0.25961538461538464 0.20192307692307693 0.22716346153846154 0.40384615384615385
0 0.40865384615384615 0.24639423076923078 0.1814903846153846 0.49278846153846156
0 0.41466346153846156 0.9627403846153846 0.11778846153846154 0.07451923076923077
0 0.1658653846153846 0.9627403846153846 0.11057692307692307 0.07451923076923077
0 0.2764423076923077 0.9675480769230769 0.13942307692307693 0.06490384615384616
0 0.265625 0.5216346153846154 0.14182692307692307 0.038461538461538464
0 0.4014423076923077 0.5264423076923077 0.11057692307692307 0.04807692307692308
0 0.16346153846153846 0.5276442307692307 0.10817307692307693 0.05048076923076923
0 0.07932692307692307 0.5793269230769231 0.14423076923076922 0.11899038461538461
0 0.34134615384615385 0.5817307692307693 0.13942307692307693 0.11899038461538461
0 0.4543269230769231 0.5865384615384616 0.09134615384615384 0.0985576923076923
0 0.22596153846153846 0.5889423076923077 0.10576923076923077 0.09134615384615384
0 0.4723557692307692 0.6766826923076923 0.055288461538461536 0.11658653846153846
0 0.26322115384615385 0.6766826923076923 0.14423076923076922 0.11658653846153846
0 0.15264423076923078 0.6778846153846154 0.10096153846153846 0.0985576923076923
0 0.3918269230769231 0.6814903846153846 0.10817307692307693 0.10096153846153846
0 0.21875 0.7668269230769231 0.10817307692307693 0.09615384615384616
0 0.4495192307692308 0.7668269230769231 0.10096153846153846 0.0985576923076923
0 0.07572115384615384 0.7704326923076923 0.14182692307692307 0.11899038461538461
0 0.33052884615384615 0.7764423076923077 0.13942307692307693 0.11658653846153846
0 0.24158653846153846 0.8822115384615384 0.11899038461538461 0.10336538461538461
0 0.4639423076923077 0.8834134615384616 0.0733173076923077 0.09615384615384616
0 0.3605769230769231 0.8990384615384616 0.14423076923076922 0.11899038461538461
0 0.08413461538461539 0.90625 0.14903846153846154 0.12379807692307693
0 0.7860576923076923 0.5637019230769231 0.21514423076923078 0.12139423076923077
0 0.5456730769230769 0.7283653846153846 0.09134615384615384 0.20432692307692307