0 0.2608173076923077 0.24519230769230768 0.140625 0.08173076923076923
0 0.6875 0.24639423076923078 0.14302884615384615 0.08173076923076923
0 0.4026442307692308 0.24639423076923078 0.14302884615384615 0.09014423076923077
0 0.546875 0.24759615384615385 0.14302884615384615 0.08413461538461539
0 0.9266826923076923 0.30288461538461536 0.1466346153846154 0.09254807692307693
0 0.7692307692307693 0.32091346153846156 0.15384615384615385 0.09254807692307693
0 0.18028846153846154 0.32091346153846156 0.14903846153846154 0.09495192307692307
0 0.47596153846153844 0.3233173076923077 0.14903846153846154 0.09495192307692307
0 0.3293269230769231 0.3233173076923077 0.14903846153846154 0.09254807692307693
0 0.6201923076923077 0.3269230769230769 0.15144230769230768 0.09495192307692307
0 0.9278846153846154 0.3954326923076923 0.14302884615384615 0.09735576923076923
0 0.16826923076923078 0.41586538461538464 0.16105769230769232 0.10216346153846154
0 0.7848557692307693 0.41586538461538464 0.16466346153846154 0.10216346153846154
0 0.3233173076923077 0.41947115384615385 0.15625 0.10216346153846154
0 0.47596153846153844 0.4206730769230769 0.15144230769230768 0.09975961538461539
0 0.6274038461538461 0.42427884615384615 0.15384615384615385 0.09975961538461539
0 0.5769230769230769 0.03125 0.12620192307692307 0.05889423076923077
0 0.4543269230769231 0.03485576923076923 0.12259615384615384 0.054086538461538464
0 0.9471153846153846 0.5 0.1045673076923077 0.11778846153846154
0 0.3317307692307692 0.039663461538461536 0.12259615384615384 0.04927884615384615
0 0.8161057692307693 0.5192307692307693 0.17427884615384615 0.11538461538461539
0 0.16105769230769232 0.5192307692307693 0.171875 0.11298076923076923
0 0.49158653846153844 0.5228365384615384 0.15865384615384615 0.10817307692307693
0 0.3293269230769231 0.5228365384615384 0.16947115384615385 0.10817307692307693
0 0.6514423076923077 0.5252403846153846 0.16466346153846154 0.10817307692307693
0 0.21394230769230768 0.040865384615384616 0.1201923076923077 0.054086538461538464
0 0.09254807692307693 0.042067307692307696 0.12620192307692307 0.056490384615384616
0 0.9495192307692307 0.6165865384615384 0.09975961538461539 0.12620192307692307
0 0.46875 0.6346153846153846 0.171875 0.12259615384615384
0 0.8185096153846154 0.6346153846153846 0.1814903846153846 0.12620192307692307
0 0.29447115384615385 0.6358173076923077 0.17668269230769232 0.12860576923076922
0 0.11778846153846154 0.6370192307692307 0.17908653846153846 0.1310096153846154
0 0.640625 0.6382211538461539 0.17427884615384615 0.12620192307692307
0 0.9675480769230769 0.7560096153846154 0.06370192307692307 0.14302884615384615
0 0.46634615384615385 0.7692307692307693 0.18990384615384615 0.15144230769230768
0 0.84375 0.7704326923076923 0.19230769230769232 0.15144230769230768
0 0.09134615384615384 0.7704326923076923 0.1814903846153846 0.1466346153846154
0 0.2764423076923077 0.7728365384615384 0.18990384615384615 0.14903846153846154
0 0.6550480769230769 0.7728365384615384 0.19230769230769232 0.1466346153846154
0 0.8293269230769231 0.23798076923076922 0.1466346153846154 0.08173076923076923