0 0.18990384615384615 0.09134615384615384 0.06009615384615385 0.07692307692307693
0 0.009615384615384616 0.03125 0.019230769230769232 0.0625
0 0.22235576923076922 0.15745192307692307 0.06009615384615385 0.08173076923076923
0 0.13341346153846154 0.09134615384615384 0.06009615384615385 0.07692307692307693
0 0.16466346153846154 0.15625 0.06009615384615385 0.07932692307692307
0 0.10697115384615384 0.15504807692307693 0.06009615384615385 0.07932692307692307
0 0.04567307692307692 0.03245192307692308 0.057692307692307696 0.06490384615384616
0 0.02403846153846154 0.08774038461538461 0.046875 0.07692307692307693
0 0.07572115384615384 0.09014423076923077 0.057692307692307696 0.07932692307692307
0 0.2776442307692308 0.15625 0.051682692307692304 0.07932692307692307
0 0.2704326923076923 0.03365384615384615 0.057692307692307696 0.0673076923076923
0 0.24759615384615385 0.09254807692307693 0.06009615384615385 0.07692307692307693
0 0.25600961538461536 0.22596153846153846 0.06009615384615385 0.08173076923076923
0 0.15745192307692307 0.03245192307692308 0.057692307692307696 0.06490384615384616
0 0.10336538461538461 0.03125 0.057692307692307696 0.0625
0 0.19831730769230768 0.22596153846153846 0.0625 0.08173076923076923
0 0.171875 0.296875 0.0625 0.08653846153846154
0 0.23317307692307693 0.296875 0.0625 0.08653846153846154
0 0.28125 0.2956730769230769 0.04447115384615385 0.08413461538461539
0 0.13822115384615385 0.2247596153846154 0.06009615384615385 0.08173076923076923
0 0.078125 0.22355769230769232 0.06009615384615385 0.08413461538461539
0 0.2932692307692308 0.2247596153846154 0.020432692307692308 0.08173076923076923
0 0.025240384615384616 0.22355769230769232 0.04927884615384615 0.08413461538461539
0 0.04807692307692308 0.15504807692307693 0.06009615384615385 0.07932692307692307
0 0.009615384615384616 0.15264423076923078 0.019230769230769232 0.07932692307692307
0 0.11057692307692307 0.2956730769230769 0.0625 0.08413461538461539
0 0.009615384615384616 0.2932692307692308 0.019230769230769232 0.08653846153846154
0 0.05048076923076923 0.2956730769230769 0.0625 0.08413461538461539
0 0.08173076923076923 0.3701923076923077 0.0625 0.08653846153846154
0 0.14302884615384615 0.3701923076923077 0.0625 0.08653846153846154
0 0.21514423076923078 0.03245192307692308 0.057692307692307696 0.06490384615384616
0 0.265625 0.3713942307692308 0.0625 0.08653846153846154
0 0.28846153846153844 0.09254807692307693 0.030048076923076924 0.07451923076923077
0 0.20552884615384615 0.3713942307692308 0.0625 0.08653846153846154
0 0.75 0.3918269230769231 0.15865384615384615 0.21875
0 0.09163641586538462 0.8983998942307692 0.12484873076923077 0.8714804326923077 0.10387252884615385 0.8127470769230769 0.060172115384615386 0.8005109591346155 0.06716418028846154 0.8641387644230769 0.060172115384615386 0.8861637740384616 0.09163641586538462 0.8983998942307692
0 0.8149038461538461 0.5300480769230769 0.042067307692307696 0.020432692307692308
0 0.7764423076923077 0.5264423076923077 0.039663461538461536 0.01201923076923077
0 0.7487980769230769 0.7884615384615384 0.04447115384615385 0.0625
0 0.65625 0.6814903846153846 0.04447115384615385 0.06009615384615385
0 0.7572115384615384 0.5504807692307693 0.04447115384615385 0.055288461538461536
0 0.7752403846153846 0.8413461538461539 0.046875 0.0625
0 0.8100961538461539 0.7427884615384616 0.04447115384615385 0.06009615384615385
0 0.7427884615384616 0.6887019230769231 0.04447115384615385 0.06009615384615385
0 0.6334134615384616 0.6334134615384616 0.04447115384615385 0.06009615384615385
0 0.6358173076923077 0.7295673076923077 0.04447115384615385 0.06009615384615385
0 0.6622596153846154 0.8894230769230769 0.04927884615384615 0.06490384615384616
0 0.7668269230769231 0.7403846153846154 0.04447115384615385 0.06009615384615385
0 0.7283653846153846 0.8377403846153846 0.046875 0.06490384615384616
0 0.6766826923076923 0.6358173076923077 0.04447115384615385 0.057692307692307696
0 0.8197115384615384 0.8413461538461539 0.046875 0.06009615384615385
0 0.7007211538461539 0.6850961538461539 0.04447115384615385 0.06009615384615385
0 0.8533653846153846 0.5324519230769231 0.039663461538461536 0.025240384615384616
0 0.7920673076923077 0.7908653846153846 0.04447115384615385 0.06009615384615385
0 0.7560096153846154 0.8930288461538461 0.04927884615384615 0.0673076923076923
0 0.7151442307692307 0.546875 0.042067307692307696 0.055288461538461536
0 0.6370192307692307 0.8329326923076923 0.046875 0.06490384615384616
0 0.6971153846153846 0.5913461538461539 0.04447115384615385 0.055288461538461536
0 0.7848557692307693 0.6923076923076923 0.04447115384615385 0.057692307692307696
0 0.6117788461538461 0.6790865384615384 0.04447115384615385 0.06009615384615385
0 0.8100961538461539 0.9819711538461539 0.04807692307692308 0.036057692307692304
0 0.6730769230769231 0.5444711538461539 0.042067307692307696 0.04927884615384615
0 0.8509615384615384 0.8918269230769231 0.04447115384615385 0.06490384615384616
0 0.8052884615384616 0.8918269230769231 0.046875 0.06490384615384616
0 0.8365384615384616 0.7920673076923077 0.046875 0.06009615384615385
0 0.47836538461538464 0.5745192307692307 0.046875 0.06009615384615385
0 0.8774038461538461 0.9447115384615384 0.046875 0.06490384615384616
0 0.4567307692307692 0.5360576923076923 0.046875 0.03245192307692308
0 0.7235576923076923 0.7367788461538461 0.04447115384615385 0.06009615384615385
0 0.3641826923076923 0.9783653846153846 0.051682692307692304 0.042067307692307696
0 0.8257211538461539 0.6971153846153846 0.04447115384615385 0.057692307692307696
0 0.7043269230769231 0.7848557692307693 0.04447115384615385 0.0625
0 0.7980769230769231 0.5552884615384616 0.042067307692307696 0.055288461538461536
0 0.7824519230769231 0.9471153846153846 0.04927884615384615 0.0673076923076923
0 0.9014423076923077 0.9819711538461539 0.04326923076923077 0.036057692307692304
0 0.8197115384615384 0.6033653846153846 0.04447115384615385 0.057692307692307696
0 0.5673076923076923 0.6766826923076923 0.04447115384615385 0.06009615384615385
0 0.6153846153846154 0.8858173076923077 0.04927884615384615 0.06490384615384616
0 0.9471153846153846 0.9831730769230769 0.04326923076923077 0.03365384615384615
0 0.9675480769230769 0.7944711538461539 0.039663461538461536 0.06009615384615385
0 0.7596153846153846 0.9831730769230769 0.04807692307692308 0.03365384615384615
0 0.6826923076923077 0.8353365384615384 0.046875 0.0625
0 0.7379807692307693 0.5949519230769231 0.04447115384615385 0.057692307692307696
0 0.8305288461538461 0.9447115384615384 0.046875 0.06490384615384616
0 0.7115384615384616 0.9831730769230769 0.04807692307692308 0.03365384615384615
0 0.6153846153846154 0.9819711538461539 0.04807692307692308 0.036057692307692304
0 0.6875 0.9447115384615384 0.04927884615384615 0.0673076923076923
0 0.453125 0.7199519230769231 0.046875 0.0625
0 0.7355769230769231 0.9483173076923077 0.04927884615384615 0.0673076923076923
0 0.5913461538461539 0.7271634615384616 0.04447115384615385 0.06009615384615385
0 0.8016826923076923 0.6478365384615384 0.042067307692307696 0.057692307692307696
0 0.9543269230769231 0.84375 0.04447115384615385 0.0625
0 0.9362980769230769 0.8930288461538461 0.042067307692307696 0.06490384615384616
0 0.4987980769230769 0.7223557692307693 0.04927884615384615 0.0625
0 0.47596153846153844 0.671875 0.046875 0.0625
0 0.984375 0.9831730769230769 0.03125 0.03365384615384615
0 0.8377403846153846 0.5600961538461539 0.039663461538461536 0.055288461538461536
0 0.4338942307692308 0.5697115384615384 0.046875 0.06009615384615385
0 0.31850961538461536 0.7127403846153846 0.030048076923076924 0.0625
0 0.5901442307692307 0.6298076923076923 0.04447115384615385 0.057692307692307696
0 0.8954326923076923 0.8930288461538461 0.04447115384615385 0.06490384615384616
0 0.7608173076923077 0.6430288461538461 0.04447115384615385 0.057692307692307696
0 0.8653846153846154 0.8413461538461539 0.04447115384615385 0.0625
0 0.5673076923076923 0.9807692307692307 0.04927884615384615 0.037259615384615384
0 0.5228365384615384 0.6742788461538461 0.04927884615384615 0.06009615384615385
0 0.5012019230769231 0.5372596153846154 0.046875 0.03485576923076923
0 0.8569711538461539 0.9819711538461539 0.04567307692307692 0.036057692307692304
0 0.6634615384615384 0.9831730769230769 0.04807692307692308 0.03365384615384615
0 0.5168269230769231 0.9807692307692307 0.04927884615384615 0.037259615384615384
0 0.7800480769230769 0.5997596153846154 0.04447115384615385 0.057692307692307696
0 0.9098557692307693 0.8413461538461539 0.04447115384615385 0.0625
0 0.5673076923076923 0.8834134615384616 0.04927884615384615 0.0673076923076923
0 0.5901442307692307 0.5408653846153846 0.04447115384615385 0.042067307692307696
0 0.6310096153846154 0.5432692307692307 0.042067307692307696 0.046875
0 0.9254807692307693 0.7920673076923077 0.04447115384615385 0.06009615384615385
0 0.6538461538461539 0.5865384615384616 0.04447115384615385 0.057692307692307696
0 0.6105769230769231 0.5829326923076923 0.04447115384615385 0.057692307692307696
0 0.4170673076923077 0.9795673076923077 0.051682692307692304 0.039663461538461536
0 0.4675480769230769 0.9795673076923077 0.04927884615384615 0.039663461538461536
0 0.33533653846153844 0.6646634615384616 0.04927884615384615 0.0625
0 0.49759615384615385 0.8269230769230769 0.04927884615384615 0.06490384615384616
0 0.9771634615384616 0.8942307692307693 0.04447115384615385 0.0625
0 0.5444711538461539 0.7247596153846154 0.046875 0.0625
0 0.40865384615384615 0.6165865384615384 0.04927884615384615 0.06009615384615385
0 0.36177884615384615 0.6141826923076923 0.04927884615384615 0.0625
0 0.8533653846153846 0.7439903846153846 0.046875 0.057692307692307696
0 0.32091346153846156 0.9783653846153846 0.03485576923076923 0.042067307692307696
0 0.6129807692307693 0.7800480769230769 0.04447115384615385 0.0625
0 0.5925480769230769 0.9399038461538461 0.04927884615384615 0.06971153846153846
0 0.5432692307692307 0.9387019230769231 0.04927884615384615 0.0673076923076923
0 0.3233173076923077 0.5288461538461539 0.039663461538461536 0.016826923076923076
0 0.9206730769230769 0.9447115384615384 0.04447115384615385 0.0625
0 0.9627403846153846 0.9471153846153846 0.04447115384615385 0.0625
0 0.36538461538461536 0.53125 0.04927884615384615 0.02283653846153846
0 0.3112980769230769 0.9326923076923077 0.014423076923076924 0.06971153846153846
0 0.31009615384615385 0.5576923076923077 0.01201923076923077 0.06009615384615385
0 0.45552884615384615 0.6201923076923077 0.046875 0.06009615384615385
0 0.8605769230769231 0.6069711538461539 0.042067307692307696 0.055288461538461536
0 0.41225961538461536 0.5336538461538461 0.046875 0.027644230769230768
0 0.5685096153846154 0.7776442307692307 0.046875 0.0625
0 0.38461538461538464 0.6658653846153846 0.04927884615384615 0.0625
0 0.34375 0.9350961538461539 0.055288461538461536 0.06971153846153846
0 0.43028846153846156 0.6682692307692307 0.04927884615384615 0.06009615384615385
0 0.8677884615384616 0.6983173076923077 0.04447115384615385 0.057692307692307696
0 0.6802884615384616 0.7331730769230769 0.046875 0.0625
0 0.8858173076923077 0.6526442307692307 0.04447115384615385 0.055288461538461536
0 0.4230769230769231 0.8810096153846154 0.051682692307692304 0.0673076923076923
0 0.5456730769230769 0.6274038461538461 0.04447115384615385 0.057692307692307696
0 0.5444711538461539 0.8293269230769231 0.04927884615384615 0.06490384615384616
0 0.3293269230769231 0.7692307692307693 0.051682692307692304 0.06490384615384616
0 0.5673076923076923 0.5805288461538461 0.04447115384615385 0.057692307692307696
0 0.4951923076923077 0.9387019230769231 0.04927884615384615 0.06971153846153846
0 0.5216346153846154 0.7752403846153846 0.04927884615384615 0.0625
0 0.9567307692307693 0.6995192307692307 0.042067307692307696 0.057692307692307696
0 0.47115384615384615 0.8822115384615384 0.04927884615384615 0.0673076923076923
0 0.9206730769230769 0.5673076923076923 0.042067307692307696 0.051682692307692304
0 0.44471153846153844 0.9375 0.051682692307692304 0.06971153846153846
0 0.4050480769230769 0.71875 0.04927884615384615 0.0625
0 0.32091346153846156 0.609375 0.03485576923076923 0.06009615384615385
0 0.4735576923076923 0.7740384615384616 0.04927884615384615 0.06490384615384616
0 0.3581730769230769 0.7163461538461539 0.04927884615384615 0.0625
0 0.38822115384615385 0.5661057692307693 0.04927884615384615 0.06009615384615385
0 0.6394230769230769 0.9423076923076923 0.04927884615384615 0.0673076923076923
0 0.4495192307692308 0.8257211538461539 0.04927884615384615 0.06490384615384616
0 0.3954326923076923 0.9375 0.051682692307692304 0.06971153846153846
0 0.4266826923076923 0.7728365384615384 0.04927884615384615 0.0625
0 0.32572115384615385 0.8774038461538461 0.04447115384615385 0.0673076923076923
0 0.9290865384615384 0.6538461538461539 0.042067307692307696 0.055288461538461536
0 0.6586538461538461 0.7824519230769231 0.046875 0.0625
0 0.9026442307692307 0.609375 0.04447115384615385 0.055288461538461536
0 0.9350961538461539 0.5360576923076923 0.039663461538461536 0.03245192307692308
0 0.7091346153846154 0.890625 0.04927884615384615 0.0673076923076923
0 0.5240384615384616 0.5769230769230769 0.04447115384615385 0.06009615384615385
0 0.9134615384615384 0.6983173076923077 0.04447115384615385 0.057692307692307696
0 0.37259615384615385 0.8798076923076923 0.051682692307692304 0.0673076923076923
0 0.35096153846153844 0.8233173076923077 0.051682692307692304 0.06490384615384616
0 0.71875 0.6394230769230769 0.04447115384615385 0.057692307692307696
0 0.8930288461538461 0.5348557692307693 0.039663461538461536 0.030048076923076924
0 0.9447115384615384 0.6105769230769231 0.039663461538461536 0.051682692307692304
0 0.8822115384615384 0.7920673076923077 0.04447115384615385 0.06009615384615385
0 0.8990384615384616 0.7451923076923077 0.04447115384615385 0.06009615384615385
0 0.5012019230769231 0.6237980769230769 0.046875 0.057692307692307696
0 0.9411057692307693 0.7451923076923077 0.04447115384615385 0.057692307692307696
0 0.5444711538461539 0.5396634615384616 0.04447115384615385 0.039663461538461536
0 0.3798076923076923 0.7716346153846154 0.04927884615384615 0.06490384615384616
0 0.31490384615384615 0.8209134615384616 0.02283653846153846 0.06490384615384616
0 0.40024038461538464 0.8245192307692307 0.04927884615384615 0.06490384615384616
0 0.34134615384615385 0.5625 0.04927884615384615 0.0625
0 0.8786057692307693 0.5637019230769231 0.042067307692307696 0.051682692307692304
0 0.5925480769230769 0.8305288461538461 0.046875 0.06490384615384616
0 0.84375 0.6514423076923077 0.04447115384615385 0.057692307692307696
0 0.5204326923076923 0.8822115384615384 0.04927884615384615 0.0673076923076923