0 0.007211538461538462 0.234375 0.013221153846153846 0.07091346153846154
0 0.037259615384615384 0.23557692307692307 0.052884615384615384 0.07091346153846154
0 0.08774038461538461 0.23677884615384615 0.052884615384615384 0.06850961538461539
0 0.13942307692307693 0.23677884615384615 0.052884615384615384 0.06850961538461539
0 0.1875 0.23677884615384615 0.05048076923076923 0.06850961538461539
0 0.2860576923076923 0.23798076923076922 0.05048076923076923 0.06850961538461539
0 0.23677884615384615 0.23798076923076922 0.05048076923076923 0.06850961538461539
0 0.33413461538461536 0.23798076923076922 0.05048076923076923 0.06850961538461539
0 0.38221153846153844 0.23918269230769232 0.05048076923076923 0.06610576923076923
0 0.43149038461538464 0.23918269230769232 0.052884615384615384 0.06610576923076923
0 0.4855769230769231 0.24519230769230768 0.052884615384615384 0.06610576923076923
0 0.5372596153846154 0.24759615384615385 0.052884615384615384 0.06610576923076923
0 0.5817307692307693 0.25 0.037259615384615384 0.06610576923076923
0 0.018028846153846152 0.28966346153846156 0.036057692307692304 0.06971153846153846
0 0.06490384615384616 0.2932692307692308 0.052884615384615384 0.06850961538461539
0 0.1141826923076923 0.2932692307692308 0.05048076923076923 0.06850961538461539
0 0.16346153846153846 0.29447115384615385 0.05048076923076923 0.06610576923076923
0 0.2127403846153846 0.29447115384615385 0.05048076923076923 0.06850961538461539
0 0.35697115384615385 0.29447115384615385 0.05048076923076923 0.06610576923076923
0 0.40625 0.29447115384615385 0.05048076923076923 0.06610576923076923
0 0.31009615384615385 0.29447115384615385 0.05048076923076923 0.06610576923076923
0 0.2620192307692308 0.29447115384615385 0.05048076923076923 0.06610576923076923
0 0.453125 0.296875 0.05048076923076923 0.06610576923076923
0 0.5084134615384616 0.3016826923076923 0.052884615384615384 0.06370192307692307
0 0.5576923076923077 0.30408653846153844 0.05048076923076923 0.06370192307692307
0 0.5913461538461539 0.30528846153846156 0.018028846153846152 0.06610576923076923
0 0.008413461538461538 0.3473557692307692 0.015625 0.06610576923076923
0 0.040865384615384616 0.35096153846153844 0.05048076923076923 0.06610576923076923
0 0.09134615384615384 0.35096153846153844 0.05048076923076923 0.06610576923076923
0 0.140625 0.35096153846153844 0.05048076923076923 0.06610576923076923
0 0.42908653846153844 0.35096153846153844 0.05048076923076923 0.06610576923076923
0 0.38100961538461536 0.35096153846153844 0.04807692307692308 0.06610576923076923
0 0.3329326923076923 0.35096153846153844 0.05048076923076923 0.06610576923076923
0 0.18870192307692307 0.35096153846153844 0.04807692307692308 0.06610576923076923
0 0.23677884615384615 0.35096153846153844 0.05048076923076923 0.06610576923076923
0 0.47596153846153844 0.35216346153846156 0.05048076923076923 0.06610576923076923
0 0.2860576923076923 0.35216346153846156 0.05048076923076923 0.06610576923076923
0 0.5288461538461539 0.3557692307692308 0.052884615384615384 0.06610576923076923
0 0.5769230769230769 0.35697115384615385 0.04807692307692308 0.06370192307692307
0 0.4987980769230769 0.4050480769230769 0.05048076923076923 0.06370192307692307
0 0.3076923076923077 0.4050480769230769 0.05048076923076923 0.06370192307692307
0 0.40384615384615385 0.4050480769230769 0.05048076923076923 0.06610576923076923
0 0.3557692307692308 0.4050480769230769 0.04807692307692308 0.06610576923076923
0 0.45072115384615385 0.40625 0.04807692307692308 0.06610576923076923
0 0.0673076923076923 0.40625 0.05048076923076923 0.06610576923076923
0 0.021634615384615384 0.40625 0.042067307692307696 0.06610576923076923
0 0.2608173076923077 0.40625 0.04807692307692308 0.06610576923076923
0 0.21394230769230768 0.40625 0.05048076923076923 0.06610576923076923
0 0.1658653846153846 0.40625 0.05048076923076923 0.06610576923076923
0 0.11778846153846154 0.40625 0.05048076923076923 0.06610576923076923
0 0.5504807692307693 0.4098557692307692 0.052884615384615384 0.06370192307692307
0 0.5877403846153846 0.41225961538461536 0.026442307692307692 0.06370192307692307
0 0.4723557692307692 0.4579326923076923 0.04807692307692308 0.06610576923076923
0 0.5204326923076923 0.45913461538461536 0.05048076923076923 0.06370192307692307
0 0.3786057692307692 0.45913461538461536 0.04807692307692308 0.06610576923076923
0 0.4254807692307692 0.45913461538461536 0.04807692307692308 0.06610576923076923
0 0.3317307692307692 0.45913461538461536 0.04807692307692308 0.06610576923076923
0 0.2848557692307692 0.45913461538461536 0.04807692307692308 0.06610576923076923
0 0.23798076923076922 0.46033653846153844 0.04807692307692308 0.06610576923076923
0 0.18990384615384615 0.46033653846153844 0.04807692307692308 0.06610576923076923
0 0.04447115384615385 0.46033653846153844 0.05048076923076923 0.06610576923076923
0 0.010817307692307692 0.45913461538461536 0.021634615384615384 0.06610576923076923
0 0.14182692307692307 0.46033653846153844 0.05048076923076923 0.06610576923076923
0 0.09254807692307693 0.46153846153846156 0.05048076923076923 0.06610576923076923
0 0.5709134615384616 0.46274038461538464 0.05048076923076923 0.06370192307692307
0 0.49278846153846156 0.5108173076923077 0.04807692307692308 0.06370192307692307
0 0.44711538461538464 0.5108173076923077 0.04807692307692308 0.06370192307692307
0 0.5408653846153846 0.5120192307692307 0.05048076923076923 0.06370192307692307
0 0.3076923076923077 0.5120192307692307 0.04807692307692308 0.06370192307692307
0 0.3545673076923077 0.5120192307692307 0.04807692307692308 0.06610576923076923
0 0.40024038461538464 0.5120192307692307 0.04807692307692308 0.06370192307692307
0 0.2608173076923077 0.5120192307692307 0.04807692307692308 0.06370192307692307
0 0.21394230769230768 0.5132211538461539 0.04807692307692308 0.06370192307692307
0 0.16706730769230768 0.5132211538461539 0.05048076923076923 0.06610576923076923
0 0.11899038461538461 0.5132211538461539 0.05048076923076923 0.06610576923076923
0 0.06971153846153846 0.5144230769230769 0.05048076923076923 0.06370192307692307
0 0.02403846153846154 0.5144230769230769 0.04807692307692308 0.06610576923076923
0 0.5829326923076923 0.5144230769230769 0.03485576923076923 0.06129807692307692
0 0.5144230769230769 0.5625 0.04807692307692308 0.06370192307692307
0 0.46875 0.5637019230769231 0.04807692307692308 0.06610576923076923
0 0.33052884615384615 0.5637019230769231 0.04807692307692308 0.06370192307692307
0 0.5625 0.5637019230769231 0.04807692307692308 0.06129807692307692
0 0.4230769230769231 0.5637019230769231 0.04807692307692308 0.06610576923076923
0 0.37740384615384615 0.5637019230769231 0.04807692307692308 0.06370192307692307
0 0.2848557692307692 0.5637019230769231 0.04807692307692308 0.06370192307692307
0 0.23798076923076922 0.5649038461538461 0.04807692307692308 0.06370192307692307
0 0.18990384615384615 0.5649038461538461 0.04807692307692308 0.06370192307692307
0 0.14423076923076922 0.5661057692307693 0.04807692307692308 0.06610576923076923
0 0.09615384615384616 0.5661057692307693 0.05048076923076923 0.06610576923076923
0 0.04927884615384615 0.5673076923076923 0.05048076923076923 0.06610576923076923
0 0.01201923076923077 0.5673076923076923 0.02403846153846154 0.06610576923076923
0 0.59375 0.5673076923076923 0.013221153846153846 0.06129807692307692
0 0.5360576923076923 0.5961538461538461 0.04447115384615385 0.028846153846153848
0 0.4891826923076923 0.5961538461538461 0.04807692307692308 0.028846153846153848
0 0.5793269230769231 0.5961538461538461 0.042067307692307696 0.028846153846153848
0 0.39663461538461536 0.5961538461538461 0.04807692307692308 0.028846153846153848
0 0.44350961538461536 0.5961538461538461 0.04447115384615385 0.028846153846153848
0 0.35216346153846156 0.5961538461538461 0.04807692307692308 0.028846153846153848
0 0.25961538461538464 0.5973557692307693 0.04807692307692308 0.026442307692307692
0 0.2127403846153846 0.5973557692307693 0.04447115384615385 0.026442307692307692
0 0.30528846153846156 0.5973557692307693 0.04447115384615385 0.026442307692307692
0 0.16706730769230768 0.5973557692307693 0.04807692307692308 0.026442307692307692
0 0.11899038461538461 0.5973557692307693 0.04807692307692308 0.026442307692307692
0 0.07451923076923077 0.5973557692307693 0.04807692307692308 0.026442307692307692
0 0.025240384615384616 0.5997596153846154 0.05048076923076923 0.02403846153846154
0 0.234375 0.014423076923076924 0.05048076923076923 0.028846153846153848
0 0.2860576923076923 0.015625 0.052884615384615384 0.03125
0 0.3389423076923077 0.015625 0.052884615384615384 0.03125
0 0.3954326923076923 0.020432692307692308 0.055288461538461536 0.039663461538461536
0 0.015625 0.052884615384615384 0.03125 0.07451923076923077
0 0.056490384615384616 0.054086538461538464 0.052884615384615384 0.07451923076923077
0 0.10817307692307693 0.054086538461538464 0.052884615384615384 0.07451923076923077
0 0.15985576923076922 0.055288461538461536 0.052884615384615384 0.07091346153846154
0 0.21153846153846154 0.056490384615384616 0.052884615384615384 0.07091346153846154
0 0.2620192307692308 0.056490384615384616 0.052884615384615384 0.07451923076923077
0 0.3125 0.057692307692307696 0.052884615384615384 0.07451923076923077
0 0.3641826923076923 0.06009615384615385 0.055288461538461536 0.07091346153846154
0 0.41947115384615385 0.06610576923076923 0.055288461538461536 0.07091346153846154
0 0.4723557692307692 0.06971153846153846 0.052884615384615384 0.07091346153846154
0 0.5264423076923077 0.07572115384615384 0.052884615384615384 0.06850961538461539
0 0.5757211538461539 0.07451923076923077 0.05048076923076923 0.06850961538461539
0 0.03365384615384615 0.11538461538461539 0.052884615384615384 0.07091346153846154
0 0.08413461538461539 0.11658653846153846 0.052884615384615384 0.07091346153846154
0 0.1346153846153846 0.11778846153846154 0.052884615384615384 0.07091346153846154
0 0.18629807692307693 0.11778846153846154 0.05048076923076923 0.07091346153846154
0 0.23677884615384615 0.11899038461538461 0.05048076923076923 0.07451923076923077
0 0.28725961538461536 0.1201923076923077 0.05048076923076923 0.07091346153846154
0 0.33653846153846156 0.1201923076923077 0.05048076923076923 0.07091346153846154
0 0.3858173076923077 0.12139423076923077 0.052884615384615384 0.07091346153846154
0 0.44350961538461536 0.12860576923076922 0.055288461538461536 0.06850961538461539
0 0.4951923076923077 0.1310096153846154 0.052884615384615384 0.06850961538461539
0 0.5480769230769231 0.1346153846153846 0.052884615384615384 0.07091346153846154
0 0.5865384615384616 0.1346153846153846 0.028846153846153848 0.06850961538461539
0 0.018028846153846152 0.17427884615384615 0.036057692307692304 0.06971153846153846
0 0.06129807692307692 0.17548076923076922 0.052884615384615384 0.07091346153846154
0 0.11057692307692307 0.17668269230769232 0.052884615384615384 0.07091346153846154
0 0.16105769230769232 0.17908653846153846 0.052884615384615384 0.07091346153846154
0 0.21153846153846154 0.17908653846153846 0.05048076923076923 0.07091346153846154
0 0.3112980769230769 0.18028846153846154 0.05048076923076923 0.07091346153846154
0 0.2620192307692308 0.18028846153846154 0.05048076923076923 0.07091346153846154
0 0.359375 0.1814903846153846 0.05048076923076923 0.07091346153846154
0 0.4098557692307692 0.1814903846153846 0.052884615384615384 0.06850961538461539
0 0.4639423076923077 0.18629807692307693 0.055288461538461536 0.06850961538461539
0 0.515625 0.18990384615384615 0.052884615384615384 0.06850961538461539
0 0.5685096153846154 0.1935096153846154 0.052884615384615384 0.06850961538461539
0 0.9759615384615384 0.010817307692307692 0.037259615384615384 0.021634615384615384
0 0.9423076923076923 0.01201923076923077 0.037259615384615384 0.02403846153846154
0 0.9050480769230769 0.013221153846153846 0.037259615384615384 0.026442307692307692
0 0.8701923076923077 0.014423076923076924 0.037259615384615384 0.028846153846153848
0 0.8329326923076923 0.014423076923076924 0.037259615384615384 0.028846153846153848
0 0.796875 0.015625 0.037259615384615384 0.03125
0 0.7620192307692307 0.015625 0.037259615384615384 0.03125
0 0.7223557692307693 0.016826923076923076 0.040865384615384616 0.03365384615384615
0 0.6826923076923077 0.018028846153846152 0.038461538461538464 0.036057692307692304
0 0.6454326923076923 0.018028846153846152 0.040865384615384616 0.036057692307692304
0 0.6153846153846154 0.020432692307692308 0.028846153846153848 0.039663461538461536
0 0.9879807692307693 0.038461538461538464 0.02403846153846154 0.05048076923076923
0 0.9603365384615384 0.039663461538461536 0.037259615384615384 0.05048076923076923
0 0.9242788461538461 0.042067307692307696 0.037259615384615384 0.052884615384615384
0 0.890625 0.04326923076923077 0.037259615384615384 0.052884615384615384
0 0.8545673076923077 0.04447115384615385 0.037259615384615384 0.052884615384615384
0 0.8173076923076923 0.046875 0.039663461538461536 0.052884615384615384
0 0.78125 0.04927884615384615 0.037259615384615384 0.05048076923076923
0 0.7451923076923077 0.05048076923076923 0.037259615384615384 0.052884615384615384
0 0.7079326923076923 0.051682692307692304 0.037259615384615384 0.05048076923076923
0 0.6706730769230769 0.052884615384615384 0.039663461538461536 0.052884615384615384
0 0.6322115384615384 0.055288461538461536 0.039663461538461536 0.05048076923076923
0 0.6069711538461539 0.055288461538461536 0.013221153846153846 0.052884615384615384
0 0.9975961538461539 0.07692307692307693 0.004807692307692308 0.04807692307692308
0 0.9783653846153846 0.08052884615384616 0.037259615384615384 0.05048076923076923
0 0.9435096153846154 0.08173076923076923 0.037259615384615384 0.052884615384615384
0 0.9086538461538461 0.0829326923076923 0.037259615384615384 0.05048076923076923
0 0.8725961538461539 0.08413461538461539 0.037259615384615384 0.05048076923076923
0 0.8377403846153846 0.08774038461538461 0.037259615384615384 0.05048076923076923
0 0.8016826923076923 0.0889423076923077 0.037259615384615384 0.05048076923076923
0 0.765625 0.09014423076923077 0.037259615384615384 0.052884615384615384
0 0.7283653846153846 0.09254807692307693 0.039663461538461536 0.052884615384615384
0 0.6923076923076923 0.09375 0.039663461538461536 0.052884615384615384
0 0.6550480769230769 0.09615384615384616 0.039663461538461536 0.052884615384615384
0 0.6177884615384616 0.09615384615384616 0.03485576923076923 0.05048076923076923
0 0.9891826923076923 0.11778846153846154 0.021634615384615384 0.05048076923076923
0 0.9615384615384616 0.1201923076923077 0.037259615384615384 0.05048076923076923
0 0.9266826923076923 0.12259615384615384 0.037259615384615384 0.05048076923076923
0 0.8930288461538461 0.12379807692307693 0.037259615384615384 0.05048076923076923
0 0.8569711538461539 0.12620192307692307 0.037259615384615384 0.05048076923076923
0 0.8209134615384616 0.12860576923076922 0.037259615384615384 0.05048076923076923
0 0.7860576923076923 0.12980769230769232 0.039663461538461536 0.05048076923076923
0 0.75 0.13221153846153846 0.037259615384615384 0.05048076923076923
0 0.7127403846153846 0.13341346153846154 0.037259615384615384 0.05048076923076923
0 0.6754807692307693 0.13581730769230768 0.039663461538461536 0.052884615384615384
0 0.640625 0.13942307692307693 0.039663461538461536 0.052884615384615384
0 0.6105769230769231 0.13942307692307693 0.021634615384615384 0.05048076923076923
0 0.9975961538461539 0.15625 0.004807692307692308 0.04807692307692308
0 0.9795673076923077 0.15985576923076922 0.037259615384615384 0.05048076923076923
0 0.9459134615384616 0.16105769230769232 0.037259615384615384 0.05048076923076923
0 0.9110576923076923 0.16346153846153846 0.037259615384615384 0.05048076923076923
0 0.8762019230769231 0.1658653846153846 0.037259615384615384 0.05048076923076923
0 0.8413461538461539 0.16826923076923078 0.037259615384615384 0.05048076923076923
0 0.8052884615384616 0.16947115384615385 0.037259615384615384 0.05048076923076923
0 0.7704326923076923 0.17067307692307693 0.037259615384615384 0.05048076923076923
0 0.734375 0.17307692307692307 0.039663461538461536 0.05048076923076923
0 0.6971153846153846 0.17548076923076922 0.037259615384615384 0.05048076923076923
0 0.6610576923076923 0.17668269230769232 0.037259615384615384 0.05048076923076923
0 0.6237980769230769 0.1814903846153846 0.037259615384615384 0.05048076923076923
0 0.9891826923076923 0.19831730769230768 0.021634615384615384 0.04807692307692308
0 0.9627403846153846 0.19951923076923078 0.037259615384615384 0.04807692307692308
0 0.9290865384615384 0.20192307692307693 0.037259615384615384 0.05048076923076923
0 0.8942307692307693 0.203125 0.037259615384615384 0.05048076923076923
0 0.859375 0.20552884615384615 0.037259615384615384 0.05048076923076923
0 0.8245192307692307 0.2091346153846154 0.037259615384615384 0.04807692307692308
0 0.7896634615384616 0.2091346153846154 0.037259615384615384 0.05048076923076923
0 0.7536057692307693 0.21153846153846154 0.037259615384615384 0.05048076923076923
0 0.7199519230769231 0.21514423076923078 0.037259615384615384 0.05048076923076923
0 0.6826923076923077 0.21875 0.037259615384615384 0.05048076923076923
0 0.6454326923076923 0.21875 0.037259615384615384 0.05048076923076923
0 0.6141826923076923 0.22115384615384615 0.026442307692307692 0.05048076923076923
0 0.9975961538461539 0.23557692307692307 0.004807692307692308 0.04807692307692308
0 0.9819711538461539 0.23677884615384615 0.03485576923076923 0.04807692307692308
0 0.9471153846153846 0.23918269230769232 0.037259615384615384 0.04807692307692308
0 0.9122596153846154 0.2403846153846154 0.037259615384615384 0.04807692307692308
0 0.8786057692307693 0.24519230769230768 0.037259615384615384 0.04807692307692308
0 0.8425480769230769 0.24639423076923078 0.037259615384615384 0.04807692307692308
0 0.8100961538461539 0.24759615384615385 0.037259615384615384 0.05048076923076923
0 0.7740384615384616 0.25 0.037259615384615384 0.05048076923076923
0 0.7379807692307693 0.25240384615384615 0.037259615384615384 0.05048076923076923
0 0.703125 0.25721153846153844 0.037259615384615384 0.05048076923076923
0 0.6670673076923077 0.25721153846153844 0.037259615384615384 0.05048076923076923
0 0.6298076923076923 0.2608173076923077 0.037259615384615384 0.05048076923076923
0 0.6069711538461539 0.2608173076923077 0.013221153846153846 0.05048076923076923
0 0.9891826923076923 0.27283653846153844 0.021634615384615384 0.04807692307692308
0 0.9651442307692307 0.2764423076923077 0.03485576923076923 0.04807692307692308
0 0.9314903846153846 0.27884615384615385 0.037259615384615384 0.04807692307692308
0 0.8629807692307693 0.28365384615384615 0.037259615384615384 0.04807692307692308
0 0.8966346153846154 0.28365384615384615 0.037259615384615384 0.04807692307692308
0 0.828125 0.2848557692307692 0.037259615384615384 0.04807692307692308
0 0.7932692307692307 0.28966346153846156 0.037259615384615384 0.05048076923076923
0 0.7584134615384616 0.28966346153846156 0.037259615384615384 0.05048076923076923
0 0.7223557692307693 0.2932692307692308 0.037259615384615384 0.05048076923076923
0 0.6875 0.29447115384615385 0.037259615384615384 0.05048076923076923
0 0.6526442307692307 0.2980769230769231 0.037259615384615384 0.05048076923076923
0 0.6165865384615384 0.3004807692307692 0.03125 0.05048076923076923
0 0.9819711538461539 0.3125 0.036057692307692304 0.04807692307692308
0 0.9483173076923077 0.3161057692307692 0.03485576923076923 0.04807692307692308
0 0.9134615384615384 0.3173076923076923 0.03485576923076923 0.05048076923076923
0 0.8822115384615384 0.31971153846153844 0.03485576923076923 0.05048076923076923
0 0.8473557692307693 0.32091346153846156 0.037259615384615384 0.05048076923076923
0 0.8125 0.3245192307692308 0.037259615384615384 0.05048076923076923
0 0.7776442307692307 0.328125 0.037259615384615384 0.05048076923076923
0 0.7427884615384616 0.33052884615384615 0.037259615384615384 0.05048076923076923
0 0.7067307692307693 0.3317307692307692 0.037259615384615384 0.05048076923076923
0 0.671875 0.33413461538461536 0.037259615384615384 0.05048076923076923
0 0.6346153846153846 0.3389423076923077 0.037259615384615384 0.05048076923076923
0 0.609375 0.3401442307692308 0.018028846153846152 0.05048076923076923
0 0.9903846153846154 0.35216346153846156 0.018028846153846152 0.04807692307692308
0 0.9326923076923077 0.35216346153846156 0.03485576923076923 0.05048076923076923
0 0.9651442307692307 0.35336538461538464 0.03485576923076923 0.05048076923076923
0 0.8966346153846154 0.3545673076923077 0.03485576923076923 0.05048076923076923
0 0.8653846153846154 0.359375 0.03485576923076923 0.05048076923076923
0 0.8305288461538461 0.3605769230769231 0.037259615384615384 0.05048076923076923
0 0.7944711538461539 0.36538461538461536 0.037259615384615384 0.04807692307692308
0 0.7620192307692307 0.36778846153846156 0.037259615384615384 0.04807692307692308
0 0.7271634615384616 0.36899038461538464 0.037259615384615384 0.04807692307692308
0 0.6935096153846154 0.3713942307692308 0.037259615384615384 0.04807692307692308
0 0.65625 0.3737980769230769 0.037259615384615384 0.04807692307692308
0 0.6213942307692307 0.37740384615384615 0.037259615384615384 0.05048076923076923
0 0.9819711538461539 0.38461538461538464 0.036057692307692304 0.04807692307692308
0 0.9495192307692307 0.390625 0.03485576923076923 0.05048076923076923
0 0.9170673076923077 0.3918269230769231 0.03485576923076923 0.05048076923076923
0 0.8834134615384616 0.3954326923076923 0.03485576923076923 0.05048076923076923
0 0.8509615384615384 0.39783653846153844 0.03485576923076923 0.05048076923076923
0 0.8149038461538461 0.39903846153846156 0.03485576923076923 0.05048076923076923
0 0.7800480769230769 0.40024038461538464 0.037259615384615384 0.04807692307692308
0 0.7463942307692307 0.40625 0.037259615384615384 0.04807692307692308
0 0.7115384615384616 0.4074519230769231 0.037259615384615384 0.04807692307692308
0 0.6766826923076923 0.40865384615384615 0.037259615384615384 0.04807692307692308
0 0.6430288461538461 0.4110576923076923 0.037259615384615384 0.04807692307692308
0 0.6129807692307693 0.41225961538461536 0.02403846153846154 0.04807692307692308
0 0.9903846153846154 0.4230769230769231 0.018028846153846152 0.04807692307692308
0 0.9663461538461539 0.4266826923076923 0.037259615384615384 0.04807692307692308
0 0.9338942307692307 0.4266826923076923 0.037259615384615384 0.04807692307692308
0 0.8990384615384616 0.43149038461538464 0.03485576923076923 0.05048076923076923
0 0.8677884615384616 0.4338942307692308 0.03485576923076923 0.05048076923076923
0 0.8329326923076923 0.4362980769230769 0.03485576923076923 0.05048076923076923
0 0.7992788461538461 0.4375 0.03485576923076923 0.05048076923076923
0 0.7644230769230769 0.44350961538461536 0.037259615384615384 0.04807692307692308
0 0.7295673076923077 0.44471153846153844 0.037259615384615384 0.04807692307692308
0 0.6610576923076923 0.4483173076923077 0.037259615384615384 0.04807692307692308
0 0.6959134615384616 0.4483173076923077 0.037259615384615384 0.04807692307692308
0 0.6274038461538461 0.4519230769230769 0.037259615384615384 0.04807692307692308
0 0.6057692307692307 0.45072115384615385 0.010817307692307692 0.04447115384615385
0 0.9819711538461539 0.46153846153846156 0.036057692307692304 0.04807692307692308
0 0.9507211538461539 0.46634615384615385 0.037259615384615384 0.04807692307692308
0 0.9182692307692307 0.46634615384615385 0.037259615384615384 0.04807692307692308
0 0.8846153846153846 0.46875 0.03485576923076923 0.05048076923076923
0 0.8509615384615384 0.47115384615384615 0.03485576923076923 0.05048076923076923
0 0.8173076923076923 0.4723557692307692 0.03485576923076923 0.05048076923076923
0 0.7836538461538461 0.47716346153846156 0.03485576923076923 0.05048076923076923
0 0.75 0.48197115384615385 0.037259615384615384 0.04807692307692308
0 0.7139423076923077 0.4831730769230769 0.037259615384615384 0.04807692307692308
0 0.6814903846153846 0.4855769230769231 0.037259615384615384 0.04807692307692308
0 0.6478365384615384 0.48677884615384615 0.037259615384615384 0.04807692307692308
0 0.6165865384615384 0.4855769230769231 0.03125 0.04447115384615385
0 0.36899038461538464 0.6334134615384616 0.14543269230769232 0.04447115384615385
0 0.10216346153846154 0.6478365384615384 0.15625 0.07451923076923077
0 0.23317307692307693 0.6550480769230769 0.13701923076923078 0.08774038461538461
0 0.02403846153846154 0.6586538461538461 0.04807692307692308 0.09495192307692307
0 0.4879807692307692 0.6574519230769231 0.140625 0.09254807692307693
0 0.5733173076923077 0.6766826923076923 0.055288461538461536 0.11057692307692307
0 0.35096153846153844 0.6947115384615384 0.13701923076923078 0.09495192307692307
0 0.10817307692307693 0.71875 0.140625 0.09735576923076923
0 0.23197115384615385 0.7427884615384616 0.13221153846153846 0.09735576923076923
0 0.4723557692307692 0.7620192307692307 0.13221153846153846 0.10576923076923077
0 0.030048076923076924 0.7632211538461539 0.06009615384615385 0.10817307692307693
0 0.5528846153846154 0.765625 0.09495192307692307 0.09735576923076923
0 0.3473557692307692 0.7944711538461539 0.11899038461538461 0.10336538461538461
0 0.11899038461538461 0.8004807692307693 0.12740384615384615 0.09254807692307693
0 0.22956730769230768 0.8401442307692307 0.12379807692307693 0.09254807692307693
0 0.5480769230769231 0.8605769230769231 0.10576923076923077 0.08774038461538461
0 0.4375 0.8629807692307693 0.12139423076923077 0.09254807692307693
0 0.03485576923076923 0.8954326923076923 0.06850961538461539 0.09735576923076923
0 0.12740384615384615 0.9158653846153846 0.11658653846153846 0.09014423076923077
0 0.23317307692307693 0.9302884615384616 0.10576923076923077 0.08413461538461539
0 0.34975961538461536 0.9338942307692307 0.1141826923076923 0.08413461538461539
0 0.7427884615384616 0.6814903846153846 0.22235576923076922 0.140625
0 0.9254807692307693 0.6766826923076923 0.14783653846153846 0.13221153846153846
0 0.9771634615384616 0.8473557692307693 0.04447115384615385 0.30408653846153844
0 0.6706730769230769 0.8461538461538461 0.140625 0.30649038461538464
0 0.8461538461538461 0.8485576923076923 0.21634615384615385 0.30288461538461536