0 0.8641826923076923 0.40865384615384615 0.0673076923076923 0.07932692307692307
0 0.7632211538461539 0.4675480769230769 0.06490384615384616 0.07692307692307693
0 0.703125 0.4675480769230769 0.06129807692307692 0.07692307692307693
0 0.7283653846153846 0.5336538461538461 0.06129807692307692 0.07692307692307693
0 0.8245192307692307 0.47115384615384615 0.06490384615384616 0.07692307692307693
0 0.7992788461538461 0.40384615384615385 0.0673076923076923 0.07932692307692307
0 0.7884615384615384 0.5348557692307693 0.06129807692307692 0.07692307692307693
0 0.7548076923076923 0.5973557692307693 0.06129807692307692 0.07451923076923077
0 0.8149038461538461 0.265625 0.0673076923076923 0.08774038461538461
0 0.8473557692307693 0.5372596153846154 0.06490384615384616 0.07692307692307693
0 0.8882211538461539 0.47596153846153844 0.06490384615384616 0.07932692307692307
0 0.8401442307692307 0.3389423076923077 0.0673076923076923 0.0829326923076923
0 0.27524038461538464 0.03365384615384615 0.0673076923076923 0.0673076923076923
0 0.8137019230769231 0.5997596153846154 0.06129807692307692 0.07692307692307693
0 0.7800480769230769 0.6598557692307693 0.06129807692307692 0.07211538461538461
0 0.9242788461538461 0.4098557692307692 0.06129807692307692 0.0829326923076923
0 0.14903846153846154 0.8137019230769231 0.051682692307692304 0.0673076923076923
0 0.2548076923076923 0.25240384615384615 0.06129807692307692 0.08774038461538461
0 0.7740384615384616 0.33413461538461536 0.0673076923076923 0.0829326923076923
0 0.9026442307692307 0.3401442307692308 0.06490384615384616 0.08533653846153846
0 0.7367788461538461 0.40024038461538464 0.06490384615384616 0.0829326923076923
0 0.1935096153846154 0.2512019230769231 0.06490384615384616 0.08533653846153846
0 0.8257211538461539 0.7740384615384616 0.05889423076923077 0.06971153846153846
0 0.6490384615384616 0.3317307692307692 0.06490384615384616 0.0829326923076923
0 0.49759615384615385 0.5288461538461539 0.05889423076923077 0.07692307692307693
0 0.9615384615384616 0.3401442307692308 0.06129807692307692 0.0829326923076923
0 0.4411057692307692 0.5276442307692307 0.05889423076923077 0.07692307692307693
0 0.9399038461538461 0.2692307692307692 0.06129807692307692 0.09014423076923077
0 0.5540865384615384 0.5300480769230769 0.05889423076923077 0.07692307692307693
0 0.8521634615384616 0.19230769230769232 0.0673076923076923 0.09014423076923077
0 0.9278846153846154 0.040865384615384616 0.0673076923076923 0.08173076923076923
0 0.37740384615384615 0.2548076923076923 0.06490384615384616 0.08774038461538461
0 0.38461538461538464 0.5252403846153846 0.05889423076923077 0.07692307692307693
0 0.4987980769230769 0.39663461538461536 0.06129807692307692 0.0829326923076923
0 0.3161057692307692 0.2536057692307692 0.06490384615384616 0.08774038461538461
0 0.5889423076923077 0.3317307692307692 0.06490384615384616 0.0829326923076923
0 0.7211538461538461 0.6574519230769231 0.06129807692307692 0.07451923076923077
0 0.5288461538461539 0.3293269230769231 0.06129807692307692 0.0829326923076923
0 0.46875 0.328125 0.06129807692307692 0.0829326923076923
0 0.6117788461538461 0.5300480769230769 0.05889423076923077 0.07451923076923077
0 0.953125 0.11778846153846154 0.0673076923076923 0.09014423076923077
0 0.0733173076923077 0.25 0.06129807692307692 0.08533653846153846
0 0.5600961538461539 0.25721153846153844 0.06490384615384616 0.08774038461538461
0 0.7704326923076923 0.7740384615384616 0.05889423076923077 0.06971153846153846
0 0.9110576923076923 0.5408653846153846 0.06490384615384616 0.07451923076923077
0 0.17307692307692307 0.7596153846153846 0.056490384615384616 0.06971153846153846
0 0.7391826923076923 0.8317307692307693 0.056490384615384616 0.06971153846153846
0 0.6682692307692307 0.53125 0.06129807692307692 0.07451923076923077
0 0.5564903846153846 0.39783653846153844 0.05889423076923077 0.07932692307692307
0 0.6838942307692307 0.25961538461538464 0.0673076923076923 0.08533653846153846
0 0.5853365384615384 0.4651442307692308 0.05889423076923077 0.07932692307692307
0 0.32211538461538464 0.39302884615384615 0.06129807692307692 0.0829326923076923
0 0.7884615384615384 0.19110576923076922 0.0673076923076923 0.09014423076923077
0 0.8774038461538461 0.2668269230769231 0.06490384615384616 0.08774038461538461
0 0.2824519230769231 0.17908653846153846 0.06490384615384616 0.09014423076923077
0 0.7487980769230769 0.2620192307692308 0.0673076923076923 0.08533653846153846
0 0.8028846153846154 0.7175480769230769 0.05889423076923077 0.06971153846153846
0 0.6430288461538461 0.46634615384615385 0.06129807692307692 0.07692307692307693
0 0.8377403846153846 0.6622596153846154 0.05889423076923077 0.07451923076923077
0 0.04927884615384615 0.31971153846153844 0.06129807692307692 0.07932692307692307
0 0.5 0.25721153846153844 0.06490384615384616 0.08533653846153846
0 0.22956730769230768 0.32211538461538464 0.06129807692307692 0.0829326923076923
0 0.8894230769230769 0.11538461538461539 0.0673076923076923 0.09254807692307693
0 0.9471153846153846 0.47716346153846156 0.05889423076923077 0.07932692307692307
0 0.3004807692307692 0.5853365384615384 0.05889423076923077 0.07451923076923077
0 0.4387019230769231 0.25600961538461536 0.06490384615384616 0.08533653846153846
0 0.6766826923076923 0.40024038461538464 0.06129807692307692 0.07932692307692307
0 0.7463942307692307 0.7163461538461539 0.05889423076923077 0.07211538461538461
0 0.4050480769230769 0.18028846153846154 0.06490384615384616 0.09014423076923077
0 0.6959134615384616 0.59375 0.06129807692307692 0.07451923076923077
0 0.6225961538461539 0.25961538461538464 0.06490384615384616 0.08533653846153846
0 0.2956730769230769 0.45913461538461536 0.06129807692307692 0.07932692307692307
0 0.34375 0.17908653846153846 0.06129807692307692 0.09014423076923077
0 0.8713942307692307 0.6009615384615384 0.06129807692307692 0.07451923076923077
0 0.26322115384615385 0.3918269230769231 0.06129807692307692 0.0829326923076923
0 0.5637019230769231 0.1045673076923077 0.06490384615384616 0.09254807692307693
0 0.40865384615384615 0.3269230769230769 0.06129807692307692 0.08533653846153846
0 0.22716346153846154 0.7620192307692307 0.054086538461538464 0.06971153846153846
0 0.4675480769230769 0.1814903846153846 0.06490384615384616 0.09014423076923077
0 0.13221153846153846 0.2512019230769231 0.06490384615384616 0.08533653846153846
0 0.53125 0.18269230769230768 0.06490384615384616 0.09014423076923077
0 0.21995192307692307 0.1778846153846154 0.06490384615384616 0.09014423076923077
0 0.6081730769230769 0.6538461538461539 0.056490384615384616 0.07451923076923077
0 0.4423076923076923 0.6490384615384616 0.05889423076923077 0.06971153846153846
0 0.46875 0.46274038461538464 0.06129807692307692 0.07932692307692307
0 0.8942307692307693 0.6610576923076923 0.05889423076923077 0.07211538461538461
0 0.35336538461538464 0.46033653846153844 0.06129807692307692 0.07932692307692307
0 0.5973557692307693 0.03485576923076923 0.0673076923076923 0.06971153846153846
0 0.859375 0.71875 0.06129807692307692 0.06971153846153846
0 0.41225961538461536 0.5901442307692307 0.05889423076923077 0.07451923076923077
0 0.5276442307692307 0.4639423076923077 0.05889423076923077 0.07692307692307693
0 0.06370192307692307 0.4567307692307692 0.05889423076923077 0.07932692307692307
0 0.9711538461538461 0.1935096153846154 0.056490384615384616 0.08774038461538461
0 0.34975961538461536 0.32572115384615385 0.06129807692307692 0.08533653846153846
0 0.796875 0.039663461538461536 0.0673076923076923 0.07932692307692307
0 0.28846153846153844 0.3233173076923077 0.06129807692307692 0.0829326923076923
0 0.6574519230769231 0.18269230769230768 0.06490384615384616 0.09014423076923077
0 0.59375 0.18269230769230768 0.06490384615384616 0.09014423076923077
0 0.23557692307692307 0.45913461538461536 0.06490384615384616 0.07932692307692307
0 0.43990384615384615 0.39663461538461536 0.06129807692307692 0.0829326923076923
0 0.15865384615384615 0.1778846153846154 0.06490384615384616 0.08774038461538461
0 0.30528846153846156 0.7067307692307693 0.056490384615384616 0.07211538461538461
0 0.35697115384615385 0.5877403846153846 0.05889423076923077 0.07451923076923077
0 0.5528846153846154 0.6526442307692307 0.05889423076923077 0.07451923076923077
0 0.43509615384615385 0.10336538461538461 0.0673076923076923 0.09014423076923077
0 0.5 0.1045673076923077 0.06490384615384616 0.09254807692307693
0 0.4110576923076923 0.46274038461538464 0.05889423076923077 0.07932692307692307
0 0.08533653846153846 0.3894230769230769 0.06129807692307692 0.0829326923076923
0 0.4026442307692308 0.03485576923076923 0.0673076923076923 0.06971153846153846
0 0.6382211538461539 0.5925480769230769 0.05889423076923077 0.07451923076923077
0 0.19591346153846154 0.7019230769230769 0.056490384615384616 0.06971153846153846
0 0.8257211538461539 0.11298076923076923 0.0673076923076923 0.09254807692307693
0 0.09735576923076923 0.1778846153846154 0.06129807692307692 0.08774038461538461
0 0.5829326923076923 0.5913461538461539 0.05889423076923077 0.07451923076923077
0 0.5324519230769231 0.03485576923076923 0.06971153846153846 0.06971153846153846
0 0.6899038461538461 0.7151442307692307 0.05889423076923077 0.07211538461538461
0 0.2692307692307692 0.5228365384615384 0.05889423076923077 0.07451923076923077
0 0.24759615384615385 0.10216346153846154 0.06490384615384616 0.09254807692307693
0 0.203125 0.390625 0.06129807692307692 0.0829326923076923
0 0.06009615384615385 0.10336538461538461 0.06490384615384616 0.09254807692307693
0 0.46875 0.5901442307692307 0.05889423076923077 0.07451923076923077
0 0.12259615384615384 0.10336538461538461 0.06490384615384616 0.09014423076923077
0 0.7151442307692307 0.7728365384615384 0.056490384615384616 0.06971153846153846
0 0.8605769230769231 0.039663461538461536 0.0673076923076923 0.07932692307692307
0 0.14423076923076922 0.3894230769230769 0.06129807692307692 0.0829326923076923
0 0.10817307692307693 0.32091346153846156 0.06129807692307692 0.0829326923076923
0 0.5252403846153846 0.5901442307692307 0.05889423076923077 0.07451923076923077
0 0.37259615384615385 0.10336538461538461 0.0673076923076923 0.09254807692307693
0 0.359375 0.7067307692307693 0.056490384615384616 0.07211538461538461
0 0.9326923076923077 0.6033653846153846 0.05889423076923077 0.07451923076923077
0 0.16826923076923078 0.32091346153846156 0.06490384615384616 0.0829326923076923
0 0.08413461538461539 0.03485576923076923 0.06490384615384616 0.06971153846153846
0 0.09735576923076923 0.8100961538461539 0.054086538461538464 0.06971153846153846
0 0.21153846153846154 0.03485576923076923 0.0673076923076923 0.06971153846153846
0 0.3798076923076923 0.3954326923076923 0.06129807692307692 0.07932692307692307
0 0.7211538461538461 0.18509615384615385 0.0673076923076923 0.09014423076923077
0 0.037259615384615384 0.1778846153846154 0.06129807692307692 0.08533653846153846
0 0.21153846153846154 0.5216346153846154 0.05889423076923077 0.07692307692307693
0 0.2439903846153846 0.5841346153846154 0.05889423076923077 0.07451923076923077
0 0.25 0.7043269230769231 0.056490384615384616 0.07211538461538461
0 0.11899038461538461 0.7560096153846154 0.054086538461538464 0.0673076923076923
0 0.46634615384615385 0.03485576923076923 0.0673076923076923 0.06971153846153846
0 0.21875 0.6442307692307693 0.05889423076923077 0.07451923076923077
0 0.6646634615384616 0.6550480769230769 0.05889423076923077 0.07211538461538461
0 0.09735576923076923 0.5192307692307693 0.05889423076923077 0.07692307692307693
0 0.18389423076923078 0.10336538461538461 0.06490384615384616 0.09254807692307693
0 0.6947115384615384 0.10697115384615384 0.06971153846153846 0.09014423076923077
0 0.140625 0.7007211538461539 0.054086538461538464 0.06971153846153846
0 0.18629807692307693 0.5841346153846154 0.05889423076923077 0.07451923076923077
0 0.7932692307692307 0.8317307692307693 0.056490384615384616 0.06971153846153846
0 0.8822115384615384 0.7728365384615384 0.056490384615384616 0.06971153846153846
0 0.3088942307692308 0.10216346153846154 0.06490384615384616 0.09254807692307693
0 0.9783653846153846 0.040865384615384616 0.04326923076923077 0.08173076923076923
0 0.27403846153846156 0.6454326923076923 0.056490384615384616 0.07451923076923077
0 0.14543269230769232 0.03485576923076923 0.06490384615384616 0.06971153846153846
0 0.1201923076923077 0.4543269230769231 0.05889423076923077 0.07692307692307693
0 0.49759615384615385 0.6502403846153846 0.05889423076923077 0.06971153846153846
0 0.8521634615384616 0.828125 0.056490384615384616 0.06971153846153846
0 0.6598557692307693 0.7716346153846154 0.056490384615384616 0.06971153846153846
0 0.17668269230769232 0.4579326923076923 0.06129807692307692 0.07932692307692307
0 0.07572115384615384 0.5817307692307693 0.054086538461538464 0.07451923076923077
0 0.46875 0.7091346153846154 0.056490384615384616 0.07211538461538461
0 0.3870192307692308 0.6478365384615384 0.056490384615384616 0.06971153846153846
0 0.3269230769230769 0.5228365384615384 0.05889423076923077 0.07451923076923077
0 0.5240384615384616 0.7103365384615384 0.056490384615384616 0.07211538461538461
0 0.203125 0.8161057692307693 0.054086538461538464 0.06490384615384616
0 0.6346153846153846 0.7127403846153846 0.056490384615384616 0.06971153846153846
0 0.027644230769230768 0.03485576923076923 0.054086538461538464 0.06971153846153846
0 0.6298076923076923 0.8269230769230769 0.056490384615384616 0.06971153846153846
0 0.7307692307692307 0.037259615384615384 0.06971153846153846 0.07451923076923077
0 0.7620192307692307 0.11177884615384616 0.0673076923076923 0.09014423076923077
0 0.7103365384615384 0.3317307692307692 0.06490384615384616 0.08533653846153846
0 0.6177884615384616 0.40024038461538464 0.06490384615384616 0.07932692307692307
0 0.6850961538461539 0.828125 0.056490384615384616 0.06971153846153846
0 0.15504807692307693 0.5204326923076923 0.05889423076923077 0.07451923076923077
0 0.2800480769230769 0.7632211538461539 0.054086538461538464 0.06971153846153846
0 0.6274038461538461 0.10576923076923077 0.0673076923076923 0.09254807692307693
0 0.578125 0.7115384615384616 0.056490384615384616 0.07211538461538461
0 0.08653846153846154 0.6983173076923077 0.056490384615384616 0.06971153846153846
0 0.1310096153846154 0.5829326923076923 0.05889423076923077 0.07451923076923077
0 0.3317307692307692 0.6466346153846154 0.05889423076923077 0.07211538461538461
0 0.16346153846153846 0.6430288461538461 0.056490384615384616 0.07211538461538461
0 0.90625 0.8269230769230769 0.054086538461538464 0.0673076923076923
0 0.5504807692307693 0.7680288461538461 0.056490384615384616 0.06971153846153846
0 0.41466346153846156 0.7067307692307693 0.056490384615384616 0.07211538461538461
0 0.33533653846153844 0.7632211538461539 0.056490384615384616 0.06971153846153846
0 0.109375 0.6418269230769231 0.056490384615384616 0.07211538461538461
0 0.25600961538461536 0.8173076923076923 0.054086538461538464 0.0673076923076923
0 0.5757211538461539 0.8245192307692307 0.054086538461538464 0.06971153846153846
0 0.36177884615384615 0.8197115384615384 0.054086538461538464 0.0673076923076923
0 0.41586538461538464 0.8209134615384616 0.054086538461538464 0.0673076923076923
0 0.3894230769230769 0.7644230769230769 0.056490384615384616 0.06971153846153846
0 0.4963942307692308 0.7668269230769231 0.056490384615384616 0.06971153846153846
0 0.4423076923076923 0.765625 0.056490384615384616 0.06971153846153846
0 0.5228365384615384 0.8233173076923077 0.056490384615384616 0.06971153846153846
0 0.46875 0.8221153846153846 0.054086538461538464 0.06971153846153846
0 0.6057692307692307 0.7692307692307693 0.056490384615384616 0.06971153846153846
0 0.3088942307692308 0.8185096153846154 0.054086538461538464 0.0673076923076923
0 0.9146634615384616 0.1935096153846154 0.06490384615384616 0.08774038461538461
0 0.9182692307692307 0.7175480769230769 0.05889423076923077 0.06971153846153846