0 0.40865384615384615 0.028846153846153848 0.052884615384615384 0.057692307692307696
0 0.3557692307692308 0.028846153846153848 0.052884615384615384 0.057692307692307696
0 0.25240384615384615 0.028846153846153848 0.052884615384615384 0.057692307692307696
0 0.30528846153846156 0.030048076923076924 0.052884615384615384 0.06009615384615385
0 0.5360576923076923 0.0829326923076923 0.052884615384615384 0.07211538461538461
0 0.6225961538461539 0.0829326923076923 0.021634615384615384 0.06971153846153846
0 0.5877403846153846 0.08413461538461539 0.052884615384615384 0.07211538461538461
0 0.4855769230769231 0.08413461538461539 0.052884615384615384 0.07211538461538461
0 0.43509615384615385 0.08533653846153846 0.05048076923076923 0.07211538461538461
0 0.38461538461538464 0.08533653846153846 0.052884615384615384 0.07211538461538461
0 0.33413461538461536 0.08653846153846154 0.052884615384615384 0.07451923076923077
0 0.2824519230769231 0.08774038461538461 0.052884615384615384 0.07451923076923077
0 0.23197115384615385 0.08774038461538461 0.052884615384615384 0.07451923076923077
0 0.17908653846153846 0.0889423076923077 0.052884615384615384 0.07211538461538461
0 0.12740384615384615 0.09014423076923077 0.052884615384615384 0.07451923076923077
0 0.07572115384615384 0.09134615384615384 0.052884615384615384 0.07451923076923077
0 0.025240384615384616 0.09254807692307693 0.05048076923076923 0.07451923076923077
0 0.5600961538461539 0.14182692307692307 0.052884615384615384 0.07211538461538461
0 0.6081730769230769 0.14182692307692307 0.05048076923076923 0.07211538461538461
0 0.5096153846153846 0.14302884615384615 0.05048076923076923 0.07211538461538461
0 0.46033653846153844 0.14543269230769232 0.05048076923076923 0.06971153846153846
0 0.4098557692307692 0.1466346153846154 0.05048076923076923 0.07211538461538461
0 0.3605769230769231 0.14783653846153846 0.05048076923076923 0.07211538461538461
0 0.3112980769230769 0.14903846153846154 0.05048076923076923 0.07211538461538461
0 0.2608173076923077 0.14903846153846154 0.052884615384615384 0.07211538461538461
0 0.2091346153846154 0.1502403846153846 0.052884615384615384 0.07211538461538461
0 0.15865384615384615 0.15144230769230768 0.052884615384615384 0.07211538461538461
0 0.10697115384615384 0.15264423076923078 0.052884615384615384 0.07211538461538461
0 0.055288461538461536 0.15384615384615385 0.052884615384615384 0.07211538461538461
0 0.014423076923076924 0.15504807692307693 0.028846153846153848 0.07211538461538461
0 0.6201923076923077 0.19951923076923078 0.026442307692307692 0.06971153846153846
0 0.5829326923076923 0.20072115384615385 0.05048076923076923 0.06971153846153846
0 0.5324519230769231 0.20192307692307693 0.05048076923076923 0.06610576923076923
0 0.484375 0.203125 0.05048076923076923 0.06971153846153846
0 0.43509615384615385 0.20432692307692307 0.05048076923076923 0.07211538461538461
0 0.3858173076923077 0.20552884615384615 0.05048076923076923 0.07211538461538461
0 0.33653846153846156 0.20793269230769232 0.05048076923076923 0.06971153846153846
0 0.28725961538461536 0.2091346153846154 0.05048076923076923 0.07211538461538461
0 0.23798076923076922 0.21033653846153846 0.05048076923076923 0.07211538461538461
0 0.1875 0.21033653846153846 0.052884615384615384 0.07211538461538461
0 0.13701923076923078 0.2127403846153846 0.052884615384615384 0.07211538461538461
0 0.08653846153846154 0.2127403846153846 0.052884615384615384 0.07211538461538461
0 0.036057692307692304 0.21514423076923078 0.052884615384615384 0.06971153846153846
0 0.003605769230769231 0.21394230769230768 0.007211538461538462 0.07211538461538461
0 0.6021634615384616 0.25721153846153844 0.04807692307692308 0.06971153846153846
0 0.5528846153846154 0.25841346153846156 0.04807692307692308 0.06610576923076923
0 0.5048076923076923 0.2608173076923077 0.05048076923076923 0.06610576923076923
0 0.45913461538461536 0.2620192307692308 0.05048076923076923 0.06610576923076923
0 0.4110576923076923 0.2620192307692308 0.05048076923076923 0.06610576923076923
0 0.3629807692307692 0.2644230769230769 0.05048076923076923 0.06971153846153846
0 0.3137019230769231 0.2644230769230769 0.05048076923076923 0.06971153846153846
0 0.265625 0.2668269230769231 0.05048076923076923 0.06971153846153846
0 0.21634615384615385 0.26802884615384615 0.05048076923076923 0.06610576923076923
0 0.16706730769230768 0.2704326923076923 0.052884615384615384 0.06610576923076923
0 0.11658653846153846 0.27163461538461536 0.052884615384615384 0.06971153846153846
0 0.06610576923076923 0.27283653846153844 0.052884615384615384 0.06971153846153846
0 0.020432692307692308 0.27283653846153844 0.039663461538461536 0.07211538461538461
0 0.6153846153846154 0.31009615384615385 0.03485576923076923 0.06610576923076923
0 0.5769230769230769 0.3125 0.04807692307692308 0.06610576923076923
0 0.5288461538461539 0.3137019230769231 0.04807692307692308 0.06370192307692307
0 0.48197115384615385 0.3161057692307692 0.05048076923076923 0.06370192307692307
0 0.4338942307692308 0.3173076923076923 0.04807692307692308 0.06370192307692307
0 0.3870192307692308 0.31971153846153844 0.04807692307692308 0.06370192307692307
0 0.3401442307692308 0.32091346153846156 0.05048076923076923 0.06370192307692307
0 0.2920673076923077 0.32211538461538464 0.05048076923076923 0.06610576923076923
0 0.24519230769230768 0.3233173076923077 0.05048076923076923 0.06610576923076923
0 0.19591346153846154 0.32572115384615385 0.05048076923076923 0.06610576923076923
0 0.1466346153846154 0.3269230769230769 0.052884615384615384 0.06610576923076923
0 0.09615384615384616 0.328125 0.05048076923076923 0.06610576923076923
0 0.046875 0.3293269230769231 0.05048076923076923 0.06610576923076923
0 0.01201923076923077 0.33052884615384615 0.02403846153846154 0.06610576923076923
0 0.6262019230769231 0.3629807692307692 0.013221153846153846 0.06610576923076923
0 0.5973557692307693 0.36538461538461536 0.04807692307692308 0.06370192307692307
0 0.5504807692307693 0.36658653846153844 0.04807692307692308 0.06370192307692307
0 0.5036057692307693 0.36778846153846156 0.04807692307692308 0.06610576923076923
0 0.4579326923076923 0.3701923076923077 0.04807692307692308 0.06610576923076923
0 0.4110576923076923 0.3713942307692308 0.04807692307692308 0.06610576923076923
0 0.3641826923076923 0.3737980769230769 0.04807692307692308 0.06370192307692307
0 0.3173076923076923 0.375 0.04807692307692308 0.06610576923076923
0 0.27163461538461536 0.3762019230769231 0.04807692307692308 0.06610576923076923
0 0.22355769230769232 0.3786057692307692 0.04807692307692308 0.06370192307692307
0 0.17427884615384615 0.3798076923076923 0.05048076923076923 0.06370192307692307
0 0.12620192307692307 0.38341346153846156 0.05048076923076923 0.06370192307692307
0 0.07692307692307693 0.38341346153846156 0.05048076923076923 0.06610576923076923
0 0.027644230769230768 0.3858173076923077 0.05048076923076923 0.06610576923076923
0 0.6141826923076923 0.41466346153846156 0.037259615384615384 0.06370192307692307
0 0.5721153846153846 0.4170673076923077 0.04807692307692308 0.06370192307692307
0 0.5264423076923077 0.4206730769230769 0.04807692307692308 0.06370192307692307
0 0.4795673076923077 0.421875 0.04807692307692308 0.06370192307692307
0 0.4338942307692308 0.42427884615384615 0.04807692307692308 0.06370192307692307
0 0.38822115384615385 0.42427884615384615 0.04807692307692308 0.06370192307692307
0 0.3425480769230769 0.4266826923076923 0.04807692307692308 0.06370192307692307
0 0.296875 0.42788461538461536 0.04807692307692308 0.06370192307692307
0 0.25 0.42908653846153844 0.04807692307692308 0.06370192307692307
0 0.20192307692307693 0.4326923076923077 0.05048076923076923 0.06370192307692307
0 0.15384615384615385 0.43509615384615385 0.05048076923076923 0.06370192307692307
0 0.1045673076923077 0.43509615384615385 0.05048076923076923 0.06370192307692307
0 0.057692307692307696 0.4375 0.05048076923076923 0.06610576923076923
0 0.015625 0.4387019230769231 0.03125 0.06490384615384616
0 0.6237980769230769 0.4675480769230769 0.018028846153846152 0.06370192307692307
0 0.5949519230769231 0.4699519230769231 0.04807692307692308 0.06370192307692307
0 0.5480769230769231 0.47115384615384615 0.04807692307692308 0.06370192307692307
0 0.5024038461538461 0.4723557692307692 0.04807692307692308 0.06370192307692307
0 0.4579326923076923 0.4735576923076923 0.04807692307692308 0.06370192307692307
0 0.4110576923076923 0.47475961538461536 0.04807692307692308 0.06370192307692307
0 0.36538461538461536 0.47596153846153844 0.04807692307692308 0.06370192307692307
0 0.32091346153846156 0.47716346153846156 0.04807692307692308 0.06370192307692307
0 0.27524038461538464 0.4795673076923077 0.04807692307692308 0.06370192307692307
0 0.22716346153846154 0.4831730769230769 0.04807692307692308 0.06370192307692307
0 0.18269230769230768 0.4855769230769231 0.04807692307692308 0.06129807692307692
0 0.1346153846153846 0.48677884615384615 0.05048076923076923 0.06370192307692307
0 0.08653846153846154 0.4891826923076923 0.05048076923076923 0.06370192307692307
0 0.037259615384615384 0.4891826923076923 0.04807692307692308 0.06370192307692307
0 0.007211538461538462 0.49038461538461536 0.013221153846153846 0.06129807692307692
0 0.6117788461538461 0.5036057692307693 0.042067307692307696 0.03485576923076923
0 0.5697115384615384 0.5036057692307693 0.04807692307692308 0.03485576923076923
0 0.5228365384615384 0.5048076923076923 0.04567307692307692 0.03245192307692308
0 0.47836538461538464 0.5072115384615384 0.04807692307692308 0.028846153846153848
0 0.4338942307692308 0.5072115384615384 0.04807692307692308 0.028846153846153848
0 0.38822115384615385 0.5072115384615384 0.04807692307692308 0.028846153846153848
0 0.3425480769230769 0.5096153846153846 0.04807692307692308 0.02403846153846154
0 0.2980769230769231 0.5096153846153846 0.04807692307692308 0.02403846153846154
0 0.25240384615384615 0.5108173076923077 0.04807692307692308 0.021634615384615384
0 0.20793269230769232 0.5120192307692307 0.04807692307692308 0.018028846153846152
0 0.15985576923076922 0.5132211538461539 0.04807692307692308 0.015625
0 0.1141826923076923 0.5132211538461539 0.04807692307692308 0.015625
0 0.06490384615384616 0.5144230769230769 0.05048076923076923 0.013221153846153846
0 0.7283653846153846 0.04927884615384615 0.14903846153846154 0.0985576923076923
0 0.8653846153846154 0.046875 0.1201923076923077 0.09254807692307693
0 0.9651442307692307 0.06009615384615385 0.06971153846153846 0.1201923076923077
0 0.6790865384615384 0.16105769230769232 0.09254807692307693 0.19471153846153846
0 0.9290865384615384 0.17548076923076922 0.1201923076923077 0.18870192307692307
0 0.7920673076923077 0.20432692307692307 0.15985576923076922 0.234375
0 0.6754807692307693 0.3641826923076923 0.08533653846153846 0.16466346153846154
0 0.7788461538461539 0.38221153846153844 0.12259615384615384 0.1622596153846154
0 0.8954326923076923 0.38341346153846156 0.10697115384615384 0.16466346153846154
0 0.9771634615384616 0.4014423076923077 0.04567307692307692 0.18028846153846154
0 0.7175480769230769 0.48197115384615385 0.11177884615384616 0.07932692307692307
0 0.9447115384615384 0.48677884615384615 0.11057692307692307 0.06971153846153846
0 0.8341346153846154 0.5012019230769231 0.13581730769230768 0.039663461538461536
0 0.5697115384615384 0.6081730769230769 0.11177884615384616 0.17307692307692307
0 0.3894230769230769 0.6382211538461539 0.1201923076923077 0.18629807692307693
0 0.003605769230769231 0.6754807692307693 0.007211538461538462 0.15384615384615385
0 0.2644230769230769 0.6887019230769231 0.10697115384615384 0.1466346153846154
0 0.04567307692307692 0.7331730769230769 0.09014423076923077 0.18870192307692307
0 0.6009615384615384 0.765625 0.06370192307692307 0.17548076923076922
0 0.01201923076923077 0.8629807692307693 0.02403846153846154 0.15144230769230768
0 0.24759615384615385 0.8713942307692307 0.11658653846153846 0.1971153846153846
0 0.08052884615384616 0.9002403846153846 0.0985576923076923 0.15985576923076922
0 0.5516826923076923 0.9158653846153846 0.1141826923076923 0.16706730769230768
0 0.3629807692307692 0.9110576923076923 0.125 0.1778846153846154
0 0.13341346153846154 0.9483173076923077 0.10096153846153846 0.10336538461538461
0 0.49278846153846156 0.9879807692307693 0.10336538461538461 0.02403846153846154
0 0.12740384615384615 0.5384615384615384 0.10096153846153846 0.03485576923076923
0 0.45552884615384615 0.5420673076923077 0.1201923076923077 0.042067307692307696
0 0.23918269230769232 0.5540865384615384 0.09615384615384616 0.06610576923076923
0 0.03485576923076923 0.5757211538461539 0.06971153846153846 0.109375
0 0.2848557692307692 0.5901442307692307 0.11658653846153846 0.13822115384615385
0 0.07572115384615384 0.5757211538461539 0.09615384615384616 0.109375
0 0.9519230769230769 0.9603365384615384 0.06370192307692307 0.07932692307692307
0 0.7091346153846154 0.9615384615384616 0.06129807692307692 0.07692307692307693
0 0.9771634615384616 0.8894230769230769 0.04567307692307692 0.08774038461538461
0 0.890625 0.9603365384615384 0.06370192307692307 0.07932692307692307
0 0.6550480769230769 0.9615384615384616 0.04567307692307692 0.07692307692307693
0 0.9254807692307693 0.890625 0.06370192307692307 0.08533653846153846
0 0.8641826923076923 0.8918269230769231 0.06370192307692307 0.08533653846153846
0 0.7704326923076923 0.9603365384615384 0.06129807692307692 0.07932692307692307
0 0.8305288461538461 0.9603365384615384 0.06129807692307692 0.07932692307692307
0 0.9891826923076923 0.9579326923076923 0.016826923076923076 0.08413461538461539
0 0.9615384615384616 0.8161057692307693 0.06610576923076923 0.08774038461538461
0 0.9338942307692307 0.7403846153846154 0.06610576923076923 0.09254807692307693
0 0.9819711538461539 0.7391826923076923 0.036057692307692304 0.09375
0 0.6538461538461539 0.8197115384615384 0.042067307692307696 0.09014423076923077
0 0.7079326923076923 0.8209134615384616 0.06370192307692307 0.09014423076923077
0 0.8978365384615384 0.8173076923076923 0.06370192307692307 0.08774038461538461
0 0.8341346153846154 0.8197115384615384 0.06370192307692307 0.09014423076923077
0 0.7716346153846154 0.8197115384615384 0.06370192307692307 0.09014423076923077
0 0.8016826923076923 0.8918269230769231 0.06370192307692307 0.08533653846153846
0 0.7403846153846154 0.8930288461538461 0.06370192307692307 0.08533653846153846
0 0.8677884615384616 0.7415865384615384 0.06610576923076923 0.09254807692307693
0 0.7391826923076923 0.7415865384615384 0.06610576923076923 0.09254807692307693
0 0.6526442307692307 0.6622596153846154 0.039663461538461536 0.09615384615384616
0 0.8040865384615384 0.7415865384615384 0.06610576923076923 0.09014423076923077
0 0.8377403846153846 0.6622596153846154 0.06610576923076923 0.09254807692307693
0 0.6742788461538461 0.7427884615384616 0.06610576923076923 0.09254807692307693
0 0.6778846153846154 0.8930288461538461 0.06370192307692307 0.08533653846153846
0 0.9026442307692307 0.6622596153846154 0.06610576923076923 0.09254807692307693
0 0.9675480769230769 0.6610576923076923 0.06370192307692307 0.09254807692307693
0 0.6394230769230769 0.8930288461538461 0.013221153846153846 0.08533653846153846