0 0.5324519230769231 0.11538461538461539 0.07451923076923077 0.13822115384615385
0 0.4014423076923077 0.12259615384615384 0.18870192307692307 0.13822115384615385
0 0.21754807692307693 0.125 0.18389423076923078 0.1346153846153846
0 0.06490384615384616 0.12620192307692307 0.12980769230769232 0.1346153846153846
0 0.5120192307692307 0.25 0.11538461538461539 0.14302884615384615
0 0.3629807692307692 0.25240384615384615 0.19110576923076922 0.140625
0 0.17307692307692307 0.2548076923076923 0.18870192307692307 0.140625
0 0.042067307692307696 0.2548076923076923 0.08413461538461539 0.14302884615384615
0 0.4230769230769231 0.3557692307692308 0.19951923076923078 0.0889423076923077
0 0.23197115384615385 0.35697115384615385 0.1935096153846154 0.08653846153846154
0 0.06610576923076923 0.359375 0.13221153846153846 0.08173076923076923
0 0.5048076923076923 0.026442307692307692 0.125 0.052884615384615384
0 0.35096153846153844 0.028846153846153848 0.18269230769230768 0.057692307692307696
0 0.042067307692307696 0.03245192307692308 0.08413461538461539 0.06370192307692307
0 0.17067307692307693 0.03245192307692308 0.17908653846153846 0.06370192307692307
0 0.9795673076923077 0.08533653846153846 0.040865384615384616 0.17067307692307693
0 0.6598557692307693 0.07451923076923077 0.125 0.14783653846153846
0 0.7439903846153846 0.27283653846153844 0.16105769230769232 0.2548076923076923
0 0.6670673076923077 0.359375 0.109375 0.08173076923076923
0 0.9639423076923077 0.22716346153846154 0.07091346153846154 0.16826923076923078
0 0.02283653846153846 0.5949519230769231 0.04567307692307692 0.30649038461538464
0 0.12980769230769232 0.6382211538461539 0.17548076923076922 0.30649038461538464
0 0.3004807692307692 0.6526442307692307 0.1658653846153846 0.2956730769230769
0 0.4699519230769231 0.6706730769230769 0.16826923076923078 0.3004807692307692
0 0.008413461538461538 0.8713942307692307 0.016826923076923076 0.25721153846153844
0 0.203125 0.8786057692307693 0.1658653846153846 0.24278846153846154
0 0.37259615384615385 0.8858173076923077 0.16346153846153846 0.2283653846153846
0 0.5120192307692307 0.8954326923076923 0.11538461538461539 0.2091346153846154
0 0.07091346153846154 0.9771634615384616 0.14182692307692307 0.04567307692307692
0 0.0673076923076923 0.44711538461538464 0.1346153846153846 0.09495192307692307