0 0.5456730769230769 0.4266826923076923 0.06009615384615385 0.078125
0 0.4891826923076923 0.4254807692307692 0.057692307692307696 0.078125
0 0.5769230769230769 0.24278846153846154 0.057692307692307696 0.0733173076923077
0 0.5757211538461539 0.3641826923076923 0.06009615384615385 0.078125
0 0.5192307692307693 0.3629807692307692 0.057692307692307696 0.07572115384615384
0 0.5925480769230769 0.42788461538461536 0.039663461538461536 0.078125
0 0.5216346153846154 0.24278846153846154 0.057692307692307696 0.0733173076923077
0 0.40024038461538464 0.49038461538461536 0.057692307692307696 0.078125
0 0.4639423076923077 0.3629807692307692 0.057692307692307696 0.07572115384615384
0 0.34375 0.4891826923076923 0.057692307692307696 0.08052884615384616
0 0.28725961538461536 0.4879807692307692 0.057692307692307696 0.078125
0 0.32211538461538464 0.4230769230769231 0.055288461538461536 0.07572115384615384
0 0.5745192307692307 0.49399038461538464 0.06009615384615385 0.08052884615384616
0 0.5504807692307693 0.18509615384615385 0.055288461538461536 0.07091346153846154
0 0.515625 0.49278846153846156 0.06009615384615385 0.078125
0 0.37740384615384615 0.42427884615384615 0.057692307692307696 0.078125
0 0.4567307692307692 0.49158653846153844 0.057692307692307696 0.08052884615384616
0 0.40865384615384615 0.3629807692307692 0.057692307692307696 0.07572115384615384
0 0.4387019230769231 0.30288461538461536 0.055288461538461536 0.0733173076923077
0 0.25 0.5516826923076923 0.06009615384615385 0.08052884615384616
0 0.36658653846153844 0.5564903846153846 0.06009615384615385 0.08052884615384616
0 0.5480769230769231 0.30288461538461536 0.057692307692307696 0.0733173076923077
0 0.38461538461538464 0.30288461538461536 0.055288461538461536 0.0733173076923077
0 0.3329326923076923 0.6262019230769231 0.0625 0.08533653846153846
0 0.13942307692307693 0.7620192307692307 0.057692307692307696 0.0829326923076923
0 0.35336538461538464 0.3629807692307692 0.055288461538461536 0.07572115384615384
0 0.4675480769230769 0.2439903846153846 0.055288461538461536 0.0733173076923077
0 0.4254807692307692 0.5576923076923077 0.06009615384615385 0.0829326923076923
0 0.19951923076923078 0.7620192307692307 0.0625 0.0829326923076923
0 0.59375 0.1814903846153846 0.037259615384615384 0.07091346153846154
0 0.5072115384615384 0.7728365384615384 0.06490384615384616 0.0625
0 0.578125 0.12620192307692307 0.057692307692307696 0.0733173076923077
0 0.41346153846153844 0.2439903846153846 0.055288461538461536 0.0733173076923077
0 0.13822115384615385 0.546875 0.055288461538461536 0.078125
0 0.59375 0.3016826923076923 0.037259615384615384 0.07572115384615384
0 0.31009615384615385 0.5552884615384616 0.06009615384615385 0.08052884615384616
0 0.5925480769230769 0.5625 0.039663461538461536 0.08533653846153846
0 0.38100961538461536 0.7692307692307693 0.0625 0.07091346153846154
0 0.4326923076923077 0.42427884615384615 0.057692307692307696 0.078125
0 0.31850961538461536 0.7668269230769231 0.06009615384615385 0.07572115384615384
0 0.08413461538461539 0.7572115384615384 0.057692307692307696 0.08533653846153846
0 0.1935096153846154 0.5492788461538461 0.057692307692307696 0.078125
0 0.21033653846153846 0.4206730769230769 0.057692307692307696 0.07572115384615384
0 0.36177884615384615 0.2439903846153846 0.055288461538461536 0.07091346153846154
0 0.08413461538461539 0.5456730769230769 0.052884615384615384 0.078125
0 0.15384615384615385 0.4170673076923077 0.055288461538461536 0.07572115384615384
0 0.484375 0.5600961538461539 0.06009615384615385 0.0829326923076923
0 0.22956730769230768 0.484375 0.06009615384615385 0.078125
0 0.21634615384615385 0.6201923076923077 0.057692307692307696 0.0829326923076923
0 0.3088942307692308 0.2439903846153846 0.052884615384615384 0.07091346153846154
0 0.5444711538461539 0.5625 0.0625 0.08533653846153846
0 0.1045673076923077 0.6141826923076923 0.057692307692307696 0.0829326923076923
0 0.5120192307692307 0.6334134615384616 0.06490384615384616 0.08774038461538461
0 0.45072115384615385 0.6310096153846154 0.06009615384615385 0.08533653846153846
0 0.4963942307692308 0.18629807692307693 0.055288461538461536 0.0673076923076923
0 0.29927884615384615 0.36177884615384615 0.055288461538461536 0.0733173076923077
0 0.16105769230769232 0.6165865384615384 0.057692307692307696 0.0829326923076923
0 0.27403846153846156 0.6213942307692307 0.06009615384615385 0.0829326923076923
0 0.2668269230769231 0.4230769230769231 0.057692307692307696 0.07572115384615384
0 0.4795673076923077 0.7067307692307693 0.0625 0.09014423076923077
0 0.5745192307692307 0.6358173076923077 0.0625 0.08774038461538461
0 0.23798076923076922 0.6935096153846154 0.0625 0.08533653846153846
0 0.24519230769230768 0.3605769230769231 0.055288461538461536 0.0733173076923077
0 0.25600961538461536 0.2439903846153846 0.052884615384615384 0.07091346153846154
0 0.5432692307692307 0.7103365384615384 0.06490384615384616 0.09014423076923077
0 0.35697115384615385 0.7007211538461539 0.06009615384615385 0.08774038461538461
0 0.5925480769230769 0.7139423076923077 0.039663461538461536 0.09014423076923077
0 0.11899038461538461 0.6875 0.055288461538461536 0.08533653846153846
0 0.296875 0.6959134615384616 0.06009615384615385 0.08533653846153846
0 0.028846153846153848 0.7524038461538461 0.057692307692307696 0.08533653846153846
0 0.3317307692307692 0.30288461538461536 0.057692307692307696 0.0733173076923077
0 0.5240384615384616 0.12740384615384615 0.055288461538461536 0.07091346153846154
0 0.44350961538461536 0.18629807692307693 0.055288461538461536 0.07091346153846154
0 0.25841346153846156 0.765625 0.06009615384615385 0.078125
0 0.3918269230769231 0.6286057692307693 0.06009615384615385 0.08774038461538461
0 0.4987980769230769 0.07211538461538461 0.052884615384615384 0.07091346153846154
0 0.59375 0.06490384615384616 0.037259615384615384 0.07091346153846154
0 0.1346153846153846 0.35697115384615385 0.055288461538461536 0.0733173076923077
0 0.5516826923076923 0.06850961538461539 0.055288461538461536 0.0733173076923077
0 0.4170673076923077 0.7043269230769231 0.0625 0.09014423076923077
0 0.17668269230769232 0.6911057692307693 0.06009615384615385 0.08533653846153846
0 0.11899038461538461 0.4795673076923077 0.052884615384615384 0.078125
0 0.19110576923076922 0.359375 0.057692307692307696 0.0733173076923077
0 0.17307692307692307 0.4807692307692308 0.057692307692307696 0.078125
0 0.0673076923076923 0.6838942307692307 0.052884615384615384 0.08533653846153846
0 0.20432692307692307 0.2439903846153846 0.052884615384615384 0.07091346153846154
0 0.41947115384615385 0.1310096153846154 0.052884615384615384 0.0673076923076923
0 0.3389423076923077 0.1875 0.055288461538461536 0.07091346153846154
0 0.10096153846153846 0.4170673076923077 0.052884615384615384 0.07572115384615384
0 0.0673076923076923 0.4795673076923077 0.052884615384615384 0.07572115384615384
0 0.390625 0.1875 0.052884615384615384 0.07091346153846154
0 0.11538461538461539 0.2980769230769231 0.052884615384615384 0.07091346153846154
0 0.234375 0.1875 0.052884615384615384 0.0673076923076923
0 0.2776442307692308 0.30288461538461536 0.052884615384615384 0.07091346153846154
0 0.0829326923076923 0.3557692307692308 0.05048076923076923 0.0733173076923077
0 0.44711538461538464 0.07451923076923077 0.052884615384615384 0.0673076923076923
0 0.36658653846153844 0.1310096153846154 0.052884615384615384 0.0673076923076923
0 0.578125 0.021634615384615384 0.055288461538461536 0.04326923076923077
0 0.2860576923076923 0.1875 0.052884615384615384 0.0673076923076923
0 0.5733173076923077 0.7740384615384616 0.06490384615384616 0.06009615384615385
0 0.47115384615384615 0.12980769230769232 0.055288461538461536 0.0673076923076923
0 0.5240384615384616 0.02403846153846154 0.052884615384615384 0.04807692307692308
0 0.18509615384615385 0.1875 0.052884615384615384 0.0673076923076923
0 0.13221153846153846 0.1875 0.05048076923076923 0.0673076923076923
0 0.2668269230769231 0.13341346153846154 0.052884615384615384 0.06490384615384616
0 0.16346153846153846 0.1346153846153846 0.052884615384615384 0.06490384615384616
0 0.3161057692307692 0.13221153846153846 0.052884615384615384 0.0673076923076923
0 0.3954326923076923 0.07572115384615384 0.052884615384615384 0.0673076923076923
0 0.12740384615384615 0.03365384615384615 0.04807692307692308 0.06009615384615385
0 0.4723557692307692 0.025240384615384616 0.05048076923076923 0.05048076923076923
0 0.21514423076923078 0.13341346153846154 0.052884615384615384 0.06490384615384616
0 0.14302884615384615 0.0829326923076923 0.052884615384615384 0.0625
0 0.3449519230769231 0.07692307692307693 0.05048076923076923 0.0673076923076923
0 0.15144230769230768 0.24278846153846154 0.052884615384615384 0.07091346153846154
0 0.19471153846153846 0.08173076923076923 0.05048076923076923 0.0625
0 0.32211538461538464 0.027644230769230768 0.05048076923076923 0.055288461538461536
0 0.27163461538461536 0.028846153846153848 0.05048076923076923 0.057692307692307696
0 0.2956730769230769 0.07932692307692307 0.05048076923076923 0.06490384615384616
0 0.22355769230769232 0.030048076923076924 0.05048076923076923 0.06009615384615385
0 0.10697115384615384 0.1310096153846154 0.052884615384615384 0.06490384615384616
0 0.17427884615384615 0.03245192307692308 0.05048076923076923 0.0625
0 0.17067307692307693 0.3004807692307692 0.052884615384615384 0.0733173076923077
0 0.421875 0.026442307692307692 0.05048076923076923 0.052884615384615384
0 0.2247596153846154 0.3016826923076923 0.055288461538461536 0.0733173076923077
0 0.05048076923076923 0.6129807692307693 0.052884615384615384 0.078125
0 0.49278846153846156 0.30288461538461536 0.057692307692307696 0.0733173076923077
0 0.24639423076923078 0.07932692307692307 0.05048076923076923 0.06490384615384616
0 0.37259615384615385 0.026442307692307692 0.052884615384615384 0.052884615384615384
0 0.09975961538461539 0.24278846153846154 0.05048076923076923 0.06490384615384616
0 0.640625 0.23918269230769232 0.052884615384615384 0.057692307692307696
0 0.5841346153846154 0.9723557692307693 0.057692307692307696 0.055288461538461536
0 0.5012019230769231 0.9711538461538461 0.10817307692307693 0.057692307692307696
0 0.2776442307692308 0.9699519230769231 0.10817307692307693 0.06009615384615385
0 0.05889423076923077 0.9711538461538461 0.10817307692307693 0.057692307692307696
0 0.16947115384615385 0.9699519230769231 0.10817307692307693 0.06009615384615385
0 0.38822115384615385 0.96875 0.10817307692307693 0.0625
0 0.5576923076923077 0.8858173076923077 0.11057692307692307 0.15865384615384615
0 0.028846153846153848 0.8846153846153846 0.057692307692307696 0.16105769230769232
0 0.33533653846153844 0.8834134615384616 0.10817307692307693 0.15865384615384615
0 0.2247596153846154 0.8834134615384616 0.10817307692307693 0.15865384615384615
0 0.44591346153846156 0.8834134615384616 0.10817307692307693 0.15865384615384615
0 0.11538461538461539 0.8834134615384616 0.11057692307692307 0.15865384615384615