0 0.3161057692307692 0.18028846153846154 0.06009615384615385 0.0829326923076923
0 0.25721153846153844 0.1814903846153846 0.06009615384615385 0.0829326923076923
0 0.19951923076923078 0.18269230769230768 0.06009615384615385 0.08052884615384616
0 0.234375 0.24879807692307693 0.06009615384615385 0.078125
0 0.2920673076923077 0.24759615384615385 0.06009615384615385 0.08052884615384616
0 0.34975961538461536 0.17668269230769232 0.013221153846153846 0.0829326923076923
0 0.3245192307692308 0.3112980769230769 0.06009615384615385 0.078125
0 0.34134615384615385 0.37259615384615385 0.03125 0.0733173076923077
0 0.15985576923076922 0.11538461538461539 0.0625 0.0829326923076923
0 0.28125 0.11057692307692307 0.06009615384615385 0.0829326923076923
0 0.29927884615384615 0.3737980769230769 0.057692307692307696 0.07572115384615384
0 0.24639423076923078 0.042067307692307696 0.06490384615384616 0.0829326923076923
0 0.2668269230769231 0.3112980769230769 0.057692307692307696 0.078125
0 0.3329326923076923 0.10817307692307693 0.046875 0.08653846153846154
0 0.328125 0.43149038461538464 0.057692307692307696 0.06971153846153846
0 0.04447115384615385 0.12139423076923077 0.057692307692307696 0.0829326923076923
0 0.22235576923076922 0.11177884615384616 0.0625 0.0829326923076923
0 0.33774038461538464 0.24639423076923078 0.038461538461538464 0.08052884615384616
0 0.10096153846153846 0.11899038461538461 0.06009615384615385 0.0829326923076923
0 0.11899038461538461 0.2512019230769231 0.06009615384615385 0.078125
0 0.27524038461538464 0.4326923076923077 0.055288461538461536 0.0673076923076923
0 0.007211538461538462 0.1201923076923077 0.014423076923076924 0.08173076923076923
0 0.06009615384615385 0.2548076923076923 0.057692307692307696 0.078125
0 0.13942307692307693 0.18509615384615385 0.0625 0.08052884615384616
0 0.125 0.04447115384615385 0.06009615384615385 0.08653846153846154
0 0.21995192307692307 0.4326923076923077 0.055288461538461536 0.0673076923076923
0 0.018028846153846152 0.05048076923076923 0.036057692307692304 0.08653846153846154
0 0.3449519230769231 0.038461538461538464 0.021634615384615384 0.07692307692307693
0 0.21153846153846154 0.3125 0.057692307692307696 0.07572115384615384
0 0.0673076923076923 0.04807692307692308 0.06009615384615385 0.08653846153846154
0 0.18509615384615385 0.04326923076923077 0.0625 0.08653846153846154
0 0.17668269230769232 0.24879807692307693 0.06009615384615385 0.078125
0 0.15504807692307693 0.3137019230769231 0.057692307692307696 0.07572115384615384
0 0.1658653846153846 0.4326923076923077 0.055288461538461536 0.0673076923076923
0 0.026442307692307692 0.009615384615384616 0.051682692307692304 0.018028846153846152
0 0.24519230769230768 0.3737980769230769 0.057692307692307696 0.07572115384615384
0 0.3076923076923077 0.040865384615384616 0.0625 0.08052884615384616
0 0.040865384615384616 0.3173076923076923 0.057692307692307696 0.07572115384615384
0 0.08173076923076923 0.007211538461538462 0.0625 0.014423076923076924
0 0.026442307692307692 0.18870192307692307 0.051682692307692304 0.08052884615384616
0 0.0985576923076923 0.31490384615384615 0.06009615384615385 0.07572115384615384
0 0.08052884615384616 0.18870192307692307 0.06009615384615385 0.08052884615384616
0 0.11298076923076923 0.4326923076923077 0.055288461538461536 0.0673076923076923
0 0.015625 0.2548076923076923 0.03125 0.078125
0 0.02403846153846154 0.37740384615384615 0.046875 0.0733173076923077
0 0.18870192307692307 0.3737980769230769 0.057692307692307696 0.0733173076923077
0 0.006009615384615385 0.3161057692307692 0.01201923076923077 0.07451923076923077
0 0.05889423076923077 0.4326923076923077 0.055288461538461536 0.0673076923076923
0 0.078125 0.3762019230769231 0.055288461538461536 0.07572115384615384
0 0.1346153846153846 0.375 0.055288461538461536 0.07572115384615384
0 0.014423076923076924 0.4338942307692308 0.028846153846153848 0.06490384615384616
0 0.8846153846153846 0.24278846153846154 0.16706730769230768 0.23918269230769232
0 0.9867788461538461 0.265625 0.026442307692307692 0.23918269230769232
0 0.7055288461538461 0.28846153846153844 0.17668269230769232 0.2548076923076923
0 0.5228365384615384 0.30408653846153844 0.17668269230769232 0.2548076923076923
0 0.3942307692307692 0.31971153846153844 0.07572115384615384 0.2548076923076923
0 0.9435096153846154 0.4206730769230769 0.11177884615384616 0.09134615384615384
0 0.8052884615384616 0.43028846153846156 0.171875 0.0733173076923077
0 0.45072115384615385 0.4411057692307692 0.171875 0.04927884615384615
0 0.6286057692307693 0.4411057692307692 0.17427884615384615 0.04927884615384615
0 0.1778846153846154 0.5348557692307693 0.20072115384615385 0.13822115384615385
0 0.3016826923076923 0.5492788461538461 0.109375 0.16706730769230768
0 0.052884615384615384 0.5576923076923077 0.10576923076923077 0.18269230769230768
0 0.3004807692307692 0.6935096153846154 0.11177884615384616 0.14783653846153846
0 0.1971153846153846 0.7884615384615384 0.140625 0.13581730769230768
0 0.18870192307692307 0.6550480769230769 0.17668269230769232 0.16105769230769232
0 0.06610576923076923 0.71875 0.13221153846153846 0.16105769230769232
0 0.3016826923076923 0.8389423076923077 0.109375 0.16105769230769232
0 0.07211538461538461 0.9182692307692307 0.14302884615384615 0.16346153846153846
0 0.003605769230769231 0.8028846153846154 0.007211538461538462 0.16947115384615385
0 0.013221153846153846 0.9591346153846154 0.026442307692307692 0.08052884615384616
0 0.203125 0.9387019230769231 0.13581730769230768 0.12259615384615384
0 0.31009615384615385 0.9507211538461539 0.09375 0.0985576923076923
0 0.9471153846153846 0.7103365384615384 0.10576923076923077 0.22355769230769232
0 0.6526442307692307 0.6538461538461539 0.203125 0.234375
0 0.796875 0.7548076923076923 0.1875 0.21875
0 0.4891826923076923 0.7944711538461539 0.20072115384615385 0.21634615384615385
0 0.38221153846153844 0.6754807692307693 0.051682692307692304 0.23677884615384615
0 0.7800480769230769 0.9098557692307693 0.16706730769230768 0.15384615384615385
0 0.6430288461538461 0.8389423076923077 0.171875 0.18269230769230768
0 0.3870192307692308 0.8533653846153846 0.06009615384615385 0.18509615384615385
0 0.7776442307692307 0.9903846153846154 0.14783653846153846 0.018028846153846152
0 0.6382211538461539 0.9579326923076923 0.16706730769230768 0.0829326923076923
0 0.49759615384615385 0.9350961538461539 0.17668269230769232 0.12980769230769232
0 0.40024038461538464 0.9675480769230769 0.08653846153846154 0.06490384615384616
0 0.9278846153846154 0.8509615384615384 0.14302884615384615 0.171875
0 0.921875 0.9663461538461539 0.15625 0.0673076923076923
0 0.9735576923076923 0.9735576923076923 0.051682692307692304 0.051682692307692304