0 0.34615384615384615 0.3401442307692308 0.056490384615384616 0.07572115384615384
0 0.6754807692307693 0.21033653846153846 0.056490384615384616 0.08052884615384616
0 0.6382211538461539 0.4170673076923077 0.054086538461538464 0.0733173076923077
0 0.37259615384615385 0.4050480769230769 0.056490384615384616 0.07572115384615384
0 0.4831730769230769 0.28725961538461536 0.056490384615384616 0.078125
0 0.4795673076923077 0.41466346153846156 0.054086538461538464 0.0733173076923077
0 0.4266826923076923 0.4110576923076923 0.054086538461538464 0.0733173076923077
0 0.4519230769230769 0.4735576923076923 0.054086538461538464 0.07091346153846154
0 0.5084134615384616 0.35216346153846156 0.056490384615384616 0.07572115384615384
0 0.2668269230769231 0.5204326923076923 0.054086538461538464 0.07091346153846154
0 0.4266826923076923 0.5288461538461539 0.054086538461538464 0.07091346153846154
0 0.3737980769230769 0.5276442307692307 0.054086538461538464 0.07091346153846154
0 0.6201923076923077 0.22115384615384615 0.056490384615384616 0.078125
0 0.8173076923076923 0.14423076923076922 0.05889423076923077 0.0829326923076923
0 0.7127403846153846 0.47475961538461536 0.056490384615384616 0.0733173076923077
0 0.12860576923076922 0.45552884615384615 0.056490384615384616 0.0733173076923077
0 0.9146634615384616 0.2668269230769231 0.054086538461538464 0.078125
0 0.5288461538461539 0.5336538461538461 0.051682692307692304 0.07091346153846154
0 0.7608173076923077 0.14302884615384615 0.056490384615384616 0.078125
0 0.2091346153846154 0.39783653846153844 0.056490384615384616 0.07572115384615384
0 0.7752403846153846 0.34134615384615385 0.054086538461538464 0.07572115384615384
0 0.5612980769230769 0.3545673076923077 0.054086538461538464 0.07572115384615384
0 0.34615384615384615 0.4651442307692308 0.054086538461538464 0.0733173076923077
0 0.09014423076923077 0.2608173076923077 0.05889423076923077 0.078125
0 0.4543269230769231 0.34975961538461536 0.056490384615384616 0.07572115384615384
0 0.796875 0.4050480769230769 0.054086538461538464 0.0733173076923077
0 0.2932692307692308 0.46274038461538464 0.056490384615384616 0.0733173076923077
0 0.7007211538461539 0.27403846153846156 0.056490384615384616 0.078125
0 0.45072115384615385 0.5877403846153846 0.054086538461538464 0.06850961538461539
0 0.5324519230769231 0.41586538461538464 0.054086538461538464 0.0733173076923077
0 0.234375 0.33533653846153844 0.05889423076923077 0.07572115384615384
0 0.23918269230769232 0.46033653846153844 0.056490384615384616 0.0733173076923077
0 0.6598557692307693 0.47836538461538464 0.054086538461538464 0.07091346153846154
0 0.31971153846153844 0.4026442307692308 0.056490384615384616 0.0733173076923077
0 0.7439903846153846 0.40384615384615385 0.056490384615384616 0.07572115384615384
0 0.2644230769230769 0.40024038461538464 0.056490384615384616 0.07572115384615384
0 0.5853365384615384 0.4170673076923077 0.054086538461538464 0.0733173076923077
0 0.28966346153846156 0.33774038461538464 0.056490384615384616 0.07572115384615384
0 0.6081730769230769 0.47716346153846156 0.054086538461538464 0.07091346153846154
0 0.7223557692307693 0.34134615384615385 0.054086538461538464 0.078125
0 0.32091346153846156 0.5228365384615384 0.054086538461538464 0.0733173076923077
0 0.5048076923076923 0.47475961538461536 0.054086538461538464 0.07091346153846154
0 0.4014423076923077 0.34375 0.056490384615384616 0.07572115384615384
0 0.3473557692307692 0.5841346153846154 0.054086538461538464 0.07091346153846154
0 0.5372596153846154 0.28846153846153844 0.056490384615384616 0.078125
0 0.18269230769230768 0.45913461538461536 0.056490384615384616 0.0733173076923077
0 0.6682692307692307 0.35096153846153844 0.056490384615384616 0.078125
0 0.6466346153846154 0.2860576923076923 0.056490384615384616 0.078125
0 0.2848557692307692 0.20192307692307693 0.05889423076923077 0.0829326923076923
0 0.6899038461538461 0.41346153846153844 0.054086538461538464 0.0733173076923077
0 0.7536057692307693 0.2764423076923077 0.056490384615384616 0.078125
0 0.734375 0.5324519230769231 0.054086538461538464 0.07091346153846154
0 0.37259615384615385 0.2764423076923077 0.05889423076923077 0.078125
0 0.5564903846153846 0.47596153846153844 0.054086538461538464 0.07091346153846154
0 0.5661057692307693 0.22235576923076922 0.056490384615384616 0.078125
0 0.4543269230769231 0.21394230769230768 0.05889423076923077 0.08052884615384616
0 0.17668269230769232 0.3317307692307692 0.05889423076923077 0.07572115384615384
0 0.40024038461538464 0.47115384615384615 0.056490384615384616 0.0733173076923077
0 0.21394230769230768 0.5192307692307693 0.056490384615384616 0.0733173076923077
0 0.39903846153846156 0.21033653846153846 0.05889423076923077 0.078125
0 0.15264423076923078 0.3954326923076923 0.05889423076923077 0.07572115384615384
0 0.7548076923076923 0.5901442307692307 0.056490384615384616 0.07091346153846154
0 0.203125 0.2668269230769231 0.05889423076923077 0.08052884615384616
0 0.6814903846153846 0.5360576923076923 0.054086538461538464 0.07091346153846154
0 0.42908653846153844 0.2800480769230769 0.056490384615384616 0.078125
0 0.9326923076923077 0.3329326923076923 0.054086538461538464 0.078125
0 0.3173076923076923 0.27283653846153844 0.056490384615384616 0.078125
0 0.5012019230769231 0.5889423076923077 0.051682692307692304 0.06850961538461539
0 0.5793269230769231 0.5348557692307693 0.054086538461538464 0.07091346153846154
0 0.16947115384615385 0.19591346153846154 0.05889423076923077 0.0829326923076923
0 0.8088942307692307 0.2776442307692308 0.056490384615384616 0.078125
0 0.2620192307692308 0.12860576923076922 0.05889423076923077 0.0829326923076923
0 0.2956730769230769 0.5805288461538461 0.054086538461538464 0.07091346153846154
0 0.5096153846153846 0.21995192307692307 0.056490384615384616 0.08052884615384616
0 0.1045673076923077 0.515625 0.056490384615384616 0.07091346153846154
0 0.9254807692307693 0.13221153846153846 0.05889423076923077 0.0829326923076923
0 0.15865384615384615 0.5180288461538461 0.056490384615384616 0.0733173076923077
0 0.09735576923076923 0.39302884615384615 0.056490384615384616 0.07572115384615384
0 0.11177884615384616 0.19110576923076922 0.05889423076923077 0.08533653846153846
0 0.18870192307692307 0.5769230769230769 0.054086538461538464 0.07091346153846154
0 0.6310096153846154 0.5348557692307693 0.051682692307692304 0.06850961538461539
0 0.7644230769230769 0.4651442307692308 0.054086538461538464 0.07091346153846154
0 0.1201923076923077 0.3293269230769231 0.05889423076923077 0.078125
0 0.8930288461538461 0.20072115384615385 0.054086538461538464 0.08052884615384616
0 0.7019230769230769 0.59375 0.054086538461538464 0.06850961538461539
0 0.8810096153846154 0.3449519230769231 0.054086538461538464 0.07572115384615384
0 0.2283653846153846 0.19831730769230768 0.05889423076923077 0.0829326923076923
0 0.42427884615384615 0.6430288461538461 0.051682692307692304 0.06610576923076923
0 0.203125 0.12379807692307693 0.05889423076923077 0.08533653846153846
0 0.8605769230769231 0.2800480769230769 0.054086538461538464 0.078125
0 0.6009615384615384 0.5913461538461539 0.051682692307692304 0.06850961538461539
0 0.32211538461538464 0.640625 0.054086538461538464 0.07091346153846154
0 0.47836538461538464 0.53125 0.054086538461538464 0.07091346153846154
0 0.9002403846153846 0.4074519230769231 0.051682692307692304 0.078125
0 0.13581730769230768 0.5757211538461539 0.054086538461538464 0.07091346153846154
0 0.24278846153846154 0.578125 0.056490384615384616 0.07091346153846154
0 0.40024038461538464 0.5865384615384616 0.054086538461538464 0.07091346153846154
0 0.5516826923076923 0.5901442307692307 0.051682692307692304 0.06610576923076923
0 0.39903846153846156 0.6971153846153846 0.051682692307692304 0.06610576923076923
0 0.47596153846153844 0.6442307692307693 0.051682692307692304 0.06610576923076923
0 0.7848557692307693 0.5252403846153846 0.054086538461538464 0.0733173076923077
0 0.828125 0.34375 0.054086538461538464 0.07572115384615384
0 0.7740384615384616 0.6466346153846154 0.051682692307692304 0.06850961538461539
0 0.2704326923076923 0.6370192307692307 0.051682692307692304 0.06850961538461539
0 0.8701923076923077 0.1346153846153846 0.056490384615384616 0.0829326923076923
0 0.5252403846153846 0.6454326923076923 0.051682692307692304 0.06610576923076923
0 0.7247596153846154 0.6502403846153846 0.051682692307692304 0.06850961538461539
0 0.9182692307692307 0.46875 0.051682692307692304 0.07091346153846154
0 0.8737980769230769 0.6394230769230769 0.051682692307692304 0.06610576923076923
0 0.3485576923076923 0.6959134615384616 0.054086538461538464 0.06610576923076923
0 0.08774038461538461 0.11658653846153846 0.05889423076923077 0.08052884615384616
0 0.6514423076923077 0.5925480769230769 0.051682692307692304 0.06850961538461539
0 0.7836538461538461 0.21153846153846154 0.056490384615384616 0.078125
0 0.6237980769230769 0.6490384615384616 0.051682692307692304 0.06610576923076923
0 0.3425480769230769 0.20552884615384615 0.05889423076923077 0.08052884615384616
0 0.7307692307692307 0.2091346153846154 0.056490384615384616 0.078125
0 0.8245192307692307 0.6382211538461539 0.051682692307692304 0.06850961538461539
0 0.8401442307692307 0.21153846153846154 0.056490384615384616 0.0829326923076923
0 0.2980769230769231 0.6935096153846154 0.054086538461538464 0.06610576923076923
0 0.5913461538461539 0.28846153846153844 0.056490384615384616 0.078125
0 0.24519230769230768 0.6911057692307693 0.054086538461538464 0.06850961538461539
0 0.3737980769230769 0.6418269230769231 0.054086538461538464 0.06850961538461539
0 0.21875 0.6346153846153846 0.054086538461538464 0.06850961538461539
0 0.8052884615384616 0.5817307692307693 0.051682692307692304 0.07091346153846154
0 0.4483173076923077 0.6971153846153846 0.051682692307692304 0.06850961538461539
0 0.25961538461538464 0.2692307692307692 0.05889423076923077 0.078125
0 0.4723557692307692 0.7524038461538461 0.051682692307692304 0.06610576923076923
0 0.1935096153846154 0.6887019230769231 0.054086538461538464 0.06850961538461539
0 0.7451923076923077 0.7043269230769231 0.051682692307692304 0.06610576923076923
0 0.5745192307692307 0.6478365384615384 0.051682692307692304 0.06850961538461539
0 0.11298076923076923 0.6334134615384616 0.054086538461538464 0.06610576923076923
0 0.6935096153846154 0.703125 0.051682692307692304 0.06610576923076923
0 0.5961538461538461 0.7007211538461539 0.051682692307692304 0.06610576923076923
0 0.14543269230769232 0.12139423076923077 0.06129807692307692 0.0829326923076923
0 0.27283653846153844 0.7487980769230769 0.051682692307692304 0.06610576923076923
0 0.7944711538461539 0.7007211538461539 0.051682692307692304 0.06610576923076923
0 0.37259615384615385 0.7512019230769231 0.051682692307692304 0.06610576923076923
0 0.22235576923076922 0.7451923076923077 0.051682692307692304 0.06610576923076923
0 0.8353365384615384 0.5240384615384616 0.054086538461538464 0.07091346153846154
0 0.4230769230769231 0.7512019230769231 0.051682692307692304 0.06610576923076923
0 0.9447115384615384 0.20072115384615385 0.054086538461538464 0.078125
0 0.16466346153846154 0.6334134615384616 0.054086538461538464 0.06610576923076923
0 0.3233173076923077 0.75 0.051682692307692304 0.06610576923076923
0 0.4987980769230769 0.6983173076923077 0.051682692307692304 0.06610576923076923
0 0.5216346153846154 0.7524038461538461 0.051682692307692304 0.06610576923076923
0 0.84375 0.6923076923076923 0.051682692307692304 0.06850961538461539
0 0.14182692307692307 0.6887019230769231 0.054086538461538464 0.06850961538461539
0 0.8918269230769231 0.6935096153846154 0.04927884615384615 0.06610576923076923
0 0.39783653846153844 0.8040865384615384 0.051682692307692304 0.06370192307692307
0 0.11899038461538461 0.7427884615384616 0.051682692307692304 0.06610576923076923
0 0.9050480769230769 0.5841346153846154 0.051682692307692304 0.06850961538461539
0 0.8137019230769231 0.7536057692307693 0.04927884615384615 0.06610576923076923
0 0.6454326923076923 0.7019230769230769 0.051682692307692304 0.06610576923076923
0 0.14903846153846154 0.7956730769230769 0.051682692307692304 0.06370192307692307
0 0.6670673076923077 0.7560096153846154 0.051682692307692304 0.06610576923076923
0 0.6730769230769231 0.6490384615384616 0.051682692307692304 0.06610576923076923
0 0.17067307692307693 0.7439903846153846 0.051682692307692304 0.06610576923076923
0 0.4951923076923077 0.8052884615384616 0.04927884615384615 0.06610576923076923
0 0.44711538461538464 0.8040865384615384 0.04927884615384615 0.06610576923076923
0 0.5709134615384616 0.7536057692307693 0.051682692307692304 0.06610576923076923
0 0.5480769230769231 0.7007211538461539 0.051682692307692304 0.06610576923076923
0 0.1466346153846154 0.2644230769230769 0.05889423076923077 0.08052884615384616
0 0.3245192307692308 0.8521634615384616 0.051682692307692304 0.06129807692307692
0 0.3485576923076923 0.8028846153846154 0.051682692307692304 0.06370192307692307
0 0.29927884615384615 0.8016826923076923 0.051682692307692304 0.06610576923076923
0 0.6189903846153846 0.7548076923076923 0.051682692307692304 0.06610576923076923
0 0.8617788461538461 0.7463942307692307 0.04927884615384615 0.06610576923076923
0 0.8665865384615384 0.4675480769230769 0.054086538461538464 0.07091346153846154
0 0.5444711538461539 0.8052884615384616 0.04927884615384615 0.06370192307692307
0 0.17668269230769232 0.8461538461538461 0.051682692307692304 0.06370192307692307
0 0.37259615384615385 0.8533653846153846 0.04927884615384615 0.06370192307692307
0 0.8870192307692307 0.5264423076923077 0.051682692307692304 0.07091346153846154
0 0.8329326923076923 0.8064903846153846 0.04927884615384615 0.06370192307692307
0 0.7163461538461539 0.7572115384615384 0.04927884615384615 0.06610576923076923
0 0.640625 0.8088942307692307 0.04927884615384615 0.06610576923076923
0 0.24879807692307693 0.8004807692307693 0.051682692307692304 0.06370192307692307
0 0.5913461538461539 0.8064903846153846 0.04927884615384615 0.06610576923076923
0 0.6887019230769231 0.8100961538461539 0.051682692307692304 0.06370192307692307
0 0.6610576923076923 0.8581730769230769 0.04927884615384615 0.06129807692307692
0 0.7644230769230769 0.7572115384615384 0.051682692307692304 0.06610576923076923
0 0.27403846153846156 0.8509615384615384 0.04927884615384615 0.06129807692307692
0 0.7836538461538461 0.8100961538461539 0.04927884615384615 0.06370192307692307
0 0.6141826923076923 0.3545673076923077 0.056490384615384616 0.07572115384615384
0 0.8533653846153846 0.8545673076923077 0.04927884615384615 0.06129807692307692
0 0.19831730769230768 0.796875 0.051682692307692304 0.06370192307692307
0 0.8161057692307693 0.46634615384615385 0.054086538461538464 0.07091346153846154
0 0.7367788461538461 0.8100961538461539 0.04927884615384615 0.06370192307692307
0 0.5661057692307693 0.8569711538461539 0.04927884615384615 0.06370192307692307
0 0.8545673076923077 0.5829326923076923 0.051682692307692304 0.06850961538461539
0 0.47115384615384615 0.8569711538461539 0.04927884615384615 0.06370192307692307
0 0.7560096153846154 0.859375 0.04927884615384615 0.06129807692307692
0 0.22596153846153846 0.8497596153846154 0.051682692307692304 0.06370192307692307
0 0.8064903846153846 0.8569711538461539 0.04927884615384615 0.06129807692307692
0 0.5180288461538461 0.8569711538461539 0.04927884615384615 0.06610576923076923
0 0.6129807692307693 0.8581730769230769 0.04927884615384615 0.06370192307692307
0 0.421875 0.8545673076923077 0.04927884615384615 0.06610576923076923
0 0.7091346153846154 0.859375 0.04927884615384615 0.06129807692307692
0 0.8485576923076923 0.40625 0.054086538461538464 0.0733173076923077
0 0.8798076923076923 0.7992788461538461 0.046875 0.06610576923076923
0 0.12740384615384615 0.8449519230769231 0.054086538461538464 0.06129807692307692