0 0.22235576923076922 0.21394230769230768 0.1466346153846154 0.08533653846153846
0 0.6646634615384616 0.21514423076923078 0.14903846153846154 0.08533653846153846
0 0.3701923076923077 0.21514423076923078 0.14903846153846154 0.09254807692307693
0 0.5204326923076923 0.21634615384615385 0.14903846153846154 0.08774038461538461
0 0.9194711538461539 0.27524038461538464 0.15985576923076922 0.09615384615384616
0 0.75 0.2920673076923077 0.15985576923076922 0.09615384615384616
0 0.13942307692307693 0.2920673076923077 0.15384615384615385 0.0985576923076923
0 0.44591346153846156 0.2956730769230769 0.15384615384615385 0.0985576923076923
0 0.29447115384615385 0.2956730769230769 0.15384615384615385 0.09615384615384616
0 0.5961538461538461 0.29927884615384615 0.15745192307692307 0.0985576923076923
0 0.9194711538461539 0.3701923076923077 0.16105769230769232 0.10096153846153846
0 0.12620192307692307 0.390625 0.16706730769230768 0.10697115384615384
0 0.765625 0.390625 0.17067307692307693 0.10697115384615384
0 0.28725961538461536 0.3954326923076923 0.1622596153846154 0.10697115384615384
0 0.44591346153846156 0.39663461538461536 0.15745192307692307 0.10336538461538461
0 0.6021634615384616 0.40024038461538464 0.15985576923076922 0.10336538461538461
0 0.5492788461538461 0.010817307692307692 0.12980769230769232 0.021634615384615384
0 0.4230769230769231 0.01201923076923077 0.12740384615384615 0.02403846153846154
0 0.9399038461538461 0.47836538461538464 0.1201923076923077 0.12259615384615384
0 0.2956730769230769 0.013221153846153846 0.12740384615384615 0.026442307692307692
0 0.7992788461538461 0.4987980769230769 0.18028846153846154 0.1201923076923077
0 0.1201923076923077 0.4987980769230769 0.1778846153846154 0.11658653846153846
0 0.46153846153846156 0.5024038461538461 0.16466346153846154 0.11177884615384616
0 0.29447115384615385 0.5024038461538461 0.17548076923076922 0.11177884615384616
0 0.6274038461538461 0.5048076923076923 0.17067307692307693 0.11177884615384616
0 0.17427884615384615 0.014423076923076924 0.125 0.028846153846153848
0 0.055288461538461536 0.015625 0.11057692307692307 0.03125
0 0.9423076923076923 0.5997596153846154 0.1141826923076923 0.12980769230769232
0 0.4387019230769231 0.6177884615384616 0.1778846153846154 0.12740384615384615
0 0.8004807692307693 0.6177884615384616 0.18870192307692307 0.12980769230769232
0 0.25841346153846156 0.6201923076923077 0.18389423076923078 0.13341346153846154
0 0.08413461538461539 0.6213942307692307 0.16706730769230768 0.13581730769230768
0 0.6165865384615384 0.6225961538461539 0.18028846153846154 0.12980769230769232
0 0.9615384615384616 0.7451923076923077 0.07692307692307693 0.14903846153846154
0 0.4362980769230769 0.7584134615384616 0.1971153846153846 0.15745192307692307
0 0.8269230769230769 0.7596153846153846 0.19951923076923078 0.15745192307692307
0 0.07091346153846154 0.7596153846153846 0.140625 0.15144230769230768
0 0.23918269230769232 0.7620192307692307 0.1971153846153846 0.15384615384615385
0 0.6322115384615384 0.7620192307692307 0.19951923076923078 0.15144230769230768
0 0.8125 0.20793269230769232 0.15144230769230768 0.08533653846153846