0 0.018028846153846152 0.004807692307692308 0.03125 0.009615384615384616
0 0.04927884615384615 0.004807692307692308 0.03125 0.009615384615384616
0 0.0829326923076923 0.007211538461538462 0.03245192307692308 0.013221153846153846
0 0.14783653846153846 0.007211538461538462 0.03485576923076923 0.013221153846153846
0 0.17908653846153846 0.007211538461538462 0.03245192307692308 0.013221153846153846
0 0.11538461538461539 0.007211538461538462 0.03245192307692308 0.013221153846153846
0 0.21153846153846154 0.007211538461538462 0.03245192307692308 0.013221153846153846
0 0.24278846153846154 0.007211538461538462 0.03245192307692308 0.013221153846153846
0 0.27524038461538464 0.007211538461538462 0.03245192307692308 0.013221153846153846
0 0.3076923076923077 0.007211538461538462 0.03245192307692308 0.013221153846153846
0 0.32572115384615385 0.007211538461538462 0.010817307692307692 0.013221153846153846
0 0.010817307692307692 0.025240384615384616 0.021634615384615384 0.04567307692307692
0 0.037259615384615384 0.025240384615384616 0.03245192307692308 0.04567307692307692
0 0.13341346153846154 0.025240384615384616 0.03245192307692308 0.04567307692307692
0 0.16466346153846154 0.025240384615384616 0.03245192307692308 0.04567307692307692
0 0.06850961538461539 0.025240384615384616 0.03245192307692308 0.04567307692307692
0 0.10216346153846154 0.026442307692307692 0.03485576923076923 0.04567307692307692
0 0.1971153846153846 0.026442307692307692 0.03245192307692308 0.04567307692307692
0 0.2283653846153846 0.026442307692307692 0.03245192307692308 0.04567307692307692
0 0.25961538461538464 0.026442307692307692 0.03245192307692308 0.04326923076923077
0 0.29086538461538464 0.027644230769230768 0.03245192307692308 0.04326923076923077
0 0.31971153846153844 0.026442307692307692 0.02403846153846154 0.04326923076923077
0 0.003605769230769231 0.057692307692307696 0.007211538461538462 0.04326923076923077
0 0.02283653846153846 0.06009615384615385 0.03245192307692308 0.04567307692307692
0 0.055288461538461536 0.06009615384615385 0.03485576923076923 0.04567307692307692
0 0.08653846153846154 0.06009615384615385 0.03245192307692308 0.04326923076923077
0 0.11899038461538461 0.06009615384615385 0.03245192307692308 0.04567307692307692
0 0.1502403846153846 0.06009615384615385 0.03245192307692308 0.04567307692307692
0 0.1814903846153846 0.06009615384615385 0.03245192307692308 0.04567307692307692
0 0.2127403846153846 0.06129807692307692 0.03245192307692308 0.04567307692307692
0 0.24278846153846154 0.06129807692307692 0.03245192307692308 0.04326923076923077
0 0.27524038461538464 0.06129807692307692 0.03245192307692308 0.04326923076923077
0 0.3076923076923077 0.0625 0.03245192307692308 0.04567307692307692
0 0.32572115384615385 0.06129807692307692 0.010817307692307692 0.04326923076923077
0 0.1658653846153846 0.09495192307692307 0.03245192307692308 0.04567307692307692
0 0.039663461538461536 0.09495192307692307 0.03485576923076923 0.04326923076923077
0 0.07211538461538461 0.09495192307692307 0.03245192307692308 0.04326923076923077
0 0.1045673076923077 0.09495192307692307 0.03245192307692308 0.04326923076923077
0 0.1346153846153846 0.09495192307692307 0.03245192307692308 0.04326923076923077
0 0.19831730769230768 0.09495192307692307 0.03245192307692308 0.04326923076923077
0 0.2283653846153846 0.09495192307692307 0.03485576923076923 0.04567307692307692
0 0.013221153846153846 0.09375 0.026442307692307692 0.04326923076923077
0 0.25961538461538464 0.09495192307692307 0.03245192307692308 0.04326923076923077
0 0.29086538461538464 0.09615384615384616 0.03245192307692308 0.04326923076923077
0 0.31850961538461536 0.09615384615384616 0.026442307692307692 0.04326923076923077
0 0.004807692307692308 0.12740384615384615 0.009615384615384616 0.04326923076923077
0 0.026442307692307692 0.12860576923076922 0.03245192307692308 0.039663461538461536
0 0.057692307692307696 0.12860576923076922 0.03245192307692308 0.039663461538461536
0 0.09014423076923077 0.12860576923076922 0.03245192307692308 0.039663461538461536
0 0.15144230769230768 0.12860576923076922 0.03245192307692308 0.04326923076923077
0 0.18269230769230768 0.12980769230769232 0.028846153846153848 0.04326923076923077
0 0.21394230769230768 0.12980769230769232 0.03245192307692308 0.04326923076923077
0 0.1201923076923077 0.12980769230769232 0.03485576923076923 0.039663461538461536
0 0.24519230769230768 0.12980769230769232 0.03245192307692308 0.039663461538461536
0 0.27524038461538464 0.12980769230769232 0.03245192307692308 0.039663461538461536
0 0.3076923076923077 0.1310096153846154 0.03245192307692308 0.04326923076923077
0 0.32572115384615385 0.12980769230769232 0.010817307692307692 0.039663461538461536
0 0.07451923076923077 0.1622596153846154 0.03245192307692308 0.04567307692307692
0 0.16706730769230768 0.1622596153846154 0.03245192307692308 0.04567307692307692
0 0.19831730769230768 0.1622596153846154 0.03245192307692308 0.04567307692307692
0 0.014423076923076924 0.1622596153846154 0.028846153846153848 0.04567307692307692
0 0.04326923076923077 0.1622596153846154 0.028846153846153848 0.04567307692307692
0 0.10576923076923077 0.1622596153846154 0.028846153846153848 0.04567307692307692
0 0.13581730769230768 0.16346153846153846 0.03245192307692308 0.04567307692307692
0 0.2283653846153846 0.16346153846153846 0.03245192307692308 0.04567307692307692
0 0.2608173076923077 0.16346153846153846 0.03245192307692308 0.04567307692307692
0 0.29086538461538464 0.16466346153846154 0.03245192307692308 0.04567307692307692
0 0.31850961538461536 0.16466346153846154 0.026442307692307692 0.04567307692307692
0 0.09134615384615384 0.1935096153846154 0.03245192307692308 0.04326923076923077
0 0.007211538461538462 0.19230769230769232 0.013221153846153846 0.04326923076923077
0 0.12139423076923077 0.19471153846153846 0.03245192307692308 0.04326923076923077
0 0.06009615384615385 0.19471153846153846 0.03245192307692308 0.04326923076923077
0 0.18269230769230768 0.19471153846153846 0.03245192307692308 0.04326923076923077
0 0.028846153846153848 0.1971153846153846 0.03245192307692308 0.04326923076923077
0 0.15264423076923078 0.1971153846153846 0.03245192307692308 0.04326923076923077
0 0.21394230769230768 0.1971153846153846 0.03245192307692308 0.04326923076923077
0 0.24519230769230768 0.1971153846153846 0.03245192307692308 0.04326923076923077
0 0.27524038461538464 0.19831730769230768 0.03245192307692308 0.04326923076923077
0 0.32572115384615385 0.19831730769230768 0.010817307692307692 0.04326923076923077
0 0.30649038461538464 0.19951923076923078 0.03245192307692308 0.04326923076923077
0 0.453125 0.37259615384615385 0.09615384615384616 0.18389423076923078
0 0.04326923076923077 0.6430288461538461 0.08533653846153846 0.14182692307692307
0 0.29927884615384615 0.6682692307692307 0.06370192307692307 0.13942307692307693
0 0.12379807692307693 0.7067307692307693 0.09375 0.14182692307692307
0 0.21634615384615385 0.7908653846153846 0.10216346153846154 0.14182692307692307
0 0.296875 0.8341346153846154 0.06971153846153846 0.1502403846153846
0 0.13822115384615385 0.8762019230769231 0.10216346153846154 0.1466346153846154
0 0.23557692307692307 0.9254807692307693 0.10697115384615384 0.14182692307692307
0 0.30649038461538464 0.9471153846153846 0.05048076923076923 0.10576923076923077
0 0.0625 0.9483173076923077 0.10096153846153846 0.10336538461538461
0 0.15865384615384615 0.9735576923076923 0.0985576923076923 0.052884615384615384
0 0.2512019230769231 0.9879807692307693 0.10216346153846154 0.02403846153846154
0 0.22355769230769232 0.5144230769230769 0.09375 0.0829326923076923
0 0.052884615384615384 0.5252403846153846 0.09615384615384616 0.1045673076923077
0 0.30528846153846156 0.5552884615384616 0.052884615384615384 0.12620192307692307
0 0.13581730769230768 0.5637019230769231 0.09615384615384616 0.13581730769230768
0 0.008413461538461538 0.5661057692307693 0.015625 0.13581730769230768
0 0.21634615384615385 0.6310096153846154 0.09615384615384616 0.13581730769230768
0 0.47596153846153844 0.5588942307692307 0.15504807692307693 0.17067307692307693
0 0.9447115384615384 0.5528846153846154 0.109375 0.15985576923076922
0 0.8197115384615384 0.5612980769230769 0.13581730769230768 0.17427884615384615
0 0.6754807692307693 0.5612980769230769 0.13341346153846154 0.17668269230769232
0 0.5745192307692307 0.7331730769230769 0.1502403846153846 0.1875
0 0.8485576923076923 0.7331730769230769 0.13581730769230768 0.16826923076923078
0 0.7127403846153846 0.7355769230769231 0.1310096153846154 0.17668269230769232
0 0.96875 0.7536057692307693 0.06129807692307692 0.1814903846153846
0 0.41586538461538464 0.7848557692307693 0.10697115384615384 0.13581730769230768
0 0.6442307692307693 0.8882211538461539 0.13942307692307693 0.15985576923076922
0 0.9423076923076923 0.9242788461538461 0.11538461538461539 0.15144230769230768
0 0.8088942307692307 0.9338942307692307 0.15264423076923078 0.1310096153846154
0 0.5144230769230769 0.8197115384615384 0.12620192307692307 0.14182692307692307