0 0.49158653846153844 0.296875 0.02283653846153846 0.04567307692307692
0 0.46274038461538464 0.296875 0.03245192307692308 0.04567307692307692
0 0.42908653846153844 0.2956730769230769 0.036057692307692304 0.04807692307692308
0 0.3954326923076923 0.2956730769230769 0.036057692307692304 0.04807692307692308
0 0.3641826923076923 0.2956730769230769 0.036057692307692304 0.04807692307692308
0 0.33052884615384615 0.29447115384615385 0.036057692307692304 0.04807692307692308
0 0.296875 0.29447115384615385 0.036057692307692304 0.05048076923076923
0 0.2644230769230769 0.29447115384615385 0.036057692307692304 0.05048076923076923
0 0.16105769230769232 0.29447115384615385 0.036057692307692304 0.05048076923076923
0 0.22956730769230768 0.29447115384615385 0.036057692307692304 0.04807692307692308
0 0.19591346153846154 0.29447115384615385 0.036057692307692304 0.05048076923076923
0 0.12620192307692307 0.29447115384615385 0.036057692307692304 0.05048076923076923
0 0.09134615384615384 0.2932692307692308 0.036057692307692304 0.05048076923076923
0 0.055288461538461536 0.2932692307692308 0.036057692307692304 0.05048076923076923
0 0.020432692307692308 0.2932692307692308 0.036057692307692304 0.05048076923076923
0 0.4987980769230769 0.25961538461538464 0.007211538461538462 0.04807692307692308
0 0.4795673076923077 0.25961538461538464 0.03245192307692308 0.04807692307692308
0 0.44711538461538464 0.25841346153846156 0.036057692307692304 0.04807692307692308
0 0.38100961538461536 0.25721153846153844 0.036057692307692304 0.04807692307692308
0 0.3473557692307692 0.25600961538461536 0.036057692307692304 0.04807692307692308
0 0.41225961538461536 0.25600961538461536 0.036057692307692304 0.04807692307692308
0 0.31490384615384615 0.25600961538461536 0.036057692307692304 0.04807692307692308
0 0.28125 0.2548076923076923 0.036057692307692304 0.04807692307692308
0 0.24759615384615385 0.2548076923076923 0.036057692307692304 0.04807692307692308
0 0.21394230769230768 0.2548076923076923 0.036057692307692304 0.04807692307692308
0 0.18028846153846154 0.2548076923076923 0.036057692307692304 0.04807692307692308
0 0.14543269230769232 0.2536057692307692 0.036057692307692304 0.04807692307692308
0 0.11057692307692307 0.2536057692307692 0.038461538461538464 0.04807692307692308
0 0.07572115384615384 0.2536057692307692 0.036057692307692304 0.05048076923076923
0 0.040865384615384616 0.2536057692307692 0.036057692307692304 0.05048076923076923
0 0.01201923076923077 0.2512019230769231 0.02283653846153846 0.05048076923076923
0 0.49038461538461536 0.22235576923076922 0.025240384615384616 0.04807692307692308
0 0.46153846153846156 0.22115384615384615 0.03245192307692308 0.04807692307692308
0 0.43028846153846156 0.21995192307692307 0.036057692307692304 0.04807692307692308
0 0.39663461538461536 0.21995192307692307 0.03245192307692308 0.04807692307692308
0 0.3641826923076923 0.21875 0.036057692307692304 0.04807692307692308
0 0.3317307692307692 0.21875 0.036057692307692304 0.04807692307692308
0 0.2980769230769231 0.21875 0.036057692307692304 0.04807692307692308
0 0.265625 0.21754807692307693 0.036057692307692304 0.04807692307692308
0 0.23197115384615385 0.21754807692307693 0.036057692307692304 0.04807692307692308
0 0.19831730769230768 0.21514423076923078 0.036057692307692304 0.04807692307692308
0 0.16466346153846154 0.21514423076923078 0.036057692307692304 0.04807692307692308
0 0.12980769230769232 0.21514423076923078 0.036057692307692304 0.04807692307692308
0 0.09495192307692307 0.21394230769230768 0.036057692307692304 0.04807692307692308
0 0.06129807692307692 0.21394230769230768 0.036057692307692304 0.05048076923076923
0 0.025240384615384616 0.2127403846153846 0.038461538461538464 0.04807692307692308
0 0.003605769230769231 0.21153846153846154 0.007211538461538462 0.04807692307692308
0 0.49759615384615385 0.18389423076923078 0.009615384615384616 0.04807692307692308
0 0.47836538461538464 0.18389423076923078 0.03245192307692308 0.04567307692307692
0 0.44711538461538464 0.18389423076923078 0.03245192307692308 0.04567307692307692
0 0.41346153846153844 0.1814903846153846 0.036057692307692304 0.04567307692307692
0 0.38100961538461536 0.1814903846153846 0.03245192307692308 0.04567307692307692
0 0.3473557692307692 0.18028846153846154 0.036057692307692304 0.04807692307692308
0 0.3161057692307692 0.18028846153846154 0.03245192307692308 0.04807692307692308
0 0.2824519230769231 0.17908653846153846 0.036057692307692304 0.04807692307692308
0 0.25 0.17908653846153846 0.036057692307692304 0.04807692307692308
0 0.21754807692307693 0.1778846153846154 0.036057692307692304 0.04807692307692308
0 0.18269230769230768 0.1778846153846154 0.036057692307692304 0.04807692307692308
0 0.14903846153846154 0.1778846153846154 0.036057692307692304 0.04807692307692308
0 0.1141826923076923 0.17668269230769232 0.036057692307692304 0.04807692307692308
0 0.08173076923076923 0.17668269230769232 0.036057692307692304 0.04807692307692308
0 0.04567307692307692 0.17548076923076922 0.038461538461538464 0.04807692307692308
0 0.014423076923076924 0.17427884615384615 0.027644230769230768 0.04807692307692308
0 0.49038461538461536 0.14543269230769232 0.025240384615384616 0.04326923076923077
0 0.46033653846153844 0.1466346153846154 0.030048076923076924 0.04567307692307692
0 0.42908653846153844 0.14543269230769232 0.03245192307692308 0.04567307692307692
0 0.39663461538461536 0.14423076923076922 0.03245192307692308 0.04567307692307692
0 0.3641826923076923 0.14302884615384615 0.03245192307692308 0.04567307692307692
0 0.3329326923076923 0.14302884615384615 0.036057692307692304 0.04326923076923077
0 0.29927884615384615 0.14302884615384615 0.03245192307692308 0.04567307692307692
0 0.2668269230769231 0.140625 0.036057692307692304 0.04326923076923077
0 0.23317307692307693 0.140625 0.03245192307692308 0.04807692307692308
0 0.20072115384615385 0.140625 0.036057692307692304 0.04567307692307692
0 0.16706730769230768 0.13942307692307693 0.036057692307692304 0.04807692307692308
0 0.13341346153846154 0.13942307692307693 0.036057692307692304 0.04807692307692308
0 0.09975961538461539 0.13822115384615385 0.03245192307692308 0.04567307692307692
0 0.06610576923076923 0.13822115384615385 0.036057692307692304 0.04807692307692308
0 0.03125 0.13701923076923078 0.036057692307692304 0.04807692307692308
0 0.006009615384615385 0.1346153846153846 0.01201923076923077 0.04807692307692308
0 0.49759615384615385 0.11057692307692307 0.009615384615384616 0.04326923076923077
0 0.47716346153846156 0.11057692307692307 0.03245192307692308 0.04567307692307692
0 0.44471153846153844 0.109375 0.030048076923076924 0.04567307692307692
0 0.41225961538461536 0.109375 0.03245192307692308 0.04567307692307692
0 0.38100961538461536 0.10817307692307693 0.03245192307692308 0.04567307692307692
0 0.3485576923076923 0.10697115384615384 0.03245192307692308 0.04567307692307692
0 0.3161057692307692 0.10697115384615384 0.03245192307692308 0.04567307692307692
0 0.2848557692307692 0.10576923076923077 0.03245192307692308 0.04567307692307692
0 0.2512019230769231 0.1045673076923077 0.036057692307692304 0.04567307692307692
0 0.21875 0.1045673076923077 0.03245192307692308 0.04567307692307692
0 0.18509615384615385 0.1045673076923077 0.036057692307692304 0.04567307692307692
0 0.15264423076923078 0.10336538461538461 0.036057692307692304 0.04567307692307692
0 0.11899038461538461 0.10096153846153846 0.036057692307692304 0.04567307692307692
0 0.08413461538461539 0.10096153846153846 0.038461538461538464 0.04567307692307692
0 0.05048076923076923 0.09975961538461539 0.036057692307692304 0.04807692307692308
0 0.016826923076923076 0.0985576923076923 0.03245192307692308 0.04567307692307692
0 0.4879807692307692 0.07451923076923077 0.027644230769230768 0.04326923076923077
0 0.46033653846153844 0.0733173076923077 0.030048076923076924 0.04567307692307692
0 0.42908653846153844 0.0733173076923077 0.03245192307692308 0.04567307692307692
0 0.39663461538461536 0.07211538461538461 0.03245192307692308 0.04567307692307692
0 0.36538461538461536 0.07091346153846154 0.03245192307692308 0.04567307692307692
0 0.3329326923076923 0.06971153846153846 0.036057692307692304 0.04567307692307692
0 0.3004807692307692 0.06971153846153846 0.03245192307692308 0.04567307692307692
0 0.26802884615384615 0.06850961538461539 0.036057692307692304 0.04567307692307692
0 0.23557692307692307 0.06850961538461539 0.03245192307692308 0.04567307692307692
0 0.203125 0.0673076923076923 0.03245192307692308 0.04567307692307692
0 0.16947115384615385 0.0673076923076923 0.036057692307692304 0.04567307692307692
0 0.13701923076923078 0.06610576923076923 0.03245192307692308 0.04567307692307692
0 0.1045673076923077 0.06610576923076923 0.036057692307692304 0.04567307692307692
0 0.06971153846153846 0.06490384615384616 0.036057692307692304 0.04567307692307692
0 0.036057692307692304 0.06370192307692307 0.036057692307692304 0.04567307692307692
0 0.009615384615384616 0.0625 0.019230769230769232 0.04807692307692308
0 0.4963942307692308 0.039663461538461536 0.013221153846153846 0.04326923076923077
0 0.47596153846153844 0.039663461538461536 0.03245192307692308 0.04567307692307692
0 0.44471153846153844 0.038461538461538464 0.030048076923076924 0.04567307692307692
0 0.41225961538461536 0.037259615384615384 0.030048076923076924 0.04567307692307692
0 0.38100961538461536 0.037259615384615384 0.03245192307692308 0.04567307692307692
0 0.3485576923076923 0.036057692307692304 0.03245192307692308 0.04326923076923077
0 0.3173076923076923 0.03485576923076923 0.03245192307692308 0.04567307692307692
0 0.2860576923076923 0.03245192307692308 0.03245192307692308 0.04326923076923077
0 0.25240384615384615 0.03245192307692308 0.03245192307692308 0.04567307692307692
0 0.22115384615384615 0.03245192307692308 0.03245192307692308 0.04567307692307692
0 0.1875 0.03125 0.036057692307692304 0.04567307692307692
0 0.15504807692307693 0.030048076923076924 0.036057692307692304 0.04567307692307692
0 0.12139423076923077 0.028846153846153848 0.03245192307692308 0.04567307692307692
0 0.0889423076923077 0.028846153846153848 0.03245192307692308 0.04567307692307692
0 0.055288461538461536 0.027644230769230768 0.036057692307692304 0.04567307692307692
0 0.021634615384615384 0.026442307692307692 0.036057692307692304 0.04567307692307692
0 0.4879807692307692 0.013221153846153846 0.027644230769230768 0.025240384615384616
0 0.45913461538461536 0.013221153846153846 0.030048076923076924 0.025240384615384616
0 0.42788461538461536 0.01201923076923077 0.03245192307692308 0.02283653846153846
0 0.3942307692307692 0.01201923076923077 0.03245192307692308 0.02283653846153846
0 0.3629807692307692 0.009615384615384616 0.03365384615384615 0.019230769230769232
0 0.3329326923076923 0.009615384615384616 0.03125 0.019230769230769232
0 0.29927884615384615 0.009615384615384616 0.03125 0.019230769230769232
0 0.2668269230769231 0.008413461538461538 0.03365384615384615 0.016826923076923076
0 0.23557692307692307 0.008413461538461538 0.03365384615384615 0.016826923076923076
0 0.203125 0.008413461538461538 0.03125 0.016826923076923076
0 0.17067307692307693 0.007211538461538462 0.03365384615384615 0.014423076923076924
0 0.13822115384615385 0.007211538461538462 0.036057692307692304 0.014423076923076924
0 0.1045673076923077 0.007211538461538462 0.03125 0.014423076923076924
0 0.07091346153846154 0.006009615384615385 0.03125 0.01201923076923077
0 0.039663461538461536 0.006009615384615385 0.036057692307692304 0.01201923076923077
0 0.01201923076923077 0.004807692307692308 0.02283653846153846 0.009615384615384616
0 0.17548076923076922 0.31490384615384615 0.036057692307692304 0.009615384615384616
0 0.14182692307692307 0.31490384615384615 0.036057692307692304 0.009615384615384616
0 0.10576923076923077 0.31490384615384615 0.038461538461538464 0.009615384615384616
0 0.2091346153846154 0.3137019230769231 0.038461538461538464 0.013221153846153846
0 0.07091346153846154 0.31490384615384615 0.036057692307692304 0.009615384615384616
0 0.036057692307692304 0.3137019230769231 0.036057692307692304 0.013221153846153846
0 0.008413461538461538 0.3125 0.016826923076923076 0.014423076923076924
0 0.6129807692307693 0.2824519230769231 0.20552884615384615 0.0733173076923077
0 0.8954326923076923 0.18990384615384615 0.20793269230769232 0.25841346153846156
0 0.7379807692307693 0.14903846153846154 0.203125 0.296875
0 0.5649038461538461 0.12740384615384615 0.12379807692307693 0.2536057692307692
0 0.9783653846153846 0.0625 0.04326923076923077 0.12379807692307693
0 0.7848557692307693 0.051682692307692304 0.18028846153846154 0.10336538461538461
0 0.3954326923076923 0.8689903846153846 0.11177884615384616 0.16706730769230768
0 0.4795673076923077 0.8653846153846154 0.04567307692307692 0.19230769230769232
0 0.27524038461538464 0.8617788461538461 0.12740384615384615 0.1875
0 0.15625 0.8617788461538461 0.10697115384615384 0.15985576923076922
0 0.06009615384615385 0.8509615384615384 0.109375 0.16706730769230768
0 0.203125 0.7055288461538461 0.12740384615384615 0.19230769230769232
0 0.44471153846153844 0.7043269230769231 0.11658653846153846 0.18990384615384615
0 0.09014423076923077 0.7007211538461539 0.10697115384615384 0.15745192307692307
0 0.32572115384615385 0.7007211538461539 0.11177884615384616 0.1622596153846154
0 0.015625 0.6802884615384616 0.030048076923076924 0.1875
0 0.08653846153846154 0.5264423076923077 0.12379807692307693 0.1875
0 0.44711538461538464 0.5216346153846154 0.11177884615384616 0.16947115384615385
0 0.20072115384615385 0.5216346153846154 0.1141826923076923 0.16466346153846154
0 0.32572115384615385 0.5192307692307693 0.12980769230769232 0.19591346153846154
0 0.009615384615384616 0.5012019230769231 0.019230769230769232 0.16105769230769232
0 0.27163461538461536 0.9831730769230769 0.11177884615384616 0.03245192307692308
0 0.040865384615384616 0.9819711538461539 0.08173076923076923 0.036057692307692304
0 0.3954326923076923 0.9795673076923077 0.12740384615384615 0.040865384615384616
0 0.1502403846153846 0.9759615384615384 0.13221153846153846 0.04807692307692308
0 0.06610576923076923 0.37259615384615385 0.11177884615384616 0.10697115384615384
0 0.3125 0.3713942307692308 0.11177884615384616 0.1045673076923077
0 0.18870192307692307 0.3786057692307692 0.12980769230769232 0.11658653846153846
0 0.43509615384615385 0.37740384615384615 0.12980769230769232 0.1141826923076923
0 0.9891826923076923 0.7536057692307693 0.021634615384615384 0.1466346153846154
0 0.9483173076923077 0.7463942307692307 0.06610576923076923 0.1502403846153846
0 0.8810096153846154 0.7379807692307693 0.0733173076923077 0.15504807692307693
0 0.8088942307692307 0.7331730769230769 0.0733173076923077 0.15745192307692307
0 0.7295673076923077 0.7247596153846154 0.078125 0.15985576923076922
0 0.6502403846153846 0.7151442307692307 0.08653846153846154 0.17307692307692307
0 0.5625 0.7067307692307693 0.09134615384615384 0.1778846153846154
0 0.9891826923076923 0.5 0.021634615384615384 0.13942307692307693
0 0.9471153846153846 0.4951923076923077 0.06610576923076923 0.14423076923076922
0 0.8810096153846154 0.4831730769230769 0.07091346153846154 0.1466346153846154
0 0.8076923076923077 0.46875 0.07091346153846154 0.15264423076923078
0 0.7295673076923077 0.45552884615384615 0.078125 0.15745192307692307
0 0.6502403846153846 0.4362980769230769 0.078125 0.1622596153846154
0 0.5661057692307693 0.4182692307692308 0.08413461538461539 0.16466346153846154
0 0.5132211538461539 0.4074519230769231 0.020432692307692308 0.16947115384615385
0 0.9903846153846154 0.9002403846153846 0.019230769230769232 0.13221153846153846
0 0.953125 0.9014423076923077 0.06129807692307692 0.13221153846153846
0 0.8894230769230769 0.8966346153846154 0.06370192307692307 0.14182692307692307
0 0.8221153846153846 0.8930288461538461 0.06610576923076923 0.1502403846153846
0 0.7536057692307693 0.8918269230769231 0.07091346153846154 0.15264423076923078
0 0.6778846153846154 0.890625 0.07572115384615384 0.15745192307692307
0 0.53125 0.8882211538461539 0.05889423076923077 0.16706730769230768
0 0.5997596153846154 0.8870192307692307 0.078125 0.16466346153846154