0 0.3076923076923077 0.20432692307692307 0.05889423076923077 0.08173076923076923
0 0.25 0.20552884615384615 0.05889423076923077 0.08173076923076923
0 0.19230769230769232 0.20673076923076922 0.05889423076923077 0.07932692307692307
0 0.22716346153846154 0.27163461538461536 0.05889423076923077 0.07692307692307693
0 0.28365384615384615 0.2704326923076923 0.05889423076923077 0.07932692307692307
0 0.3401442307692308 0.20192307692307693 0.013221153846153846 0.08173076923076923
0 0.31490384615384615 0.3329326923076923 0.05889423076923077 0.07692307692307693
0 0.3317307692307692 0.39302884615384615 0.030048076923076924 0.07091346153846154
0 0.15384615384615385 0.14182692307692307 0.06129807692307692 0.08173076923076923
0 0.27283653846153844 0.13701923076923078 0.05889423076923077 0.08173076923076923
0 0.29086538461538464 0.3942307692307692 0.056490384615384616 0.07451923076923077
0 0.23798076923076922 0.06610576923076923 0.06370192307692307 0.08653846153846154
0 0.25841346153846156 0.3329326923076923 0.056490384615384616 0.07692307692307693
0 0.3245192307692308 0.13341346153846154 0.04567307692307692 0.08413461538461539
0 0.31850961538461536 0.45072115384615385 0.056490384615384616 0.06850961538461539
0 0.040865384615384616 0.1466346153846154 0.056490384615384616 0.08173076923076923
0 0.21514423076923078 0.13822115384615385 0.06129807692307692 0.08173076923076923
0 0.328125 0.2692307692307692 0.038461538461538464 0.07932692307692307
0 0.09735576923076923 0.14423076923076922 0.05889423076923077 0.08173076923076923
0 0.11298076923076923 0.27403846153846156 0.05889423076923077 0.07692307692307693
0 0.2668269230769231 0.4519230769230769 0.054086538461538464 0.06610576923076923
0 0.006009615384615385 0.14543269230769232 0.01201923076923077 0.07932692307692307
0 0.056490384615384616 0.2776442307692308 0.056490384615384616 0.07692307692307693
0 0.13341346153846154 0.2091346153846154 0.06129807692307692 0.07932692307692307
0 0.1201923076923077 0.07091346153846154 0.05889423076923077 0.08413461538461539
0 0.2127403846153846 0.4519230769230769 0.054086538461538464 0.06610576923076923
0 0.016826923076923076 0.078125 0.03365384615384615 0.08413461538461539
0 0.33653846153846156 0.06129807692307692 0.020432692307692308 0.08653846153846154
0 0.20432692307692307 0.33413461538461536 0.056490384615384616 0.07451923076923077
0 0.06370192307692307 0.07572115384615384 0.05889423076923077 0.08413461538461539
0 0.17908653846153846 0.06971153846153846 0.06129807692307692 0.08413461538461539
0 0.17067307692307693 0.27163461538461536 0.05889423076923077 0.07692307692307693
0 0.140625 0.020432692307692308 0.06129807692307692 0.040865384615384616
0 0.14903846153846154 0.33533653846153844 0.056490384615384616 0.07451923076923077
0 0.15985576923076922 0.4519230769230769 0.054086538461538464 0.06610576923076923
0 0.2620192307692308 0.016826923076923076 0.06370192307692307 0.03365384615384615
0 0.02403846153846154 0.02283653846153846 0.04807692307692308 0.04567307692307692
0 0.20072115384615385 0.019230769230769232 0.06370192307692307 0.038461538461538464
0 0.23677884615384615 0.3942307692307692 0.056490384615384616 0.07451923076923077
0 0.2980769230769231 0.06370192307692307 0.06129807692307692 0.0889423076923077
0 0.037259615384615384 0.3389423076923077 0.056490384615384616 0.07451923076923077
0 0.31850961538461536 0.015625 0.056490384615384616 0.030048076923076924
0 0.07932692307692307 0.021634615384615384 0.06129807692307692 0.04326923076923077
0 0.02403846153846154 0.2127403846153846 0.04807692307692308 0.07932692307692307
0 0.09495192307692307 0.33653846153846156 0.05889423076923077 0.07451923076923077
0 0.07692307692307693 0.2127403846153846 0.05889423076923077 0.07932692307692307
0 0.10817307692307693 0.4519230769230769 0.054086538461538464 0.06610576923076923
0 0.014423076923076924 0.2776442307692308 0.027644230769230768 0.07692307692307693
0 0.021634615384615384 0.39783653846153844 0.04326923076923077 0.07091346153846154
0 0.18269230769230768 0.3942307692307692 0.056490384615384616 0.07091346153846154
0 0.004807692307692308 0.3389423076923077 0.009615384615384616 0.07091346153846154
0 0.055288461538461536 0.4519230769230769 0.054086538461538464 0.06610576923076923
0 0.07451923076923077 0.39663461538461536 0.054086538461538464 0.07451923076923077
0 0.12860576923076922 0.3954326923076923 0.054086538461538464 0.07451923076923077
0 0.013221153846153846 0.453125 0.025240384615384616 0.06370192307692307
0 0.8629807692307693 0.265625 0.16346153846153846 0.234375
0 0.9759615384615384 0.28846153846153844 0.04807692307692308 0.234375
0 0.6887019230769231 0.3112980769230769 0.17307692307692307 0.25
0 0.5096153846153846 0.3269230769230769 0.17307692307692307 0.25
0 0.38341346153846156 0.34134615384615385 0.07451923076923077 0.25
0 0.9338942307692307 0.43990384615384615 0.13221153846153846 0.0889423076923077
0 0.7860576923076923 0.4495192307692308 0.16826923076923078 0.07091346153846154
0 0.4387019230769231 0.46033653846153844 0.16826923076923078 0.04807692307692308
0 0.6129807692307693 0.46033653846153844 0.17067307692307693 0.04807692307692308
0 0.171875 0.5528846153846154 0.19591346153846154 0.1346153846153846
0 0.2932692307692308 0.5661057692307693 0.10697115384615384 0.16346153846153846
0 0.05048076923076923 0.5733173076923077 0.10096153846153846 0.18028846153846154
0 0.2920673076923077 0.7079326923076923 0.109375 0.14543269230769232
0 0.18990384615384615 0.8004807692307693 0.13822115384615385 0.13221153846153846
0 0.18269230769230768 0.6694711538461539 0.17307692307692307 0.15865384615384615
0 0.06370192307692307 0.7319711538461539 0.12740384615384615 0.15865384615384615
0 0.2932692307692308 0.8497596153846154 0.10697115384615384 0.15865384615384615
0 0.06850961538461539 0.921875 0.13701923076923078 0.15144230769230768
0 0.01201923076923077 0.9639423076923077 0.02283653846153846 0.07091346153846154
0 0.19591346153846154 0.9435096153846154 0.13221153846153846 0.11177884615384616
0 0.3004807692307692 0.9555288461538461 0.09134615384615384 0.0889423076923077
0 0.9375 0.7247596153846154 0.125 0.21995192307692307
0 0.6370192307692307 0.6682692307692307 0.19951923076923078 0.22956730769230768
0 0.7776442307692307 0.7680288461538461 0.18389423076923078 0.21394230769230768
0 0.47716346153846156 0.8064903846153846 0.19591346153846154 0.21153846153846154
0 0.37259615384615385 0.6899038461538461 0.05048076923076923 0.23197115384615385
0 0.7620192307692307 0.9194711538461539 0.16346153846153846 0.1502403846153846
0 0.6274038461538461 0.8497596153846154 0.16826923076923078 0.17908653846153846
0 0.3762019230769231 0.8629807692307693 0.05889423076923077 0.1814903846153846
0 0.7584134615384616 0.9951923076923077 0.14543269230769232 0.009615384615384616
0 0.6225961538461539 0.9627403846153846 0.16346153846153846 0.07451923076923077
0 0.484375 0.9399038461538461 0.17307692307692307 0.1201923076923077
0 0.38822115384615385 0.9711538461538461 0.08413461538461539 0.057692307692307696
0 0.9182692307692307 0.8617788461538461 0.16346153846153846 0.16826923076923078
0 0.8990384615384616 0.9699519230769231 0.15384615384615385 0.06009615384615385
0 0.9891826923076923 0.9014423076923077 0.021634615384615384 0.17307692307692307
0 0.9627403846153846 0.9783653846153846 0.07451923076923077 0.04326923076923077