0 0.08653846153846154 0.025240384615384616 0.04326923076923077 0.05048076923076923
0 0.1310096153846154 0.025240384615384616 0.04567307692307692 0.05048076923076923
0 0.042067307692307696 0.025240384615384616 0.04567307692307692 0.05048076923076923
0 0.17548076923076922 0.026442307692307692 0.04807692307692308 0.052884615384615384
0 0.21995192307692307 0.026442307692307692 0.04567307692307692 0.052884615384615384
0 0.2644230769230769 0.027644230769230768 0.04326923076923077 0.055288461538461536
0 0.31009615384615385 0.027644230769230768 0.04807692307692308 0.055288461538461536
0 0.3557692307692308 0.028846153846153848 0.04807692307692308 0.057692307692307696
0 0.40024038461538464 0.028846153846153848 0.04567307692307692 0.057692307692307696
0 0.44591346153846156 0.030048076923076924 0.04567307692307692 0.06009615384615385
0 0.49278846153846156 0.030048076923076924 0.04807692307692308 0.06009615384615385
0 0.53125 0.030048076923076924 0.03365384615384615 0.06009615384615385
0 0.07211538461538461 0.0733173076923077 0.04447115384615385 0.06370192307692307
0 0.1141826923076923 0.07451923076923077 0.04447115384615385 0.06370192307692307
0 0.15865384615384615 0.07572115384615384 0.046875 0.06370192307692307
0 0.20192307692307693 0.07572115384615384 0.046875 0.06370192307692307
0 0.24639423076923078 0.078125 0.046875 0.06370192307692307
0 0.29086538461538464 0.078125 0.046875 0.06370192307692307
0 0.33533653846153844 0.07932692307692307 0.046875 0.06610576923076923
0 0.38100961538461536 0.08173076923076923 0.046875 0.06610576923076923
0 0.42427884615384615 0.0829326923076923 0.046875 0.06610576923076923
0 0.4699519230769231 0.0829326923076923 0.046875 0.06610576923076923
0 0.5144230769230769 0.08413461538461539 0.04447115384615385 0.06610576923076923
0 0.5432692307692307 0.08413461538461539 0.01201923076923077 0.06610576923076923
0 0.055288461538461536 0.12379807692307693 0.04447115384615385 0.06129807692307692
0 0.09735576923076923 0.12620192307692307 0.04447115384615385 0.06370192307692307
0 0.140625 0.12740384615384615 0.04447115384615385 0.06129807692307692
0 0.18389423076923078 0.12860576923076922 0.046875 0.06129807692307692
0 0.2283653846153846 0.12980769230769232 0.046875 0.06370192307692307
0 0.2704326923076923 0.1310096153846154 0.046875 0.06370192307692307
0 0.31490384615384615 0.13221153846153846 0.046875 0.06370192307692307
0 0.3581730769230769 0.1346153846153846 0.046875 0.06129807692307692
0 0.4026442307692308 0.13581730769230768 0.04447115384615385 0.06370192307692307
0 0.44591346153846156 0.13701923076923078 0.046875 0.06370192307692307
0 0.49038461538461536 0.13701923076923078 0.046875 0.06370192307692307
0 0.5288461538461539 0.13701923076923078 0.038461538461538464 0.06370192307692307
0 0.08052884615384616 0.17668269230769232 0.04447115384615385 0.06129807692307692
0 0.12139423076923077 0.17668269230769232 0.04447115384615385 0.06129807692307692
0 0.1658653846153846 0.1778846153846154 0.04447115384615385 0.06129807692307692
0 0.2091346153846154 0.17908653846153846 0.04447115384615385 0.06129807692307692
0 0.25240384615384615 0.18028846153846154 0.04447115384615385 0.06129807692307692
0 0.2956730769230769 0.18269230769230768 0.04447115384615385 0.06129807692307692
0 0.33774038461538464 0.18389423076923078 0.04447115384615385 0.06129807692307692
0 0.38100961538461536 0.18509615384615385 0.04447115384615385 0.06129807692307692
0 0.42427884615384615 0.18629807692307693 0.04447115384615385 0.06129807692307692
0 0.46875 0.18870192307692307 0.04447115384615385 0.06129807692307692
0 0.5108173076923077 0.18870192307692307 0.046875 0.06129807692307692
0 0.5396634615384616 0.18870192307692307 0.016826923076923076 0.06129807692307692
0 0.06370192307692307 0.2247596153846154 0.04447115384615385 0.05889423076923077
0 0.1045673076923077 0.22596153846153846 0.04447115384615385 0.06129807692307692
0 0.14783653846153846 0.22716346153846154 0.04447115384615385 0.06129807692307692
0 0.18990384615384615 0.2283653846153846 0.04447115384615385 0.06129807692307692
0 0.23317307692307693 0.23076923076923078 0.04447115384615385 0.06129807692307692
0 0.27524038461538464 0.23197115384615385 0.046875 0.06129807692307692
0 0.31850961538461536 0.23317307692307693 0.04447115384615385 0.05889423076923077
0 0.359375 0.234375 0.04447115384615385 0.05889423076923077
0 0.4026442307692308 0.23677884615384615 0.04447115384615385 0.05889423076923077
0 0.44471153846153844 0.23798076923076922 0.04447115384615385 0.06129807692307692
0 0.4879807692307692 0.23918269230769232 0.04447115384615385 0.06129807692307692
0 0.5276442307692307 0.23918269230769232 0.040865384615384616 0.05889423076923077
0 0.08774038461538461 0.27283653846153844 0.040865384615384616 0.05889423076923077
0 0.12980769230769232 0.27403846153846156 0.04447115384615385 0.056490384615384616
0 0.171875 0.27524038461538464 0.04447115384615385 0.05889423076923077
0 0.21394230769230768 0.2764423076923077 0.04447115384615385 0.05889423076923077
0 0.25600961538461536 0.27884615384615385 0.04447115384615385 0.05889423076923077
0 0.2980769230769231 0.2800480769230769 0.04447115384615385 0.05889423076923077
0 0.3401442307692308 0.28125 0.04447115384615385 0.05889423076923077
0 0.38221153846153844 0.28365384615384615 0.04447115384615385 0.05889423076923077
0 0.42427884615384615 0.2848557692307692 0.04447115384615385 0.05889423076923077
0 0.46634615384615385 0.2860576923076923 0.04447115384615385 0.05889423076923077
0 0.5072115384615384 0.28725961538461536 0.04447115384615385 0.05889423076923077
0 0.5372596153846154 0.28725961538461536 0.021634615384615384 0.05889423076923077
0 0.07091346153846154 0.31971153846153844 0.04447115384615385 0.056490384615384616
0 0.11177884615384616 0.32091346153846156 0.040865384615384616 0.056490384615384616
0 0.15384615384615385 0.32211538461538464 0.04447115384615385 0.056490384615384616
0 0.19471153846153846 0.3233173076923077 0.04447115384615385 0.056490384615384616
0 0.23677884615384615 0.3245192307692308 0.04447115384615385 0.056490384615384616
0 0.27884615384615385 0.32572115384615385 0.04447115384615385 0.056490384615384616
0 0.32091346153846156 0.328125 0.04447115384615385 0.056490384615384616
0 0.3605769230769231 0.3293269230769231 0.04447115384615385 0.05889423076923077
0 0.4026442307692308 0.3317307692307692 0.04447115384615385 0.05889423076923077
0 0.44350961538461536 0.3329326923076923 0.04447115384615385 0.056490384615384616
0 0.4855769230769231 0.33413461538461536 0.040865384615384616 0.056490384615384616
0 0.5264423076923077 0.33413461538461536 0.04447115384615385 0.05889423076923077
0 0.09495192307692307 0.36538461538461536 0.040865384615384616 0.056490384615384616
0 0.13701923076923078 0.36658653846153844 0.04447115384615385 0.056490384615384616
0 0.1778846153846154 0.36778846153846156 0.04447115384615385 0.056490384615384616
0 0.21875 0.36899038461538464 0.04447115384615385 0.056490384615384616
0 0.25961538461538464 0.3713942307692308 0.04447115384615385 0.056490384615384616
0 0.3004807692307692 0.3713942307692308 0.04447115384615385 0.056490384615384616
0 0.3401442307692308 0.37259615384615385 0.040865384615384616 0.054086538461538464
0 0.38100961538461536 0.3737980769230769 0.04447115384615385 0.051682692307692304
0 0.421875 0.3737980769230769 0.04447115384615385 0.051682692307692304
0 0.4639423076923077 0.3762019230769231 0.04447115384615385 0.04927884615384615
0 0.5036057692307693 0.3762019230769231 0.040865384615384616 0.04927884615384615
0 0.5360576923076923 0.37740384615384615 0.02403846153846154 0.046875
0 0.07692307692307693 0.3918269230769231 0.040865384615384616 0.016826923076923076
0 0.11778846153846154 0.3918269230769231 0.040865384615384616 0.016826923076923076
0 0.15985576923076922 0.39302884615384615 0.040865384615384616 0.014423076923076924
0 0.19831730769230768 0.3942307692307692 0.040865384615384616 0.01201923076923077
0 0.2403846153846154 0.3942307692307692 0.040865384615384616 0.01201923076923077
0 0.2800480769230769 0.3942307692307692 0.04447115384615385 0.01201923076923077
0 0.6237980769230769 0.1141826923076923 0.15144230769230768 0.2283653846153846
0 0.7788461538461539 0.1141826923076923 0.15865384615384615 0.2283653846153846
0 0.9290865384615384 0.11538461538461539 0.14182692307692307 0.23076923076923078
0 0.9675480769230769 0.30528846153846156 0.06490384615384616 0.1875
0 0.8557692307692307 0.30649038461538464 0.15625 0.1875
0 0.5841346153846154 0.3076923076923077 0.07091346153846154 0.18509615384615385
0 0.6995192307692307 0.31009615384615385 0.15625 0.18028846153846154
0 0.28966346153846156 0.7199519230769231 0.21514423076923078 0.41947115384615385
0 0.8581730769230769 0.6262019230769231 0.2824519230769231 0.4411057692307692
0 0.7007211538461539 0.8918269230769231 0.30528846153846156 0.21634615384615385