0 0.003605769230769231 0.23677884615384615 0.007211538461538462 0.04447115384615385
0 0.05048076923076923 0.23798076923076922 0.028846153846153848 0.04447115384615385
0 0.020432692307692308 0.23798076923076922 0.028846153846153848 0.04447115384615385
0 0.078125 0.23798076923076922 0.028846153846153848 0.04447115384615385
0 0.1622596153846154 0.23918269230769232 0.028846153846153848 0.038461538461538464
0 0.10697115384615384 0.23918269230769232 0.028846153846153848 0.04447115384615385
0 0.13581730769230768 0.23918269230769232 0.028846153846153848 0.04447115384615385
0 0.24759615384615385 0.23918269230769232 0.026442307692307692 0.040865384615384616
0 0.21875 0.23918269230769232 0.028846153846153848 0.04447115384615385
0 0.19110576923076922 0.23918269230769232 0.028846153846153848 0.04447115384615385
0 0.27403846153846156 0.2403846153846154 0.028846153846153848 0.04447115384615385
0 0.30408653846153844 0.2403846153846154 0.026442307692307692 0.04447115384615385
0 0.33052884615384615 0.24158653846153846 0.026442307692307692 0.04447115384615385
0 0.38461538461538464 0.24158653846153846 0.026442307692307692 0.04447115384615385
0 0.3581730769230769 0.24158653846153846 0.028846153846153848 0.040865384615384616
0 0.06490384615384616 0.27283653846153844 0.028846153846153848 0.046875
0 0.036057692307692304 0.27283653846153844 0.028846153846153848 0.04447115384615385
0 0.009615384615384616 0.27283653846153844 0.019230769230769232 0.04447115384615385
0 0.1201923076923077 0.27403846153846156 0.028846153846153848 0.046875
0 0.09254807692307693 0.27403846153846156 0.026442307692307692 0.046875
0 0.1502403846153846 0.27403846153846156 0.028846153846153848 0.04447115384615385
0 0.1778846153846154 0.27403846153846156 0.028846153846153848 0.04447115384615385
0 0.20432692307692307 0.27524038461538464 0.028846153846153848 0.046875
0 0.23317307692307693 0.27524038461538464 0.028846153846153848 0.046875
0 0.28846153846153844 0.27524038461538464 0.026442307692307692 0.04447115384615385
0 0.25961538461538464 0.27524038461538464 0.028846153846153848 0.040865384615384616
0 0.34375 0.2764423076923077 0.028846153846153848 0.04447115384615385
0 0.3161057692307692 0.2764423076923077 0.026442307692307692 0.046875
0 0.3713942307692308 0.2764423076923077 0.028846153846153848 0.04447115384615385
0 0.3918269230769231 0.27524038461538464 0.01201923076923077 0.04447115384615385
0 0.004807692307692308 0.30649038461538464 0.009615384615384616 0.040865384615384616
0 0.02283653846153846 0.3088942307692308 0.028846153846153848 0.040865384615384616
0 0.052884615384615384 0.31009615384615385 0.028846153846153848 0.046875
0 0.13581730769230768 0.31009615384615385 0.028846153846153848 0.046875
0 0.16346153846153846 0.31009615384615385 0.028846153846153848 0.038461538461538464
0 0.07932692307692307 0.31009615384615385 0.028846153846153848 0.046875
0 0.19110576923076922 0.31009615384615385 0.028846153846153848 0.046875
0 0.10697115384615384 0.31009615384615385 0.028846153846153848 0.046875
0 0.21875 0.3112980769230769 0.028846153846153848 0.046875
0 0.30288461538461536 0.3112980769230769 0.026442307692307692 0.04447115384615385
0 0.27403846153846156 0.3112980769230769 0.026442307692307692 0.046875
0 0.24759615384615385 0.3112980769230769 0.028846153846153848 0.046875
0 0.35697115384615385 0.3112980769230769 0.028846153846153848 0.046875
0 0.33052884615384615 0.3125 0.028846153846153848 0.04447115384615385
0 0.38461538461538464 0.3125 0.026442307692307692 0.04447115384615385
0 0.01201923076923077 0.3401442307692308 0.02403846153846154 0.040865384615384616
0 0.12139423076923077 0.34375 0.028846153846153848 0.040865384615384616
0 0.20432692307692307 0.34375 0.028846153846153848 0.040865384615384616
0 0.1502403846153846 0.3449519230769231 0.028846153846153848 0.040865384615384616
0 0.1778846153846154 0.3449519230769231 0.028846153846153848 0.040865384615384616
0 0.06490384615384616 0.3449519230769231 0.028846153846153848 0.040865384615384616
0 0.037259615384615384 0.3449519230769231 0.028846153846153848 0.040865384615384616
0 0.25841346153846156 0.3449519230769231 0.028846153846153848 0.040865384615384616
0 0.31490384615384615 0.3449519230769231 0.028846153846153848 0.040865384615384616
0 0.2860576923076923 0.3449519230769231 0.026442307692307692 0.040865384615384616
0 0.23076923076923078 0.3449519230769231 0.026442307692307692 0.040865384615384616
0 0.09134615384615384 0.3449519230769231 0.026442307692307692 0.040865384615384616
0 0.36899038461538464 0.3449519230769231 0.026442307692307692 0.040865384615384616
0 0.3918269230769231 0.3449519230769231 0.01201923076923077 0.040865384615384616
0 0.34375 0.3449519230769231 0.028846153846153848 0.040865384615384616
0 0.027644230769230768 0.002403846153846154 0.03125 0.004807692307692308
0 0.057692307692307696 0.002403846153846154 0.03125 0.004807692307692308
0 0.08774038461538461 0.002403846153846154 0.028846153846153848 0.004807692307692308
0 0.1141826923076923 0.002403846153846154 0.028846153846153848 0.004807692307692308
0 0.14423076923076922 0.002403846153846154 0.028846153846153848 0.004807692307692308
0 0.171875 0.003605769230769231 0.03125 0.007211538461538462
0 0.19951923076923078 0.002403846153846154 0.028846153846153848 0.004807692307692308
0 0.25841346153846156 0.004807692307692308 0.028846153846153848 0.009615384615384616
0 0.23076923076923078 0.003605769230769231 0.03125 0.007211538461538462
0 0.3762019230769231 0.003605769230769231 0.028846153846153848 0.007211538461538462
0 0.34615384615384615 0.003605769230769231 0.028846153846153848 0.007211538461538462
0 0.31850961538461536 0.003605769230769231 0.03125 0.007211538461538462
0 0.28725961538461536 0.003605769230769231 0.028846153846153848 0.007211538461538462
0 0.04326923076923077 0.020432692307692308 0.03125 0.040865384615384616
0 0.014423076923076924 0.020432692307692308 0.028846153846153848 0.040865384615384616
0 0.10096153846153846 0.021634615384615384 0.028846153846153848 0.04326923076923077
0 0.07091346153846154 0.021634615384615384 0.03125 0.04326923076923077
0 0.1310096153846154 0.021634615384615384 0.03125 0.04326923076923077
0 0.15865384615384615 0.021634615384615384 0.028846153846153848 0.04326923076923077
0 0.18870192307692307 0.021634615384615384 0.03125 0.04326923076923077
0 0.21634615384615385 0.021634615384615384 0.028846153846153848 0.04326923076923077
0 0.24519230769230768 0.021634615384615384 0.028846153846153848 0.04326923076923077
0 0.36177884615384615 0.02283653846153846 0.026442307692307692 0.04567307692307692
0 0.30528846153846156 0.02283653846153846 0.028846153846153848 0.04567307692307692
0 0.3317307692307692 0.02283653846153846 0.028846153846153848 0.04567307692307692
0 0.27403846153846156 0.02283653846153846 0.028846153846153848 0.04567307692307692
0 0.3858173076923077 0.02283653846153846 0.021634615384615384 0.04567307692307692
0 0.007211538461538462 0.055288461538461536 0.014423076923076924 0.046875
0 0.03125 0.056490384615384616 0.03125 0.046875
0 0.06009615384615385 0.057692307692307696 0.03125 0.046875
0 0.0889423076923077 0.05889423076923077 0.028846153846153848 0.046875
0 0.11658653846153846 0.05889423076923077 0.028846153846153848 0.046875
0 0.1466346153846154 0.05889423076923077 0.028846153846153848 0.046875
0 0.25961538461538464 0.06009615384615385 0.028846153846153848 0.046875
0 0.203125 0.06009615384615385 0.028846153846153848 0.046875
0 0.17427884615384615 0.06009615384615385 0.03125 0.046875
0 0.31850961538461536 0.06009615384615385 0.03125 0.04447115384615385
0 0.28846153846153844 0.06009615384615385 0.028846153846153848 0.04447115384615385
0 0.23197115384615385 0.06009615384615385 0.028846153846153848 0.046875
0 0.34615384615384615 0.06009615384615385 0.026442307692307692 0.046875
0 0.3737980769230769 0.06009615384615385 0.028846153846153848 0.046875
0 0.39302884615384615 0.06009615384615385 0.009615384615384616 0.046875
0 0.015625 0.09375 0.028846153846153848 0.046875
0 0.04567307692307692 0.09375 0.03125 0.046875
0 0.07451923076923077 0.09495192307692307 0.03125 0.046875
0 0.13341346153846154 0.09495192307692307 0.028846153846153848 0.046875
0 0.10336538461538461 0.09495192307692307 0.03125 0.04927884615384615
0 0.16105769230769232 0.09495192307692307 0.03125 0.046875
0 0.21875 0.09615384615384616 0.028846153846153848 0.046875
0 0.18990384615384615 0.09615384615384616 0.028846153846153848 0.046875
0 0.30408653846153844 0.09615384615384616 0.028846153846153848 0.04927884615384615
0 0.27403846153846156 0.09615384615384616 0.026442307692307692 0.04927884615384615
0 0.24759615384615385 0.09615384615384616 0.028846153846153848 0.046875
0 0.3317307692307692 0.09615384615384616 0.026442307692307692 0.04927884615384615
0 0.3605769230769231 0.09615384615384616 0.028846153846153848 0.046875
0 0.3858173076923077 0.09735576923076923 0.02403846153846154 0.04447115384615385
0 0.03125 0.1310096153846154 0.03125 0.046875
0 0.008413461538461538 0.12980769230769232 0.016826923076923076 0.04447115384615385
0 0.09014423076923077 0.1310096153846154 0.03125 0.046875
0 0.06129807692307692 0.1310096153846154 0.03125 0.046875
0 0.17548076923076922 0.13221153846153846 0.028846153846153848 0.046875
0 0.14783653846153846 0.13221153846153846 0.028846153846153848 0.046875
0 0.11778846153846154 0.13221153846153846 0.028846153846153848 0.040865384615384616
0 0.20432692307692307 0.13341346153846154 0.03125 0.046875
0 0.23197115384615385 0.13341346153846154 0.028846153846153848 0.046875
0 0.28846153846153844 0.13341346153846154 0.026442307692307692 0.046875
0 0.25961538461538464 0.13341346153846154 0.028846153846153848 0.040865384615384616
0 0.34615384615384615 0.1346153846153846 0.026442307692307692 0.046875
0 0.3173076923076923 0.1346153846153846 0.028846153846153848 0.04447115384615385
0 0.39302884615384615 0.13341346153846154 0.009615384615384616 0.046875
0 0.37259615384615385 0.1346153846153846 0.028846153846153848 0.046875
0 0.04927884615384615 0.1658653846153846 0.028846153846153848 0.046875
0 0.002403846153846154 0.16466346153846154 0.004807692307692308 0.046875
0 0.07692307692307693 0.1658653846153846 0.026442307692307692 0.04447115384615385
0 0.019230769230769232 0.1658653846153846 0.03125 0.046875
0 0.10576923076923077 0.16706730769230768 0.028846153846153848 0.046875
0 0.13341346153846154 0.16706730769230768 0.028846153846153848 0.04447115384615385
0 0.1622596153846154 0.16706730769230768 0.028846153846153848 0.046875
0 0.21875 0.16826923076923078 0.028846153846153848 0.04447115384615385
0 0.19110576923076922 0.16826923076923078 0.028846153846153848 0.04447115384615385
0 0.30408653846153844 0.16826923076923078 0.026442307692307692 0.04447115384615385
0 0.27403846153846156 0.16826923076923078 0.028846153846153848 0.046875
0 0.24759615384615385 0.16826923076923078 0.028846153846153848 0.04447115384615385
0 0.359375 0.16947115384615385 0.028846153846153848 0.046875
0 0.33052884615384615 0.16947115384615385 0.026442307692307692 0.046875
0 0.3858173076923077 0.16826923076923078 0.02403846153846154 0.04447115384615385
0 0.06370192307692307 0.20192307692307693 0.03125 0.046875
0 0.03485576923076923 0.20192307692307693 0.028846153846153848 0.046875
0 0.009615384615384616 0.20072115384615385 0.019230769230769232 0.046875
0 0.11899038461538461 0.20192307692307693 0.028846153846153848 0.046875
0 0.09254807692307693 0.20192307692307693 0.028846153846153848 0.04447115384615385
0 0.14903846153846154 0.20192307692307693 0.028846153846153848 0.04447115384615385
0 0.20432692307692307 0.203125 0.028846153846153848 0.04447115384615385
0 0.17668269230769232 0.203125 0.028846153846153848 0.04447115384615385
0 0.2608173076923077 0.203125 0.028846153846153848 0.046875
0 0.23317307692307693 0.203125 0.026442307692307692 0.04447115384615385
0 0.28846153846153844 0.203125 0.026442307692307692 0.04447115384615385
0 0.3161057692307692 0.203125 0.026442307692307692 0.04447115384615385
0 0.37259615384615385 0.20432692307692307 0.028846153846153848 0.04447115384615385
0 0.3449519230769231 0.20432692307692307 0.028846153846153848 0.04447115384615385
0 0.3918269230769231 0.20432692307692307 0.01201923076923077 0.04447115384615385
0 0.6322115384615384 0.06971153846153846 0.21514423076923078 0.13942307692307693
0 0.4543269230769231 0.06850961538461539 0.1141826923076923 0.13701923076923078
0 0.43028846153846156 0.24158653846153846 0.06610576923076923 0.24879807692307693
0 0.8004807692307693 0.22355769230769232 0.2776442307692308 0.2848557692307692
0 0.5480769230769231 0.24639423076923078 0.2127403846153846 0.23918269230769232
0 0.24278846153846154 0.5480769230769231 0.15625 0.21514423076923078
0 0.8064903846153846 0.7475961538461539 0.15625 0.21514423076923078