0 0.3605769230769231 0.36658653846153844 0.06009615384615385 0.08173076923076923
0 0.7163461538461539 0.22596153846153846 0.06009615384615385 0.08653846153846154
0 0.6754807692307693 0.4495192307692308 0.057692307692307696 0.07932692307692307
0 0.3894230769230769 0.4362980769230769 0.06009615384615385 0.08173076923076923
0 0.5084134615384616 0.31009615384615385 0.06009615384615385 0.08413461538461539
0 0.5036057692307693 0.44711538461538464 0.057692307692307696 0.07932692307692307
0 0.44711538461538464 0.44350961538461536 0.057692307692307696 0.07932692307692307
0 0.47475961538461536 0.5108173076923077 0.057692307692307696 0.07572115384615384
0 0.5360576923076923 0.3798076923076923 0.06009615384615385 0.08173076923076923
0 0.27524038461538464 0.5612980769230769 0.057692307692307696 0.07572115384615384
0 0.44711538461538464 0.5709134615384616 0.057692307692307696 0.07572115384615384
0 0.390625 0.5697115384615384 0.057692307692307696 0.07572115384615384
0 0.65625 0.23798076923076922 0.06009615384615385 0.08413461538461539
0 0.8689903846153846 0.15504807692307693 0.06370192307692307 0.0889423076923077
0 0.7548076923076923 0.5120192307692307 0.06009615384615385 0.07932692307692307
0 0.125 0.49158653846153844 0.06009615384615385 0.07932692307692307
0 0.9723557692307693 0.28725961538461536 0.055288461538461536 0.08413461538461539
0 0.5576923076923077 0.5757211538461539 0.055288461538461536 0.07572115384615384
0 0.8076923076923077 0.15384615384615385 0.06009615384615385 0.08413461538461539
0 0.21153846153846154 0.42908653846153844 0.06009615384615385 0.08173076923076923
0 0.8233173076923077 0.36899038461538464 0.057692307692307696 0.08173076923076923
0 0.5925480769230769 0.38341346153846156 0.057692307692307696 0.08173076923076923
0 0.3605769230769231 0.5012019230769231 0.057692307692307696 0.07932692307692307
0 0.08413461538461539 0.28125 0.06370192307692307 0.08413461538461539
0 0.47716346153846156 0.37740384615384615 0.06009615384615385 0.08173076923076923
0 0.8461538461538461 0.4362980769230769 0.057692307692307696 0.07932692307692307
0 0.30288461538461536 0.4987980769230769 0.06009615384615385 0.07932692307692307
0 0.7439903846153846 0.2956730769230769 0.06009615384615385 0.08413461538461539
0 0.4735576923076923 0.6346153846153846 0.057692307692307696 0.0733173076923077
0 0.5612980769230769 0.4483173076923077 0.057692307692307696 0.07932692307692307
0 0.23918269230769232 0.36177884615384615 0.06370192307692307 0.08173076923076923
0 0.24519230769230768 0.4963942307692308 0.06009615384615385 0.07932692307692307
0 0.6983173076923077 0.515625 0.057692307692307696 0.07572115384615384
0 0.3317307692307692 0.4338942307692308 0.06009615384615385 0.07932692307692307
0 0.7896634615384616 0.43509615384615385 0.06009615384615385 0.08173076923076923
0 0.27283653846153844 0.43149038461538464 0.06009615384615385 0.08173076923076923
0 0.6189903846153846 0.4495192307692308 0.057692307692307696 0.07932692307692307
0 0.3004807692307692 0.3641826923076923 0.06009615384615385 0.08173076923076923
0 0.6430288461538461 0.5144230769230769 0.057692307692307696 0.07572115384615384
0 0.765625 0.36899038461538464 0.057692307692307696 0.08413461538461539
0 0.3329326923076923 0.5649038461538461 0.057692307692307696 0.07932692307692307
0 0.53125 0.5120192307692307 0.057692307692307696 0.07572115384615384
0 0.41947115384615385 0.3713942307692308 0.06009615384615385 0.08173076923076923
0 0.36177884615384615 0.6298076923076923 0.057692307692307696 0.07572115384615384
0 0.5673076923076923 0.3112980769230769 0.06009615384615385 0.08413461538461539
0 0.18389423076923078 0.4951923076923077 0.06009615384615385 0.07932692307692307
0 0.7079326923076923 0.3786057692307692 0.06009615384615385 0.08413461538461539
0 0.6838942307692307 0.3088942307692308 0.06009615384615385 0.08413461538461539
0 0.29447115384615385 0.21875 0.06370192307692307 0.0889423076923077
0 0.7319711538461539 0.44591346153846156 0.057692307692307696 0.07932692307692307
0 0.8004807692307693 0.29927884615384615 0.06009615384615385 0.08413461538461539
0 0.7788461538461539 0.5745192307692307 0.057692307692307696 0.07572115384615384
0 0.3894230769230769 0.29927884615384615 0.06370192307692307 0.08413461538461539
0 0.5865384615384616 0.5132211538461539 0.057692307692307696 0.07572115384615384
0 0.5973557692307693 0.23918269230769232 0.06009615384615385 0.08413461538461539
0 0.47716346153846156 0.23076923076923078 0.06370192307692307 0.08653846153846154
0 0.1778846153846154 0.3581730769230769 0.06370192307692307 0.08173076923076923
0 0.4182692307692308 0.5084134615384616 0.06009615384615385 0.07932692307692307
0 0.21754807692307693 0.5600961538461539 0.06009615384615385 0.07932692307692307
0 0.4170673076923077 0.22596153846153846 0.06370192307692307 0.08413461538461539
0 0.15144230769230768 0.4266826923076923 0.06370192307692307 0.08173076923076923
0 0.8016826923076923 0.6370192307692307 0.06009615384615385 0.07572115384615384
0 0.20673076923076922 0.28846153846153844 0.06370192307692307 0.08653846153846154
0 0.7223557692307693 0.5793269230769231 0.057692307692307696 0.07572115384615384
0 0.4495192307692308 0.30288461538461536 0.06009615384615385 0.08413461538461539
0 0.9807692307692307 0.35697115384615385 0.038461538461538464 0.08413461538461539
0 0.3293269230769231 0.29447115384615385 0.06009615384615385 0.08413461538461539
0 0.5276442307692307 0.6358173076923077 0.055288461538461536 0.0733173076923077
0 0.6117788461538461 0.578125 0.057692307692307696 0.07572115384615384
0 0.16947115384615385 0.21153846153846154 0.06370192307692307 0.0889423076923077
0 0.859375 0.3004807692307692 0.06009615384615385 0.08413461538461539
0 0.2692307692307692 0.13822115384615385 0.06370192307692307 0.0889423076923077
0 0.30528846153846156 0.6262019230769231 0.057692307692307696 0.07572115384615384
0 0.5372596153846154 0.23677884615384615 0.06009615384615385 0.08653846153846154
0 0.09975961538461539 0.5564903846153846 0.06009615384615385 0.07572115384615384
0 0.9759615384615384 0.14182692307692307 0.046875 0.0889423076923077
0 0.15745192307692307 0.5588942307692307 0.06009615384615385 0.07932692307692307
0 0.09254807692307693 0.42427884615384615 0.06009615384615385 0.08173076923076923
0 0.10817307692307693 0.20673076923076922 0.06370192307692307 0.09254807692307693
0 0.19110576923076922 0.6225961538461539 0.057692307692307696 0.07572115384615384
0 0.6670673076923077 0.578125 0.055288461538461536 0.0733173076923077
0 0.8112980769230769 0.5012019230769231 0.057692307692307696 0.07572115384615384
0 0.11658653846153846 0.3557692307692308 0.06370192307692307 0.08413461538461539
0 0.9495192307692307 0.21754807692307693 0.057692307692307696 0.08653846153846154
0 0.7451923076923077 0.640625 0.057692307692307696 0.0733173076923077
0 0.9362980769230769 0.37259615384615385 0.057692307692307696 0.08173076923076923
0 0.23317307692307693 0.21394230769230768 0.06370192307692307 0.0889423076923077
0 0.44471153846153844 0.6935096153846154 0.055288461538461536 0.07091346153846154
0 0.20673076923076922 0.1346153846153846 0.06370192307692307 0.09254807692307693
0 0.9158653846153846 0.30288461538461536 0.057692307692307696 0.08413461538461539
0 0.6358173076923077 0.6382211538461539 0.055288461538461536 0.0733173076923077
0 0.33413461538461536 0.6911057692307693 0.057692307692307696 0.07572115384615384
0 0.5024038461538461 0.5733173076923077 0.057692307692307696 0.07572115384615384
0 0.9579326923076923 0.43990384615384615 0.055288461538461536 0.08413461538461539
0 0.13341346153846154 0.6213942307692307 0.057692307692307696 0.07572115384615384
0 0.24879807692307693 0.6237980769230769 0.06009615384615385 0.07572115384615384
0 0.4182692307692308 0.6334134615384616 0.057692307692307696 0.07572115384615384
0 0.5817307692307693 0.6370192307692307 0.055288461538461536 0.07091346153846154
0 0.4170673076923077 0.7524038461538461 0.055288461538461536 0.07091346153846154
0 0.5 0.6947115384615384 0.055288461538461536 0.07091346153846154
0 0.8341346153846154 0.5673076923076923 0.057692307692307696 0.07932692307692307
0 0.8798076923076923 0.3713942307692308 0.057692307692307696 0.08173076923076923
0 0.8221153846153846 0.6971153846153846 0.055288461538461536 0.0733173076923077
0 0.27884615384615385 0.6862980769230769 0.055288461538461536 0.0733173076923077
0 0.9266826923076923 0.14423076923076922 0.06009615384615385 0.0889423076923077
0 0.5540865384615384 0.6959134615384616 0.055288461538461536 0.07091346153846154
0 0.7680288461538461 0.7007211538461539 0.055288461538461536 0.0733173076923077
0 0.9747596153846154 0.5036057692307693 0.05048076923076923 0.07572115384615384
0 0.9302884615384616 0.6899038461538461 0.055288461538461536 0.07091346153846154
0 0.3629807692307692 0.7512019230769231 0.057692307692307696 0.07091346153846154
0 0.08173076923076923 0.12620192307692307 0.06370192307692307 0.08653846153846154
0 0.6899038461538461 0.6394230769230769 0.055288461538461536 0.0733173076923077
0 0.8329326923076923 0.22716346153846154 0.06009615384615385 0.08413461538461539
0 0.6610576923076923 0.6995192307692307 0.055288461538461536 0.07091346153846154
0 0.35697115384615385 0.22235576923076922 0.06370192307692307 0.08653846153846154
0 0.7752403846153846 0.2247596153846154 0.06009615384615385 0.08413461538461539
0 0.8762019230769231 0.6887019230769231 0.055288461538461536 0.0733173076923077
0 0.8930288461538461 0.22716346153846154 0.06009615384615385 0.0889423076923077
0 0.3076923076923077 0.7487980769230769 0.057692307692307696 0.07091346153846154
0 0.625 0.3112980769230769 0.06009615384615385 0.08413461538461539
0 0.2512019230769231 0.7463942307692307 0.057692307692307696 0.0733173076923077
0 0.390625 0.6923076923076923 0.057692307692307696 0.0733173076923077
0 0.22235576923076922 0.6838942307692307 0.057692307692307696 0.0733173076923077
0 0.8557692307692307 0.6274038461538461 0.055288461538461536 0.07572115384615384
0 0.47115384615384615 0.7524038461538461 0.055288461538461536 0.0733173076923077
0 0.2668269230769231 0.29086538461538464 0.06370192307692307 0.08413461538461539
0 0.4963942307692308 0.8112980769230769 0.055288461538461536 0.07091346153846154
0 0.19591346153846154 0.7439903846153846 0.057692307692307696 0.0733173076923077
0 0.7908653846153846 0.7608173076923077 0.055288461538461536 0.07091346153846154
0 0.6069711538461539 0.6983173076923077 0.055288461538461536 0.0733173076923077
0 0.109375 0.6826923076923077 0.057692307692307696 0.07091346153846154
0 0.7355769230769231 0.7596153846153846 0.055288461538461536 0.07091346153846154
0 0.6298076923076923 0.7560096153846154 0.055288461538461536 0.07091346153846154
0 0.14302884615384615 0.1310096153846154 0.06610576923076923 0.0889423076923077
0 0.28125 0.8076923076923077 0.055288461538461536 0.07091346153846154
0 0.84375 0.7560096153846154 0.055288461538461536 0.07091346153846154
0 0.3894230769230769 0.8100961538461539 0.055288461538461536 0.07091346153846154
0 0.22596153846153846 0.8040865384615384 0.055288461538461536 0.07091346153846154
0 0.8882211538461539 0.5661057692307693 0.057692307692307696 0.07572115384615384
0 0.44350961538461536 0.8100961538461539 0.055288461538461536 0.07091346153846154
0 0.9879807692307693 0.21634615384615385 0.02403846153846154 0.08413461538461539
0 0.16466346153846154 0.6826923076923077 0.057692307692307696 0.07091346153846154
0 0.33533653846153844 0.8088942307692307 0.055288461538461536 0.07091346153846154
0 0.5252403846153846 0.7536057692307693 0.055288461538461536 0.07091346153846154
0 0.5504807692307693 0.8112980769230769 0.055288461538461536 0.07091346153846154
0 0.8978365384615384 0.7475961538461539 0.055288461538461536 0.0733173076923077
0 0.13942307692307693 0.7439903846153846 0.057692307692307696 0.0733173076923077
0 0.9483173076923077 0.7487980769230769 0.052884615384615384 0.07091346153846154
0 0.41586538461538464 0.8665865384615384 0.055288461538461536 0.06850961538461539
0 0.11538461538461539 0.8016826923076923 0.055288461538461536 0.07091346153846154
0 0.9627403846153846 0.6298076923076923 0.055288461538461536 0.0733173076923077
0 0.8641826923076923 0.8137019230769231 0.052884615384615384 0.07091346153846154
0 0.6826923076923077 0.7584134615384616 0.055288461538461536 0.07091346153846154
0 0.14783653846153846 0.8581730769230769 0.055288461538461536 0.06850961538461539
0 0.7067307692307693 0.8161057692307693 0.055288461538461536 0.07091346153846154
0 0.7127403846153846 0.6995192307692307 0.055288461538461536 0.07091346153846154
0 0.17067307692307693 0.8028846153846154 0.055288461538461536 0.07091346153846154
0 0.5216346153846154 0.8689903846153846 0.052884615384615384 0.07091346153846154
0 0.4699519230769231 0.8665865384615384 0.052884615384615384 0.07091346153846154
0 0.6021634615384616 0.8137019230769231 0.055288461538461536 0.07091346153846154
0 0.578125 0.7560096153846154 0.055288461538461536 0.07091346153846154
0 0.14423076923076922 0.2860576923076923 0.06370192307692307 0.08653846153846154
0 0.33653846153846156 0.9194711538461539 0.055288461538461536 0.06610576923076923
0 0.3629807692307692 0.8653846153846154 0.055288461538461536 0.06850961538461539
0 0.3088942307692308 0.8641826923076923 0.055288461538461536 0.07091346153846154
0 0.6550480769230769 0.8149038461538461 0.055288461538461536 0.07091346153846154
0 0.9170673076923077 0.8052884615384616 0.052884615384615384 0.07091346153846154
0 0.921875 0.5036057692307693 0.057692307692307696 0.07572115384615384
0 0.5733173076923077 0.8689903846153846 0.052884615384615384 0.06850961538461539
0 0.1778846153846154 0.9134615384615384 0.055288461538461536 0.06850961538461539
0 0.3894230769230769 0.9206730769230769 0.052884615384615384 0.06850961538461539
0 0.9435096153846154 0.5685096153846154 0.055288461538461536 0.07572115384615384
0 0.8858173076923077 0.8701923076923077 0.052884615384615384 0.06850961538461539
0 0.7596153846153846 0.8173076923076923 0.052884615384615384 0.07091346153846154
0 0.6778846153846154 0.8725961538461539 0.052884615384615384 0.07091346153846154
0 0.2548076923076923 0.8629807692307693 0.055288461538461536 0.06850961538461539
0 0.625 0.8701923076923077 0.052884615384615384 0.07091346153846154
0 0.7307692307692307 0.8737980769230769 0.055288461538461536 0.06850961538461539
0 0.6995192307692307 0.9266826923076923 0.052884615384615384 0.06610576923076923
0 0.8112980769230769 0.8173076923076923 0.055288461538461536 0.07091346153846154
0 0.2824519230769231 0.9182692307692307 0.052884615384615384 0.06610576923076923
0 0.8329326923076923 0.8737980769230769 0.052884615384615384 0.06850961538461539
0 0.6502403846153846 0.38341346153846156 0.06009615384615385 0.08173076923076923
0 0.9074519230769231 0.921875 0.052884615384615384 0.06610576923076923
0 0.20072115384615385 0.859375 0.055288461538461536 0.06850961538461539
0 0.8665865384615384 0.5024038461538461 0.057692307692307696 0.07572115384615384
0 0.78125 0.8737980769230769 0.052884615384615384 0.06850961538461539
0 0.5973557692307693 0.9254807692307693 0.052884615384615384 0.06850961538461539
0 0.9086538461538461 0.6286057692307693 0.055288461538461536 0.0733173076923077
0 0.4951923076923077 0.9254807692307693 0.052884615384615384 0.06850961538461539
0 0.8028846153846154 0.9278846153846154 0.052884615384615384 0.06610576923076923
0 0.23076923076923078 0.9170673076923077 0.055288461538461536 0.06850961538461539
0 0.8569711538461539 0.9254807692307693 0.052884615384615384 0.06610576923076923
0 0.5456730769230769 0.9254807692307693 0.052884615384615384 0.07091346153846154
0 0.6490384615384616 0.9266826923076923 0.052884615384615384 0.06850961538461539
0 0.4423076923076923 0.921875 0.052884615384615384 0.07091346153846154
0 0.7512019230769231 0.9278846153846154 0.052884615384615384 0.06610576923076923
0 0.9026442307692307 0.4387019230769231 0.057692307692307696 0.07932692307692307
0 0.9350961538461539 0.8617788461538461 0.05048076923076923 0.07091346153846154
0 0.12379807692307693 0.9122596153846154 0.057692307692307696 0.06610576923076923