0 0.4098557692307692 0.030048076923076924 0.05048076923076923 0.06009615384615385
0 0.359375 0.030048076923076924 0.05048076923076923 0.06009615384615385
0 0.2608173076923077 0.030048076923076924 0.05048076923076923 0.06009615384615385
0 0.3112980769230769 0.03125 0.05048076923076923 0.0625
0 0.5288461538461539 0.0829326923076923 0.05048076923076923 0.0673076923076923
0 0.6105769230769231 0.0829326923076923 0.020432692307692308 0.06490384615384616
0 0.578125 0.08413461538461539 0.05048076923076923 0.0673076923076923
0 0.4807692307692308 0.08413461538461539 0.05048076923076923 0.0673076923076923
0 0.4338942307692308 0.08533653846153846 0.04807692307692308 0.0673076923076923
0 0.3858173076923077 0.08533653846153846 0.05048076923076923 0.0673076923076923
0 0.33774038461538464 0.08653846153846154 0.05048076923076923 0.07091346153846154
0 0.28846153846153844 0.08774038461538461 0.05048076923076923 0.07091346153846154
0 0.24158653846153846 0.08774038461538461 0.05048076923076923 0.07091346153846154
0 0.19230769230769232 0.0889423076923077 0.05048076923076923 0.0673076923076923
0 0.14302884615384615 0.09014423076923077 0.05048076923076923 0.07091346153846154
0 0.09375 0.09134615384615384 0.05048076923076923 0.07091346153846154
0 0.04567307692307692 0.09254807692307693 0.05048076923076923 0.07091346153846154
0 0.009615384615384616 0.09375 0.019230769230769232 0.0673076923076923
0 0.5516826923076923 0.13942307692307693 0.05048076923076923 0.0673076923076923
0 0.5961538461538461 0.13942307692307693 0.04807692307692308 0.0673076923076923
0 0.5036057692307693 0.140625 0.04807692307692308 0.0673076923076923
0 0.4567307692307692 0.14182692307692307 0.04807692307692308 0.06490384615384616
0 0.4098557692307692 0.14302884615384615 0.04807692307692308 0.0673076923076923
0 0.3629807692307692 0.14423076923076922 0.04807692307692308 0.0673076923076923
0 0.3161057692307692 0.14543269230769232 0.04807692307692308 0.0673076923076923
0 0.2692307692307692 0.14543269230769232 0.05048076923076923 0.0673076923076923
0 0.21995192307692307 0.1466346153846154 0.05048076923076923 0.0673076923076923
0 0.171875 0.14783653846153846 0.05048076923076923 0.0673076923076923
0 0.12259615384615384 0.14903846153846154 0.05048076923076923 0.0673076923076923
0 0.07572115384615384 0.1502403846153846 0.05048076923076923 0.0673076923076923
0 0.026442307692307692 0.15144230769230768 0.05048076923076923 0.0673076923076923
0 0.6081730769230769 0.1935096153846154 0.025240384615384616 0.06490384615384616
0 0.5733173076923077 0.19471153846153846 0.04807692307692308 0.06490384615384616
0 0.5252403846153846 0.19591346153846154 0.04807692307692308 0.0625
0 0.4795673076923077 0.1971153846153846 0.04807692307692308 0.06490384615384616
0 0.4338942307692308 0.19831730769230768 0.04807692307692308 0.0673076923076923
0 0.3870192307692308 0.19951923076923078 0.04807692307692308 0.0673076923076923
0 0.3401442307692308 0.20072115384615385 0.04807692307692308 0.06490384615384616
0 0.29447115384615385 0.20192307692307693 0.04807692307692308 0.0673076923076923
0 0.24759615384615385 0.203125 0.04807692307692308 0.0673076923076923
0 0.19951923076923078 0.203125 0.05048076923076923 0.0673076923076923
0 0.15144230769230768 0.20552884615384615 0.05048076923076923 0.0673076923076923
0 0.1045673076923077 0.20552884615384615 0.05048076923076923 0.0673076923076923
0 0.056490384615384616 0.2091346153846154 0.05048076923076923 0.06490384615384616
0 0.015625 0.20673076923076922 0.030048076923076924 0.0673076923076923
0 0.5913461538461539 0.24759615384615385 0.04567307692307692 0.06490384615384616
0 0.5456730769230769 0.24879807692307693 0.04567307692307692 0.0625
0 0.5 0.2512019230769231 0.04807692307692308 0.0625
0 0.45552884615384615 0.25240384615384615 0.04807692307692308 0.0625
0 0.4110576923076923 0.25240384615384615 0.04807692307692308 0.0625
0 0.36538461538461536 0.2548076923076923 0.04807692307692308 0.06490384615384616
0 0.31850961538461536 0.2548076923076923 0.04807692307692308 0.06490384615384616
0 0.27403846153846156 0.25721153846153844 0.04807692307692308 0.06490384615384616
0 0.22716346153846154 0.25841346153846156 0.04807692307692308 0.0625
0 0.1814903846153846 0.25961538461538464 0.05048076923076923 0.0625
0 0.13341346153846154 0.2608173076923077 0.05048076923076923 0.06490384615384616
0 0.08533653846153846 0.2620192307692308 0.05048076923076923 0.06490384615384616
0 0.037259615384615384 0.26322115384615385 0.04807692307692308 0.0673076923076923
0 0.006009615384615385 0.26322115384615385 0.01201923076923077 0.06490384615384616
0 0.6045673076923077 0.2980769230769231 0.03245192307692308 0.0625
0 0.5673076923076923 0.3004807692307692 0.04567307692307692 0.0625
0 0.5228365384615384 0.3016826923076923 0.04567307692307692 0.06009615384615385
0 0.47716346153846156 0.30408653846153844 0.04807692307692308 0.06009615384615385
0 0.4326923076923077 0.30528846153846156 0.04567307692307692 0.06009615384615385
0 0.38822115384615385 0.30649038461538464 0.04567307692307692 0.06009615384615385
0 0.34375 0.3076923076923077 0.04807692307692308 0.06009615384615385
0 0.29927884615384615 0.3088942307692308 0.04807692307692308 0.0625
0 0.2536057692307692 0.31009615384615385 0.04807692307692308 0.0625
0 0.20673076923076922 0.3125 0.04807692307692308 0.0625
0 0.16105769230769232 0.3137019230769231 0.05048076923076923 0.0625
0 0.11298076923076923 0.31490384615384615 0.04807692307692308 0.0625
0 0.06610576923076923 0.3161057692307692 0.04807692307692308 0.0625
0 0.02283653846153846 0.3173076923076923 0.04567307692307692 0.0625
0 0.6141826923076923 0.3485576923076923 0.01201923076923077 0.0625
0 0.5865384615384616 0.35096153846153844 0.04567307692307692 0.06009615384615385
0 0.5432692307692307 0.35216346153846156 0.04567307692307692 0.06009615384615385
0 0.4987980769230769 0.35336538461538464 0.04567307692307692 0.0625
0 0.4543269230769231 0.3545673076923077 0.04567307692307692 0.0625
0 0.4110576923076923 0.3557692307692308 0.04567307692307692 0.0625
0 0.36658653846153844 0.3581730769230769 0.04567307692307692 0.06009615384615385
0 0.3233173076923077 0.359375 0.04567307692307692 0.0625
0 0.27884615384615385 0.3605769230769231 0.04567307692307692 0.0625
0 0.23317307692307693 0.3629807692307692 0.04567307692307692 0.06009615384615385
0 0.1875 0.3641826923076923 0.04807692307692308 0.06009615384615385
0 0.14182692307692307 0.36658653846153844 0.04807692307692308 0.06009615384615385
0 0.09495192307692307 0.36658653846153844 0.04807692307692308 0.0625
0 0.04927884615384615 0.36899038461538464 0.04807692307692308 0.0625
0 0.01201923076923077 0.3701923076923077 0.02403846153846154 0.0625
0 0.6033653846153846 0.39663461538461536 0.03485576923076923 0.06009615384615385
0 0.5625 0.39903846153846156 0.04567307692307692 0.06009615384615385
0 0.5204326923076923 0.4014423076923077 0.04567307692307692 0.06009615384615385
0 0.47596153846153844 0.40384615384615385 0.04567307692307692 0.06009615384615385
0 0.4326923076923077 0.40625 0.04567307692307692 0.06009615384615385
0 0.3894230769230769 0.40625 0.04567307692307692 0.06009615384615385
0 0.34615384615384615 0.40865384615384615 0.04567307692307692 0.06009615384615385
0 0.30288461538461536 0.4098557692307692 0.04567307692307692 0.06009615384615385
0 0.25841346153846156 0.4110576923076923 0.04567307692307692 0.06009615384615385
0 0.21394230769230768 0.41346153846153844 0.04807692307692308 0.06009615384615385
0 0.16826923076923078 0.41586538461538464 0.04807692307692308 0.06009615384615385
0 0.12139423076923077 0.41586538461538464 0.04807692307692308 0.06009615384615385
0 0.07692307692307693 0.4182692307692308 0.04807692307692308 0.0625
0 0.030048076923076924 0.4206730769230769 0.04807692307692308 0.0625
0 0.003605769230769231 0.4206730769230769 0.007211538461538462 0.0625
0 0.6117788461538461 0.44711538461538464 0.018028846153846152 0.06009615384615385
0 0.5841346153846154 0.4483173076923077 0.04567307692307692 0.06009615384615385
0 0.5396634615384616 0.4495192307692308 0.04567307692307692 0.06009615384615385
0 0.49759615384615385 0.45072115384615385 0.04567307692307692 0.06009615384615385
0 0.4543269230769231 0.4519230769230769 0.04567307692307692 0.06009615384615385
0 0.4110576923076923 0.453125 0.04567307692307692 0.06009615384615385
0 0.36778846153846156 0.4543269230769231 0.04567307692307692 0.06009615384615385
0 0.32572115384615385 0.45552884615384615 0.04567307692307692 0.06009615384615385
0 0.2824519230769231 0.45913461538461536 0.04567307692307692 0.06009615384615385
0 0.23798076923076922 0.46153846153846156 0.04567307692307692 0.06009615384615385
0 0.19471153846153846 0.4639423076923077 0.04567307692307692 0.057692307692307696
0 0.14903846153846154 0.4651442307692308 0.04807692307692308 0.06009615384615385
0 0.1045673076923077 0.4675480769230769 0.04807692307692308 0.06009615384615385
0 0.057692307692307696 0.4675480769230769 0.04567307692307692 0.06009615384615385
0 0.018028846153846152 0.46875 0.03485576923076923 0.057692307692307696
0 0.6009615384615384 0.4807692307692308 0.039663461538461536 0.03245192307692308
0 0.5600961538461539 0.4807692307692308 0.04567307692307692 0.03245192307692308
0 0.5168269230769231 0.48197115384615385 0.04326923076923077 0.030048076923076924
0 0.47475961538461536 0.4831730769230769 0.04567307692307692 0.027644230769230768
0 0.4326923076923077 0.4831730769230769 0.04567307692307692 0.027644230769230768
0 0.3894230769230769 0.4831730769230769 0.04567307692307692 0.027644230769230768
0 0.34615384615384615 0.48677884615384615 0.04567307692307692 0.02283653846153846
0 0.30408653846153844 0.48677884615384615 0.04567307692307692 0.02283653846153846
0 0.2608173076923077 0.4879807692307692 0.04567307692307692 0.020432692307692308
0 0.21875 0.4891826923076923 0.04567307692307692 0.018028846153846152
0 0.17307692307692307 0.49038461538461536 0.04567307692307692 0.015625
0 0.1310096153846154 0.49038461538461536 0.04567307692307692 0.015625
0 0.08413461538461539 0.49158653846153844 0.04807692307692308 0.01201923076923077
0 0.7115384615384616 0.04927884615384615 0.140625 0.0985576923076923
0 0.8401442307692307 0.046875 0.11298076923076923 0.09254807692307693
0 0.9507211538461539 0.05889423076923077 0.0985576923076923 0.11778846153846154
0 0.6646634615384616 0.15745192307692307 0.08774038461538461 0.18389423076923078
0 0.9002403846153846 0.17067307692307693 0.11298076923076923 0.1778846153846154
0 0.7716346153846154 0.19831730769230768 0.1502403846153846 0.22115384615384615
0 0.984375 0.19831730769230768 0.030048076923076924 0.20552884615384615
0 0.6610576923076923 0.34975961538461536 0.08052884615384616 0.15625
0 0.7584134615384616 0.36538461538461536 0.11538461538461539 0.15384615384615385
0 0.8677884615384616 0.36658653846153844 0.10096153846153846 0.15625
0 0.9615384615384616 0.38341346153846156 0.07692307692307693 0.17067307692307693
0 0.7007211538461539 0.46033653846153844 0.10576923076923077 0.07572115384615384
0 0.9158653846153846 0.4651442307692308 0.10336538461538461 0.06490384615384616
0 0.8100961538461539 0.47836538461538464 0.12860576923076922 0.037259615384615384
0 0.5600961538461539 0.5793269230769231 0.10576923076923077 0.16346153846153846
0 0.390625 0.6081730769230769 0.11298076923076923 0.17548076923076922
0 0.015625 0.6430288461538461 0.030048076923076924 0.14543269230769232
0 0.27283653846153844 0.65625 0.10096153846153846 0.13822115384615385
0 0.054086538461538464 0.6983173076923077 0.10817307692307693 0.1778846153846154
0 0.5901442307692307 0.7283653846153846 0.06009615384615385 0.1658653846153846
0 0.02283653846153846 0.8209134615384616 0.04567307692307692 0.14302884615384615
0 0.25600961538461536 0.828125 0.11057692307692307 0.18629807692307693
0 0.09975961538461539 0.8557692307692307 0.09254807692307693 0.1502403846153846
0 0.5444711538461539 0.8774038461538461 0.10817307692307693 0.16826923076923078
0 0.36658653846153844 0.8786057692307693 0.11778846153846154 0.19110576923076922
0 0.14783653846153846 0.9254807692307693 0.09495192307692307 0.14783653846153846
0 0.4891826923076923 0.9627403846153846 0.0985576923076923 0.07451923076923077
0 0.36899038461538464 0.9735576923076923 0.10096153846153846 0.052884615384615384
0 0.5805288461538461 0.9711538461538461 0.08052884615384616 0.057692307692307696
0 0.14302884615384615 0.5132211538461539 0.09495192307692307 0.03245192307692308
0 0.453125 0.5180288461538461 0.11298076923076923 0.039663461538461536
0 0.24879807692307693 0.5288461538461539 0.09014423076923077 0.0625
0 0.04567307692307692 0.5492788461538461 0.08533653846153846 0.10336538461538461
0 0.29086538461538464 0.5625 0.11057692307692307 0.1310096153846154
0 0.09375 0.5492788461538461 0.09014423076923077 0.10336538461538461
0 0.9230769230769231 0.9134615384615384 0.06009615384615385 0.078125
0 0.7223557692307693 0.9699519230769231 0.057692307692307696 0.06009615384615385
0 0.6935096153846154 0.9158653846153846 0.057692307692307696 0.078125
0 0.9555288461538461 0.8449519230769231 0.06009615384615385 0.0829326923076923
0 0.8653846153846154 0.9134615384615384 0.06009615384615385 0.078125
0 0.6418269230769231 0.9158653846153846 0.04326923076923077 0.078125
0 0.8966346153846154 0.8461538461538461 0.06009615384615385 0.08052884615384616
0 0.8389423076923077 0.8485576923076923 0.06009615384615385 0.08052884615384616
0 0.7776442307692307 0.9699519230769231 0.057692307692307696 0.06009615384615385
0 0.75 0.9146634615384616 0.057692307692307696 0.078125
0 0.8076923076923077 0.9146634615384616 0.057692307692307696 0.08052884615384616
0 0.9915865384615384 0.8425480769230769 0.016826923076923076 0.07932692307692307
0 0.9867788461538461 0.9675480769230769 0.026442307692307692 0.06490384615384616
0 0.9747596153846154 0.9110576923076923 0.05048076923076923 0.078125
0 0.9795673076923077 0.7752403846153846 0.039663461538461536 0.0829326923076923
0 0.890625 0.96875 0.057692307692307696 0.0625
0 0.6298076923076923 0.9711538461538461 0.018028846153846152 0.057692307692307696
0 0.8353365384615384 0.9699519230769231 0.057692307692307696 0.06009615384615385
0 0.9314903846153846 0.7764423076923077 0.0625 0.0829326923076923
0 0.9050480769230769 0.7043269230769231 0.0625 0.08774038461538461
0 0.9663461538461539 0.7043269230769231 0.0625 0.08774038461538461
0 0.640625 0.7788461538461539 0.039663461538461536 0.08533653846153846
0 0.6911057692307693 0.7800480769230769 0.06009615384615385 0.08533653846153846
0 0.8701923076923077 0.7776442307692307 0.06009615384615385 0.0829326923076923
0 0.8100961538461539 0.7788461538461539 0.06009615384615385 0.08533653846153846
0 0.7512019230769231 0.7788461538461539 0.06009615384615385 0.08533653846153846
0 0.7800480769230769 0.8485576923076923 0.06009615384615385 0.08052884615384616
0 0.6646634615384616 0.9711538461538461 0.057692307692307696 0.057692307692307696
0 0.7223557692307693 0.8497596153846154 0.06009615384615385 0.08052884615384616
0 0.8425480769230769 0.7055288461538461 0.0625 0.08774038461538461
0 0.7211538461538461 0.7055288461538461 0.0625 0.08774038461538461
0 0.6394230769230769 0.6310096153846154 0.037259615384615384 0.09014423076923077
0 0.7824519230769231 0.7055288461538461 0.0625 0.08533653846153846
0 0.8137019230769231 0.6310096153846154 0.0625 0.08774038461538461
0 0.6598557692307693 0.7067307692307693 0.0625 0.08774038461538461
0 0.6634615384615384 0.8497596153846154 0.06009615384615385 0.08052884615384616
0 0.8762019230769231 0.6310096153846154 0.0625 0.08774038461538461
0 0.9483173076923077 0.96875 0.057692307692307696 0.0625
0 0.9831730769230769 0.6298076923076923 0.03245192307692308 0.08774038461538461
0 0.9387019230769231 0.6298076923076923 0.0625 0.08774038461538461
0 0.6274038461538461 0.8497596153846154 0.01201923076923077 0.08052884615384616