0 0.5348557692307693 0.41466346153846156 0.06009615384615385 0.078125
0 0.47836538461538464 0.41346153846153844 0.057692307692307696 0.078125
0 0.5673076923076923 0.2283653846153846 0.057692307692307696 0.0733173076923077
0 0.5661057692307693 0.35096153846153844 0.06009615384615385 0.078125
0 0.5084134615384616 0.34975961538461536 0.057692307692307696 0.07572115384615384
0 0.5829326923076923 0.41586538461538464 0.040865384615384616 0.078125
0 0.5108173076923077 0.2283653846153846 0.057692307692307696 0.0733173076923077
0 0.390625 0.47716346153846156 0.057692307692307696 0.078125
0 0.453125 0.34975961538461536 0.057692307692307696 0.07572115384615384
0 0.3329326923076923 0.47596153846153844 0.057692307692307696 0.08052884615384616
0 0.2764423076923077 0.47475961538461536 0.057692307692307696 0.078125
0 0.31009615384615385 0.4098557692307692 0.055288461538461536 0.07572115384615384
0 0.5649038461538461 0.4807692307692308 0.06009615384615385 0.08052884615384616
0 0.5408653846153846 0.17067307692307693 0.055288461538461536 0.07091346153846154
0 0.5048076923076923 0.4795673076923077 0.06009615384615385 0.078125
0 0.36658653846153844 0.4110576923076923 0.057692307692307696 0.078125
0 0.44711538461538464 0.47836538461538464 0.057692307692307696 0.08052884615384616
0 0.39783653846153844 0.34975961538461536 0.057692307692307696 0.07572115384615384
0 0.42788461538461536 0.28966346153846156 0.055288461538461536 0.0733173076923077
0 0.23918269230769232 0.5396634615384616 0.06009615384615385 0.08052884615384616
0 0.3557692307692308 0.5444711538461539 0.06009615384615385 0.08052884615384616
0 0.5384615384615384 0.28966346153846156 0.057692307692307696 0.0733173076923077
0 0.3737980769230769 0.28966346153846156 0.055288461538461536 0.0733173076923077
0 0.32211538461538464 0.6141826923076923 0.06370192307692307 0.08533653846153846
0 0.12740384615384615 0.7512019230769231 0.057692307692307696 0.0829326923076923
0 0.3425480769230769 0.34975961538461536 0.055288461538461536 0.07572115384615384
0 0.4567307692307692 0.22956730769230768 0.055288461538461536 0.0733173076923077
0 0.41586538461538464 0.5456730769230769 0.06009615384615385 0.0829326923076923
0 0.18870192307692307 0.7512019230769231 0.06370192307692307 0.0829326923076923
0 0.5841346153846154 0.16706730769230768 0.038461538461538464 0.07091346153846154
0 0.49759615384615385 0.7608173076923077 0.06610576923076923 0.06370192307692307
0 0.5685096153846154 0.11057692307692307 0.057692307692307696 0.0733173076923077
0 0.4026442307692308 0.22956730769230768 0.055288461538461536 0.0733173076923077
0 0.12620192307692307 0.5336538461538461 0.055288461538461536 0.078125
0 0.5841346153846154 0.28846153846153844 0.038461538461538464 0.07572115384615384
0 0.29927884615384615 0.5432692307692307 0.06009615384615385 0.08052884615384616
0 0.5829326923076923 0.5504807692307693 0.040865384615384616 0.08533653846153846
0 0.3701923076923077 0.7572115384615384 0.06370192307692307 0.07091346153846154
0 0.421875 0.4110576923076923 0.057692307692307696 0.078125
0 0.3076923076923077 0.7548076923076923 0.06009615384615385 0.07572115384615384
0 0.07211538461538461 0.7463942307692307 0.057692307692307696 0.08533653846153846
0 0.1814903846153846 0.5360576923076923 0.057692307692307696 0.078125
0 0.19831730769230768 0.4074519230769231 0.057692307692307696 0.07572115384615384
0 0.35096153846153844 0.22956730769230768 0.055288461538461536 0.07091346153846154
0 0.07211538461538461 0.5324519230769231 0.052884615384615384 0.078125
0 0.14182692307692307 0.40384615384615385 0.055288461538461536 0.07572115384615384
0 0.47475961538461536 0.5480769230769231 0.06009615384615385 0.0829326923076923
0 0.21875 0.4723557692307692 0.06009615384615385 0.078125
0 0.20432692307692307 0.6081730769230769 0.057692307692307696 0.0829326923076923
0 0.2980769230769231 0.22956730769230768 0.052884615384615384 0.07091346153846154
0 0.5336538461538461 0.5504807692307693 0.06370192307692307 0.08533653846153846
0 0.09254807692307693 0.6021634615384616 0.057692307692307696 0.0829326923076923
0 0.5024038461538461 0.6213942307692307 0.06610576923076923 0.0889423076923077
0 0.4411057692307692 0.6189903846153846 0.06009615384615385 0.08533653846153846
0 0.4855769230769231 0.171875 0.055288461538461536 0.06850961538461539
0 0.28846153846153844 0.3485576923076923 0.055288461538461536 0.0733173076923077
0 0.14903846153846154 0.6045673076923077 0.057692307692307696 0.0829326923076923
0 0.26322115384615385 0.609375 0.06009615384615385 0.0829326923076923
0 0.2548076923076923 0.4098557692307692 0.057692307692307696 0.07572115384615384
0 0.4699519230769231 0.6959134615384616 0.06370192307692307 0.09134615384615384
0 0.5649038461538461 0.6237980769230769 0.06370192307692307 0.0889423076923077
0 0.22596153846153846 0.6814903846153846 0.06370192307692307 0.08533653846153846
0 0.23317307692307693 0.3473557692307692 0.055288461538461536 0.0733173076923077
0 0.24519230769230768 0.22956730769230768 0.052884615384615384 0.07091346153846154
0 0.5324519230769231 0.6983173076923077 0.06610576923076923 0.09134615384615384
0 0.34615384615384615 0.6899038461538461 0.06009615384615385 0.0889423076923077
0 0.5829326923076923 0.7019230769230769 0.040865384615384616 0.09134615384615384
0 0.10697115384615384 0.6754807692307693 0.055288461538461536 0.08533653846153846
0 0.2848557692307692 0.6838942307692307 0.06009615384615385 0.08533653846153846
0 0.02283653846153846 0.7403846153846154 0.04567307692307692 0.08533653846153846
0 0.32091346153846156 0.28966346153846156 0.057692307692307696 0.0733173076923077
0 0.5144230769230769 0.11177884615384616 0.055288461538461536 0.07091346153846154
0 0.4326923076923077 0.171875 0.055288461538461536 0.07091346153846154
0 0.24759615384615385 0.7536057692307693 0.06009615384615385 0.078125
0 0.38100961538461536 0.6165865384615384 0.06009615384615385 0.0889423076923077
0 0.4891826923076923 0.056490384615384616 0.052884615384615384 0.07091346153846154
0 0.5841346153846154 0.05048076923076923 0.038461538461538464 0.07091346153846154
0 0.12259615384615384 0.34375 0.055288461538461536 0.0733173076923077
0 0.5420673076923077 0.054086538461538464 0.055288461538461536 0.0733173076923077
0 0.40625 0.6935096153846154 0.06370192307692307 0.09134615384615384
0 0.1658653846153846 0.6790865384615384 0.06009615384615385 0.08533653846153846
0 0.10697115384615384 0.4675480769230769 0.052884615384615384 0.078125
0 0.17908653846153846 0.34615384615384615 0.057692307692307696 0.0733173076923077
0 0.16105769230769232 0.46875 0.057692307692307696 0.078125
0 0.055288461538461536 0.671875 0.052884615384615384 0.08533653846153846
0 0.1935096153846154 0.22956730769230768 0.052884615384615384 0.07091346153846154
0 0.40865384615384615 0.11658653846153846 0.052884615384615384 0.06850961538461539
0 0.328125 0.17307692307692307 0.055288461538461536 0.07091346153846154
0 0.0889423076923077 0.40384615384615385 0.052884615384615384 0.07572115384615384
0 0.055288461538461536 0.4675480769230769 0.052884615384615384 0.07572115384615384
0 0.3798076923076923 0.17307692307692307 0.052884615384615384 0.07091346153846154
0 0.10336538461538461 0.28365384615384615 0.052884615384615384 0.07091346153846154
0 0.22355769230769232 0.17307692307692307 0.052884615384615384 0.06850961538461539
0 0.2668269230769231 0.28966346153846156 0.052884615384615384 0.07091346153846154
0 0.07091346153846154 0.3425480769230769 0.05048076923076923 0.0733173076923077
0 0.4362980769230769 0.05889423076923077 0.052884615384615384 0.06850961538461539
0 0.3557692307692308 0.11658653846153846 0.052884615384615384 0.06850961538461539
0 0.5685096153846154 0.014423076923076924 0.055288461538461536 0.027644230769230768
0 0.27524038461538464 0.17307692307692307 0.052884615384615384 0.06850961538461539
0 0.5637019230769231 0.7632211538461539 0.06610576923076923 0.06009615384615385
0 0.46033653846153844 0.11538461538461539 0.055288461538461536 0.06850961538461539
0 0.5144230769230769 0.016826923076923076 0.052884615384615384 0.03245192307692308
0 0.17307692307692307 0.17307692307692307 0.052884615384615384 0.06850961538461539
0 0.1201923076923077 0.17307692307692307 0.05048076923076923 0.06850961538461539
0 0.2548076923076923 0.11899038461538461 0.052884615384615384 0.06610576923076923
0 0.15144230769230768 0.1201923076923077 0.052884615384615384 0.06610576923076923
0 0.30528846153846156 0.11778846153846154 0.052884615384615384 0.06850961538461539
0 0.38461538461538464 0.06009615384615385 0.052884615384615384 0.06850961538461539
0 0.11538461538461539 0.02403846153846154 0.04807692307692308 0.04807692307692308
0 0.46153846153846156 0.018028846153846152 0.05048076923076923 0.03485576923076923
0 0.203125 0.11899038461538461 0.052884615384615384 0.06610576923076923
0 0.1310096153846154 0.06850961538461539 0.052884615384615384 0.06370192307692307
0 0.33413461538461536 0.06129807692307692 0.05048076923076923 0.06850961538461539
0 0.140625 0.2283653846153846 0.052884615384615384 0.07091346153846154
0 0.18269230769230768 0.0673076923076923 0.05048076923076923 0.06370192307692307
0 0.31009615384615385 0.020432692307692308 0.05048076923076923 0.040865384615384616
0 0.25961538461538464 0.021634615384615384 0.05048076923076923 0.04326923076923077
0 0.28365384615384615 0.06490384615384616 0.05048076923076923 0.06610576923076923
0 0.21153846153846154 0.02283653846153846 0.05048076923076923 0.04567307692307692
0 0.09495192307692307 0.11658653846153846 0.052884615384615384 0.06610576923076923
0 0.16105769230769232 0.02403846153846154 0.05048076923076923 0.04807692307692308
0 0.15865384615384615 0.2860576923076923 0.052884615384615384 0.0733173076923077
0 0.4110576923076923 0.019230769230769232 0.05048076923076923 0.038461538461538464
0 0.21394230769230768 0.28846153846153844 0.055288461538461536 0.0733173076923077
0 0.038461538461538464 0.6009615384615384 0.052884615384615384 0.078125
0 0.48197115384615385 0.28966346153846156 0.057692307692307696 0.0733173076923077
0 0.234375 0.06490384615384616 0.05048076923076923 0.06610576923076923
0 0.36177884615384615 0.019230769230769232 0.052884615384615384 0.038461538461538464
0 0.08653846153846154 0.2283653846153846 0.05048076923076923 0.06610576923076923
0 0.6310096153846154 0.2247596153846154 0.052884615384615384 0.057692307692307696
0 0.5745192307692307 0.9663461538461539 0.057692307692307696 0.0673076923076923
0 0.49158653846153844 0.9651442307692307 0.10817307692307693 0.06971153846153846
0 0.265625 0.9639423076923077 0.10817307692307693 0.07211538461538461
0 0.05048076923076923 0.9651442307692307 0.10096153846153846 0.06971153846153846
0 0.15745192307692307 0.9639423076923077 0.10817307692307693 0.07211538461538461
0 0.3762019230769231 0.9627403846153846 0.10817307692307693 0.07451923076923077
0 0.5480769230769231 0.875 0.11057692307692307 0.15865384615384615
0 0.02283653846153846 0.8737980769230769 0.04567307692307692 0.16105769230769232
0 0.3245192307692308 0.8725961538461539 0.10817307692307693 0.15865384615384615
0 0.21394230769230768 0.8725961538461539 0.10817307692307693 0.15865384615384615
0 0.43509615384615385 0.8725961538461539 0.10817307692307693 0.15865384615384615
0 0.10336538461538461 0.8725961538461539 0.11057692307692307 0.15865384615384615