0 0.0673076923076923 0.028846153846153848 0.04447115384615385 0.057692307692307696
0 0.11298076923076923 0.028846153846153848 0.04447115384615385 0.057692307692307696
0 0.02283653846153846 0.028846153846153848 0.04447115384615385 0.057692307692307696
0 0.15865384615384615 0.030048076923076924 0.04807692307692308 0.06009615384615385
0 0.20432692307692307 0.030048076923076924 0.04807692307692308 0.06009615384615385
0 0.25 0.03125 0.04447115384615385 0.0625
0 0.2956730769230769 0.03125 0.04807692307692308 0.0625
0 0.34375 0.03245192307692308 0.04807692307692308 0.06490384615384616
0 0.38822115384615385 0.03245192307692308 0.04807692307692308 0.06490384615384616
0 0.4362980769230769 0.03365384615384615 0.04807692307692308 0.0673076923076923
0 0.4831730769230769 0.03365384615384615 0.04807692307692308 0.0673076923076923
0 0.5228365384615384 0.03365384615384615 0.03485576923076923 0.0673076923076923
0 0.051682692307692304 0.08052884615384616 0.04447115384615385 0.06490384615384616
0 0.09495192307692307 0.08173076923076923 0.04447115384615385 0.06490384615384616
0 0.13942307692307693 0.0829326923076923 0.04807692307692308 0.06490384615384616
0 0.18509615384615385 0.0829326923076923 0.04807692307692308 0.06490384615384616
0 0.22956730769230768 0.08533653846153846 0.04807692307692308 0.06490384615384616
0 0.2764423076923077 0.08533653846153846 0.04807692307692308 0.06490384615384616
0 0.32091346153846156 0.08653846153846154 0.04807692307692308 0.0673076923076923
0 0.36778846153846156 0.0889423076923077 0.04807692307692308 0.0673076923076923
0 0.41225961538461536 0.09014423076923077 0.04807692307692308 0.0673076923076923
0 0.45913461538461536 0.09014423076923077 0.04807692307692308 0.0673076923076923
0 0.5048076923076923 0.09134615384615384 0.04447115384615385 0.0673076923076923
0 0.5336538461538461 0.09134615384615384 0.01201923076923077 0.0673076923076923
0 0.03365384615384615 0.13221153846153846 0.04447115384615385 0.0625
0 0.07692307692307693 0.13341346153846154 0.04447115384615385 0.06490384615384616
0 0.12139423076923077 0.1346153846153846 0.04447115384615385 0.0625
0 0.1658653846153846 0.13581730769230768 0.04807692307692308 0.0625
0 0.21153846153846154 0.13701923076923078 0.04807692307692308 0.06490384615384616
0 0.2548076923076923 0.13822115384615385 0.04807692307692308 0.06490384615384616
0 0.3004807692307692 0.13942307692307693 0.04807692307692308 0.06490384615384616
0 0.3449519230769231 0.14302884615384615 0.04807692307692308 0.0625
0 0.3894230769230769 0.14423076923076922 0.04447115384615385 0.06490384615384616
0 0.43509615384615385 0.14543269230769232 0.04807692307692308 0.06490384615384616
0 0.4795673076923077 0.14543269230769232 0.04807692307692308 0.06490384615384616
0 0.5204326923076923 0.14543269230769232 0.039663461538461536 0.06490384615384616
0 0.06009615384615385 0.18629807692307693 0.04447115384615385 0.0625
0 0.10216346153846154 0.18629807692307693 0.04447115384615385 0.0625
0 0.14783653846153846 0.1875 0.04447115384615385 0.0625
0 0.19110576923076922 0.18870192307692307 0.04447115384615385 0.0625
0 0.23677884615384615 0.18990384615384615 0.04447115384615385 0.0625
0 0.2800480769230769 0.19230769230769232 0.04447115384615385 0.0625
0 0.3233173076923077 0.1935096153846154 0.04447115384615385 0.0625
0 0.36778846153846156 0.19471153846153846 0.04447115384615385 0.0625
0 0.41225961538461536 0.19591346153846154 0.04447115384615385 0.0625
0 0.4579326923076923 0.19831730769230768 0.04447115384615385 0.0625
0 0.5012019230769231 0.19831730769230768 0.04807692307692308 0.0625
0 0.53125 0.19831730769230768 0.018028846153846152 0.0625
0 0.042067307692307696 0.23557692307692307 0.04447115384615385 0.06009615384615385
0 0.08533653846153846 0.23677884615384615 0.04447115384615385 0.0625
0 0.12860576923076922 0.23798076923076922 0.04447115384615385 0.0625
0 0.17307692307692307 0.23918269230769232 0.04447115384615385 0.0625
0 0.21634615384615385 0.24158653846153846 0.04447115384615385 0.0625
0 0.25961538461538464 0.24278846153846154 0.04807692307692308 0.0625
0 0.30408653846153844 0.2439903846153846 0.04447115384615385 0.06009615384615385
0 0.34615384615384615 0.24519230769230768 0.04447115384615385 0.06009615384615385
0 0.3894230769230769 0.24759615384615385 0.04447115384615385 0.06009615384615385
0 0.4338942307692308 0.24879807692307693 0.04447115384615385 0.0625
0 0.47716346153846156 0.25 0.04447115384615385 0.0625
0 0.5192307692307693 0.25 0.042067307692307696 0.06009615384615385
0 0.0673076923076923 0.2848557692307692 0.042067307692307696 0.06009615384615385
0 0.11057692307692307 0.2860576923076923 0.04447115384615385 0.057692307692307696
0 0.15384615384615385 0.28725961538461536 0.04447115384615385 0.06009615384615385
0 0.19591346153846154 0.28846153846153844 0.04447115384615385 0.06009615384615385
0 0.2403846153846154 0.29086538461538464 0.04447115384615385 0.06009615384615385
0 0.2824519230769231 0.2920673076923077 0.04447115384615385 0.06009615384615385
0 0.32572115384615385 0.2932692307692308 0.04447115384615385 0.06009615384615385
0 0.36899038461538464 0.2956730769230769 0.04447115384615385 0.06009615384615385
0 0.41225961538461536 0.2980769230769231 0.04447115384615385 0.06009615384615385
0 0.45552884615384615 0.29927884615384615 0.04447115384615385 0.06009615384615385
0 0.49759615384615385 0.3004807692307692 0.04447115384615385 0.06009615384615385
0 0.5288461538461539 0.3004807692307692 0.02283653846153846 0.06009615384615385
0 0.05048076923076923 0.3329326923076923 0.04447115384615385 0.057692307692307696
0 0.09254807692307693 0.33413461538461536 0.042067307692307696 0.057692307692307696
0 0.1346153846153846 0.33533653846153844 0.04447115384615385 0.057692307692307696
0 0.1778846153846154 0.33653846153846156 0.04447115384615385 0.057692307692307696
0 0.21995192307692307 0.33774038461538464 0.04447115384615385 0.057692307692307696
0 0.26322115384615385 0.3389423076923077 0.04447115384615385 0.057692307692307696
0 0.30649038461538464 0.34134615384615385 0.04447115384615385 0.057692307692307696
0 0.3473557692307692 0.3425480769230769 0.04447115384615385 0.06009615384615385
0 0.3894230769230769 0.3449519230769231 0.04447115384615385 0.06009615384615385
0 0.4326923076923077 0.34615384615384615 0.04447115384615385 0.057692307692307696
0 0.47475961538461536 0.3473557692307692 0.042067307692307696 0.057692307692307696
0 0.5180288461538461 0.3473557692307692 0.04447115384615385 0.06009615384615385
0 0.07451923076923077 0.3798076923076923 0.042067307692307696 0.057692307692307696
0 0.11778846153846154 0.38100961538461536 0.04447115384615385 0.057692307692307696
0 0.15985576923076922 0.38221153846153844 0.04447115384615385 0.057692307692307696
0 0.20072115384615385 0.38341346153846156 0.04447115384615385 0.057692307692307696
0 0.2439903846153846 0.3858173076923077 0.04447115384615385 0.057692307692307696
0 0.2848557692307692 0.3858173076923077 0.04447115384615385 0.057692307692307696
0 0.32572115384615385 0.3870192307692308 0.042067307692307696 0.055288461538461536
0 0.36778846153846156 0.38822115384615385 0.04447115384615385 0.052884615384615384
0 0.4098557692307692 0.38822115384615385 0.04447115384615385 0.052884615384615384
0 0.4519230769230769 0.3894230769230769 0.04447115384615385 0.05048076923076923
0 0.49399038461538464 0.3894230769230769 0.042067307692307696 0.05048076923076923
0 0.5276442307692307 0.3918269230769231 0.025240384615384616 0.04807692307692308
0 0.056490384615384616 0.40625 0.042067307692307696 0.018028846153846152
0 0.0985576923076923 0.40625 0.042067307692307696 0.018028846153846152
0 0.14182692307692307 0.4074519230769231 0.042067307692307696 0.014423076923076924
0 0.1814903846153846 0.40865384615384615 0.042067307692307696 0.01201923076923077
0 0.22355769230769232 0.40865384615384615 0.042067307692307696 0.01201923076923077
0 0.2644230769230769 0.40865384615384615 0.04447115384615385 0.01201923076923077
0 0.6177884615384616 0.1201923076923077 0.15504807692307693 0.2403846153846154
0 0.7764423076923077 0.1201923076923077 0.1622596153846154 0.2403846153846154
0 0.9278846153846154 0.12139423076923077 0.14423076923076922 0.24278846153846154
0 0.96875 0.31850961538461536 0.0625 0.19230769230769232
0 0.8545673076923077 0.31850961538461536 0.15985576923076922 0.19230769230769232
0 0.5757211538461539 0.31971153846153844 0.07211538461538461 0.18990384615384615
0 0.6947115384615384 0.32211538461538464 0.15985576923076922 0.18509615384615385
0 0.27524038461538464 0.7427884615384616 0.21995192307692307 0.43028846153846156
0 0.8557692307692307 0.6466346153846154 0.28725961538461536 0.4519230769230769
0 0.6959134615384616 0.9050480769230769 0.3125 0.18990384615384615