0 0.2548076923076923 0.18269230769230768 0.057692307692307696 0.07451923076923077
0 0.3088942307692308 0.1814903846153846 0.055288461538461536 0.07451923076923077
0 0.2247596153846154 0.020432692307692308 0.055288461538461536 0.040865384615384616
0 0.03245192307692308 0.5396634615384616 0.06490384615384616 0.0889423076923077
0 0.22596153846153846 0.12259615384615384 0.057692307692307696 0.07451923076923077
0 0.2800480769230769 0.12139423076923077 0.055288461538461536 0.07211538461538461
0 0.19831730769230768 0.18389423076923078 0.057692307692307696 0.07451923076923077
0 0.2764423076923077 0.019230769230769232 0.052884615384615384 0.038461538461538464
0 0.39302884615384615 0.24278846153846154 0.055288461538461536 0.07451923076923077
0 0.3329326923076923 0.12139423076923077 0.055288461538461536 0.07211538461538461
0 0.44711538461538464 0.24158653846153846 0.055288461538461536 0.07451923076923077
0 0.16466346153846154 0.5348557692307693 0.0673076923076923 0.0889423076923077
0 0.5012019230769231 0.2403846153846154 0.055288461538461536 0.07451923076923077
0 0.46875 0.17908653846153846 0.055288461538461536 0.07211538461538461
0 0.22716346153846154 0.24639423076923078 0.057692307692307696 0.07692307692307693
0 0.16947115384615385 0.24879807692307693 0.06009615384615385 0.07932692307692307
0 0.055288461538461536 0.12259615384615384 0.06009615384615385 0.07451923076923077
0 0.28365384615384615 0.24519230769230768 0.057692307692307696 0.07451923076923077
0 0.140625 0.18389423076923078 0.06009615384615385 0.07692307692307693
0 0.018028846153846152 0.46274038461538464 0.036057692307692304 0.0889423076923077
0 0.41586538461538464 0.18028846153846154 0.055288461538461536 0.07451923076923077
0 0.3389423076923077 0.2439903846153846 0.055288461538461536 0.07451923076923077
0 0.3858173076923077 0.12139423076923077 0.055288461538461536 0.07211538461538461
0 0.09975961538461539 0.5372596153846154 0.0673076923076923 0.08653846153846154
0 0.35697115384615385 0.06370192307692307 0.052884615384615384 0.06971153846153846
0 0.5372596153846154 0.3016826923076923 0.057692307692307696 0.07692307692307693
0 0.1141826923076923 0.12259615384615384 0.057692307692307696 0.07451923076923077
0 0.4254807692307692 0.30649038461538464 0.057692307692307696 0.07692307692307693
0 0.25240384615384615 0.06370192307692307 0.052884615384615384 0.06971153846153846
0 0.06971153846153846 0.46274038461538464 0.0673076923076923 0.08653846153846154
0 0.40865384615384615 0.06370192307692307 0.052884615384615384 0.06971153846153846
0 0.01201923076923077 0.1201923076923077 0.02403846153846154 0.07692307692307693
0 0.4579326923076923 0.37259615384615385 0.057692307692307696 0.08173076923076923
0 0.4387019230769231 0.12139423076923077 0.052884615384615384 0.07211538461538461
0 0.328125 0.020432692307692308 0.05048076923076923 0.040865384615384616
0 0.36899038461538464 0.3076923076923077 0.057692307692307696 0.07932692307692307
0 0.17067307692307693 0.12259615384615384 0.057692307692307696 0.07451923076923077
0 0.08173076923076923 0.18509615384615385 0.0625 0.07932692307692307
0 0.11538461538461539 0.019230769230769232 0.057692307692307696 0.038461538461538464
0 0.5757211538461539 0.5060096153846154 0.04567307692307692 0.08413461538461539
0 0.07692307692307693 0.31850961538461536 0.0625 0.08173076923076923
0 0.28966346153846156 0.5276442307692307 0.06490384615384616 0.0889423076923077
0 0.3798076923076923 0.020432692307692308 0.052884615384615384 0.040865384615384616
0 0.02283653846153846 0.31971153846153844 0.04567307692307692 0.08173076923076923
0 0.06009615384615385 0.018028846153846152 0.057692307692307696 0.036057692307692304
0 0.16947115384615385 0.019230769230769232 0.055288461538461536 0.038461538461538464
0 0.13822115384615385 0.3161057692307692 0.0625 0.08173076923076923
0 0.04927884615384615 0.2512019230769231 0.0625 0.07932692307692307
0 0.19831730769230768 0.06370192307692307 0.055288461538461536 0.07211538461538461
0 0.11057692307692307 0.25 0.0625 0.07932692307692307
0 0.4795673076923077 0.30528846153846156 0.057692307692307696 0.07692307692307693
0 0.1971153846153846 0.3137019230769231 0.0625 0.08173076923076923
0 0.08533653846153846 0.06129807692307692 0.06009615384615385 0.07211538461538461
0 0.4110576923076923 0.5192307692307693 0.06009615384615385 0.08173076923076923
0 0.1346153846153846 0.45913461538461536 0.06490384615384616 0.08653846153846154
0 0.3629807692307692 0.18028846153846154 0.055288461538461536 0.07451923076923077
0 0.4699519230769231 0.5144230769230769 0.06009615384615385 0.08413461538461539
0 0.5805288461538461 0.2980769230769231 0.036057692307692304 0.07692307692307693
0 0.5733173076923077 0.17548076923076922 0.05048076923076923 0.07211538461538461
0 0.42908653846153844 0.020432692307692308 0.05048076923076923 0.040865384615384616
0 0.1045673076923077 0.38822115384615385 0.0625 0.08413461538461539
0 0.3125 0.31009615384615385 0.057692307692307696 0.07932692307692307
0 0.5564903846153846 0.23798076923076922 0.055288461538461536 0.07451923076923077
0 0.015625 0.018028846153846152 0.03125 0.036057692307692304
0 0.5697115384615384 0.36778846153846156 0.055288461538461536 0.07932692307692307
0 0.028846153846153848 0.05889423076923077 0.057692307692307696 0.07451923076923077
0 0.4795673076923077 0.019230769230769232 0.05048076923076923 0.038461538461538464
0 0.25600961538461536 0.3125 0.06009615384615385 0.08173076923076923
0 0.2860576923076923 0.3798076923076923 0.06009615384615385 0.08413461538461539
0 0.3449519230769231 0.37740384615384615 0.06009615384615385 0.08173076923076923
0 0.49038461538461536 0.1201923076923077 0.052884615384615384 0.06971153846153846
0 0.16706730769230768 0.3858173076923077 0.0625 0.08413461538461539
0 0.5144230769230769 0.36899038461538464 0.057692307692307696 0.07932692307692307
0 0.5216346153846154 0.17908653846153846 0.055288461538461536 0.06971153846153846
0 0.042067307692307696 0.3894230769230769 0.0673076923076923 0.08653846153846154
0 0.3173076923076923 0.45072115384615385 0.06009615384615385 0.08653846153846154
0 0.026442307692307692 0.18509615384615385 0.052884615384615384 0.07692307692307693
0 0.22716346153846154 0.38221153846153844 0.0625 0.08413461538461539
0 0.008413461538461538 0.25 0.016826923076923076 0.07692307692307693
0 0.5492788461538461 0.4375 0.06009615384615385 0.08173076923076923
0 0.5420673076923077 0.11899038461538461 0.055288461538461536 0.06971153846153846
0 0.5300480769230769 0.019230769230769232 0.05048076923076923 0.038461538461538464
0 0.25721153846153844 0.453125 0.06009615384615385 0.08653846153846154
0 0.43509615384615385 0.44471153846153844 0.06009615384615385 0.08413461538461539
0 0.1971153846153846 0.4567307692307692 0.0625 0.08653846153846154
0 0.49278846153846156 0.43990384615384615 0.06009615384615385 0.08173076923076923
0 0.45913461538461536 0.06370192307692307 0.055288461538461536 0.06971153846153846
0 0.5276442307692307 0.5108173076923077 0.06009615384615385 0.08413461538461539
0 0.4014423076923077 0.375 0.057692307692307696 0.08413461538461539
0 0.37740384615384615 0.4483173076923077 0.06009615384615385 0.08653846153846154
0 0.5877403846153846 0.43509615384615385 0.021634615384615384 0.08173076923076923
0 0.5817307692307693 0.11658653846153846 0.03365384615384615 0.06971153846153846
0 0.5901442307692307 0.234375 0.016826923076923076 0.07451923076923077
0 0.5769230769230769 0.019230769230769232 0.04326923076923077 0.038461538461538464
0 0.5108173076923077 0.06370192307692307 0.052884615384615384 0.0673076923076923
0 0.2283653846153846 0.5300480769230769 0.0625 0.08653846153846154
0 0.5925480769230769 0.06009615384615385 0.01201923076923077 0.0673076923076923
0 0.14302884615384615 0.0625 0.057692307692307696 0.07211538461538461
0 0.5612980769230769 0.0625 0.052884615384615384 0.06971153846153846
0 0.30528846153846156 0.06370192307692307 0.052884615384615384 0.06971153846153846
0 0.7007211538461539 0.40024038461538464 0.0673076923076923 0.0985576923076923
0 0.7716346153846154 0.39783653846153844 0.0673076923076923 0.10096153846153846
0 0.8389423076923077 0.39663461538461536 0.0673076923076923 0.10096153846153846
0 0.90625 0.39663461538461536 0.06490384615384616 0.0985576923076923
0 0.9699519230769231 0.3954326923076923 0.06009615384615385 0.0985576923076923
0 0.7379807692307693 0.3125 0.0673076923076923 0.09615384615384616
0 0.8040865384615384 0.31009615384615385 0.0673076923076923 0.10096153846153846
0 0.9867788461538461 0.3088942307692308 0.026442307692307692 0.0985576923076923
0 0.8713942307692307 0.31009615384615385 0.0673076923076923 0.0985576923076923
0 0.9399038461538461 0.3076923076923077 0.0673076923076923 0.0985576923076923
0 0.7680288461538461 0.2247596153846154 0.0673076923076923 0.10096153846153846
0 0.9050480769230769 0.22355769230769232 0.0673076923076923 0.0985576923076923
0 0.7007211538461539 0.22355769230769232 0.0625 0.0985576923076923
0 0.9699519230769231 0.22235576923076922 0.06009615384615385 0.0985576923076923
0 0.8365384615384616 0.22355769230769232 0.0673076923076923 0.10096153846153846
0 0.7355769230769231 0.13942307692307693 0.0673076923076923 0.0985576923076923
0 0.9867788461538461 0.13822115384615385 0.026442307692307692 0.0985576923076923
0 0.8713942307692307 0.13822115384615385 0.0673076923076923 0.0985576923076923
0 0.8016826923076923 0.13701923076923078 0.06490384615384616 0.0985576923076923
0 0.9387019230769231 0.13701923076923078 0.06490384615384616 0.09615384615384616
0 0.6971153846153846 0.054086538461538464 0.06490384615384616 0.10096153846153846
0 0.765625 0.051682692307692304 0.0673076923076923 0.10096153846153846
0 0.9038461538461539 0.05048076923076923 0.0673076923076923 0.10096153846153846
0 0.8341346153846154 0.05048076923076923 0.0673076923076923 0.0985576923076923
0 0.96875 0.04807692307692308 0.0625 0.09615384615384616
0 0.7692307692307693 0.5733173076923077 0.0673076923076923 0.0985576923076923
0 0.8377403846153846 0.5721153846153846 0.0673076923076923 0.0985576923076923
0 0.9098557692307693 0.5697115384615384 0.0673076923076923 0.0985576923076923
0 0.9723557692307693 0.5673076923076923 0.055288461538461536 0.09615384615384616
0 0.703125 0.5637019230769231 0.06490384615384616 0.10096153846153846
0 0.8064903846153846 0.48677884615384615 0.07211538461538461 0.10096153846153846
0 0.875 0.484375 0.0673076923076923 0.10096153846153846
0 0.7379807692307693 0.484375 0.0673076923076923 0.0985576923076923
0 0.9891826923076923 0.48197115384615385 0.021634615384615384 0.0985576923076923
0 0.9423076923076923 0.48197115384615385 0.0673076923076923 0.0985576923076923
0 0.21033653846153846 0.8822115384615384 0.2956730769230769 0.23557692307692307
0 0.49158653846153844 0.8317307692307693 0.21394230769230768 0.33653846153846156
0 0.6598557692307693 0.9915865384615384 0.036057692307692304 0.016826923076923076
0 0.6201923076923077 0.9855769230769231 0.038461538461538464 0.028846153846153848
0 0.7259615384615384 0.9759615384615384 0.038461538461538464 0.04807692307692308
0 0.6875 0.96875 0.038461538461538464 0.055288461538461536
0 0.6490384615384616 0.9579326923076923 0.038461538461538464 0.057692307692307696
0 0.9495192307692307 0.953125 0.06009615384615385 0.08173076923076923
0 0.8269230769230769 0.9134615384615384 0.16346153846153846 0.17307692307692307
0 0.6141826923076923 0.9435096153846154 0.03125 0.055288461538461536
0 0.9891826923076923 0.9362980769230769 0.021634615384615384 0.07932692307692307
0 0.7139423076923077 0.9254807692307693 0.038461538461538464 0.055288461538461536
0 0.6766826923076923 0.9146634615384616 0.036057692307692304 0.052884615384615384
0 0.6394230769230769 0.8990384615384616 0.038461538461538464 0.055288461538461536
0 0.6081730769230769 0.8858173076923077 0.019230769230769232 0.055288461538461536
0 0.9639423076923077 0.8774038461538461 0.06009615384615385 0.07932692307692307
0 0.7019230769230769 0.8605769230769231 0.038461538461538464 0.052884615384615384
0 0.6646634615384616 0.8569711538461539 0.038461538461538464 0.057692307692307696
0 0.6286057692307693 0.8389423076923077 0.040865384615384616 0.052884615384615384
0 0.6033653846153846 0.8341346153846154 0.009615384615384616 0.052884615384615384
0 0.6935096153846154 0.8040865384615384 0.038461538461538464 0.052884615384615384
0 0.9747596153846154 0.796875 0.05048076923076923 0.07932692307692307
0 0.65625 0.7956730769230769 0.036057692307692304 0.055288461538461536
0 0.7463942307692307 0.7788461538461539 0.052884615384615384 0.07451923076923077
0 0.6189903846153846 0.7692307692307693 0.038461538461538464 0.055288461538461536
0 0.8605769230769231 0.765625 0.055288461538461536 0.08173076923076923
0 0.8040865384615384 0.7608173076923077 0.055288461538461536 0.07932692307692307
0 0.9206730769230769 0.7512019230769231 0.057692307692307696 0.07692307692307693
0 0.9411057692307693 0.7211538461538461 0.052884615384615384 0.06971153846153846
0 0.8798076923076923 0.7211538461538461 0.05048076923076923 0.06490384615384616
0 0.6033653846153846 0.7199519230769231 0.009615384615384616 0.06009615384615385
0 0.7163461538461539 0.71875 0.052884615384615384 0.07211538461538461
0 0.8269230769230769 0.7163461538461539 0.052884615384615384 0.06971153846153846
0 0.6322115384615384 0.7055288461538461 0.04807692307692308 0.0625
0 0.7728365384615384 0.7055288461538461 0.052884615384615384 0.06971153846153846
0 0.609375 0.6610576923076923 0.021634615384615384 0.0625
0 0.9639423076923077 0.6610576923076923 0.052884615384615384 0.0625
0 0.9110576923076923 0.6586538461538461 0.052884615384615384 0.057692307692307696
0 0.7992788461538461 0.6574519230769231 0.055288461538461536 0.055288461538461536
0 0.8545673076923077 0.65625 0.055288461538461536 0.052884615384615384
0 0.7307692307692307 0.6550480769230769 0.052884615384615384 0.05048076923076923
0 0.6430288461538461 0.6514423076923077 0.04567307692307692 0.04326923076923077