0 0.1622596153846154 0.5637019230769231 0.054086538461538464 0.0733173076923077
0 0.014423076923076924 0.5661057692307693 0.028846153846153848 0.0733173076923077
0 0.23677884615384615 0.5060096153846154 0.056490384615384616 0.0733173076923077
0 0.030048076923076924 0.6225961538461539 0.056490384615384616 0.06610576923076923
0 0.054086538461538464 0.44591346153846156 0.051682692307692304 0.07091346153846154
0 0.2956730769230769 0.6286057692307693 0.04447115384615385 0.056490384615384616
0 0.08533653846153846 0.6213942307692307 0.054086538461538464 0.06850961538461539
0 0.18389423076923078 0.5024038461538461 0.054086538461538464 0.0733173076923077
0 0.057692307692307696 0.5649038461538461 0.054086538461538464 0.07091346153846154
0 0.30528846153846156 0.5757211538461539 0.02403846153846154 0.0733173076923077
0 0.26802884615384615 0.5769230769230769 0.054086538461538464 0.07572115384615384
0 0.109375 0.5637019230769231 0.054086538461538464 0.07091346153846154
0 0.24639423076923078 0.6286057692307693 0.054086538461538464 0.056490384615384616
0 0.13341346153846154 0.5036057692307693 0.051682692307692304 0.07091346153846154
0 0.028846153846153848 0.5060096153846154 0.051682692307692304 0.07091346153846154
0 0.19110576923076922 0.6225961538461539 0.056490384615384616 0.06610576923076923
0 0.21514423076923078 0.5673076923076923 0.054086538461538464 0.0733173076923077
0 0.25841346153846156 0.44711538461538464 0.054086538461538464 0.0733173076923077
0 0.08052884615384616 0.5048076923076923 0.054086538461538464 0.07091346153846154
0 0.27884615384615385 0.390625 0.056490384615384616 0.07091346153846154
0 0.20432692307692307 0.44350961538461536 0.054086538461538464 0.07091346153846154
0 0.025240384615384616 0.390625 0.05048076923076923 0.06971153846153846
0 0.10336538461538461 0.44471153846153844 0.054086538461538464 0.07091346153846154
0 0.28846153846153844 0.515625 0.054086538461538464 0.07091346153846154
0 0.15504807692307693 0.44471153846153844 0.051682692307692304 0.07091346153846154
0 0.22716346153846154 0.3870192307692308 0.051682692307692304 0.06850961538461539
0 0.12620192307692307 0.3894230769230769 0.051682692307692304 0.06850961538461539
0 0.013221153846153846 0.44711538461538464 0.026442307692307692 0.07091346153846154
0 0.07572115384615384 0.390625 0.051682692307692304 0.06850961538461539
0 0.3004807692307692 0.453125 0.03365384615384615 0.0733173076923077
0 0.01201923076923077 0.33533653846153844 0.02403846153846154 0.06610576923076923
0 0.2956730769230769 0.3329326923076923 0.04447115384615385 0.07091346153846154
0 0.24879807692307693 0.33052884615384615 0.051682692307692304 0.06850961538461539
0 0.04927884615384615 0.33533653846153844 0.051682692307692304 0.06850961538461539
0 0.17548076923076922 0.38822115384615385 0.051682692307692304 0.06850961538461539
0 0.14903846153846154 0.3329326923076923 0.04927884615384615 0.06850961538461539
0 0.31009615384615385 0.39783653846153844 0.014423076923076924 0.06850961538461539
0 0.010817307692307692 0.22716346153846154 0.021634615384615384 0.06370192307692307
0 0.26802884615384615 0.27524038461538464 0.051682692307692304 0.06610576923076923
0 0.30528846153846156 0.27884615384615385 0.02403846153846154 0.06610576923076923
0 0.21995192307692307 0.2764423076923077 0.051682692307692304 0.06610576923076923
0 0.0985576923076923 0.3329326923076923 0.051682692307692304 0.06850961538461539
0 0.1201923076923077 0.27884615384615385 0.051682692307692304 0.06610576923076923
0 0.02283653846153846 0.2800480769230769 0.04567307692307692 0.06490384615384616
0 0.046875 0.2283653846153846 0.051682692307692304 0.06610576923076923
0 0.17067307692307693 0.2776442307692308 0.051682692307692304 0.06610576923076923
0 0.19110576923076922 0.2247596153846154 0.051682692307692304 0.06610576923076923
0 0.021634615384615384 0.17307692307692307 0.04326923076923077 0.0673076923076923
0 0.1971153846153846 0.3317307692307692 0.051682692307692304 0.06850961538461539
0 0.07211538461538461 0.27884615384615385 0.051682692307692304 0.06610576923076923
0 0.09495192307692307 0.22716346153846154 0.04927884615384615 0.06610576923076923
0 0.14423076923076922 0.22596153846153846 0.04927884615384615 0.06610576923076923
0 0.06850961538461539 0.17427884615384615 0.04927884615384615 0.06370192307692307
0 0.2403846153846154 0.22355769230769232 0.04927884615384615 0.06610576923076923
0 0.16466346153846154 0.171875 0.04927884615384615 0.06370192307692307
0 0.11538461538461539 0.17427884615384615 0.04927884615384615 0.06610576923076923
0 0.21394230769230768 0.17067307692307693 0.04927884615384615 0.06370192307692307
0 0.3004807692307692 0.16947115384615385 0.03365384615384615 0.06129807692307692
0 0.18509615384615385 0.12139423076923077 0.04927884615384615 0.06129807692307692
0 0.28846153846153844 0.22355769230769232 0.04927884615384615 0.06370192307692307
0 0.2608173076923077 0.17067307692307693 0.04927884615384615 0.06370192307692307
0 0.09014423076923077 0.12259615384615384 0.04927884615384615 0.06370192307692307
0 0.2800480769230769 0.1201923076923077 0.04927884615384615 0.06129807692307692
0 0.009615384615384616 0.12139423076923077 0.019230769230769232 0.06370192307692307
0 0.13822115384615385 0.6213942307692307 0.056490384615384616 0.06850961538461539
0 0.3112980769230769 0.12139423076923077 0.01201923076923077 0.05889423076923077
0 0.04326923076923077 0.12259615384615384 0.046875 0.06610576923076923
0 0.13822115384615385 0.12259615384615384 0.04927884615384615 0.06370192307692307
0 0.23317307692307693 0.1201923076923077 0.046875 0.06129807692307692
0 0.7475961538461539 0.21033653846153846 0.3389423076923077 0.36778846153846156
0 0.05889423076923077 0.9495192307692307 0.11658653846153846 0.09975961538461539
0 0.2764423076923077 0.9555288461538461 0.08052884615384616 0.08774038461538461
0 0.203125 0.9411057692307693 0.08052884615384616 0.11658653846153846
0 0.13341346153846154 0.9050480769230769 0.12379807692307693 0.18990384615384615
0 0.2956730769230769 0.8954326923076923 0.04447115384615385 0.0829326923076923
0 0.20072115384615385 0.7139423076923077 0.08052884615384616 0.1141826923076923
0 0.09375 0.7151442307692307 0.14903846153846154 0.11658653846153846
0 0.9038461538461539 0.8125 0.19230769230769232 0.3125
0 0.5348557692307693 0.7524038461538461 0.4362980769230769 0.19230769230769232