0 0.018028846153846152 0.12379807692307693 0.036057692307692304 0.06850961538461539
0 0.06009615384615385 0.125 0.04807692307692308 0.06850961538461539
0 0.109375 0.125 0.04807692307692308 0.07091346153846154
0 0.15865384615384615 0.12379807692307693 0.04807692307692308 0.06850961538461539
0 0.25600961538461536 0.12259615384615384 0.04807692307692308 0.07091346153846154
0 0.4519230769230769 0.12259615384615384 0.04567307692307692 0.06610576923076923
0 0.4987980769230769 0.12259615384615384 0.04807692307692308 0.06850961538461539
0 0.546875 0.12259615384615384 0.04807692307692308 0.06610576923076923
0 0.5817307692307693 0.12139423076923077 0.021634615384615384 0.06850961538461539
0 0.20793269230769232 0.12259615384615384 0.04807692307692308 0.07091346153846154
0 0.4050480769230769 0.12259615384615384 0.04807692307692308 0.07091346153846154
0 0.3545673076923077 0.12139423076923077 0.04807692307692308 0.06850961538461539
0 0.30528846153846156 0.12139423076923077 0.04567307692307692 0.07091346153846154
0 0.004807692307692308 0.06850961538461539 0.009615384615384616 0.06850961538461539
0 0.036057692307692304 0.06850961538461539 0.05048076923076923 0.06850961538461539
0 0.08774038461538461 0.06850961538461539 0.04807692307692308 0.06850961538461539
0 0.13581730769230768 0.06850961538461539 0.04807692307692308 0.06850961538461539
0 0.47115384615384615 0.0673076923076923 0.04807692307692308 0.06610576923076923
0 0.5204326923076923 0.0673076923076923 0.05048076923076923 0.06610576923076923
0 0.5697115384615384 0.06610576923076923 0.04567307692307692 0.06850961538461539
0 0.18389423076923078 0.0673076923076923 0.04807692307692308 0.06850961538461539
0 0.23317307692307693 0.06610576923076923 0.04807692307692308 0.06610576923076923
0 0.28125 0.06610576923076923 0.04567307692307692 0.06850961538461539
0 0.37740384615384615 0.06610576923076923 0.04807692307692308 0.06850961538461539
0 0.42427884615384615 0.06610576923076923 0.04567307692307692 0.06850961538461539
0 0.3293269230769231 0.06490384615384616 0.04807692307692308 0.06850961538461539
0 0.11177884615384616 0.021634615384615384 0.04807692307692308 0.04326923076923077
0 0.06129807692307692 0.021634615384615384 0.05048076923076923 0.04326923076923077
0 0.5805288461538461 0.021634615384615384 0.02403846153846154 0.04326923076923077
0 0.5432692307692307 0.021634615384615384 0.04807692307692308 0.04326923076923077
0 0.018028846153846152 0.021634615384615384 0.036057692307692304 0.04326923076923077
0 0.4951923076923077 0.020432692307692308 0.04807692307692308 0.040865384615384616
0 0.15985576923076922 0.020432692307692308 0.04807692307692308 0.040865384615384616
0 0.20793269230769232 0.020432692307692308 0.04567307692307692 0.040865384615384616
0 0.2548076923076923 0.020432692307692308 0.04807692307692308 0.040865384615384616
0 0.40024038461538464 0.020432692307692308 0.04807692307692308 0.040865384615384616
0 0.4495192307692308 0.020432692307692308 0.04807692307692308 0.040865384615384616
0 0.35096153846153844 0.020432692307692308 0.04567307692307692 0.040865384615384616
0 0.30288461538461536 0.020432692307692308 0.04807692307692308 0.040865384615384616
0 0.016826923076923076 0.2403846153846154 0.03365384615384615 0.06850961538461539
0 0.11057692307692307 0.23918269230769232 0.04807692307692308 0.06850961538461539
0 0.15985576923076922 0.23918269230769232 0.04807692307692308 0.06850961538461539
0 0.06129807692307692 0.23918269230769232 0.05048076923076923 0.06610576923076923
0 0.2091346153846154 0.23798076923076922 0.04807692307692308 0.07091346153846154
0 0.25721153846153844 0.23677884615384615 0.04807692307692308 0.06850961538461539
0 0.30528846153846156 0.23677884615384615 0.04567307692307692 0.06850961538461539
0 0.006009615384615385 0.1814903846153846 0.01201923076923077 0.06850961538461539
0 0.037259615384615384 0.1814903846153846 0.04807692307692308 0.06850961538461539
0 0.08533653846153846 0.1814903846153846 0.04807692307692308 0.06850961538461539
0 0.1346153846153846 0.1814903846153846 0.05048076923076923 0.06850961538461539
0 0.18389423076923078 0.18028846153846154 0.04807692307692308 0.07091346153846154
0 0.3798076923076923 0.17908653846153846 0.04807692307692308 0.07091346153846154
0 0.4266826923076923 0.17908653846153846 0.04567307692307692 0.06850961538461539
0 0.47596153846153844 0.17908653846153846 0.04807692307692308 0.06850961538461539
0 0.5252403846153846 0.17908653846153846 0.04807692307692308 0.06610576923076923
0 0.23317307692307693 0.17908653846153846 0.04807692307692308 0.06850961538461539
0 0.33052884615384615 0.17908653846153846 0.05048076923076923 0.06850961538461539
0 0.28125 0.17908653846153846 0.04807692307692308 0.06850961538461539
0 0.5709134615384616 0.1778846153846154 0.04326923076923077 0.06610576923076923
0 0.9759615384615384 0.3293269230769231 0.04807692307692308 0.2644230769230769
0 0.6430288461538461 0.16466346153846154 0.10336538461538461 0.3293269230769231
0 0.9170673076923077 0.10576923076923077 0.16466346153846154 0.21153846153846154
0 0.06850961538461539 0.5841346153846154 0.13581730769230768 0.24519230769230768
0 0.5372596153846154 0.5793269230769231 0.109375 0.23557692307692307
0 0.3870192307692308 0.5769230769230769 0.1622596153846154 0.23076923076923078
0 0.21754807692307693 0.5769230769230769 0.16706730769230768 0.23076923076923078
0 0.5432692307692307 0.953125 0.09615384615384616 0.09375
0 0.06850961538461539 0.9411057692307693 0.13701923076923078 0.11778846153846154
0 0.22956730769230768 0.9387019230769231 0.1658653846153846 0.12259615384615384
0 0.3918269230769231 0.9387019230769231 0.15865384615384615 0.12259615384615384
0 0.025240384615384616 0.7980769230769231 0.05048076923076923 0.24759615384615385
0 0.140625 0.7956730769230769 0.16706730769230768 0.25
0 0.4879807692307692 0.7932692307692307 0.16466346153846154 0.24759615384615385
0 0.3137019230769231 0.7884615384615384 0.1622596153846154 0.24278846153846154
0 0.9026442307692307 0.7139423076923077 0.19471153846153846 0.5048076923076923