0 0.17427884615384615 0.33653846153846156 0.051682692307692304 0.02403846153846154
0 0.12259615384615384 0.33533653846153844 0.051682692307692304 0.026442307692307692
0 0.10096153846153846 0.3016826923076923 0.051682692307692304 0.06610576923076923
0 0.27283653846153844 0.3389423076923077 0.054086538461538464 0.019230769230769232
0 0.19831730769230768 0.30528846153846156 0.051682692307692304 0.06610576923076923
0 0.025240384615384616 0.33413461538461536 0.05048076923076923 0.028846153846153848
0 0.1502403846153846 0.30408653846153844 0.051682692307692304 0.06610576923076923
0 0.22355769230769232 0.33774038461538464 0.051682692307692304 0.021634615384615384
0 0.3245192307692308 0.3401442307692308 0.054086538461538464 0.016826923076923076
0 0.2247596153846154 0.2512019230769231 0.051682692307692304 0.06610576923076923
0 0.078125 0.24639423076923078 0.04927884615384615 0.06610576923076923
0 0.3737980769230769 0.34134615384615385 0.051682692307692304 0.014423076923076924
0 0.3485576923076923 0.3125 0.051682692307692304 0.06850961538461539
0 0.17548076923076922 0.25 0.051682692307692304 0.06610576923076923
0 0.3233173076923077 0.2548076923076923 0.051682692307692304 0.06850961538461539
0 0.12740384615384615 0.24759615384615385 0.051682692307692304 0.06610576923076923
0 0.003605769230769231 0.24158653846153846 0.007211538461538462 0.06370192307692307
0 0.29927884615384615 0.31009615384615385 0.054086538461538464 0.06850961538461539
0 0.17548076923076922 0.14302884615384615 0.04927884615384615 0.06370192307692307
0 0.19951923076923078 0.1971153846153846 0.051682692307692304 0.06610576923076923
0 0.030048076923076924 0.2439903846153846 0.04927884615384615 0.06610576923076923
0 0.07451923076923077 0.33413461538461536 0.051682692307692304 0.028846153846153848
0 0.10336538461538461 0.1935096153846154 0.04927884615384615 0.06610576923076923
0 0.056490384615384616 0.19110576923076922 0.04927884615384615 0.06610576923076923
0 0.27283653846153844 0.2536057692307692 0.051682692307692304 0.06610576923076923
0 0.47115384615384615 0.25961538461538464 0.051682692307692304 0.06610576923076923
0 0.39903846153846156 0.3137019230769231 0.054086538461538464 0.06850961538461539
0 0.15384615384615385 0.09134615384615384 0.04927884615384615 0.06370192307692307
0 0.015625 0.18870192307692307 0.03125 0.06610576923076923
0 0.2247596153846154 0.14543269230769232 0.051682692307692304 0.06370192307692307
0 0.3713942307692308 0.25721153846153844 0.051682692307692304 0.06850961538461539
0 0.24879807692307693 0.19831730769230768 0.04927884615384615 0.06610576923076923
0 0.36778846153846156 0.1502403846153846 0.051682692307692304 0.06370192307692307
0 0.3954326923076923 0.203125 0.051682692307692304 0.06610576923076923
0 0.016826923076923076 0.08533653846153846 0.03365384615384615 0.06370192307692307
0 0.08173076923076923 0.140625 0.04927884615384615 0.06370192307692307
0 0.014423076923076924 0.2956730769230769 0.028846153846153848 0.06370192307692307
0 0.4170673076923077 0.15144230769230768 0.051682692307692304 0.06370192307692307
0 0.19951923076923078 0.09254807692307693 0.04927884615384615 0.06370192307692307
0 0.27163461538461536 0.1466346153846154 0.051682692307692304 0.06370192307692307
0 0.004807692307692308 0.13581730769230768 0.009615384615384616 0.06129807692307692
0 0.054086538461538464 0.29927884615384615 0.051682692307692304 0.06610576923076923
0 0.41346153846153844 0.04807692307692308 0.051682692307692304 0.06129807692307692
0 0.05889423076923077 0.08774038461538461 0.04927884615384615 0.06370192307692307
0 0.17668269230769232 0.039663461538461536 0.04927884615384615 0.06370192307692307
0 0.4387019230769231 0.09975961538461539 0.04927884615384615 0.06370192307692307
0 0.44711538461538464 0.31490384615384615 0.051682692307692304 0.06850961538461539
0 0.24759615384615385 0.09375 0.04927884615384615 0.06129807692307692
0 0.46634615384615385 0.15264423076923078 0.051682692307692304 0.06370192307692307
0 0.31971153846153844 0.14903846153846154 0.051682692307692304 0.06370192307692307
0 0.2956730769230769 0.09615384615384616 0.04927884615384615 0.06370192307692307
0 0.38822115384615385 0.013221153846153846 0.04927884615384615 0.026442307692307692
0 0.2247596153846154 0.040865384615384616 0.04927884615384615 0.06129807692307692
0 0.08413461538461539 0.037259615384615384 0.04927884615384615 0.06370192307692307
0 0.3425480769230769 0.09615384615384616 0.051682692307692304 0.06370192307692307
0 0.10576923076923077 0.0889423076923077 0.046875 0.06370192307692307
0 0.1310096153846154 0.038461538461538464 0.04927884615384615 0.06370192307692307
0 0.390625 0.0985576923076923 0.051682692307692304 0.06370192307692307
0 0.15384615384615385 0.009615384615384616 0.04927884615384615 0.019230769230769232
0 0.037259615384615384 0.036057692307692304 0.04927884615384615 0.06370192307692307
0 0.007211538461538462 0.03245192307692308 0.014423076923076924 0.06129807692307692
0 0.421875 0.25961538461538464 0.051682692307692304 0.06850961538461539
0 0.10697115384615384 0.008413461538461538 0.04927884615384615 0.016826923076923076
0 0.4362980769230769 0.014423076923076924 0.04927884615384615 0.028846153846153848
0 0.19951923076923078 0.009615384615384616 0.04927884615384615 0.019230769230769232
0 0.3401442307692308 0.01201923076923077 0.046875 0.02403846153846154
0 0.2932692307692308 0.010817307692307692 0.04927884615384615 0.021634615384615384
0 0.06129807692307692 0.008413461538461538 0.04927884615384615 0.016826923076923076
0 0.31850961538461536 0.04567307692307692 0.04927884615384615 0.06370192307692307
0 0.24639423076923078 0.010817307692307692 0.04927884615384615 0.021634615384615384
0 0.44471153846153844 0.20432692307692307 0.051682692307692304 0.06610576923076923
0 0.15144230769230768 0.19471153846153846 0.04927884615384615 0.06610576923076923
0 0.2704326923076923 0.04326923076923077 0.04927884615384615 0.06370192307692307
0 0.24879807692307693 0.3076923076923077 0.051682692307692304 0.06850961538461539
0 0.46274038461538464 0.05048076923076923 0.051682692307692304 0.06370192307692307
0 0.2980769230769231 0.19951923076923078 0.051682692307692304 0.06610576923076923
0 0.12860576923076922 0.14182692307692307 0.04927884615384615 0.06370192307692307
0 0.019230769230769232 0.006009615384615385 0.038461538461538464 0.01201923076923077
0 0.34615384615384615 0.20072115384615385 0.051682692307692304 0.06610576923076923
0 0.36538461538461536 0.046875 0.04927884615384615 0.06370192307692307
0 0.03365384615384615 0.13942307692307693 0.04927884615384615 0.06370192307692307
0 0.7223557692307693 0.3112980769230769 0.0829326923076923 0.07572115384615384
0 0.8088942307692307 0.3112980769230769 0.08052884615384616 0.07572115384615384
0 0.5625 0.3112980769230769 0.08533653846153846 0.07572115384615384
0 0.8918269230769231 0.3112980769230769 0.08052884615384616 0.07572115384615384
0 0.9627403846153846 0.3112980769230769 0.07451923076923077 0.07451923076923077
0 0.6370192307692307 0.3112980769230769 0.078125 0.07572115384615384
0 0.9375 0.22596153846153846 0.08052884615384616 0.13942307692307693
0 0.8545673076923077 0.22596153846153846 0.08052884615384616 0.1346153846153846
0 0.7740384615384616 0.2247596153846154 0.0829326923076923 0.1346153846153846
0 0.6923076923076923 0.22115384615384615 0.0829326923076923 0.13942307692307693
0 0.6057692307692307 0.22115384615384615 0.08533653846153846 0.13942307692307693
0 0.5336538461538461 0.21995192307692307 0.054086538461538464 0.14182692307692307
0 0.9723557692307693 0.1045673076923077 0.055288461538461536 0.14182692307692307
0 0.8930288461538461 0.10336538461538461 0.0829326923076923 0.13701923076923078
0 0.7379807692307693 0.10096153846153846 0.08533653846153846 0.13701923076923078
0 0.8149038461538461 0.10096153846153846 0.078125 0.13942307692307693
0 0.6502403846153846 0.09735576923076923 0.08774038461538461 0.13942307692307693
0 0.5649038461538461 0.09615384615384616 0.0829326923076923 0.14423076923076922
0 0.15865384615384615 0.5216346153846154 0.21995192307692307 0.34615384615384615
0 0.3605769230769231 0.5180288461538461 0.2932692307692308 0.3389423076923077
0 0.47716346153846156 0.7944711538461539 0.06009615384615385 0.4110576923076923
0 0.5997596153846154 0.5492788461538461 0.18509615384615385 0.40024038461538464