0 0.07692307692307693 0.6959134615384616 0.15384615384615385 0.14783653846153846
0 0.2512019230769231 0.6875 0.203125 0.14543269230769232
0 0.4483173076923077 0.6730769230769231 0.19591346153846154 0.14783653846153846
0 0.07692307692307693 0.5492788461538461 0.15384615384615385 0.1502403846153846
0 0.25240384615384615 0.5396634615384616 0.203125 0.1502403846153846
0 0.44591346153846156 0.5264423076923077 0.19591346153846154 0.14783653846153846
0 0.07091346153846154 0.3942307692307692 0.14182692307692307 0.15865384615384615
0 0.24158653846153846 0.39302884615384615 0.20673076923076922 0.15384615384615385
0 0.43990384615384615 0.38341346153846156 0.20072115384615385 0.1502403846153846
0 0.06370192307692307 0.23557692307692307 0.12740384615384615 0.16346153846153846
0 0.23798076923076922 0.22956730769230768 0.21153846153846154 0.16346153846153846
0 0.44591346153846156 0.22115384615384615 0.2091346153846154 0.16105769230769232
0 0.2536057692307692 0.7764423076923077 0.20072115384615385 0.03485576923076923
0 0.45072115384615385 0.7704326923076923 0.19831730769230768 0.04807692307692308
0 0.7680288461538461 0.7331730769230769 0.07692307692307693 0.11658653846153846
0 0.8461538461538461 0.7283653846153846 0.07451923076923077 0.1141826923076923
0 0.5805288461538461 0.640625 0.055288461538461536 0.11658653846153846
0 0.6502403846153846 0.6370192307692307 0.07692307692307693 0.1141826923076923
0 0.7283653846153846 0.6334134615384616 0.07692307692307693 0.1141826923076923
0 0.8052884615384616 0.6322115384615384 0.07692307692307693 0.11658653846153846
0 0.9591346153846154 0.6322115384615384 0.07451923076923077 0.11057692307692307
0 0.8822115384615384 0.6310096153846154 0.07451923076923077 0.11658653846153846
0 0.5612980769230769 0.5432692307692307 0.015625 0.1141826923076923
0 0.6153846153846154 0.5384615384615384 0.07692307692307693 0.1141826923076923
0 0.6923076923076923 0.5336538461538461 0.07451923076923077 0.11057692307692307
0 0.9194711538461539 0.53125 0.07692307692307693 0.1141826923076923
0 0.9783653846153846 0.53125 0.042067307692307696 0.11658653846153846
0 0.7680288461538461 0.53125 0.07451923076923077 0.11057692307692307
0 0.8425480769230769 0.5300480769230769 0.07692307692307693 0.11658653846153846
0 0.5829326923076923 0.4387019230769231 0.06129807692307692 0.11057692307692307
0 0.6526442307692307 0.43509615384615385 0.07451923076923077 0.11057692307692307
0 0.7295673076923077 0.43509615384615385 0.07692307692307693 0.11057692307692307
0 0.9567307692307693 0.4338942307692308 0.07451923076923077 0.11057692307692307
0 0.8064903846153846 0.4326923076923077 0.07451923076923077 0.11057692307692307
0 0.8798076923076923 0.43149038461538464 0.07451923076923077 0.11057692307692307
0 0.5649038461538461 0.34375 0.02403846153846154 0.11057692307692307
0 0.6165865384615384 0.3401442307692308 0.07692307692307693 0.11057692307692307
0 0.6935096153846154 0.33774038461538464 0.07692307692307693 0.11057692307692307
0 0.84375 0.33413461538461536 0.07451923076923077 0.11057692307692307
0 0.7680288461538461 0.33413461538461536 0.07451923076923077 0.11658653846153846
0 0.9783653846153846 0.33413461538461536 0.042067307692307696 0.1141826923076923
0 0.9182692307692307 0.3329326923076923 0.07451923076923077 0.1141826923076923
0 0.5841346153846154 0.23918269230769232 0.06370192307692307 0.1141826923076923
0 0.6538461538461539 0.23918269230769232 0.07451923076923077 0.11057692307692307
0 0.9555288461538461 0.23798076923076922 0.07692307692307693 0.11057692307692307
0 0.8040865384615384 0.23798076923076922 0.07451923076923077 0.11057692307692307
0 0.7295673076923077 0.23677884615384615 0.07091346153846154 0.11057692307692307
0 0.8810096153846154 0.23677884615384615 0.07451923076923077 0.1141826923076923
0 0.9182692307692307 0.14423076923076922 0.07451923076923077 0.11057692307692307
0 0.5637019230769231 0.14423076923076922 0.021634615384615384 0.10817307692307693
0 0.6141826923076923 0.14302884615384615 0.07451923076923077 0.11057692307692307
0 0.6923076923076923 0.14182692307692307 0.07692307692307693 0.11057692307692307
0 0.9771634615384616 0.140625 0.04447115384615385 0.11057692307692307
0 0.8425480769230769 0.140625 0.07692307692307693 0.11057692307692307
0 0.7668269230769231 0.13942307692307693 0.07451923076923077 0.11057692307692307
0 0.6526442307692307 0.05048076923076923 0.07091346153846154 0.10096153846153846
0 0.9555288461538461 0.05048076923076923 0.07451923076923077 0.10096153846153846
0 0.7283653846153846 0.04927884615384615 0.07692307692307693 0.09735576923076923
0 0.8786057692307693 0.04927884615384615 0.07451923076923077 0.09735576923076923
0 0.5817307692307693 0.04927884615384615 0.057692307692307696 0.09735576923076923
0 0.8040865384615384 0.04927884615384615 0.07451923076923077 0.09735576923076923
0 0.6899038461538461 0.002403846153846154 0.07451923076923077 0.004807692307692308
0 0.9194711538461539 0.002403846153846154 0.07692307692307693 0.004807692307692308
0 0.6141826923076923 0.002403846153846154 0.07451923076923077 0.004807692307692308
0 0.8413461538461539 0.002403846153846154 0.07451923076923077 0.004807692307692308
0 0.6586538461538461 0.7800480769230769 0.07451923076923077 0.026442307692307692
0 0.7295673076923077 0.7788461538461539 0.07451923076923077 0.028846153846153848
0 0.609375 0.7379807692307693 0.07692307692307693 0.11057692307692307
0 0.5625 0.7391826923076923 0.018028846153846152 0.10817307692307693
0 0.6887019230769231 0.7367788461538461 0.07692307692307693 0.1141826923076923
0 0.4699519230769231 0.9867788461538461 0.16706730769230768 0.026442307692307692
0 0.1310096153846154 0.9879807692307693 0.16706730769230768 0.02403846153846154
0 0.0625 0.8918269230769231 0.12379807692307693 0.19591346153846154
0 0.21153846153846154 0.8930288461538461 0.16947115384615385 0.19831730769230768
0 0.38341346153846156 0.8930288461538461 0.16947115384615385 0.19831730769230768
0 0.5132211538461539 0.8870192307692307 0.07932692307692307 0.1875
0 0.7259615384615384 0.8629807692307693 0.1346153846153846 0.13701923076923078
0 0.9591346153846154 0.8581730769230769 0.08173076923076923 0.12980769230769232
0 0.6057692307692307 0.8401442307692307 0.10576923076923077 0.09254807692307693
0 0.8305288461538461 0.8401442307692307 0.10576923076923077 0.09254807692307693
0 0.6478365384615384 0.9519230769230769 0.13701923076923078 0.09495192307692307
0 0.9086538461538461 0.9495192307692307 0.1346153846153846 0.10096153846153846
0 0.7740384615384616 0.9387019230769231 0.10817307692307693 0.12139423076923077
0 0.5733173076923077 0.9375 0.039663461538461536 0.12379807692307693
0 0.9795673076923077 0.9399038461538461 0.039663461538461536 0.11899038461538461