0 0.4206730769230769 0.13581730769230768 0.04807692307692308 0.0673076923076923
0 0.4675480769230769 0.13822115384615385 0.04807692307692308 0.0673076923076923
0 0.5132211538461539 0.13942307692307693 0.04807692307692308 0.0673076923076923
0 0.5588942307692307 0.140625 0.04807692307692308 0.0673076923076923
0 0.0673076923076923 0.18389423076923078 0.04807692307692308 0.06370192307692307
0 0.11538461538461539 0.1875 0.04807692307692308 0.0673076923076923
0 0.1622596153846154 0.1875 0.04807692307692308 0.0673076923076923
0 0.2091346153846154 0.19110576923076922 0.04807692307692308 0.06370192307692307
0 0.35216346153846156 0.19110576923076922 0.04807692307692308 0.06370192307692307
0 0.2548076923076923 0.19110576923076922 0.04807692307692308 0.0673076923076923
0 0.39783653846153844 0.19230769230769232 0.04807692307692308 0.0673076923076923
0 0.3016826923076923 0.19230769230769232 0.04807692307692308 0.06370192307692307
0 0.44350961538461536 0.19230769230769232 0.04567307692307692 0.0673076923076923
0 0.4891826923076923 0.19471153846153846 0.04807692307692308 0.0673076923076923
0 0.5348557692307693 0.1971153846153846 0.04807692307692308 0.0673076923076923
0 0.5805288461538461 0.19831730769230768 0.04807692307692308 0.06370192307692307
0 0.6322115384615384 0.20552884615384615 0.04807692307692308 0.06370192307692307
0 0.6790865384615384 0.2091346153846154 0.04567307692307692 0.06370192307692307
0 0.7235576923076923 0.21033653846153846 0.04807692307692308 0.06370192307692307
0 0.8137019230769231 0.21153846153846154 0.04807692307692308 0.06370192307692307
0 0.7692307692307693 0.21153846153846154 0.04807692307692308 0.06370192307692307
0 0.859375 0.21153846153846154 0.04567307692307692 0.06370192307692307
0 0.04567307692307692 0.23918269230769232 0.04807692307692308 0.06370192307692307
0 0.09254807692307693 0.2403846153846154 0.05048076923076923 0.06370192307692307
0 0.140625 0.24158653846153846 0.04807692307692308 0.06370192307692307
0 0.18870192307692307 0.24278846153846154 0.04807692307692308 0.06370192307692307
0 0.33052884615384615 0.24519230769230768 0.04807692307692308 0.06370192307692307
0 0.234375 0.24639423076923078 0.04807692307692308 0.06370192307692307
0 0.28125 0.24639423076923078 0.04807692307692308 0.06370192307692307
0 0.3762019230769231 0.24639423076923078 0.04567307692307692 0.06370192307692307
0 0.4206730769230769 0.24879807692307693 0.04807692307692308 0.06370192307692307
0 0.4651442307692308 0.24879807692307693 0.04567307692307692 0.06370192307692307
0 0.5108173076923077 0.25 0.04567307692307692 0.06370192307692307
0 0.5552884615384616 0.2512019230769231 0.04567307692307692 0.06370192307692307
0 0.5997596153846154 0.25240384615384615 0.04807692307692308 0.06370192307692307
0 0.6514423076923077 0.2608173076923077 0.05048076923076923 0.06129807692307692
0 0.6983173076923077 0.2620192307692308 0.04807692307692308 0.06370192307692307
0 0.7872596153846154 0.26322115384615385 0.04567307692307692 0.06370192307692307
0 0.7427884615384616 0.26322115384615385 0.04567307692307692 0.06370192307692307
0 0.8341346153846154 0.2644230769230769 0.04807692307692308 0.06370192307692307
0 0.8774038461538461 0.265625 0.04567307692307692 0.06129807692307692
0 0.07211538461538461 0.29447115384615385 0.04807692307692308 0.06370192307692307
0 0.11899038461538461 0.2956730769230769 0.04807692307692308 0.06370192307692307
0 0.1658653846153846 0.296875 0.04807692307692308 0.06370192307692307
0 0.3076923076923077 0.2980769230769231 0.04807692307692308 0.06129807692307692
0 0.2127403846153846 0.2980769230769231 0.04807692307692308 0.06370192307692307
0 0.25961538461538464 0.29927884615384615 0.04807692307692308 0.06370192307692307
0 0.35336538461538464 0.29927884615384615 0.04567307692307692 0.06370192307692307
0 0.39783653846153844 0.3004807692307692 0.04567307692307692 0.06370192307692307
0 0.4423076923076923 0.3016826923076923 0.04567307692307692 0.06370192307692307
0 0.4879807692307692 0.3016826923076923 0.04567307692307692 0.06370192307692307
0 0.53125 0.30288461538461536 0.04567307692307692 0.06370192307692307
0 0.5745192307692307 0.30528846153846156 0.04567307692307692 0.06370192307692307
0 0.6201923076923077 0.30649038461538464 0.04807692307692308 0.06370192307692307
0 0.6706730769230769 0.3137019230769231 0.04807692307692308 0.05889423076923077
0 0.7163461538461539 0.3161057692307692 0.04807692307692308 0.06129807692307692
0 0.7620192307692307 0.3173076923076923 0.04567307692307692 0.06370192307692307
0 0.8076923076923077 0.31850961538461536 0.04567307692307692 0.06370192307692307
0 0.8533653846153846 0.31850961538461536 0.04567307692307692 0.06370192307692307
0 0.04927884615384615 0.3473557692307692 0.04807692307692308 0.06129807692307692
0 0.09735576923076923 0.3473557692307692 0.04807692307692308 0.06129807692307692
0 0.14423076923076922 0.3485576923076923 0.04807692307692308 0.06129807692307692
0 0.19110576923076922 0.3485576923076923 0.04807692307692308 0.06370192307692307
0 0.2860576923076923 0.3485576923076923 0.04807692307692308 0.06129807692307692
0 0.3317307692307692 0.3485576923076923 0.04567307692307692 0.06129807692307692
0 0.23798076923076922 0.34975961538461536 0.04807692307692308 0.06129807692307692
0 0.3762019230769231 0.35216346153846156 0.04567307692307692 0.06129807692307692
0 0.41947115384615385 0.35336538461538464 0.04567307692307692 0.06129807692307692
0 0.4639423076923077 0.3545673076923077 0.04567307692307692 0.06129807692307692
0 0.5084134615384616 0.3557692307692308 0.04567307692307692 0.06129807692307692
0 0.5516826923076923 0.3557692307692308 0.04326923076923077 0.06370192307692307
0 0.5949519230769231 0.35697115384615385 0.04567307692307692 0.06129807692307692
0 0.640625 0.3581730769230769 0.04807692307692308 0.06129807692307692
0 0.6911057692307693 0.36658653846153844 0.05048076923076923 0.05889423076923077
0 0.7355769230769231 0.36658653846153844 0.04567307692307692 0.06129807692307692
0 0.78125 0.36778846153846156 0.04567307692307692 0.06129807692307692
0 0.8257211538461539 0.3701923076923077 0.04807692307692308 0.06370192307692307
0 0.8701923076923077 0.3701923076923077 0.04567307692307692 0.06129807692307692
0 0.07572115384615384 0.40024038461538464 0.04807692307692308 0.06129807692307692
0 0.12259615384615384 0.4014423076923077 0.04807692307692308 0.06129807692307692
0 0.2644230769230769 0.4014423076923077 0.04807692307692308 0.06129807692307692
0 0.31009615384615385 0.4014423076923077 0.04567307692307692 0.06129807692307692
0 0.16947115384615385 0.4014423076923077 0.04807692307692308 0.06129807692307692
0 0.21514423076923078 0.4014423076923077 0.04807692307692308 0.06129807692307692
0 0.35336538461538464 0.4014423076923077 0.04567307692307692 0.06129807692307692
0 0.39663461538461536 0.4026442307692308 0.04567307692307692 0.06129807692307692
0 0.4411057692307692 0.40384615384615385 0.04567307692307692 0.06129807692307692
0 0.4855769230769231 0.4050480769230769 0.04326923076923077 0.06129807692307692
0 0.5276442307692307 0.4050480769230769 0.04567307692307692 0.06129807692307692
0 0.5721153846153846 0.4074519230769231 0.04567307692307692 0.06129807692307692
0 0.6153846153846154 0.4074519230769231 0.04567307692307692 0.06129807692307692
0 0.6598557692307693 0.40865384615384615 0.04807692307692308 0.05889423076923077
0 0.7115384615384616 0.4170673076923077 0.04807692307692308 0.05889423076923077
0 0.7548076923076923 0.4182692307692308 0.04567307692307692 0.05889423076923077
0 0.8004807692307693 0.4182692307692308 0.04567307692307692 0.06129807692307692
0 0.84375 0.41947115384615385 0.04567307692307692 0.06129807692307692
0 0.24278846153846154 0.4495192307692308 0.04807692307692308 0.06129807692307692
0 0.055288461538461536 0.45072115384615385 0.04567307692307692 0.06129807692307692
0 0.28846153846153844 0.45072115384615385 0.04567307692307692 0.06129807692307692
0 0.3317307692307692 0.45072115384615385 0.04567307692307692 0.06129807692307692
0 0.10216346153846154 0.4519230769230769 0.04807692307692308 0.06129807692307692
0 0.1935096153846154 0.4519230769230769 0.04807692307692308 0.06129807692307692
0 0.3762019230769231 0.4519230769230769 0.04567307692307692 0.06129807692307692
0 0.14783653846153846 0.4519230769230769 0.04807692307692308 0.06129807692307692
0 0.4182692307692308 0.453125 0.04567307692307692 0.06129807692307692
0 0.46274038461538464 0.4543269230769231 0.04326923076923077 0.06129807692307692
0 0.5048076923076923 0.45552884615384615 0.04567307692307692 0.06129807692307692
0 0.5492788461538461 0.45552884615384615 0.04326923076923077 0.05889423076923077
0 0.5925480769230769 0.4567307692307692 0.04567307692307692 0.05889423076923077
0 0.6346153846153846 0.45913461538461536 0.04326923076923077 0.05889423076923077
0 0.6790865384615384 0.45913461538461536 0.04807692307692308 0.05889423076923077
0 0.7295673076923077 0.46634615384615385 0.04807692307692308 0.05889423076923077
0 0.7752403846153846 0.46875 0.04567307692307692 0.06129807692307692
0 0.8185096153846154 0.47115384615384615 0.04567307692307692 0.06129807692307692
0 0.8641826923076923 0.47115384615384615 0.04326923076923077 0.05889423076923077
0 0.22235576923076922 0.4987980769230769 0.04807692307692308 0.05889423076923077
0 0.265625 0.5 0.04567307692307692 0.06129807692307692
0 0.3112980769230769 0.5 0.04567307692307692 0.05889423076923077
0 0.3545673076923077 0.5 0.04567307692307692 0.056490384615384616
0 0.171875 0.5012019230769231 0.05048076923076923 0.05889423076923077
0 0.08052884615384616 0.5012019230769231 0.04567307692307692 0.06129807692307692
0 0.12620192307692307 0.5012019230769231 0.04807692307692308 0.06129807692307692
0 0.39663461538461536 0.5012019230769231 0.04567307692307692 0.05889423076923077
0 0.43990384615384615 0.5024038461538461 0.04567307692307692 0.05889423076923077
0 0.4831730769230769 0.5036057692307693 0.04326923076923077 0.05889423076923077
0 0.5252403846153846 0.5048076923076923 0.04326923076923077 0.05889423076923077
0 0.5685096153846154 0.5048076923076923 0.04326923076923077 0.05889423076923077
0 0.6105769230769231 0.5048076923076923 0.04326923076923077 0.05889423076923077
0 0.6538461538461539 0.5072115384615384 0.04567307692307692 0.05889423076923077
0 0.6983173076923077 0.5084134615384616 0.04567307692307692 0.05889423076923077
0 0.7487980769230769 0.5168269230769231 0.04807692307692308 0.05889423076923077
0 0.7932692307692307 0.5192307692307693 0.04567307692307692 0.06129807692307692
0 0.8365384615384616 0.5192307692307693 0.04326923076923077 0.06129807692307692
0 0.19951923076923078 0.5480769230769231 0.04807692307692308 0.06129807692307692
0 0.24639423076923078 0.5480769230769231 0.04567307692307692 0.06129807692307692
0 0.28966346153846156 0.5480769230769231 0.04567307692307692 0.05889423076923077
0 0.3317307692307692 0.5480769230769231 0.04567307692307692 0.05889423076923077
0 0.3762019230769231 0.5492788461538461 0.04567307692307692 0.05889423076923077
0 0.4182692307692308 0.5504807692307693 0.04567307692307692 0.05889423076923077
0 0.15264423076923078 0.5504807692307693 0.04807692307692308 0.05889423076923077
0 0.06009615384615385 0.5516826923076923 0.04567307692307692 0.06129807692307692
0 0.10576923076923077 0.5516826923076923 0.04807692307692308 0.06129807692307692
0 0.46033653846153844 0.5516826923076923 0.04567307692307692 0.056490384615384616
0 0.5024038461538461 0.5516826923076923 0.04326923076923077 0.056490384615384616
0 0.5456730769230769 0.5516826923076923 0.04326923076923077 0.056490384615384616
0 0.5877403846153846 0.5528846153846154 0.04326923076923077 0.05889423076923077
0 0.6310096153846154 0.5552884615384616 0.04567307692307692 0.056490384615384616
0 0.6742788461538461 0.5564903846153846 0.04567307692307692 0.05889423076923077
0 0.7163461538461539 0.5576923076923077 0.04567307692307692 0.05889423076923077
0 0.7668269230769231 0.5661057692307693 0.04567307692307692 0.056490384615384616
0 0.8125 0.5673076923076923 0.04567307692307692 0.05889423076923077
0 0.8557692307692307 0.5685096153846154 0.04326923076923077 0.05889423076923077
0 0.1778846153846154 0.5961538461538461 0.04567307692307692 0.05889423076923077
0 0.3112980769230769 0.5961538461538461 0.04567307692307692 0.05889423076923077
0 0.35336538461538464 0.5961538461538461 0.04567307692307692 0.05889423076923077
0 0.22355769230769232 0.5973557692307693 0.04567307692307692 0.05889423076923077
0 0.265625 0.5973557692307693 0.04567307692307692 0.05889423076923077
0 0.3954326923076923 0.5973557692307693 0.04567307692307692 0.05889423076923077
0 0.4387019230769231 0.5973557692307693 0.04326923076923077 0.05889423076923077
0 0.4807692307692308 0.5985576923076923 0.04326923076923077 0.05889423076923077
0 0.1310096153846154 0.5997596153846154 0.04807692307692308 0.05889423076923077
0 0.5228365384615384 0.5997596153846154 0.04326923076923077 0.05889423076923077
0 0.5661057692307693 0.5997596153846154 0.04326923076923077 0.05889423076923077
0 0.08533653846153846 0.6021634615384616 0.04567307692307692 0.06129807692307692
0 0.6081730769230769 0.6021634615384616 0.04326923076923077 0.056490384615384616
0 0.6502403846153846 0.6033653846153846 0.04326923076923077 0.05889423076923077
0 0.6935096153846154 0.6045673076923077 0.04567307692307692 0.056490384615384616
0 0.7367788461538461 0.6045673076923077 0.04567307692307692 0.056490384615384616
0 0.7860576923076923 0.6141826923076923 0.04807692307692308 0.056490384615384616
0 0.8305288461538461 0.6153846153846154 0.04567307692307692 0.056490384615384616
0 0.28966346153846156 0.6430288461538461 0.04326923076923077 0.05889423076923077
0 0.24639423076923078 0.6442307692307693 0.04567307692307692 0.056490384615384616
0 0.203125 0.6442307692307693 0.04567307692307692 0.05889423076923077
0 0.3317307692307692 0.6442307692307693 0.04326923076923077 0.05889423076923077
0 0.3737980769230769 0.6442307692307693 0.04326923076923077 0.05889423076923077
0 0.15745192307692307 0.6442307692307693 0.04807692307692308 0.056490384615384616
0 0.4170673076923077 0.6454326923076923 0.04326923076923077 0.05889423076923077
0 0.45913461538461536 0.6454326923076923 0.04326923076923077 0.05889423076923077
0 0.5012019230769231 0.6466346153846154 0.04326923076923077 0.05889423076923077
0 0.5432692307692307 0.6466346153846154 0.04326923076923077 0.05889423076923077
0 0.11057692307692307 0.6478365384615384 0.04807692307692308 0.05889423076923077
0 0.5853365384615384 0.6478365384615384 0.04326923076923077 0.05889423076923077
0 0.06610576923076923 0.6478365384615384 0.04326923076923077 0.05889423076923077
0 0.6274038461538461 0.6478365384615384 0.04326923076923077 0.05889423076923077
0 0.6682692307692307 0.6502403846153846 0.04567307692307692 0.05889423076923077
0 0.7127403846153846 0.6514423076923077 0.04326923076923077 0.05889423076923077
0 0.7548076923076923 0.6538461538461539 0.04567307692307692 0.056490384615384616
0 0.8052884615384616 0.6598557692307693 0.04567307692307692 0.056490384615384616
0 0.8473557692307693 0.6622596153846154 0.04326923076923077 0.05889423076923077
0 0.3112980769230769 0.6911057692307693 0.04326923076923077 0.05889423076923077
0 0.3545673076923077 0.6911057692307693 0.04326923076923077 0.05889423076923077
0 0.1814903846153846 0.6911057692307693 0.04567307692307692 0.05889423076923077
0 0.22596153846153846 0.6911057692307693 0.04567307692307692 0.05889423076923077
0 0.2692307692307692 0.6911057692307693 0.04567307692307692 0.05889423076923077
0 0.13822115384615385 0.6911057692307693 0.04567307692307692 0.05889423076923077
0 0.3954326923076923 0.6911057692307693 0.04326923076923077 0.05889423076923077
0 0.4375 0.6911057692307693 0.04567307692307692 0.05889423076923077
0 0.4795673076923077 0.6923076923076923 0.04326923076923077 0.05889423076923077
0 0.5216346153846154 0.6935096153846154 0.04326923076923077 0.056490384615384616
0 0.5612980769230769 0.6935096153846154 0.04326923076923077 0.05889423076923077
0 0.6045673076923077 0.6947115384615384 0.04326923076923077 0.056490384615384616
0 0.09014423076923077 0.6947115384615384 0.04567307692307692 0.05889423076923077
0 0.6454326923076923 0.6947115384615384 0.04326923076923077 0.056490384615384616
0 0.6887019230769231 0.6971153846153846 0.04326923076923077 0.056490384615384616
0 0.7307692307692307 0.6983173076923077 0.04326923076923077 0.056490384615384616
0 0.7728365384615384 0.7007211538461539 0.04567307692307692 0.056490384615384616
0 0.8221153846153846 0.7067307692307693 0.04567307692307692 0.056490384615384616
0 0.29086538461538464 0.7367788461538461 0.04326923076923077 0.056490384615384616
0 0.3329326923076923 0.7367788461538461 0.04326923076923077 0.056490384615384616
0 0.3737980769230769 0.7367788461538461 0.04326923076923077 0.056490384615384616
0 0.1622596153846154 0.7379807692307693 0.04326923076923077 0.056490384615384616
0 0.20432692307692307 0.7379807692307693 0.04567307692307692 0.056490384615384616
0 0.24759615384615385 0.7379807692307693 0.04567307692307692 0.056490384615384616
0 0.4170673076923077 0.7391826923076923 0.04326923076923077 0.056490384615384616
0 0.4567307692307692 0.7391826923076923 0.04326923076923077 0.056490384615384616
0 0.11778846153846154 0.7391826923076923 0.04567307692307692 0.056490384615384616
0 0.5 0.7391826923076923 0.04326923076923077 0.056490384615384616
0 0.5396634615384616 0.7391826923076923 0.04326923076923077 0.056490384615384616
0 0.5817307692307693 0.7391826923076923 0.04326923076923077 0.056490384615384616
0 0.6225961538461539 0.7403846153846154 0.04326923076923077 0.056490384615384616
0 0.07091346153846154 0.7415865384615384 0.04567307692307692 0.056490384615384616
0 0.6646634615384616 0.7415865384615384 0.04326923076923077 0.056490384615384616
0 0.7067307692307693 0.7427884615384616 0.04326923076923077 0.056490384615384616
0 0.7487980769230769 0.7427884615384616 0.04326923076923077 0.056490384615384616
0 0.7908653846153846 0.7463942307692307 0.04567307692307692 0.056490384615384616
0 0.8377403846153846 0.7524038461538461 0.04567307692307692 0.052884615384615384
0 0.35336538461538464 0.7836538461538461 0.04326923076923077 0.056490384615384616
0 0.22716346153846154 0.7836538461538461 0.04326923076923077 0.056490384615384616
0 0.2692307692307692 0.7836538461538461 0.04326923076923077 0.056490384615384616
0 0.3112980769230769 0.7836538461538461 0.04326923076923077 0.056490384615384616
0 0.3954326923076923 0.7836538461538461 0.04326923076923077 0.056490384615384616
0 0.09735576923076923 0.7836538461538461 0.04567307692307692 0.056490384615384616
0 0.18389423076923078 0.7836538461538461 0.04567307692307692 0.056490384615384616
0 0.14182692307692307 0.7848557692307693 0.04567307692307692 0.056490384615384616
0 0.4362980769230769 0.7848557692307693 0.04326923076923077 0.056490384615384616
0 0.47716346153846156 0.7848557692307693 0.04326923076923077 0.056490384615384616
0 0.5192307692307693 0.7848557692307693 0.04326923076923077 0.056490384615384616
0 0.5600961538461539 0.7848557692307693 0.04326923076923077 0.056490384615384616
0 0.5997596153846154 0.7860576923076923 0.04326923076923077 0.056490384615384616
0 0.6430288461538461 0.7860576923076923 0.04326923076923077 0.056490384615384616
0 0.6826923076923077 0.7872596153846154 0.04326923076923077 0.056490384615384616
0 0.7259615384615384 0.7884615384615384 0.04326923076923077 0.056490384615384616
0 0.7668269230769231 0.7884615384615384 0.04326923076923077 0.056490384615384616
0 0.8088942307692307 0.7908653846153846 0.04326923076923077 0.052884615384615384
0 0.07572115384615384 0.828125 0.04326923076923077 0.056490384615384616
0 0.37259615384615385 0.8293269230769231 0.04326923076923077 0.056490384615384616
0 0.41466346153846156 0.8293269230769231 0.04326923076923077 0.056490384615384616
0 0.12139423076923077 0.8293269230769231 0.04326923076923077 0.056490384615384616
0 0.20673076923076922 0.8293269230769231 0.04326923076923077 0.056490384615384616
0 0.24759615384615385 0.8293269230769231 0.04326923076923077 0.056490384615384616
0 0.29086538461538464 0.8293269230769231 0.04326923076923077 0.056490384615384616
0 0.16466346153846154 0.8305288461538461 0.04326923076923077 0.056490384615384616
0 0.3317307692307692 0.8305288461538461 0.04326923076923077 0.056490384615384616
0 0.45552884615384615 0.8305288461538461 0.04326923076923077 0.056490384615384616
0 0.49759615384615385 0.8305288461538461 0.04326923076923077 0.056490384615384616
0 0.6201923076923077 0.8305288461538461 0.04326923076923077 0.056490384615384616
0 0.5384615384615384 0.8305288461538461 0.04326923076923077 0.056490384615384616
0 0.5793269230769231 0.8305288461538461 0.04326923076923077 0.056490384615384616
0 0.6622596153846154 0.8317307692307693 0.04326923076923077 0.056490384615384616
0 0.8317307692307693 0.8317307692307693 0.04326923076923077 0.052884615384615384
0 0.7019230769230769 0.8329326923076923 0.04326923076923077 0.056490384615384616
0 0.7451923076923077 0.8341346153846154 0.04326923076923077 0.056490384615384616
0 0.7860576923076923 0.8341346153846154 0.04567307692307692 0.052884615384615384
0 0.09735576923076923 0.8725961538461539 0.04326923076923077 0.056490384615384616
0 0.3942307692307692 0.8737980769230769 0.04326923076923077 0.056490384615384616
0 0.4338942307692308 0.8737980769230769 0.04326923076923077 0.056490384615384616
0 0.5576923076923077 0.8737980769230769 0.04326923076923077 0.056490384615384616
0 0.35336538461538464 0.8737980769230769 0.04326923076923077 0.056490384615384616
0 0.2283653846153846 0.8737980769230769 0.04326923076923077 0.056490384615384616
0 0.3112980769230769 0.8737980769230769 0.04326923076923077 0.056490384615384616
0 0.47596153846153844 0.8737980769230769 0.04326923076923077 0.056490384615384616
0 0.5168269230769231 0.8737980769230769 0.04326923076923077 0.056490384615384616
0 0.5973557692307693 0.8737980769230769 0.04326923076923077 0.056490384615384616
0 0.6394230769230769 0.8737980769230769 0.04326923076923077 0.056490384615384616
0 0.8088942307692307 0.8762019230769231 0.04326923076923077 0.052884615384615384
0 0.14302884615384615 0.8762019230769231 0.04326923076923077 0.056490384615384616
0 0.2704326923076923 0.8762019230769231 0.04326923076923077 0.056490384615384616
0 0.18629807692307693 0.8762019230769231 0.04326923076923077 0.056490384615384616
0 0.6790865384615384 0.8762019230769231 0.04326923076923077 0.056490384615384616
0 0.7211538461538461 0.8774038461538461 0.04326923076923077 0.056490384615384616
0 0.7620192307692307 0.8798076923076923 0.04326923076923077 0.05048076923076923
0 0.08052884615384616 0.9158653846153846 0.039663461538461536 0.052884615384615384
0 0.12139423076923077 0.9158653846153846 0.04326923076923077 0.05048076923076923
0 0.37259615384615385 0.9170673076923077 0.04326923076923077 0.056490384615384616
0 0.5360576923076923 0.9170673076923077 0.04326923076923077 0.056490384615384616
0 0.8245192307692307 0.9170673076923077 0.039663461538461536 0.052884615384615384
0 0.4543269230769231 0.9170673076923077 0.04326923076923077 0.052884615384615384
0 0.4963942307692308 0.9170673076923077 0.04326923076923077 0.052884615384615384
0 0.7848557692307693 0.9182692307692307 0.04326923076923077 0.052884615384615384
0 0.3317307692307692 0.9182692307692307 0.04326923076923077 0.056490384615384616
0 0.41466346153846156 0.9182692307692307 0.04326923076923077 0.056490384615384616
0 0.578125 0.9182692307692307 0.04326923076923077 0.056490384615384616
0 0.6177884615384616 0.9182692307692307 0.04326923076923077 0.056490384615384616
0 0.1658653846153846 0.9182692307692307 0.04326923076923077 0.05048076923076923
0 0.28966346153846156 0.9194711538461539 0.04326923076923077 0.056490384615384616
0 0.6574519230769231 0.9194711538461539 0.039663461538461536 0.056490384615384616
0 0.2091346153846154 0.9194711538461539 0.04326923076923077 0.052884615384615384
0 0.25 0.9194711538461539 0.04326923076923077 0.052884615384615384
0 0.6983173076923077 0.9194711538461539 0.04326923076923077 0.052884615384615384
0 0.7391826923076923 0.9206730769230769 0.04326923076923077 0.052884615384615384