0 0.38221153846153844 0.013221153846153846 0.04326923076923077 0.026442307692307692
0 0.42427884615384615 0.013221153846153846 0.04567307692307692 0.026442307692307692
0 0.4675480769230769 0.013221153846153846 0.040865384615384616 0.026442307692307692
0 0.3389423076923077 0.013221153846153846 0.04326923076923077 0.026442307692307692
0 0.5096153846153846 0.013221153846153846 0.04326923076923077 0.026442307692307692
0 0.5540865384615384 0.013221153846153846 0.04567307692307692 0.026442307692307692
0 0.5913461538461539 0.013221153846153846 0.028846153846153848 0.026442307692307692
0 0.296875 0.013221153846153846 0.04567307692307692 0.026442307692307692
0 0.25240384615384615 0.01201923076923077 0.04326923076923077 0.02403846153846154
0 0.2091346153846154 0.01201923076923077 0.04326923076923077 0.02403846153846154
0 0.1658653846153846 0.01201923076923077 0.04326923076923077 0.02403846153846154
0 0.1201923076923077 0.010817307692307692 0.04326923076923077 0.021634615384615384
0 0.07451923076923077 0.009615384615384616 0.04807692307692308 0.019230769230769232
0 0.028846153846153848 0.008413461538461538 0.046875 0.016826923076923076
0 0.46274038461538464 0.5913461538461539 0.051682692307692304 0.07692307692307693
0 0.41225961538461536 0.5913461538461539 0.051682692307692304 0.07451923076923077
0 0.3605769230769231 0.5877403846153846 0.051682692307692304 0.07211538461538461
0 0.5120192307692307 0.5865384615384616 0.04927884615384615 0.07211538461538461
0 0.43509615384615385 0.5264423076923077 0.04927884615384615 0.07451923076923077
0 0.3858173076923077 0.5264423076923077 0.051682692307692304 0.07211538461538461
0 0.4855769230769231 0.5252403846153846 0.04927884615384615 0.07211538461538461
0 0.33413461538461536 0.5252403846153846 0.051682692307692304 0.06971153846153846
0 0.5336538461538461 0.5240384615384616 0.04927884615384615 0.07211538461538461
0 0.5817307692307693 0.5228365384615384 0.04927884615384615 0.06971153846153846
0 0.03365384615384615 0.5228365384615384 0.051682692307692304 0.07211538461538461
0 0.28365384615384615 0.5228365384615384 0.051682692307692304 0.06971153846153846
0 0.004807692307692308 0.5216346153846154 0.009615384615384616 0.0673076923076923
0 0.13341346153846154 0.5228365384615384 0.04927884615384615 0.07211538461538461
0 0.18269230769230768 0.5228365384615384 0.04927884615384615 0.06971153846153846
0 0.23317307692307693 0.5228365384615384 0.04927884615384615 0.07211538461538461
0 0.08413461538461539 0.5216346153846154 0.051682692307692304 0.06971153846153846
0 0.40865384615384615 0.4651442307692308 0.04927884615384615 0.06971153846153846
0 0.45913461538461536 0.4651442307692308 0.04927884615384615 0.06971153846153846
0 0.5060096153846154 0.4651442307692308 0.04927884615384615 0.06971153846153846
0 0.3605769230769231 0.4651442307692308 0.04927884615384615 0.06971153846153846
0 0.5564903846153846 0.4639423076923077 0.04927884615384615 0.06971153846153846
0 0.3125 0.4639423076923077 0.051682692307692304 0.06971153846153846
0 0.59375 0.46153846153846156 0.027644230769230768 0.0673076923076923
0 0.019230769230769232 0.46274038461538464 0.037259615384615384 0.06971153846153846
0 0.06370192307692307 0.46274038461538464 0.04927884615384615 0.06971153846153846
0 0.11177884615384616 0.46274038461538464 0.04927884615384615 0.06971153846153846
0 0.1622596153846154 0.46274038461538464 0.04927884615384615 0.06971153846153846
0 0.25961538461538464 0.46153846153846156 0.051682692307692304 0.06971153846153846
0 0.21033653846153846 0.46153846153846156 0.04927884615384615 0.06971153846153846
0 0.5769230769230769 0.40625 0.04927884615384615 0.0673076923076923
0 0.4326923076923077 0.4050480769230769 0.04927884615384615 0.06971153846153846
0 0.4807692307692308 0.4050480769230769 0.04927884615384615 0.06971153846153846
0 0.5288461538461539 0.4050480769230769 0.04927884615384615 0.06971153846153846
0 0.3858173076923077 0.4050480769230769 0.04927884615384615 0.06971153846153846
0 0.33653846153846156 0.4050480769230769 0.04927884615384615 0.06971153846153846
0 0.28846153846153844 0.4050480769230769 0.04927884615384615 0.0673076923076923
0 0.04326923076923077 0.40384615384615385 0.04927884615384615 0.0673076923076923
0 0.09254807692307693 0.40384615384615385 0.04927884615384615 0.06971153846153846
0 0.140625 0.40384615384615385 0.04927884615384615 0.0673076923076923
0 0.008413461538461538 0.4026442307692308 0.016826923076923076 0.06971153846153846
0 0.23798076923076922 0.40384615384615385 0.04927884615384615 0.0673076923076923
0 0.18870192307692307 0.4026442307692308 0.04927884615384615 0.06971153846153846
0 0.5901442307692307 0.3485576923076923 0.03485576923076923 0.06490384615384616
0 0.5024038461538461 0.34975961538461536 0.046875 0.06490384615384616
0 0.5492788461538461 0.34975961538461536 0.04927884615384615 0.06490384615384616
0 0.40865384615384615 0.34975961538461536 0.04927884615384615 0.06490384615384616
0 0.4567307692307692 0.34975961538461536 0.04927884615384615 0.06490384615384616
0 0.31490384615384615 0.34975961538461536 0.04927884615384615 0.06490384615384616
0 0.265625 0.3485576923076923 0.04927884615384615 0.0673076923076923
0 0.3605769230769231 0.3485576923076923 0.04927884615384615 0.0673076923076923
0 0.02403846153846154 0.3473557692307692 0.046875 0.0673076923076923
0 0.07211538461538461 0.3485576923076923 0.04927884615384615 0.0673076923076923
0 0.11899038461538461 0.3473557692307692 0.04927884615384615 0.0673076923076923
0 0.16826923076923078 0.3473557692307692 0.04927884615384615 0.06490384615384616
0 0.21754807692307693 0.3473557692307692 0.04927884615384615 0.06490384615384616
0 0.5997596153846154 0.29447115384615385 0.014423076923076924 0.0625
0 0.47716346153846156 0.29447115384615385 0.046875 0.06490384615384616
0 0.5709134615384616 0.29447115384615385 0.04927884615384615 0.06490384615384616
0 0.43149038461538464 0.29447115384615385 0.046875 0.0625
0 0.5240384615384616 0.29447115384615385 0.046875 0.0625
0 0.3858173076923077 0.29447115384615385 0.046875 0.06490384615384616
0 0.24519230769230768 0.29447115384615385 0.04927884615384615 0.0625
0 0.2920673076923077 0.29447115384615385 0.046875 0.06490384615384616
0 0.33774038461538464 0.29447115384615385 0.046875 0.06490384615384616
0 0.013221153846153846 0.29086538461538464 0.026442307692307692 0.0625
0 0.05048076923076923 0.2920673076923077 0.046875 0.06490384615384616
0 0.09975961538461539 0.2920673076923077 0.04927884615384615 0.06490384615384616
0 0.19471153846153846 0.2920673076923077 0.04927884615384615 0.0625
0 0.1466346153846154 0.2920673076923077 0.04927884615384615 0.06490384615384616
0 0.4987980769230769 0.24278846153846154 0.04447115384615385 0.0625
0 0.453125 0.24278846153846154 0.046875 0.0625
0 0.5444711538461539 0.24278846153846154 0.046875 0.0625
0 0.5865384615384616 0.24278846153846154 0.039663461538461536 0.0625
0 0.22355769230769232 0.24278846153846154 0.04927884615384615 0.0625
0 0.27163461538461536 0.24278846153846154 0.046875 0.0625
0 0.4074519230769231 0.24278846153846154 0.046875 0.0625
0 0.3161057692307692 0.24278846153846154 0.046875 0.0625
0 0.36177884615384615 0.24158653846153846 0.046875 0.06009615384615385
0 0.17548076923076922 0.2403846153846154 0.04927884615384615 0.0625
0 0.03245192307692308 0.23918269230769232 0.04927884615384615 0.0625
0 0.07932692307692307 0.23918269230769232 0.04927884615384615 0.0625
0 0.12740384615384615 0.23918269230769232 0.04927884615384615 0.0625
0 0.38461538461538464 0.19110576923076922 0.046875 0.0625
0 0.5649038461538461 0.19110576923076922 0.04447115384615385 0.0625
0 0.5973557692307693 0.18990384615384615 0.020432692307692308 0.0625
0 0.24879807692307693 0.19110576923076922 0.046875 0.0625
0 0.43028846153846156 0.18990384615384615 0.046875 0.0625
0 0.47475961538461536 0.18990384615384615 0.046875 0.0625
0 0.5204326923076923 0.18990384615384615 0.04447115384615385 0.0625
0 0.20432692307692307 0.18990384615384615 0.046875 0.0625
0 0.3401442307692308 0.18990384615384615 0.046875 0.0625
0 0.29447115384615385 0.18990384615384615 0.046875 0.0625
0 0.15384615384615385 0.18870192307692307 0.04927884615384615 0.0625
0 0.10697115384615384 0.1875 0.04927884615384615 0.0625
0 0.06009615384615385 0.18629807692307693 0.04927884615384615 0.0625
0 0.016826923076923076 0.18629807692307693 0.03365384615384615 0.06490384615384616
0 0.4951923076923077 0.14182692307692307 0.04447115384615385 0.06009615384615385
0 0.5396634615384616 0.14182692307692307 0.04447115384615385 0.06009615384615385
0 0.5829326923076923 0.140625 0.046875 0.0625
0 0.40625 0.14182692307692307 0.046875 0.06009615384615385
0 0.27403846153846156 0.14182692307692307 0.046875 0.06009615384615385
0 0.31850961538461536 0.14182692307692307 0.04447115384615385 0.06009615384615385
0 0.2283653846153846 0.140625 0.046875 0.06009615384615385
0 0.36177884615384615 0.140625 0.046875 0.06009615384615385
0 0.18269230769230768 0.140625 0.04927884615384615 0.0625
0 0.4519230769230769 0.13942307692307693 0.046875 0.06009615384615385
0 0.1346153846153846 0.13822115384615385 0.046875 0.06009615384615385
0 0.08653846153846154 0.13701923076923078 0.046875 0.06009615384615385
0 0.008413461538461538 0.13581730769230768 0.016826923076923076 0.0625
0 0.040865384615384616 0.13581730769230768 0.046875 0.0625
0 0.515625 0.09375 0.04447115384615385 0.057692307692307696
0 0.5600961538461539 0.09375 0.04447115384615385 0.057692307692307696
0 0.42788461538461536 0.09375 0.04447115384615385 0.057692307692307696
0 0.47115384615384615 0.09375 0.04447115384615385 0.057692307692307696
0 0.38461538461538464 0.09375 0.04447115384615385 0.057692307692307696
0 0.59375 0.09254807692307693 0.027644230769230768 0.06009615384615385
0 0.34134615384615385 0.09375 0.04447115384615385 0.057692307692307696
0 0.25240384615384615 0.09254807692307693 0.04447115384615385 0.06009615384615385
0 0.2956730769230769 0.09254807692307693 0.04447115384615385 0.06009615384615385
0 0.20793269230769232 0.09254807692307693 0.046875 0.06009615384615385
0 0.1622596153846154 0.09134615384615384 0.046875 0.06009615384615385
0 0.1141826923076923 0.08774038461538461 0.04927884615384615 0.057692307692307696
0 0.02283653846153846 0.08653846153846154 0.04447115384615385 0.06009615384615385
0 0.06850961538461539 0.08653846153846154 0.046875 0.06009615384615385
0 0.4495192307692308 0.04567307692307692 0.04447115384615385 0.06009615384615385
0 0.5793269230769231 0.04567307692307692 0.04447115384615385 0.06009615384615385
0 0.4050480769230769 0.04447115384615385 0.04447115384615385 0.06009615384615385
0 0.49278846153846156 0.04447115384615385 0.04447115384615385 0.06009615384615385
0 0.31971153846153844 0.04447115384615385 0.04447115384615385 0.06009615384615385
0 0.5360576923076923 0.04447115384615385 0.04447115384615385 0.06009615384615385
0 0.2764423076923077 0.04447115384615385 0.04447115384615385 0.06009615384615385
0 0.36177884615384615 0.04447115384615385 0.04447115384615385 0.057692307692307696
0 0.23076923076923078 0.04447115384615385 0.04447115384615385 0.06009615384615385
0 0.1875 0.04447115384615385 0.046875 0.06009615384615385
0 0.14302884615384615 0.04326923076923077 0.046875 0.06009615384615385
0 0.09495192307692307 0.040865384615384616 0.046875 0.06009615384615385
0 0.04807692307692308 0.038461538461538464 0.046875 0.057692307692307696
0 0.013221153846153846 0.037259615384615384 0.026442307692307692 0.06009615384615385
0 0.8028846153846154 0.22115384615384615 0.39302884615384615 0.4423076923076923
0 0.02283653846153846 0.9543269230769231 0.04447115384615385 0.08653846153846154
0 0.20793269230769232 0.9495192307692307 0.06490384615384616 0.08653846153846154
0 0.13942307692307693 0.9447115384615384 0.0673076923076923 0.09254807692307693
0 0.5973557692307693 0.9278846153846154 0.020432692307692308 0.09495192307692307
0 0.3401442307692308 0.9290865384615384 0.06971153846153846 0.09735576923076923
0 0.41466346153846156 0.9230769230769231 0.0673076923076923 0.09975961538461539
0 0.5576923076923077 0.921875 0.0673076923076923 0.09975961538461539
0 0.046875 0.8822115384615384 0.06009615384615385 0.09014423076923077
0 0.006009615384615385 0.8774038461538461 0.01201923076923077 0.08653846153846154
0 0.10576923076923077 0.8689903846153846 0.06490384615384616 0.09254807692307693
0 0.23918269230769232 0.8677884615384616 0.0625 0.08413461538461539
0 0.17307692307692307 0.8677884615384616 0.0625 0.09014423076923077
0 0.44471153846153844 0.8653846153846154 0.06490384615384616 0.057692307692307696
0 0.30649038461538464 0.8617788461538461 0.0673076923076923 0.06490384615384616
0 0.37740384615384615 0.859375 0.0673076923076923 0.057692307692307696
0 0.5805288461538461 0.8629807692307693 0.051682692307692304 0.04447115384615385
0 0.5132211538461539 0.8617788461538461 0.07692307692307693 0.042067307692307696
0 0.6322115384615384 0.9350961538461539 0.04927884615384615 0.12980769230769232
0 0.7512019230769231 0.9158653846153846 0.18509615384615385 0.16826923076923078
0 0.6814903846153846 0.7908653846153846 0.14903846153846154 0.16466346153846154
0 0.9783653846153846 0.7896634615384616 0.042067307692307696 0.1622596153846154
0 0.8990384615384616 0.953125 0.1346153846153846 0.09375