0 0.5108173076923077 0.3269230769230769 0.036057692307692304 0.051682692307692304
0 0.47475961538461536 0.3245192307692308 0.036057692307692304 0.051682692307692304
0 0.43990384615384615 0.3233173076923077 0.036057692307692304 0.051682692307692304
0 0.40384615384615385 0.32211538461538464 0.036057692307692304 0.051682692307692304
0 0.36899038461538464 0.31850961538461536 0.036057692307692304 0.051682692307692304
0 0.3329326923076923 0.3173076923076923 0.036057692307692304 0.051682692307692304
0 0.2980769230769231 0.3161057692307692 0.036057692307692304 0.051682692307692304
0 0.26322115384615385 0.3137019230769231 0.036057692307692304 0.051682692307692304
0 0.22596153846153846 0.3125 0.036057692307692304 0.051682692307692304
0 0.19110576923076922 0.3112980769230769 0.036057692307692304 0.051682692307692304
0 0.15625 0.31009615384615385 0.036057692307692304 0.055288461538461536
0 0.1201923076923077 0.3088942307692308 0.038461538461538464 0.051682692307692304
0 0.08413461538461539 0.3076923076923077 0.036057692307692304 0.051682692307692304
0 0.04807692307692308 0.30649038461538464 0.036057692307692304 0.051682692307692304
0 0.015625 0.30408653846153844 0.03125 0.051682692307692304
0 0.5276442307692307 0.2848557692307692 0.036057692307692304 0.04927884615384615
0 0.49278846153846156 0.28365384615384615 0.036057692307692304 0.051682692307692304
0 0.4567307692307692 0.2824519230769231 0.038461538461538464 0.051682692307692304
0 0.421875 0.2800480769230769 0.036057692307692304 0.051682692307692304
0 0.3858173076923077 0.27884615384615385 0.038461538461538464 0.051682692307692304
0 0.34975961538461536 0.2764423076923077 0.036057692307692304 0.04927884615384615
0 0.31490384615384615 0.27524038461538464 0.036057692307692304 0.051682692307692304
0 0.2800480769230769 0.27283653846153844 0.036057692307692304 0.051682692307692304
0 0.24519230769230768 0.27163461538461536 0.036057692307692304 0.051682692307692304
0 0.2091346153846154 0.2704326923076923 0.036057692307692304 0.04927884615384615
0 0.17427884615384615 0.2692307692307692 0.036057692307692304 0.04927884615384615
0 0.13942307692307693 0.2668269230769231 0.036057692307692304 0.051682692307692304
0 0.1045673076923077 0.265625 0.036057692307692304 0.051682692307692304
0 0.06850961538461539 0.2644230769230769 0.036057692307692304 0.051682692307692304
0 0.03245192307692308 0.26322115384615385 0.036057692307692304 0.051682692307692304
0 0.007211538461538462 0.25841346153846156 0.014423076923076924 0.05048076923076923
0 0.5432692307692307 0.24639423076923078 0.036057692307692304 0.051682692307692304
0 0.5072115384615384 0.2439903846153846 0.036057692307692304 0.051682692307692304
0 0.4723557692307692 0.24278846153846154 0.036057692307692304 0.051682692307692304
0 0.4375 0.2403846153846154 0.036057692307692304 0.04927884615384615
0 0.4026442307692308 0.23798076923076922 0.038461538461538464 0.04927884615384615
0 0.36778846153846156 0.23677884615384615 0.036057692307692304 0.04927884615384615
0 0.3317307692307692 0.23557692307692307 0.036057692307692304 0.04927884615384615
0 0.296875 0.234375 0.036057692307692304 0.04927884615384615
0 0.26322115384615385 0.23197115384615385 0.036057692307692304 0.04927884615384615
0 0.2283653846153846 0.23076923076923078 0.036057692307692304 0.04927884615384615
0 0.19230769230769232 0.22956730769230768 0.036057692307692304 0.04927884615384615
0 0.15745192307692307 0.22596153846153846 0.036057692307692304 0.051682692307692304
0 0.12379807692307693 0.2247596153846154 0.036057692307692304 0.051682692307692304
0 0.0889423076923077 0.22355769230769232 0.036057692307692304 0.051682692307692304
0 0.051682692307692304 0.22235576923076922 0.038461538461538464 0.051682692307692304
0 0.018028846153846152 0.21995192307692307 0.036057692307692304 0.04927884615384615
0 0.5564903846153846 0.20432692307692307 0.03365384615384615 0.04927884615384615
0 0.5228365384615384 0.20432692307692307 0.036057692307692304 0.04927884615384615
0 0.4879807692307692 0.203125 0.036057692307692304 0.04927884615384615
0 0.453125 0.20072115384615385 0.036057692307692304 0.051682692307692304
0 0.41947115384615385 0.19951923076923078 0.036057692307692304 0.051682692307692304
0 0.38461538461538464 0.19831730769230768 0.036057692307692304 0.04927884615384615
0 0.3485576923076923 0.19471153846153846 0.03365384615384615 0.04927884615384615
0 0.31490384615384615 0.1935096153846154 0.036057692307692304 0.051682692307692304
0 0.2800480769230769 0.19230769230769232 0.036057692307692304 0.051682692307692304
0 0.24519230769230768 0.19110576923076922 0.036057692307692304 0.04927884615384615
0 0.21153846153846154 0.18870192307692307 0.036057692307692304 0.04927884615384615
0 0.17548076923076922 0.1875 0.036057692307692304 0.051682692307692304
0 0.14182692307692307 0.18629807692307693 0.036057692307692304 0.04927884615384615
0 0.10697115384615384 0.18509615384615385 0.036057692307692304 0.04927884615384615
0 0.07211538461538461 0.18269230769230768 0.036057692307692304 0.04927884615384615
0 0.036057692307692304 0.1814903846153846 0.038461538461538464 0.04927884615384615
0 0.009615384615384616 0.1778846153846154 0.018028846153846152 0.04927884615384615
0 0.5384615384615384 0.1658653846153846 0.036057692307692304 0.046875
0 0.5036057692307693 0.16346153846153846 0.036057692307692304 0.04927884615384615
0 0.4699519230769231 0.1622596153846154 0.036057692307692304 0.04927884615384615
0 0.43509615384615385 0.15985576923076922 0.038461538461538464 0.046875
0 0.4014423076923077 0.15865384615384615 0.036057692307692304 0.04927884615384615
0 0.36538461538461536 0.15745192307692307 0.036057692307692304 0.04927884615384615
0 0.3317307692307692 0.15504807692307693 0.036057692307692304 0.046875
0 0.296875 0.15384615384615385 0.036057692307692304 0.04927884615384615
0 0.26322115384615385 0.15264423076923078 0.036057692307692304 0.04927884615384615
0 0.22956730769230768 0.15144230769230768 0.036057692307692304 0.04927884615384615
0 0.1935096153846154 0.1502403846153846 0.036057692307692304 0.04927884615384615
0 0.15985576923076922 0.1466346153846154 0.036057692307692304 0.04927884615384615
0 0.12620192307692307 0.14543269230769232 0.036057692307692304 0.04927884615384615
0 0.09134615384615384 0.14423076923076922 0.036057692307692304 0.04927884615384615
0 0.056490384615384616 0.14182692307692307 0.036057692307692304 0.04927884615384615
0 0.020432692307692308 0.140625 0.038461538461538464 0.04927884615384615
0 0.001201923076923077 0.13701923076923078 0.002403846153846154 0.04927884615384615
0 0.5528846153846154 0.12620192307692307 0.03365384615384615 0.046875
0 0.5192307692307693 0.12620192307692307 0.036057692307692304 0.04927884615384615
0 0.4855769230769231 0.12379807692307693 0.036057692307692304 0.04927884615384615
0 0.4519230769230769 0.12259615384615384 0.036057692307692304 0.04927884615384615
0 0.4170673076923077 0.12139423076923077 0.036057692307692304 0.04927884615384615
0 0.38221153846153844 0.11899038461538461 0.036057692307692304 0.04927884615384615
0 0.3485576923076923 0.11899038461538461 0.03365384615384615 0.04927884615384615
0 0.3137019230769231 0.11538461538461539 0.036057692307692304 0.046875
0 0.28125 0.1141826923076923 0.036057692307692304 0.04927884615384615
0 0.24639423076923078 0.11298076923076923 0.036057692307692304 0.046875
0 0.2127403846153846 0.11057692307692307 0.036057692307692304 0.04927884615384615
0 0.1778846153846154 0.109375 0.036057692307692304 0.04927884615384615
0 0.14423076923076922 0.10697115384615384 0.036057692307692304 0.04927884615384615
0 0.109375 0.10576923076923077 0.036057692307692304 0.04927884615384615
0 0.07572115384615384 0.10336538461538461 0.036057692307692304 0.04927884615384615
0 0.040865384615384616 0.10096153846153846 0.036057692307692304 0.04927884615384615
0 0.01201923076923077 0.09975961538461539 0.02403846153846154 0.04927884615384615
0 0.5348557692307693 0.0889423076923077 0.036057692307692304 0.046875
0 0.5012019230769231 0.08653846153846154 0.036057692307692304 0.046875
0 0.46634615384615385 0.08413461538461539 0.036057692307692304 0.046875
0 0.4326923076923077 0.0829326923076923 0.036057692307692304 0.046875
0 0.39903846153846156 0.08173076923076923 0.03365384615384615 0.046875
0 0.3641826923076923 0.08052884615384616 0.03365384615384615 0.046875
0 0.3293269230769231 0.07692307692307693 0.036057692307692304 0.046875
0 0.296875 0.07692307692307693 0.03365384615384615 0.04927884615384615
0 0.2644230769230769 0.07451923076923077 0.036057692307692304 0.04927884615384615
0 0.22956730769230768 0.0733173076923077 0.036057692307692304 0.046875
0 0.19471153846153846 0.07211538461538461 0.036057692307692304 0.046875
0 0.16105769230769232 0.06850961538461539 0.036057692307692304 0.04927884615384615
0 0.12740384615384615 0.0673076923076923 0.03365384615384615 0.04927884615384615
0 0.09375 0.06610576923076923 0.036057692307692304 0.04927884615384615
0 0.05889423076923077 0.0625 0.036057692307692304 0.046875
0 0.025240384615384616 0.0625 0.036057692307692304 0.04927884615384615
0 0.003605769230769231 0.05889423076923077 0.007211538461538462 0.04927884615384615
0 0.5492788461538461 0.05048076923076923 0.03125 0.04927884615384615
0 0.515625 0.04807692307692308 0.03365384615384615 0.046875
0 0.4831730769230769 0.04807692307692308 0.036057692307692304 0.046875
0 0.4495192307692308 0.04567307692307692 0.036057692307692304 0.046875
0 0.41586538461538464 0.04326923076923077 0.03365384615384615 0.04447115384615385
0 0.3798076923076923 0.04326923076923077 0.036057692307692304 0.046875
0 0.3473557692307692 0.042067307692307696 0.036057692307692304 0.046875
0 0.3137019230769231 0.040865384615384616 0.036057692307692304 0.046875
0 0.28125 0.037259615384615384 0.036057692307692304 0.04447115384615385
0 0.24639423076923078 0.03485576923076923 0.036057692307692304 0.046875
0 0.21394230769230768 0.03485576923076923 0.03365384615384615 0.046875
0 0.18028846153846154 0.03245192307692308 0.036057692307692304 0.046875
0 0.14543269230769232 0.03125 0.036057692307692304 0.046875
0 0.11177884615384616 0.027644230769230768 0.036057692307692304 0.046875
0 0.07692307692307693 0.026442307692307692 0.03365384615384615 0.046875
0 0.04447115384615385 0.025240384615384616 0.03365384615384615 0.04927884615384615
0 0.013221153846153846 0.02403846153846154 0.026442307692307692 0.046875
0 0.5324519230769231 0.018028846153846152 0.03365384615384615 0.036057692307692304
0 0.5 0.016826923076923076 0.036057692307692304 0.03365384615384615
0 0.46634615384615385 0.015625 0.036057692307692304 0.03125
0 0.39663461538461536 0.014423076923076924 0.03365384615384615 0.028846153846153848
0 0.43149038461538464 0.014423076923076924 0.03365384615384615 0.028846153846153848
0 0.3629807692307692 0.014423076923076924 0.03365384615384615 0.028846153846153848
0 0.3293269230769231 0.013221153846153846 0.03365384615384615 0.026442307692307692
0 0.2956730769230769 0.01201923076923077 0.03365384615384615 0.02403846153846154
0 0.26322115384615385 0.01201923076923077 0.036057692307692304 0.02403846153846154
0 0.22956730769230768 0.010817307692307692 0.036057692307692304 0.020432692307692308
0 0.1971153846153846 0.009615384615384616 0.03365384615384615 0.018028846153846152
0 0.16105769230769232 0.007211538461538462 0.03365384615384615 0.014423076923076924
0 0.09495192307692307 0.006009615384615385 0.036057692307692304 0.01201923076923077
0 0.12740384615384615 0.006009615384615385 0.03365384615384615 0.01201923076923077
0 0.06129807692307692 0.004807692307692308 0.036057692307692304 0.009615384615384616
0 0.5480769230769231 0.41225961538461536 0.038461538461538464 0.051682692307692304
0 0.5132211538461539 0.4110576923076923 0.036057692307692304 0.051682692307692304
0 0.47836538461538464 0.4098557692307692 0.038461538461538464 0.051682692307692304
0 0.4411057692307692 0.40865384615384615 0.036057692307692304 0.055288461538461536
0 0.4050480769230769 0.40625 0.038461538461538464 0.055288461538461536
0 0.3701923076923077 0.4050480769230769 0.036057692307692304 0.055288461538461536
0 0.3329326923076923 0.40384615384615385 0.036057692307692304 0.051682692307692304
0 0.296875 0.4014423076923077 0.036057692307692304 0.051682692307692304
0 0.2620192307692308 0.40024038461538464 0.036057692307692304 0.051682692307692304
0 0.2247596153846154 0.39903846153846156 0.038461538461538464 0.051682692307692304
0 0.18990384615384615 0.39663461538461536 0.036057692307692304 0.051682692307692304
0 0.15384615384615385 0.3954326923076923 0.036057692307692304 0.051682692307692304
0 0.11778846153846154 0.3942307692307692 0.038461538461538464 0.055288461538461536
0 0.08052884615384616 0.3918269230769231 0.036057692307692304 0.051682692307692304
0 0.04447115384615385 0.3918269230769231 0.038461538461538464 0.051682692307692304
0 0.013221153846153846 0.390625 0.026442307692307692 0.051682692307692304
0 0.5588942307692307 0.3701923076923077 0.028846153846153848 0.051682692307692304
0 0.5300480769230769 0.3701923076923077 0.036057692307692304 0.051682692307692304
0 0.4951923076923077 0.36899038461538464 0.036057692307692304 0.055288461538461536
0 0.4579326923076923 0.36538461538461536 0.036057692307692304 0.055288461538461536
0 0.4230769230769231 0.3641826923076923 0.036057692307692304 0.055288461538461536
0 0.3870192307692308 0.3629807692307692 0.038461538461538464 0.055288461538461536
0 0.35096153846153844 0.3605769230769231 0.038461538461538464 0.051682692307692304
0 0.31490384615384615 0.359375 0.036057692307692304 0.051682692307692304
0 0.2800480769230769 0.3581730769230769 0.036057692307692304 0.051682692307692304
0 0.24519230769230768 0.3557692307692308 0.036057692307692304 0.051682692307692304
0 0.20793269230769232 0.3545673076923077 0.038461538461538464 0.051682692307692304
0 0.171875 0.35336538461538464 0.036057692307692304 0.055288461538461536
0 0.13701923076923078 0.35096153846153844 0.036057692307692304 0.055288461538461536
0 0.09975961538461539 0.34975961538461536 0.038461538461538464 0.055288461538461536
0 0.06490384615384616 0.3485576923076923 0.036057692307692304 0.055288461538461536
0 0.027644230769230768 0.3473557692307692 0.036057692307692304 0.055288461538461536
0 0.003605769230769231 0.34615384615384615 0.007211538461538462 0.051682692307692304
0 0.546875 0.328125 0.036057692307692304 0.051682692307692304
0 0.8161057692307693 0.35336538461538464 0.08052884615384616 0.14302884615384615
0 0.734375 0.3485576923076923 0.10697115384615384 0.16706730769230768
0 0.6862980769230769 0.19471153846153846 0.09134615384615384 0.140625
0 0.5961538461538461 0.18870192307692307 0.046875 0.13822115384615385
0 0.8016826923076923 0.18629807692307693 0.109375 0.16105769230769232
0 0.7932692307692307 0.057692307692307696 0.08653846153846154 0.1141826923076923
0 0.7151442307692307 0.04807692307692308 0.10697115384615384 0.09615384615384616
0 0.6069711538461539 0.046875 0.0673076923076923 0.09375
0 0.48197115384615385 0.7992788461538461 0.18028846153846154 0.3125
0 0.3076923076923077 0.7836538461538461 0.16947115384615385 0.3016826923076923
0 0.13581730769230768 0.765625 0.171875 0.3076923076923077
0 0.025240384615384616 0.7451923076923077 0.04927884615384615 0.3076923076923077
0 0.4074519230769231 0.6177884615384616 0.16947115384615385 0.1141826923076923
0 0.23197115384615385 0.6105769230769231 0.16706730769230768 0.10096153846153846
0 0.07451923076923077 0.6009615384615384 0.14783653846153846 0.0829326923076923