0 0.4326923076923077 0.41225961538461536 0.057692307692307696 0.07692307692307693
0 0.09615384615384616 0.515625 0.057692307692307696 0.027644230769230768
0 0.4050480769230769 0.34615384615384615 0.057692307692307696 0.07692307692307693
0 0.13581730769230768 0.3329326923076923 0.055288461538461536 0.07451923076923077
0 0.3245192307692308 0.2764423076923077 0.055288461538461536 0.07451923076923077
0 0.35096153846153844 0.3401442307692308 0.055288461538461536 0.07451923076923077
0 0.296875 0.33653846153846156 0.055288461538461536 0.07451923076923077
0 0.2932692307692308 0.46634615384615385 0.057692307692307696 0.07932692307692307
0 0.40384615384615385 0.21995192307692307 0.055288461538461536 0.07211538461538461
0 0.06009615384615385 0.27524038461538464 0.057692307692307696 0.07451923076923077
0 0.35096153846153844 0.21875 0.055288461538461536 0.07211538461538461
0 0.2692307692307692 0.39903846153846156 0.055288461538461536 0.07692307692307693
0 0.15264423076923078 0.5108173076923077 0.057692307692307696 0.037259615384615384
0 0.5132211538461539 0.22716346153846154 0.057692307692307696 0.07211538461538461
0 0.24639423076923078 0.21394230769230768 0.051682692307692304 0.06971153846153846
0 0.010817307692307692 0.40865384615384615 0.021634615384615384 0.07692307692307693
0 0.21394230769230768 0.39663461538461536 0.055288461538461536 0.07692307692307693
0 0.07091346153846154 0.47836538461538464 0.057692307692307696 0.07932692307692307
0 0.4326923076923077 0.2848557692307692 0.055288461538461536 0.07451923076923077
0 0.32572115384615385 0.15865384615384615 0.055288461538461536 0.06971153846153846
0 0.11298076923076923 0.27163461538461536 0.055288461538461536 0.07451923076923077
0 0.24278846153846154 0.33413461538461536 0.055288461538461536 0.07451923076923077
0 0.32211538461538464 0.4014423076923077 0.055288461538461536 0.07692307692307693
0 0.4879807692307692 0.28725961538461536 0.057692307692307696 0.07451923076923077
0 0.5336538461538461 0.28846153846153844 0.042067307692307696 0.07451923076923077
0 0.5360576923076923 0.4170673076923077 0.037259615384615384 0.07692307692307693
0 0.46033653846153844 0.3485576923076923 0.057692307692307696 0.07451923076923077
0 0.027644230769230768 0.3473557692307692 0.055288461538461536 0.07692307692307693
0 0.515625 0.35096153846153844 0.057692307692307696 0.07692307692307693
0 0.18870192307692307 0.3329326923076923 0.055288461538461536 0.07451923076923077
0 0.04927884615384615 0.4098557692307692 0.055288461538461536 0.07932692307692307
0 0.45913461538461536 0.2247596153846154 0.057692307692307696 0.07211538461538461
0 0.1658653846153846 0.27283653846153844 0.055288461538461536 0.07211538461538461
0 0.43149038461538464 0.16346153846153846 0.055288461538461536 0.07211538461538461
0 0.49038461538461536 0.41466346153846156 0.06009615384615385 0.07692307692307693
0 0.27163461538461536 0.27524038461538464 0.051682692307692304 0.07211538461538461
0 0.1045673076923077 0.4014423076923077 0.057692307692307696 0.07932692307692307
0 0.37740384615384615 0.4074519230769231 0.057692307692307696 0.07692307692307693
0 0.23798076923076922 0.4639423076923077 0.057692307692307696 0.07932692307692307
0 0.12740384615384615 0.46634615384615385 0.057692307692307696 0.07932692307692307
0 0.08173076923076923 0.33653846153846156 0.055288461538461536 0.07451923076923077
0 0.02283653846153846 0.47475961538461536 0.04447115384615385 0.07932692307692307
0 0.037259615384615384 0.21514423076923078 0.055288461538461536 0.07451923076923077
0 0.4951923076923077 0.5192307692307693 0.06009615384615385 0.02283653846153846
0 0.546875 0.22716346153846154 0.014423076923076924 0.07211538461538461
0 0.21875 0.27403846153846156 0.055288461538461536 0.07211538461538461
0 0.3786057692307692 0.2800480769230769 0.057692307692307696 0.07451923076923077
0 0.4050480769230769 0.47596153846153844 0.06009615384615385 0.07932692307692307
0 0.20793269230769232 0.5096153846153846 0.057692307692307696 0.039663461538461536
0 0.32091346153846156 0.5144230769230769 0.06009615384615385 0.030048076923076924
0 0.02283653846153846 0.15504807692307693 0.04447115384615385 0.07211538461538461
0 0.3786057692307692 0.5168269230769231 0.06009615384615385 0.025240384615384616
0 0.3485576923076923 0.4723557692307692 0.057692307692307696 0.07932692307692307
0 0.09254807692307693 0.21153846153846154 0.051682692307692304 0.07211538461538461
0 0.46274038461538464 0.4795673076923077 0.057692307692307696 0.07932692307692307
0 0.27524038461538464 0.15745192307692307 0.051682692307692304 0.0673076923076923
0 0.4855769230769231 0.16706730769230768 0.055288461538461536 0.07211538461538461
0 0.19471153846153846 0.2127403846153846 0.055288461538461536 0.07211538461538461
0 0.2644230769230769 0.5108173076923077 0.057692307692307696 0.037259615384615384
0 0.015625 0.28365384615384615 0.03125 0.07211538461538461
0 0.14302884615384615 0.2127403846153846 0.055288461538461536 0.07211538461538461
0 0.06971153846153846 0.15264423076923078 0.051682692307692304 0.06971153846153846
0 0.35336538461538464 0.10336538461538461 0.051682692307692304 0.06971153846153846
0 0.17307692307692307 0.15504807692307693 0.051682692307692304 0.06971153846153846
0 0.2980769230769231 0.21634615384615385 0.055288461538461536 0.07211538461538461
0 0.4579326923076923 0.10576923076923077 0.055288461538461536 0.07211538461538461
0 0.5324519230769231 0.16826923076923078 0.04447115384615385 0.07211538461538461
0 0.3786057692307692 0.15985576923076922 0.055288461538461536 0.07211538461538461
0 0.3798076923076923 0.046875 0.051682692307692304 0.0673076923076923
0 0.22355769230769232 0.15625 0.051682692307692304 0.06971153846153846
0 0.004807692307692308 0.22115384615384615 0.009615384615384616 0.07451923076923077
0 0.3004807692307692 0.10216346153846154 0.051682692307692304 0.06971153846153846
0 0.010817307692307692 0.0985576923076923 0.021634615384615384 0.07211538461538461
0 0.046875 0.09615384615384616 0.051682692307692304 0.0673076923076923
0 0.2512019230769231 0.10096153846153846 0.051682692307692304 0.06971153846153846
0 0.5096153846153846 0.11057692307692307 0.055288461538461536 0.06971153846153846
0 0.43028846153846156 0.04807692307692308 0.055288461538461536 0.0673076923076923
0 0.12139423076923077 0.15384615384615385 0.051682692307692304 0.06971153846153846
0 0.14903846153846154 0.0985576923076923 0.051682692307692304 0.06971153846153846
0 0.040865384615384616 0.5192307692307693 0.057692307692307696 0.02283653846153846
0 0.43509615384615385 0.5192307692307693 0.06009615384615385 0.02283653846153846
0 0.4831730769230769 0.05048076923076923 0.055288461538461536 0.0673076923076923
0 0.18269230769230768 0.4639423076923077 0.057692307692307696 0.08173076923076923
0 0.53125 0.051682692307692304 0.046875 0.06971153846153846
0 0.5444711538461539 0.11057692307692307 0.020432692307692308 0.0673076923076923
0 0.40384615384615385 0.1045673076923077 0.055288461538461536 0.06971153846153846
0 0.328125 0.046875 0.051682692307692304 0.06971153846153846
0 0.5204326923076923 0.484375 0.057692307692307696 0.07932692307692307
0 0.3004807692307692 0.010817307692307692 0.052884615384615384 0.021634615384615384
0 0.027644230769230768 0.039663461538461536 0.051682692307692304 0.0673076923076923
0 0.07692307692307693 0.040865384615384616 0.051682692307692304 0.0673076923076923
0 0.20072115384615385 0.0985576923076923 0.051682692307692304 0.06971153846153846
0 0.4026442307692308 0.01201923076923077 0.05048076923076923 0.02403846153846154
0 0.1778846153846154 0.04326923076923077 0.051682692307692304 0.0673076923076923
0 0.5048076923076923 0.013221153846153846 0.052884615384615384 0.026442307692307692
0 0.5420673076923077 0.015625 0.021634615384615384 0.03125
0 0.35336538461538464 0.01201923076923077 0.052884615384615384 0.02403846153846154
0 0.45552884615384615 0.01201923076923077 0.05048076923076923 0.02403846153846154
0 0.27884615384615385 0.04567307692307692 0.051682692307692304 0.0673076923076923
0 0.2512019230769231 0.010817307692307692 0.05048076923076923 0.021634615384615384
0 0.12740384615384615 0.042067307692307696 0.051682692307692304 0.0673076923076923
0 0.10336538461538461 0.009615384615384616 0.04807692307692308 0.019230769230769232
0 0.09975961538461539 0.09735576923076923 0.051682692307692304 0.0673076923076923
0 0.22716346153846154 0.04326923076923077 0.051682692307692304 0.06490384615384616
0 0.20192307692307693 0.010817307692307692 0.052884615384615384 0.021634615384615384
0 0.15264423076923078 0.009615384615384616 0.05048076923076923 0.019230769230769232
0 0.054086538461538464 0.009615384615384616 0.05048076923076923 0.019230769230769232
0 0.014423076923076924 0.008413461538461538 0.028846153846153848 0.016826923076923076
0 0.15865384615384615 0.39663461538461536 0.057692307692307696 0.07692307692307693
0 0.6334134615384616 0.4951923076923077 0.15625 0.06971153846153846
0 0.2127403846153846 0.9002403846153846 0.20192307692307693 0.19951923076923078
0 0.4362980769230769 0.8942307692307693 0.20673076923076922 0.21153846153846154
0 0.052884615384615384 0.8725961538461539 0.10576923076923077 0.25
0 0.203125 0.6382211538461539 0.23677884615384615 0.21634615384615385
0 0.04447115384615385 0.6322115384615384 0.0889423076923077 0.20673076923076922
0 0.43509615384615385 0.6081730769230769 0.23918269230769232 0.15625
0 0.6153846153846154 0.640625 0.12139423076923077 0.22115384615384615
0 0.8930288461538461 0.6225961538461539 0.20432692307692307 0.18629807692307693
0 0.7367788461538461 0.7860576923076923 0.20192307692307693 0.3112980769230769
0 0.9723557692307693 0.7548076923076923 0.055288461538461536 0.3112980769230769