0 0.6177884615384616 0.006009615384615385 0.0673076923076923 0.01201923076923077
0 0.8233173076923077 0.006009615384615385 0.06971153846153846 0.01201923076923077
0 0.6875 0.006009615384615385 0.0673076923076923 0.01201923076923077
0 0.9627403846153846 0.006009615384615385 0.06490384615384616 0.01201923076923077
0 0.8954326923076923 0.009615384615384616 0.0673076923076923 0.018028846153846152
0 0.4375 0.03485576923076923 0.0625 0.06009615384615385
0 0.5072115384615384 0.038461538461538464 0.0733173076923077 0.06009615384615385
0 0.8581730769230769 0.042067307692307696 0.0673076923076923 0.06009615384615385
0 0.9302884615384616 0.042067307692307696 0.0673076923076923 0.06009615384615385
0 0.7884615384615384 0.042067307692307696 0.0673076923076923 0.06009615384615385
0 0.9819711538461539 0.04326923076923077 0.036057692307692304 0.06009615384615385
0 0.6502403846153846 0.04326923076923077 0.06971153846153846 0.06009615384615385
0 0.71875 0.04447115384615385 0.0673076923076923 0.06009615384615385
0 0.578125 0.04567307692307692 0.06971153846153846 0.0625
0 0.8930288461538461 0.08774038461538461 0.0673076923076923 0.055288461538461536
0 0.8245192307692307 0.0889423076923077 0.06490384615384616 0.057692307692307696
0 0.4735576923076923 0.09014423076923077 0.06971153846153846 0.06009615384615385
0 0.7572115384615384 0.09134615384615384 0.06490384615384616 0.055288461538461536
0 0.9627403846153846 0.09254807692307693 0.0673076923076923 0.055288461538461536
0 0.6201923076923077 0.09254807692307693 0.0673076923076923 0.057692307692307696
0 0.4206730769230769 0.09254807692307693 0.028846153846153848 0.06009615384615385
0 0.5444711538461539 0.0985576923076923 0.0733173076923077 0.0625
0 0.6875 0.0985576923076923 0.0673076923076923 0.057692307692307696
0 0.7920673076923077 0.14182692307692307 0.0673076923076923 0.057692307692307696
0 0.9783653846153846 0.14182692307692307 0.04326923076923077 0.057692307692307696
0 0.9266826923076923 0.14423076923076922 0.06971153846153846 0.055288461538461536
0 0.5132211538461539 0.14423076923076922 0.06971153846153846 0.06009615384615385
0 0.5853365384615384 0.1466346153846154 0.06971153846153846 0.057692307692307696
0 0.859375 0.1466346153846154 0.06490384615384616 0.057692307692307696
0 0.43990384615384615 0.14543269230769232 0.0673076923076923 0.057692307692307696
0 0.7235576923076923 0.14783653846153846 0.0673076923076923 0.057692307692307696
0 0.6550480769230769 0.1502403846153846 0.0673076923076923 0.057692307692307696
0 0.4855769230769231 0.18389423076923078 0.0625 0.046875
0 0.8269230769230769 0.18629807692307693 0.0625 0.051682692307692304
0 0.9567307692307693 0.1875 0.0625 0.055288461538461536
0 0.6262019230769231 0.18990384615384615 0.0673076923076923 0.055288461538461536
0 0.7608173076923077 0.18990384615384615 0.06490384615384616 0.055288461538461536
0 0.8918269230769231 0.1935096153846154 0.06490384615384616 0.057692307692307696
0 0.4266826923076923 0.19471153846153846 0.042067307692307696 0.051682692307692304
0 0.6935096153846154 0.19471153846153846 0.06490384615384616 0.055288461538461536
0 0.5492788461538461 0.1971153846153846 0.06971153846153846 0.055288461538461536
0 0.38822115384615385 0.7536057692307693 0.036057692307692304 0.10096153846153846
0 0.14543269230769232 0.6935096153846154 0.06490384615384616 0.0985576923076923
0 0.2091346153846154 0.7043269230769231 0.07572115384615384 0.1045673076923077
0 0.2764423076923077 0.7223557692307693 0.0733173076923077 0.09615384615384616
0 0.03125 0.6766826923076923 0.0625 0.1045673076923077
0 0.24278846153846154 0.7956730769230769 0.06971153846153846 0.09375
0 0.30288461538461536 0.8125 0.078125 0.09375
0 0.1778846153846154 0.7752403846153846 0.06971153846153846 0.09375
0 0.1141826923076923 0.7644230769230769 0.0733173076923077 0.1045673076923077
0 0.052884615384615384 0.7487980769230769 0.06490384615384616 0.0985576923076923
0 0.013221153846153846 0.7427884615384616 0.026442307692307692 0.09375
0 0.3701923076923077 0.828125 0.0733173076923077 0.09375
0 0.14543269230769232 0.8497596153846154 0.0673076923076923 0.0889423076923077
0 0.20673076923076922 0.8617788461538461 0.0733173076923077 0.10096153846153846
0 0.2704326923076923 0.8846153846153846 0.07572115384615384 0.09375
0 0.3858173076923077 0.9194711538461539 0.042067307692307696 0.0889423076923077
0 0.03365384615384615 0.8221153846153846 0.06009615384615385 0.08052884615384616
0 0.6466346153846154 0.5841346153846154 0.16706730769230768 0.22956730769230768