0 0.10697115384615384 0.2127403846153846 0.057692307692307696 0.0733173076923077
0 0.009615384615384616 0.3401442307692308 0.019230769230769232 0.07932692307692307
0 0.051682692307692304 0.21514423076923078 0.057692307692307696 0.0733173076923077
0 0.05048076923076923 0.3401442307692308 0.06009615384615385 0.078125
0 0.16105769230769232 0.2127403846153846 0.057692307692307696 0.0733173076923077
0 0.13701923076923078 0.38221153846153844 0.057692307692307696 0.039663461538461536
0 0.025240384615384616 0.38461538461538464 0.05048076923076923 0.03485576923076923
0 0.1346153846153846 0.27403846153846156 0.057692307692307696 0.07572115384615384
0 0.10817307692307693 0.33774038461538464 0.057692307692307696 0.078125
0 0.07932692307692307 0.27524038461538464 0.057692307692307696 0.07572115384615384
0 0.18629807692307693 0.15384615384615385 0.055288461538461536 0.07091346153846154
0 0.16466346153846154 0.33533653846153844 0.057692307692307696 0.078125
0 0.21514423076923078 0.21033653846153846 0.055288461538461536 0.0733173076923077
0 0.3076923076923077 0.3786057692307692 0.057692307692307696 0.04807692307692308
0 0.19110576923076922 0.27163461538461536 0.055288461538461536 0.07572115384615384
0 0.25 0.3798076923076923 0.057692307692307696 0.04567307692307692
0 0.36658653846153844 0.3269230769230769 0.020432692307692308 0.07572115384615384
0 0.21995192307692307 0.3329326923076923 0.057692307692307696 0.078125
0 0.24519230769230768 0.2704326923076923 0.055288461538461536 0.07572115384615384
0 0.078125 0.38341346153846156 0.06009615384615385 0.037259615384615384
0 0.2764423076923077 0.33052884615384615 0.057692307692307696 0.07572115384615384
0 0.010817307692307692 0.21514423076923078 0.021634615384615384 0.07451923076923077
0 0.3317307692307692 0.328125 0.057692307692307696 0.07572115384615384
0 0.026442307692307692 0.2764423076923077 0.052884615384615384 0.07572115384615384
0 0.1310096153846154 0.039663461538461536 0.052884615384615384 0.0673076923076923
0 0.078125 0.15504807692307693 0.057692307692307696 0.07091346153846154
0 0.05048076923076923 0.09615384615384616 0.057692307692307696 0.0733173076923077
0 0.2692307692307692 0.2091346153846154 0.055288461538461536 0.07091346153846154
0 0.13221153846153846 0.15384615384615385 0.055288461538461536 0.07091346153846154
0 0.1045673076923077 0.09495192307692307 0.055288461538461536 0.07091346153846154
0 0.23918269230769232 0.15144230769230768 0.055288461538461536 0.0673076923076923
0 0.18269230769230768 0.039663461538461536 0.052884615384615384 0.0673076923076923
0 0.29927884615384615 0.26802884615384615 0.055288461538461536 0.0733173076923077
0 0.32211538461538464 0.20673076923076922 0.055288461538461536 0.0733173076923077
0 0.15865384615384615 0.09495192307692307 0.055288461538461536 0.07091346153846154
0 0.35096153846153844 0.265625 0.052884615384615384 0.0733173076923077
0 0.21033653846153846 0.09495192307692307 0.052884615384615384 0.0673076923076923
0 0.010817307692307692 0.09495192307692307 0.021634615384615384 0.07451923076923077
0 0.1935096153846154 0.38100961538461536 0.06009615384615385 0.04326923076923077
0 0.29086538461538464 0.1502403846153846 0.055288461538461536 0.07091346153846154
0 0.23317307692307693 0.038461538461538464 0.052884615384615384 0.0673076923076923
0 0.36177884615384615 0.20552884615384615 0.030048076923076924 0.07091346153846154
0 0.025240384615384616 0.15504807692307693 0.05048076923076923 0.0733173076923077
0 0.025240384615384616 0.037259615384615384 0.05048076923076923 0.07091346153846154
0 0.2608173076923077 0.09375 0.052884615384615384 0.07091346153846154
0 0.3137019230769231 0.09254807692307693 0.052884615384615384 0.0673076923076923
0 0.15264423076923078 0.008413461538461538 0.05048076923076923 0.016826923076923076
0 0.07692307692307693 0.038461538461538464 0.055288461538461536 0.0673076923076923
0 0.010817307692307692 0.007211538461538462 0.021634615384615384 0.014423076923076924
0 0.34375 0.14903846153846154 0.055288461538461536 0.07091346153846154
0 0.04807692307692308 0.008413461538461538 0.052884615384615384 0.016826923076923076
0 0.20432692307692307 0.008413461538461538 0.052884615384615384 0.016826923076923076
0 0.2548076923076923 0.008413461538461538 0.052884615384615384 0.016826923076923076
0 0.36778846153846156 0.03485576923076923 0.018028846153846152 0.06490384615384616
0 0.3581730769230769 0.09014423076923077 0.037259615384615384 0.07091346153846154
0 0.35336538461538464 0.007211538461538462 0.04807692307692308 0.014423076923076924
0 0.30528846153846156 0.007211538461538462 0.052884615384615384 0.014423076923076924
0 0.3557692307692308 0.37740384615384615 0.04326923076923077 0.05048076923076923
0 0.28365384615384615 0.038461538461538464 0.052884615384615384 0.0673076923076923
0 0.33533653846153844 0.037259615384615384 0.052884615384615384 0.0673076923076923
0 0.10096153846153846 0.007211538461538462 0.052884615384615384 0.014423076923076924
0 0.4411057692307692 0.32572115384615385 0.12860576923076922 0.15384615384615385
0 0.6646634615384616 0.3161057692307692 0.3137019230769231 0.17067307692307693
0 0.8713942307692307 0.20192307692307693 0.25600961538461536 0.21394230769230768
0 0.5108173076923077 0.16346153846153846 0.2692307692307692 0.21634615384615385
0 0.7283653846153846 0.07091346153846154 0.32211538461538464 0.140625
0 0.2608173076923077 0.6322115384615384 0.06490384615384616 0.11778846153846154
0 0.3329326923076923 0.6298076923076923 0.06490384615384616 0.11778846153846154
0 0.22596153846153846 0.5300480769230769 0.06490384615384616 0.11778846153846154
0 0.2980769230769231 0.5300480769230769 0.06490384615384616 0.11538461538461539
0 0.35697115384615385 0.5288461538461539 0.039663461538461536 0.11298076923076923
0 0.3329326923076923 0.44471153846153844 0.0625 0.08533653846153846
0 0.2620192307692308 0.44471153846153844 0.0625 0.08533653846153846
0 0.18870192307692307 0.44350961538461536 0.06490384615384616 0.0829326923076923
0 0.6117788461538461 0.7668269230769231 0.28365384615384615 0.43990384615384615
0 0.8774038461538461 0.7620192307692307 0.24519230769230768 0.46153846153846156
0 0.49278846153846156 0.5012019230769231 0.23076923076923078 0.19831730769230768
0 0.9579326923076923 0.4987980769230769 0.08413461538461539 0.19471153846153846
0 0.7596153846153846 0.4963942307692308 0.30408653846153844 0.18870192307692307
0 0.8497596153846154 0.9735576923076923 0.16105769230769232 0.052884615384615384