0 0.2860576923076923 0.009615384615384616 0.055288461538461536 0.018028846153846152
0 0.23197115384615385 0.009615384615384616 0.055288461538461536 0.018028846153846152
0 0.3401442307692308 0.009615384615384616 0.057692307692307696 0.018028846153846152
0 0.3954326923076923 0.010817307692307692 0.057692307692307696 0.020432692307692308
0 0.4519230769230769 0.01201923076923077 0.055288461538461536 0.02403846153846154
0 0.5084134615384616 0.01201923076923077 0.057692307692307696 0.02403846153846154
0 0.025240384615384616 0.01201923076923077 0.04927884615384615 0.02403846153846154
0 0.1778846153846154 0.01201923076923077 0.052884615384615384 0.02403846153846154
0 0.07451923076923077 0.01201923076923077 0.04927884615384615 0.02403846153846154
0 0.12860576923076922 0.01201923076923077 0.052884615384615384 0.02403846153846154
0 0.3112980769230769 0.04567307692307692 0.055288461538461536 0.0733173076923077
0 0.25841346153846156 0.04567307692307692 0.055288461538461536 0.0733173076923077
0 0.36538461538461536 0.04567307692307692 0.055288461538461536 0.0733173076923077
0 0.013221153846153846 0.04567307692307692 0.026442307692307692 0.07091346153846154
0 0.421875 0.04807692307692308 0.057692307692307696 0.07572115384615384
0 0.05048076923076923 0.04807692307692308 0.04927884615384615 0.07091346153846154
0 0.10096153846153846 0.04807692307692308 0.052884615384615384 0.07091346153846154
0 0.20432692307692307 0.04807692307692308 0.055288461538461536 0.0733173076923077
0 0.15144230769230768 0.04927884615384615 0.052884615384615384 0.07091346153846154
0 0.47716346153846156 0.04927884615384615 0.057692307692307696 0.07572115384615384
0 0.5228365384615384 0.04927884615384615 0.03365384615384615 0.078125
0 0.026442307692307692 0.10576923076923077 0.04927884615384615 0.06850961538461539
0 0.07451923076923077 0.10697115384615384 0.052884615384615384 0.07091346153846154
0 0.28125 0.10697115384615384 0.055288461538461536 0.0733173076923077
0 0.33533653846153844 0.10697115384615384 0.055288461538461536 0.07091346153846154
0 0.12620192307692307 0.10817307692307693 0.04927884615384615 0.07091346153846154
0 0.390625 0.10817307692307693 0.055288461538461536 0.0733173076923077
0 0.17668269230769232 0.10817307692307693 0.052884615384615384 0.07091346153846154
0 0.22716346153846154 0.109375 0.055288461538461536 0.07091346153846154
0 0.44471153846153844 0.11177884615384616 0.057692307692307696 0.0733173076923077
0 0.5 0.11298076923076923 0.055288461538461536 0.07572115384615384
0 0.53125 0.11298076923076923 0.015625 0.0733173076923077
0 0.013221153846153846 0.1622596153846154 0.026442307692307692 0.06850961538461539
0 0.05048076923076923 0.16346153846153846 0.04927884615384615 0.06850961538461539
0 0.09975961538461539 0.1658653846153846 0.052884615384615384 0.07091346153846154
0 0.14903846153846154 0.16706730769230768 0.052884615384615384 0.07091346153846154
0 0.30528846153846156 0.16706730769230768 0.055288461538461536 0.0733173076923077
0 0.3581730769230769 0.16826923076923078 0.055288461538461536 0.0733173076923077
0 0.20072115384615385 0.16826923076923078 0.052884615384615384 0.07091346153846154
0 0.25240384615384615 0.16826923076923078 0.055288461538461536 0.0733173076923077
0 0.41346153846153844 0.17067307692307693 0.055288461538461536 0.0733173076923077
0 0.46875 0.17307692307692307 0.055288461538461536 0.07091346153846154
0 0.5168269230769231 0.17548076923076922 0.04447115384615385 0.0733173076923077
0 0.026442307692307692 0.21875 0.04927884615384615 0.06850961538461539
0 0.07451923076923077 0.22115384615384615 0.04927884615384615 0.06850961538461539
0 0.12259615384615384 0.22355769230769232 0.052884615384615384 0.07091346153846154
0 0.17427884615384615 0.2247596153846154 0.052884615384615384 0.07091346153846154
0 0.22355769230769232 0.22716346153846154 0.052884615384615384 0.07091346153846154
0 0.3293269230769231 0.22716346153846154 0.055288461538461536 0.0733173076923077
0 0.38221153846153844 0.22956730769230768 0.055288461538461536 0.07091346153846154
0 0.2764423076923077 0.22956730769230768 0.052884615384615384 0.07091346153846154
0 0.4375 0.23197115384615385 0.055288461538461536 0.07091346153846154
0 0.49038461538461536 0.234375 0.055288461538461536 0.07091346153846154
0 0.5288461538461539 0.23557692307692307 0.020432692307692308 0.0733173076923077
0 0.013221153846153846 0.27403846153846156 0.026442307692307692 0.06490384615384616
0 0.04927884615384615 0.2764423076923077 0.04927884615384615 0.06850961538461539
0 0.0985576923076923 0.27884615384615385 0.04927884615384615 0.06850961538461539
0 0.14783653846153846 0.28125 0.052884615384615384 0.06850961538461539
0 0.1971153846153846 0.28365384615384615 0.052884615384615384 0.07091346153846154
0 0.24879807692307693 0.2860576923076923 0.052884615384615384 0.07091346153846154
0 0.35336538461538464 0.28846153846153844 0.055288461538461536 0.0733173076923077
0 0.4074519230769231 0.28966346153846156 0.052884615384615384 0.07091346153846154
0 0.3004807692307692 0.28966346153846156 0.055288461538461536 0.07091346153846154
0 0.45913461538461536 0.29086538461538464 0.055288461538461536 0.07091346153846154
0 0.5120192307692307 0.29447115384615385 0.055288461538461536 0.07091346153846154
0 0.026442307692307692 0.328125 0.04927884615384615 0.06490384615384616
0 0.0733173076923077 0.3317307692307692 0.04927884615384615 0.06490384615384616
0 0.12139423076923077 0.33533653846153844 0.04927884615384615 0.06490384615384616
0 0.171875 0.33774038461538464 0.052884615384615384 0.06850961538461539
0 0.22115384615384615 0.34134615384615385 0.052884615384615384 0.06850961538461539
0 0.27283653846153844 0.3425480769230769 0.052884615384615384 0.06850961538461539
0 0.3233173076923077 0.34375 0.055288461538461536 0.06490384615384616
0 0.37740384615384615 0.34375 0.052884615384615384 0.06490384615384616
0 0.42908653846153844 0.34375 0.052884615384615384 0.06490384615384616
0 0.48197115384615385 0.3449519230769231 0.052884615384615384 0.0625
0 0.5240384615384616 0.3485576923076923 0.03125 0.057692307692307696
0 0.013221153846153846 0.36177884615384615 0.026442307692307692 0.03125
0 0.04807692307692308 0.3629807692307692 0.04927884615384615 0.028846153846153848
0 0.09495192307692307 0.3641826923076923 0.04927884615384615 0.026442307692307692
0 0.14543269230769232 0.36658653846153844 0.04927884615384615 0.020432692307692308
0 0.1935096153846154 0.36899038461538464 0.052884615384615384 0.015625
0 0.9639423076923077 0.16346153846153846 0.07211538461538461 0.3269230769230769
0 0.6658653846153846 0.30288461538461536 0.2536057692307692 0.14903846153846154
0 0.8894230769230769 0.3137019230769231 0.22115384615384615 0.12259615384615384
0 0.7896634615384616 0.15745192307692307 0.3004807692307692 0.3137019230769231
0 0.08173076923076923 0.6971153846153846 0.15144230769230768 0.21514423076923078
0 0.4110576923076923 0.7115384615384616 0.14903846153846154 0.21754807692307693
0 0.5168269230769231 0.7379807692307693 0.04447115384615385 0.23557692307692307
0 0.24158653846153846 0.7487980769230769 0.18269230769230768 0.2536057692307692
0 0.5216346153846154 0.9194711538461539 0.03365384615384615 0.16105769230769232
0 0.25600961538461536 0.9278846153846154 0.1466346153846154 0.14423076923076922
0 0.09134615384615384 0.921875 0.1778846153846154 0.15625
0 0.4098557692307692 0.9387019230769231 0.18028846153846154 0.12259615384615384
0 0.9879807692307693 0.9579326923076923 0.02403846153846154 0.08413461538461539
0 0.8677884615384616 0.9747596153846154 0.15504807692307693 0.04927884615384615