0 0.11057692307692307 0.08052884615384616 0.057692307692307696 0.07211538461538461
0 0.5240384615384616 0.31490384615384615 0.042067307692307696 0.06971153846153846
0 0.0625 0.20072115384615385 0.055288461538461536 0.06971153846153846
0 0.1658653846153846 0.07932692307692307 0.057692307692307696 0.07211538461538461
0 0.056490384615384616 0.08052884615384616 0.055288461538461536 0.07211538461538461
0 0.06971153846153846 0.3161057692307692 0.055288461538461536 0.06971153846153846
0 0.03245192307692308 0.14182692307692307 0.052884615384615384 0.06971153846153846
0 0.08653846153846154 0.14182692307692307 0.057692307692307696 0.06971153846153846
0 0.018028846153846152 0.19951923076923078 0.03485576923076923 0.06971153846153846
0 0.12259615384615384 0.3161057692307692 0.055288461538461536 0.06971153846153846
0 0.5228365384615384 0.42908653846153844 0.04447115384615385 0.0673076923076923
0 0.125 0.43028846153846156 0.055288461538461536 0.06971153846153846
0 0.037259615384615384 0.25961538461538464 0.055288461538461536 0.06971153846153846
0 0.003605769230769231 0.13942307692307693 0.007211538461538462 0.06971153846153846
0 0.11778846153846154 0.19831730769230768 0.057692307692307696 0.06971153846153846
0 0.13341346153846154 0.027644230769230768 0.057692307692307696 0.055288461538461536
0 0.1466346153846154 0.25721153846153844 0.052884615384615384 0.06971153846153846
0 0.04567307692307692 0.3737980769230769 0.055288461538461536 0.06971153846153846
0 0.09375 0.25721153846153844 0.057692307692307696 0.06971153846153846
0 0.08052884615384616 0.027644230769230768 0.055288461538461536 0.055288461538461536
0 0.016826923076923076 0.07932692307692307 0.03245192307692308 0.07211538461538461
0 0.5048076923076923 0.25600961538461536 0.055288461538461536 0.06971153846153846
0 0.027644230769230768 0.027644230769230768 0.055288461538461536 0.055288461538461536
0 0.5372596153846154 0.2548076923076923 0.014423076923076924 0.06971153846153846
0 0.16947115384615385 0.19831730769230768 0.052884615384615384 0.06971153846153846
0 0.47836538461538464 0.42908653846153844 0.052884615384615384 0.0673076923076923
0 0.4543269230769231 0.25600961538461536 0.055288461538461536 0.06971153846153846
0 0.2247596153846154 0.31490384615384615 0.052884615384615384 0.0673076923076923
0 0.3269230769230769 0.31490384615384615 0.052884615384615384 0.0673076923076923
0 0.4795673076923077 0.1971153846153846 0.055288461538461536 0.07211538461538461
0 0.47836538461538464 0.31490384615384615 0.052884615384615384 0.06971153846153846
0 0.19471153846153846 0.13822115384615385 0.052884615384615384 0.07211538461538461
0 0.5252403846153846 0.19591346153846154 0.039663461538461536 0.07211538461538461
0 0.27524038461538464 0.19831730769230768 0.052884615384615384 0.06971153846153846
0 0.21995192307692307 0.07692307692307693 0.055288461538461536 0.07211538461538461
0 0.3245192307692308 0.19831730769230768 0.052884615384615384 0.06971153846153846
0 0.14302884615384615 0.13822115384615385 0.057692307692307696 0.06971153846153846
0 0.17427884615384615 0.31490384615384615 0.055288461538461536 0.06971153846153846
0 0.008413461538461538 0.375 0.016826923076923076 0.0673076923076923
0 0.2764423076923077 0.31490384615384615 0.052884615384615384 0.0673076923076923
0 0.25 0.25600961538461536 0.055288461538461536 0.06971153846153846
0 0.5360576923076923 0.3713942307692308 0.018028846153846152 0.0673076923076923
0 0.0733173076923077 0.43028846153846156 0.052884615384615384 0.06971153846153846
0 0.4519230769230769 0.3713942307692308 0.052884615384615384 0.06971153846153846
0 0.22235576923076922 0.19831730769230768 0.055288461538461536 0.06971153846153846
0 0.020432692307692308 0.31850961538461536 0.039663461538461536 0.0673076923076923
0 0.5072115384615384 0.025240384615384616 0.055288461538461536 0.05048076923076923
0 0.37740384615384615 0.31490384615384615 0.052884615384615384 0.0673076923076923
0 0.025240384615384616 0.43149038461538464 0.05048076923076923 0.0673076923076923
0 0.4026442307692308 0.3713942307692308 0.052884615384615384 0.06971153846153846
0 0.1971153846153846 0.25721153846153844 0.055288461538461536 0.0673076923076923
0 0.09735576923076923 0.37259615384615385 0.055288461538461536 0.0673076923076923
0 0.19110576923076922 0.026442307692307692 0.057692307692307696 0.052884615384615384
0 0.42788461538461536 0.31490384615384615 0.052884615384615384 0.06971153846153846
0 0.27283653846153844 0.07692307692307693 0.055288461538461536 0.07211538461538461
0 0.45072115384615385 0.4651442307692308 0.052884615384615384 0.030048076923076924
0 0.5072115384615384 0.13701923076923078 0.055288461538461536 0.07451923076923077
0 0.3233173076923077 0.07692307692307693 0.055288461538461536 0.07211538461538461
0 0.5036057692307693 0.46634615384615385 0.052884615384615384 0.027644230769230768
0 0.3762019230769231 0.19831730769230768 0.052884615384615384 0.06971153846153846
0 0.17668269230769232 0.43028846153846156 0.052884615384615384 0.0673076923076923
0 0.24519230769230768 0.026442307692307692 0.055288461538461536 0.052884615384615384
0 0.37740384615384615 0.42908653846153844 0.052884615384615384 0.0673076923076923
0 0.4026442307692308 0.026442307692307692 0.055288461538461536 0.052884615384615384
0 0.42908653846153844 0.07692307692307693 0.055288461538461536 0.07451923076923077
0 0.34975961538461536 0.026442307692307692 0.055288461538461536 0.052884615384615384
0 0.30288461538461536 0.3713942307692308 0.052884615384615384 0.06971153846153846
0 0.01201923076923077 0.4651442307692308 0.02403846153846154 0.026442307692307692
0 0.35096153846153844 0.13822115384615385 0.055288461538461536 0.07211538461538461
0 0.4807692307692308 0.07572115384615384 0.055288461538461536 0.07451923076923077
0 0.35216346153846156 0.3713942307692308 0.052884615384615384 0.06971153846153846
0 0.42788461538461536 0.19831730769230768 0.055288461538461536 0.06971153846153846
0 0.006009615384615385 0.25841346153846156 0.01201923076923077 0.0673076923076923
0 0.4543269230769231 0.026442307692307692 0.057692307692307696 0.052884615384615384
0 0.4014423076923077 0.4651442307692308 0.052884615384615384 0.030048076923076924
0 0.3016826923076923 0.25600961538461536 0.052884615384615384 0.06971153846153846
0 0.10096153846153846 0.46634615384615385 0.052884615384615384 0.027644230769230768
0 0.5384615384615384 0.1346153846153846 0.01201923076923077 0.07451923076923077
0 0.35096153846153844 0.25600961538461536 0.052884615384615384 0.06971153846153846
0 0.051682692307692304 0.46634615384615385 0.052884615384615384 0.027644230769230768
0 0.5036057692307693 0.37259615384615385 0.052884615384615384 0.06490384615384616
0 0.4026442307692308 0.25600961538461536 0.052884615384615384 0.06971153846153846
0 0.5252403846153846 0.07451923076923077 0.039663461538461536 0.07451923076923077
0 0.29927884615384615 0.13822115384615385 0.052884615384615384 0.07211538461538461
0 0.2776442307692308 0.42908653846153844 0.05048076923076923 0.0673076923076923
0 0.2956730769230769 0.026442307692307692 0.052884615384615384 0.052884615384615384
0 0.15144230769230768 0.46634615384615385 0.052884615384615384 0.027644230769230768
0 0.4543269230769231 0.13701923076923078 0.055288461538461536 0.07211538461538461
0 0.4026442307692308 0.13822115384615385 0.055288461538461536 0.07211538461538461
0 0.2512019230769231 0.3713942307692308 0.052884615384615384 0.0673076923076923
0 0.3762019230769231 0.07692307692307693 0.055288461538461536 0.07211538461538461
0 0.1502403846153846 0.37259615384615385 0.055288461538461536 0.0673076923076923
0 0.2512019230769231 0.4651442307692308 0.052884615384615384 0.030048076923076924
0 0.20072115384615385 0.4651442307692308 0.052884615384615384 0.030048076923076924
0 0.35096153846153844 0.4651442307692308 0.052884615384615384 0.030048076923076924
0 0.22716346153846154 0.42908653846153844 0.052884615384615384 0.0673076923076923
0 0.3016826923076923 0.4651442307692308 0.052884615384615384 0.030048076923076924
0 0.42788461538461536 0.42908653846153844 0.052884615384615384 0.0673076923076923
0 0.24759615384615385 0.13822115384615385 0.055288461538461536 0.07211538461538461
0 0.3269230769230769 0.42908653846153844 0.052884615384615384 0.0673076923076923
0 0.19951923076923078 0.37259615384615385 0.052884615384615384 0.0673076923076923
0 0.6466346153846154 0.06850961538461539 0.0829326923076923 0.13701923076923078
0 0.9711538461538461 0.0673076923076923 0.057692307692307696 0.1346153846153846
0 0.8161057692307693 0.0673076923076923 0.0829326923076923 0.1346153846153846
0 0.5745192307692307 0.0673076923076923 0.06009615384615385 0.1346153846153846
0 0.7319711538461539 0.0673076923076923 0.08052884615384616 0.1346153846153846
0 0.9014423076923077 0.06850961538461539 0.0829326923076923 0.13701923076923078
0 0.7776442307692307 0.18028846153846154 0.07692307692307693 0.15745192307692307
0 0.5588942307692307 0.1814903846153846 0.027644230769230768 0.14783653846153846
0 0.6935096153846154 0.18269230769230768 0.08052884615384616 0.15504807692307693
0 0.6117788461538461 0.18389423076923078 0.0829326923076923 0.15745192307692307
0 0.9411057692307693 0.18389423076923078 0.08052884615384616 0.15745192307692307
0 0.9903846153846154 0.18389423076923078 0.019230769230769232 0.16105769230769232
0 0.8581730769230769 0.18509615384615385 0.08052884615384616 0.15745192307692307
0 0.8173076923076923 0.3112980769230769 0.08052884615384616 0.1622596153846154
0 0.9002403846153846 0.3112980769230769 0.0829326923076923 0.16466346153846154
0 0.9711538461538461 0.3125 0.057692307692307696 0.16466346153846154
0 0.6502403846153846 0.3125 0.08052884615384616 0.15985576923076922
0 0.5733173076923077 0.3161057692307692 0.057692307692307696 0.1622596153846154
0 0.7307692307692307 0.3161057692307692 0.08533653846153846 0.1622596153846154
0 0.8569711538461539 0.003605769230769231 0.08052884615384616 0.007211538461538462
0 0.6935096153846154 0.003605769230769231 0.0829326923076923 0.007211538461538462
0 0.9411057692307693 0.003605769230769231 0.0829326923076923 0.007211538461538462
0 0.06129807692307692 0.5793269230769231 0.12259615384615384 0.1971153846153846
0 0.44711538461538464 0.75 0.13942307692307693 0.2247596153846154
0 0.29927884615384615 0.7644230769230769 0.14543269230769232 0.23557692307692307
0 0.13221153846153846 0.7704326923076923 0.1502403846153846 0.22956730769230768
0 0.5048076923076923 0.9182692307692307 0.08052884615384616 0.1622596153846154
0 0.051682692307692304 0.9194711538461539 0.10216346153846154 0.15985576923076922
0 0.20673076923076922 0.921875 0.14903846153846154 0.15625
0 0.3798076923076923 0.9242788461538461 0.14903846153846154 0.15144230769230768
0 0.49278846153846156 0.5673076923076923 0.1045673076923077 0.17548076923076922
0 0.36177884615384615 0.5709134615384616 0.14302884615384615 0.18269230769230768
0 0.19110576923076922 0.5721153846153846 0.14783653846153846 0.18509615384615385