0 0.4338942307692308 0.21995192307692307 0.036057692307692304 0.04567307692307692
0 0.4699519230769231 0.21754807692307693 0.036057692307692304 0.04807692307692308
0 0.5048076923076923 0.21754807692307693 0.036057692307692304 0.04807692307692308
0 0.5396634615384616 0.21754807692307693 0.038461538461538464 0.04807692307692308
0 0.5757211538461539 0.21634615384615385 0.03365384615384615 0.05048076923076923
0 0.5973557692307693 0.21634615384615385 0.009615384615384616 0.05048076923076923
0 0.013221153846153846 0.19110576923076922 0.025240384615384616 0.05048076923076923
0 0.04326923076923077 0.19110576923076922 0.036057692307692304 0.05048076923076923
0 0.07692307692307693 0.18990384615384615 0.036057692307692304 0.04807692307692308
0 0.109375 0.18870192307692307 0.036057692307692304 0.05048076923076923
0 0.14302884615384615 0.1875 0.036057692307692304 0.04807692307692308
0 0.1778846153846154 0.18629807692307693 0.03365384615384615 0.04807692307692308
0 0.21033653846153846 0.18509615384615385 0.036057692307692304 0.04807692307692308
0 0.24519230769230768 0.18509615384615385 0.036057692307692304 0.04807692307692308
0 0.2776442307692308 0.18389423076923078 0.036057692307692304 0.05048076923076923
0 0.3112980769230769 0.18269230769230768 0.036057692307692304 0.04807692307692308
0 0.3473557692307692 0.18269230769230768 0.036057692307692304 0.05048076923076923
0 0.38100961538461536 0.18269230769230768 0.036057692307692304 0.05048076923076923
0 0.41586538461538464 0.1814903846153846 0.038461538461538464 0.05048076923076923
0 0.4519230769230769 0.1814903846153846 0.036057692307692304 0.05048076923076923
0 0.4855769230769231 0.18028846153846154 0.036057692307692304 0.05048076923076923
0 0.5216346153846154 0.18028846153846154 0.036057692307692304 0.04807692307692308
0 0.5564903846153846 0.18028846153846154 0.036057692307692304 0.054086538461538464
0 0.5865384615384616 0.17908653846153846 0.030048076923076924 0.05048076923076923
0 0.004807692307692308 0.15384615384615385 0.009615384615384616 0.04807692307692308
0 0.026442307692307692 0.15264423076923078 0.03365384615384615 0.04807692307692308
0 0.06009615384615385 0.15144230769230768 0.036057692307692304 0.04807692307692308
0 0.09254807692307693 0.1502403846153846 0.036057692307692304 0.04807692307692308
0 0.12620192307692307 0.14903846153846154 0.036057692307692304 0.04807692307692308
0 0.15985576923076922 0.14783653846153846 0.03365384615384615 0.04807692307692308
0 0.1935096153846154 0.1466346153846154 0.036057692307692304 0.04807692307692308
0 0.22716346153846154 0.14543269230769232 0.036057692307692304 0.04807692307692308
0 0.25961538461538464 0.14423076923076922 0.036057692307692304 0.04807692307692308
0 0.2932692307692308 0.14423076923076922 0.036057692307692304 0.04807692307692308
0 0.328125 0.14302884615384615 0.036057692307692304 0.04807692307692308
0 0.36177884615384615 0.14302884615384615 0.036057692307692304 0.05048076923076923
0 0.39663461538461536 0.14182692307692307 0.038461538461538464 0.05048076923076923
0 0.43149038461538464 0.14182692307692307 0.036057692307692304 0.04807692307692308
0 0.4651442307692308 0.140625 0.036057692307692304 0.04807692307692308
0 0.5012019230769231 0.13942307692307693 0.036057692307692304 0.04807692307692308
0 0.5360576923076923 0.13942307692307693 0.036057692307692304 0.05048076923076923
0 0.5697115384615384 0.13942307692307693 0.036057692307692304 0.05048076923076923
0 0.5949519230769231 0.13701923076923078 0.015625 0.04807692307692308
0 0.013221153846153846 0.11298076923076923 0.025240384615384616 0.04807692307692308
0 0.04326923076923077 0.11298076923076923 0.036057692307692304 0.04567307692307692
0 0.078125 0.11177884615384616 0.03365384615384615 0.04807692307692308
0 0.109375 0.11057692307692307 0.036057692307692304 0.04807692307692308
0 0.14423076923076922 0.109375 0.03365384615384615 0.04807692307692308
0 0.17548076923076922 0.10817307692307693 0.03365384615384615 0.04807692307692308
0 0.2091346153846154 0.10697115384615384 0.036057692307692304 0.04807692307692308
0 0.24278846153846154 0.10576923076923077 0.036057692307692304 0.04807692307692308
0 0.2764423076923077 0.10576923076923077 0.036057692307692304 0.04807692307692308
0 0.31009615384615385 0.1045673076923077 0.036057692307692304 0.04807692307692308
0 0.3425480769230769 0.10336538461538461 0.036057692307692304 0.04807692307692308
0 0.41225961538461536 0.10216346153846154 0.036057692307692304 0.04807692307692308
0 0.3786057692307692 0.10216346153846154 0.036057692307692304 0.04807692307692308
0 0.44591346153846156 0.10216346153846154 0.036057692307692304 0.04807692307692308
0 0.4807692307692308 0.10096153846153846 0.036057692307692304 0.04807692307692308
0 0.515625 0.10096153846153846 0.036057692307692304 0.05048076923076923
0 0.5480769230769231 0.09975961538461539 0.036057692307692304 0.04807692307692308
0 0.5829326923076923 0.09975961538461539 0.036057692307692304 0.04807692307692308
0 0.006009615384615385 0.07572115384615384 0.01201923076923077 0.04567307692307692
0 0.028846153846153848 0.07692307692307693 0.03365384615384615 0.04567307692307692
0 0.06129807692307692 0.07572115384615384 0.03365384615384615 0.04567307692307692
0 0.09495192307692307 0.07451923076923077 0.03365384615384615 0.04567307692307692
0 0.12740384615384615 0.07211538461538461 0.03365384615384615 0.04567307692307692
0 0.16105769230769232 0.06971153846153846 0.03365384615384615 0.04807692307692308
0 0.19230769230769232 0.06971153846153846 0.03365384615384615 0.04807692307692308
0 0.22596153846153846 0.06850961538461539 0.03365384615384615 0.04567307692307692
0 0.25841346153846156 0.0673076923076923 0.036057692307692304 0.04807692307692308
0 0.2920673076923077 0.06610576923076923 0.036057692307692304 0.04807692307692308
0 0.32572115384615385 0.06610576923076923 0.036057692307692304 0.04807692307692308
0 0.3581730769230769 0.06490384615384616 0.036057692307692304 0.04567307692307692
0 0.39302884615384615 0.06490384615384616 0.036057692307692304 0.04807692307692308
0 0.4254807692307692 0.06370192307692307 0.036057692307692304 0.04807692307692308
0 0.46033653846153844 0.06370192307692307 0.036057692307692304 0.04807692307692308
0 0.4951923076923077 0.0625 0.036057692307692304 0.04807692307692308
0 0.5288461538461539 0.06129807692307692 0.036057692307692304 0.04807692307692308
0 0.5637019230769231 0.06129807692307692 0.036057692307692304 0.04807692307692308
0 0.5901442307692307 0.06009615384615385 0.02283653846153846 0.04807692307692308
0 0.015625 0.040865384615384616 0.030048076923076924 0.04567307692307692
0 0.04567307692307692 0.038461538461538464 0.03365384615384615 0.04567307692307692
0 0.07932692307692307 0.037259615384615384 0.03365384615384615 0.04326923076923077
0 0.11057692307692307 0.036057692307692304 0.03365384615384615 0.04567307692307692
0 0.14423076923076922 0.03485576923076923 0.03365384615384615 0.04567307692307692
0 0.17548076923076922 0.03485576923076923 0.03365384615384615 0.04567307692307692
0 0.2091346153846154 0.03365384615384615 0.03365384615384615 0.04567307692307692
0 0.24158653846153846 0.03245192307692308 0.036057692307692304 0.04567307692307692
0 0.27403846153846156 0.030048076923076924 0.03365384615384615 0.04807692307692308
0 0.3076923076923077 0.028846153846153848 0.03365384615384615 0.04567307692307692
0 0.3401442307692308 0.027644230769230768 0.036057692307692304 0.04807692307692308
0 0.3737980769230769 0.027644230769230768 0.036057692307692304 0.04567307692307692
0 0.4074519230769231 0.026442307692307692 0.036057692307692304 0.04567307692307692
0 0.4411057692307692 0.026442307692307692 0.036057692307692304 0.04567307692307692
0 0.47475961538461536 0.025240384615384616 0.036057692307692304 0.04807692307692308
0 0.5084134615384616 0.02403846153846154 0.036057692307692304 0.04807692307692308
0 0.5432692307692307 0.02283653846153846 0.036057692307692304 0.04567307692307692
0 0.5769230769230769 0.02283653846153846 0.036057692307692304 0.04567307692307692
0 0.5973557692307693 0.021634615384615384 0.009615384615384616 0.04326923076923077
0 0.007211538461538462 0.01201923076923077 0.014423076923076924 0.02403846153846154
0 0.028846153846153848 0.01201923076923077 0.03365384615384615 0.02283653846153846
0 0.0625 0.01201923076923077 0.03365384615384615 0.02283653846153846
0 0.09615384615384616 0.01201923076923077 0.03365384615384615 0.02283653846153846
0 0.125 0.009615384615384616 0.03365384615384615 0.019230769230769232
0 0.15865384615384615 0.009615384615384616 0.03365384615384615 0.019230769230769232
0 0.19230769230769232 0.008413461538461538 0.03365384615384615 0.016826923076923076
0 0.22355769230769232 0.008413461538461538 0.03365384615384615 0.016826923076923076
0 0.2548076923076923 0.008413461538461538 0.03365384615384615 0.016826923076923076
0 0.28846153846153844 0.007211538461538462 0.03365384615384615 0.014423076923076924
0 0.32091346153846156 0.007211538461538462 0.036057692307692304 0.014423076923076924
0 0.3557692307692308 0.006009615384615385 0.03365384615384615 0.01201923076923077
0 0.3894230769230769 0.006009615384615385 0.03365384615384615 0.01201923076923077
0 0.4206730769230769 0.004807692307692308 0.036057692307692304 0.009615384615384616
0 0.45552884615384615 0.006009615384615385 0.036057692307692304 0.01201923076923077
0 0.49038461538461536 0.004807692307692308 0.036057692307692304 0.009615384615384616
0 0.5228365384615384 0.004807692307692308 0.036057692307692304 0.009615384615384616
0 0.003605769230769231 0.22596153846153846 0.007211538461538462 0.03365384615384615
0 0.02403846153846154 0.2247596153846154 0.03365384615384615 0.036057692307692304
0 0.057692307692307696 0.22355769230769232 0.03365384615384615 0.038461538461538464
0 0.09134615384615384 0.22355769230769232 0.036057692307692304 0.038461538461538464
0 0.125 0.22355769230769232 0.036057692307692304 0.038461538461538464
0 0.36538461538461536 0.21995192307692307 0.036057692307692304 0.04567307692307692
0 0.40024038461538464 0.21995192307692307 0.036057692307692304 0.04567307692307692
0 0.9723557692307693 0.20673076923076922 0.04567307692307692 0.07091346153846154
0 0.8978365384615384 0.203125 0.05048076923076923 0.07932692307692307
0 0.7764423076923077 0.19591346153846154 0.05889423076923077 0.09134615384615384
0 0.8449519230769231 0.20072115384615385 0.056490384615384616 0.08413461538461539
0 0.7175480769230769 0.18870192307692307 0.07932692307692307 0.10697115384615384
0 0.6334134615384616 0.18629807692307693 0.06370192307692307 0.11177884615384616
0 0.9855769230769231 0.11658653846153846 0.027644230769230768 0.12980769230769232
0 0.9519230769230769 0.10336538461538461 0.04807692307692308 0.1346153846153846
0 0.8689903846153846 0.10216346153846154 0.056490384615384616 0.140625
0 0.8088942307692307 0.09014423076923077 0.06129807692307692 0.15504807692307693
0 0.7451923076923077 0.078125 0.06370192307692307 0.15264423076923078
0 0.6826923076923077 0.07572115384615384 0.0889423076923077 0.1502403846153846
0 0.9735576923076923 0.025240384615384616 0.04807692307692308 0.05048076923076923
0 0.921875 0.02283653846153846 0.05889423076923077 0.04567307692307692
0 0.8581730769230769 0.015625 0.06370192307692307 0.030048076923076924
0 0.7728365384615384 0.01201923076923077 0.06610576923076923 0.02283653846153846
0 0.055288461538461536 0.921875 0.109375 0.15504807692307693
0 0.3293269230769231 0.8870192307692307 0.1875 0.22596153846153846
0 0.15504807692307693 0.8004807692307693 0.1346153846153846 0.2247596153846154
0 0.48197115384615385 0.7548076923076923 0.14302884615384615 0.23197115384615385
0 0.29086538461538464 0.7487980769230769 0.1814903846153846 0.24278846153846154
0 0.5649038461538461 0.6959134615384616 0.07451923076923077 0.265625
0 0.04927884615384615 0.5552884615384616 0.0985576923076923 0.2548076923076923
0 0.3473557692307692 0.5048076923076923 0.18629807692307693 0.26322115384615385
0 0.16105769230769232 0.41466346153846156 0.1346153846153846 0.21394230769230768
0 0.2860576923076923 0.3918269230769231 0.17307692307692307 0.16826923076923078
0 0.47716346153846156 0.38221153846153844 0.1502403846153846 0.14783653846153846
0 0.21394230769230768 0.9483173076923077 0.07692307692307693 0.10336538461538461
0 0.028846153846153848 0.3762019230769231 0.057692307692307696 0.13221153846153846
0 0.6790865384615384 0.8185096153846154 0.13822115384615385 0.25961538461538464
0 0.9230769230769231 0.8100961538461539 0.15264423076923078 0.28846153846153844
0 0.8329326923076923 0.6634615384615384 0.12259615384615384 0.23677884615384615
0 0.7235576923076923 0.5649038461538461 0.1346153846153846 0.234375
0 0.9423076923076923 0.5264423076923077 0.11538461538461539 0.26802884615384615
0 0.8725961538461539 0.421875 0.1201923076923077 0.22235576923076922
0 0.7103365384615384 0.3401442307692308 0.140625 0.19591346153846154
0 0.9519230769230769 0.3161057692307692 0.09615384615384616 0.15144230769230768
0 0.8341346153846154 0.8990384615384616 0.12259615384615384 0.20192307692307693