0 0.25721153846153844 0.3293269230769231 0.20673076923076922 0.3076923076923077
0 0.09615384615384616 0.47836538461538464 0.19230769230769232 0.2704326923076923
0 0.34975961538461536 0.5228365384615384 0.15865384615384615 0.1814903846153846
0 0.3737980769230769 0.14903846153846154 0.11057692307692307 0.2980769230769231
0 0.8161057692307693 0.014423076923076924 0.03485576923076923 0.027644230769230768
0 0.8533653846153846 0.016826923076923076 0.03485576923076923 0.03245192307692308
0 0.7764423076923077 0.019230769230769232 0.038461538461538464 0.038461538461538464
0 0.703125 0.021634615384615384 0.038461538461538464 0.04326923076923077
0 0.7403846153846154 0.02283653846153846 0.03485576923076923 0.04567307692307692
0 0.9807692307692307 0.030048076923076924 0.038461538461538464 0.055288461538461536
0 0.9615384615384616 0.07451923076923077 0.038461538461538464 0.052884615384615384
0 0.9903846153846154 0.08052884615384616 0.019230769230769232 0.055288461538461536
0 0.9807692307692307 0.125 0.038461538461538464 0.052884615384615384
0 0.5036057692307693 0.2860576923076923 0.14903846153846154 0.32572115384615385
0 0.6262019230769231 0.3401442307692308 0.09375 0.14182692307692307
0 0.8774038461538461 0.4266826923076923 0.078125 0.11899038461538461
0 0.5721153846153846 0.46033653846153844 0.09375 0.14423076923076922
0 0.6766826923076923 0.4699519230769231 0.09375 0.13942307692307693
0 0.4651442307692308 0.5 0.07091346153846154 0.10576923076923077
0 0.8365384615384616 0.5036057692307693 0.09375 0.13942307692307693
0 0.9326923076923077 0.5240384615384616 0.09615384615384616 0.14423076923076922
0 0.9903846153846154 0.53125 0.019230769230769232 0.14423076923076922
0 0.5240384615384616 0.5576923076923077 0.09375 0.11057692307692307
0 0.6165865384615384 0.5673076923076923 0.09134615384615384 0.09375
0 0.7091346153846154 0.578125 0.09134615384615384 0.07091346153846154
0 0.8004807692307693 0.5841346153846154 0.09134615384615384 0.057692307692307696
0 0.8966346153846154 0.59375 0.09134615384615384 0.040865384615384616
0 0.9663461538461539 0.003605769230769231 0.038461538461538464 0.007211538461538462
0 0.9927884615384616 0.004807692307692308 0.014423076923076924 0.009615384615384616
0 0.4807692307692308 0.09975961538461539 0.06850961538461539 0.06610576923076923
0 0.6826923076923077 0.057692307692307696 0.038461538461538464 0.04326923076923077
0 0.9567307692307693 0.171875 0.040865384615384616 0.06370192307692307
0 0.4026442307692308 0.6298076923076923 0.052884615384615384 0.03245192307692308
0 0.3449519230769231 0.6298076923076923 0.06370192307692307 0.03245192307692308
0 0.27884615384615385 0.6334134615384616 0.06370192307692307 0.040865384615384616
0 0.21394230769230768 0.6322115384615384 0.06370192307692307 0.038461538461538464
0 0.14903846153846154 0.6322115384615384 0.06610576923076923 0.038461538461538464
0 0.08173076923076923 0.6334134615384616 0.06850961538461539 0.040865384615384616
0 0.02403846153846154 0.6346153846153846 0.04807692307692308 0.04326923076923077
0 0.3737980769230769 0.6838942307692307 0.06009615384615385 0.09375
0 0.3112980769230769 0.6850961538461539 0.06370192307692307 0.09615384615384616
0 0.4170673076923077 0.6850961538461539 0.025240384615384616 0.0889423076923077
0 0.18269230769230768 0.6887019230769231 0.06370192307692307 0.09615384615384616
0 0.24759615384615385 0.6887019230769231 0.06370192307692307 0.09375
0 0.11899038461538461 0.6899038461538461 0.06610576923076923 0.09375
0 0.04927884615384615 0.6935096153846154 0.06370192307692307 0.09615384615384616
0 0.008413461538461538 0.6947115384615384 0.016826923076923076 0.09615384615384616
0 0.39783653846153844 0.765625 0.057692307692307696 0.09134615384615384
0 0.2764423076923077 0.7680288461538461 0.06009615384615385 0.09375
0 0.33653846153846156 0.7680288461538461 0.06009615384615385 0.09134615384615384
0 0.21514423076923078 0.7692307692307693 0.06370192307692307 0.09134615384615384
0 0.14903846153846154 0.7716346153846154 0.06370192307692307 0.09134615384615384
0 0.08413461538461539 0.7740384615384616 0.06370192307692307 0.09134615384615384
0 0.026442307692307692 0.7764423076923077 0.052884615384615384 0.09375
0 0.2439903846153846 0.8461538461538461 0.06009615384615385 0.08533653846153846
0 0.41586538461538464 0.8461538461538461 0.027644230769230768 0.08533653846153846
0 0.1814903846153846 0.8497596153846154 0.06009615384615385 0.09134615384615384
0 0.31009615384615385 0.8497596153846154 0.06009615384615385 0.08533653846153846
0 0.3713942307692308 0.8497596153846154 0.057692307692307696 0.08533653846153846
0 0.11899038461538461 0.8509615384615384 0.06370192307692307 0.09134615384615384
0 0.046875 0.8641826923076923 0.06370192307692307 0.0889423076923077
0 0.006009615384615385 0.8653846153846154 0.01201923076923077 0.09134615384615384
0 0.27283653846153844 0.921875 0.057692307692307696 0.08533653846153846
0 0.3389423076923077 0.9254807692307693 0.06009615384615385 0.08052884615384616
0 0.21153846153846154 0.9254807692307693 0.06009615384615385 0.08052884615384616
0 0.39903846153846156 0.9266826923076923 0.055288461538461536 0.0829326923076923
0 0.1502403846153846 0.9278846153846154 0.06009615384615385 0.08533653846153846
0 0.08653846153846154 0.9290865384615384 0.06370192307692307 0.08533653846153846
0 0.025240384615384616 0.9423076923076923 0.05048076923076923 0.08533653846153846
0 0.3004807692307692 0.9759615384615384 0.06009615384615385 0.04807692307692308
0 0.2403846153846154 0.9771634615384616 0.055288461538461536 0.04567307692307692
0 0.36177884615384615 0.9783653846153846 0.057692307692307696 0.04326923076923077
0 0.41346153846153844 0.9783653846153846 0.03245192307692308 0.04326923076923077
0 0.18028846153846154 0.9783653846153846 0.057692307692307696 0.04326923076923077
0 0.12139423076923077 0.9795673076923077 0.06009615384615385 0.040865384615384616
0 0.05889423076923077 0.9807692307692307 0.057692307692307696 0.038461538461538464
0 0.43990384615384615 0.8209134615384616 0.020432692307692308 0.1466346153846154
0 0.5 0.8245192307692307 0.09615384615384616 0.14423076923076922
0 0.8846153846153846 0.8257211538461539 0.09375 0.14423076923076922
0 0.7908653846153846 0.8269230769230769 0.09615384615384616 0.14182692307692307
0 0.5973557692307693 0.828125 0.09375 0.13942307692307693
0 0.9651442307692307 0.8269230769230769 0.06971153846153846 0.1346153846153846
0 0.6947115384615384 0.8305288461538461 0.09375 0.14182692307692307
0 0.8341346153846154 0.9411057692307693 0.09134615384615384 0.11778846153846154
0 0.9879807692307693 0.9411057692307693 0.02403846153846154 0.11778846153846154
0 0.6454326923076923 0.9411057692307693 0.09375 0.11778846153846154
0 0.7415865384615384 0.9411057692307693 0.09375 0.11778846153846154
0 0.4639423076923077 0.9411057692307693 0.07211538461538461 0.11778846153846154
0 0.9302884615384616 0.9459134615384616 0.0889423076923077 0.10817307692307693
0 0.5504807692307693 0.9423076923076923 0.09134615384615384 0.11538461538461539
0 0.5480769230769231 0.6887019230769231 0.09615384615384616 0.14182692307692307
0 0.4639423076923077 0.6887019230769231 0.06850961538461539 0.14423076923076922
0 0.9927884615384616 0.6923076923076923 0.014423076923076924 0.13942307692307693
0 0.7427884615384616 0.6947115384615384 0.09375 0.14182692307692307
0 0.9362980769230769 0.6947115384615384 0.09615384615384616 0.14182692307692307
0 0.8389423076923077 0.6971153846153846 0.09134615384615384 0.1466346153846154
0 0.6466346153846154 0.6995192307692307 0.09615384615384616 0.14182692307692307