0 0.1875 0.40865384615384615 0.19951923076923078 0.2980769230769231
0 0.49759615384615385 0.4387019230769231 0.19471153846153846 0.2932692307692308
0 0.0625 0.5444711538461539 0.12379807692307693 0.2439903846153846
0 0.3004807692307692 0.5865384615384616 0.19951923076923078 0.15865384615384615
0 0.34615384615384615 0.22716346153846154 0.1971153846153846 0.30528846153846156
0 0.5733173076923077 0.25721153846153844 0.04447115384615385 0.30528846153846156
0 0.8377403846153846 0.3088942307692308 0.15625 0.21514423076923078
0 0.45552884615384615 0.6790865384615384 0.04927884615384615 0.026442307692307692
0 0.3870192307692308 0.6935096153846154 0.051682692307692304 0.056490384615384616
0 0.33533653846153844 0.7055288461538461 0.056490384615384616 0.08052884615384616
0 0.2091346153846154 0.7439903846153846 0.06370192307692307 0.11658653846153846
0 0.28725961538461536 0.7463942307692307 0.0733173076923077 0.11177884615384616
0 0.1466346153846154 0.7884615384615384 0.09254807692307693 0.14182692307692307
0 0.796875 0.8329326923076923 0.40625 0.33413461538461536