0 0.06129807692307692 0.35336538461538464 0.05048076923076923 0.08774038461538461
0 0.016826923076923076 0.3557692307692308 0.03365384615384615 0.09014423076923077
0 0.9831730769230769 0.14182692307692307 0.03365384615384615 0.06610576923076923
0 0.7439903846153846 0.026442307692307692 0.05048076923076923 0.052884615384615384
0 0.921875 0.08413461538461539 0.052884615384615384 0.06850961538461539
0 0.890625 0.13942307692307693 0.052884615384615384 0.06610576923076923
0 0.9423076923076923 0.140625 0.052884615384615384 0.06610576923076923
0 0.8293269230769231 0.2439903846153846 0.05048076923076923 0.06370192307692307
0 0.6598557692307693 0.28725961538461536 0.04567307692307692 0.06009615384615385
0 0.625 0.28365384615384615 0.026442307692307692 0.057692307692307696
0 0.6370192307692307 0.33533653846153844 0.04567307692307692 0.057692307692307696
0 0.8004807692307693 0.2932692307692308 0.05048076923076923 0.06009615384615385
0 0.8798076923076923 0.24639423076923078 0.052884615384615384 0.06370192307692307
0 0.8485576923076923 0.027644230769230768 0.055288461538461536 0.055288461538461536
0 0.6935096153846154 0.025240384615384616 0.05048076923076923 0.05048076923076923
0 0.9194711538461539 0.35336538461538464 0.05048076923076923 0.06009615384615385
0 0.6430288461538461 0.025240384615384616 0.04807692307692308 0.05048076923076923
0 0.9002403846153846 0.028846153846153848 0.052884615384615384 0.057692307692307696
0 0.7740384615384616 0.3425480769230769 0.04807692307692308 0.06009615384615385
0 0.625 0.1814903846153846 0.026442307692307692 0.06370192307692307
0 0.7019230769230769 0.3798076923076923 0.04807692307692308 0.040865384615384616
0 0.7475961538461539 0.3798076923076923 0.04807692307692308 0.040865384615384616
0 0.7956730769230769 0.026442307692307692 0.052884615384615384 0.052884615384615384
0 0.8701923076923077 0.34975961538461536 0.05048076923076923 0.06009615384615385
0 0.8389423076923077 0.13581730769230768 0.052884615384615384 0.06610576923076923
0 0.9615384615384616 0.19831730769230768 0.052884615384615384 0.06610576923076923
0 0.9891826923076923 0.030048076923076924 0.021634615384615384 0.06009615384615385
0 0.8990384615384616 0.29927884615384615 0.052884615384615384 0.06009615384615385
0 0.8185096153846154 0.07932692307692307 0.052884615384615384 0.06850961538461539
0 0.8882211538461539 0.3858173076923077 0.04807692307692308 0.028846153846153848
0 0.65625 0.37740384615384615 0.04567307692307692 0.04567307692307692
0 0.9735576923076923 0.08653846153846154 0.052884615384615384 0.06850961538461539
0 0.7271634615384616 0.34134615384615385 0.04807692307692308 0.06009615384615385
0 0.8221153846153846 0.34615384615384615 0.05048076923076923 0.06009615384615385
0 0.7668269230769231 0.078125 0.052884615384615384 0.06610576923076923
0 0.6814903846153846 0.3389423076923077 0.04807692307692308 0.057692307692307696
0 0.9110576923076923 0.1971153846153846 0.052884615384615384 0.06610576923076923
0 0.6899038461538461 0.1310096153846154 0.05048076923076923 0.06610576923076923
0 0.8413461538461539 0.38461538461538464 0.05048076923076923 0.03125
0 0.7800480769230769 0.2403846153846154 0.05048076923076923 0.06370192307692307
0 0.6274038461538461 0.0733173076923077 0.03125 0.06850961538461539
0 0.6418269230769231 0.12980769230769232 0.04807692307692308 0.06610576923076923
0 0.8701923076923077 0.08173076923076923 0.052884615384615384 0.06850961538461539
0 0.6670673076923077 0.07572115384615384 0.05048076923076923 0.06850961538461539
0 0.7067307692307693 0.28846153846153844 0.04807692307692308 0.06009615384615385
0 0.9543269230769231 0.030048076923076924 0.052884615384615384 0.06009615384615385
0 0.7932692307692307 0.38221153846153844 0.04807692307692308 0.036057692307692304
0 0.6394230769230769 0.23557692307692307 0.04807692307692308 0.06009615384615385
0 0.7524038461538461 0.29086538461538464 0.04807692307692308 0.06009615384615385
0 0.6634615384615384 0.18389423076923078 0.04807692307692308 0.06370192307692307
0 0.7163461538461539 0.07572115384615384 0.05048076923076923 0.06850961538461539
0 0.859375 0.19230769230769232 0.052884615384615384 0.06610576923076923
0 0.6850961538461539 0.23677884615384615 0.04807692307692308 0.06009615384615385
0 0.7872596153846154 0.1346153846153846 0.052884615384615384 0.06610576923076923
0 0.8497596153846154 0.2956730769230769 0.05048076923076923 0.06009615384615385
0 0.9302884615384616 0.2512019230769231 0.052884615384615384 0.06370192307692307
0 0.9387019230769231 0.3870192307692308 0.05048076923076923 0.026442307692307692
0 0.7379807692307693 0.13221153846153846 0.05048076923076923 0.06610576923076923
0 0.7596153846153846 0.18629807692307693 0.05048076923076923 0.06370192307692307
0 0.9771634615384616 0.25240384615384615 0.04567307692307692 0.06370192307692307
0 0.9507211538461539 0.30288461538461536 0.05048076923076923 0.06009615384615385
0 0.6225961538461539 0.3762019230769231 0.021634615384615384 0.04807692307692308
0 0.9699519230769231 0.35697115384615385 0.05048076923076923 0.06009615384615385
0 0.7319711538461539 0.23798076923076922 0.04807692307692308 0.06009615384615385
0 0.8088942307692307 0.18990384615384615 0.05048076923076923 0.06370192307692307
0 0.7115384615384616 0.18509615384615385 0.04807692307692308 0.06370192307692307
0 0.5997596153846154 0.4639423076923077 0.02403846153846154 0.12620192307692307
0 0.5372596153846154 0.4651442307692308 0.09495192307692307 0.12860576923076922
0 0.4411057692307692 0.46634615384615385 0.09495192307692307 0.1310096153846154
0 0.3473557692307692 0.4675480769230769 0.09254807692307693 0.13341346153846154
0 0.010817307692307692 0.4675480769230769 0.021634615384615384 0.13341346153846154
0 0.06850961538461539 0.4675480769230769 0.09254807692307693 0.13341346153846154
0 0.2536057692307692 0.46875 0.09014423076923077 0.13341346153846154
0 0.15985576923076922 0.47115384615384615 0.09014423076923077 0.13581730769230768
0 0.5733173076923077 0.5865384615384616 0.078125 0.13822115384615385
0 0.48677884615384615 0.5877403846153846 0.09014423076923077 0.13822115384615385
0 0.03245192307692308 0.5865384615384616 0.06490384615384616 0.12980769230769232
0 0.20673076923076922 0.5901442307692307 0.09014423076923077 0.13581730769230768
0 0.11538461538461539 0.5901442307692307 0.09014423076923077 0.13341346153846154
0 0.3918269230769231 0.5901442307692307 0.09254807692307693 0.13341346153846154
0 0.296875 0.5925480769230769 0.08774038461538461 0.13341346153846154
0 0.010817307692307692 0.7067307692307693 0.021634615384615384 0.13581730769230768
0 0.2512019230769231 0.7079326923076923 0.08774038461538461 0.13341346153846154
0 0.15985576923076922 0.7091346153846154 0.08774038461538461 0.13341346153846154
0 0.06971153846153846 0.7091346153846154 0.08774038461538461 0.13822115384615385
0 0.43509615384615385 0.7091346153846154 0.09014423076923077 0.13341346153846154
0 0.5288461538461539 0.7103365384615384 0.09254807692307693 0.13341346153846154
0 0.3449519230769231 0.7103365384615384 0.09014423076923077 0.13581730769230768
0 0.5949519230769231 0.7103365384615384 0.03365384615384615 0.13341346153846154
0 0.29447115384615385 0.8245192307692307 0.08774038461538461 0.12860576923076922
0 0.03245192307692308 0.8233173076923077 0.06490384615384616 0.13221153846153846
0 0.11658653846153846 0.8269230769230769 0.09254807692307693 0.1310096153846154
0 0.38822115384615385 0.8269230769230769 0.09014423076923077 0.13341346153846154
0 0.20673076923076922 0.828125 0.08774038461538461 0.1310096153846154
0 0.4831730769230769 0.8305288461538461 0.09254807692307693 0.13581730769230768
0 0.5709134615384616 0.8293269230769231 0.0829326923076923 0.13822115384615385
0 0.07091346153846154 0.9362980769230769 0.08774038461538461 0.12620192307692307
0 0.01201923076923077 0.9375 0.02403846153846154 0.125
0 0.3389423076923077 0.9375 0.08653846153846154 0.125
0 0.24879807692307693 0.9387019230769231 0.0889423076923077 0.12259615384615384
0 0.15745192307692307 0.9387019230769231 0.0889423076923077 0.12259615384615384
0 0.43149038461538464 0.9387019230769231 0.0889423076923077 0.12259615384615384
0 0.5240384615384616 0.9387019230769231 0.09134615384615384 0.12259615384615384
0 0.5901442307692307 0.9387019230769231 0.040865384615384616 0.12259615384615384
0 0.7716346153846154 0.5901442307692307 0.32091346153846156 0.2620192307692308
0 0.7620192307692307 0.8521634615384616 0.3004807692307692 0.2956730769230769