0 0.11298076923076923 0.055288461538461536 0.11177884615384616 0.109375
0 0.20552884615384615 0.47596153846153844 0.1201923076923077 0.3173076923076923
0 0.3016826923076923 0.04807692307692308 0.0985576923076923 0.09615384615384616
0 0.3918269230769231 0.03485576923076923 0.09134615384615384 0.06971153846153846
0 0.46875 0.042067307692307696 0.078125 0.0829326923076923
0 0.3076923076923077 0.4639423076923077 0.0985576923076923 0.3076923076923077
0 0.40024038461538464 0.4483173076923077 0.09134615384615384 0.29927884615384615
0 0.47596153846153844 0.43990384615384615 0.08052884615384616 0.28365384615384615
0 0.5168269230769231 0.41947115384615385 0.018028846153846152 0.2764423076923077
0 0.20793269230769232 0.04927884615384615 0.1045673076923077 0.0985576923076923
0 0.23076923076923078 0.18870192307692307 0.09375 0.28846153846153844
0 0.35697115384615385 0.1971153846153846 0.09375 0.30408653846153844
0 0.43990384615384615 0.19831730769230768 0.09615384615384616 0.28846153846153844
0 0.49759615384615385 0.19110576923076922 0.057692307692307696 0.28365384615384615
0 0.13701923076923078 0.21754807692307693 0.11778846153846154 0.3125
0 0.8425480769230769 0.20673076923076922 0.16706730769230768 0.22956730769230768
0 0.5048076923076923 0.9759615384615384 0.042067307692307696 0.046875
0 0.43990384615384615 0.9651442307692307 0.1201923076923077 0.06971153846153846
0 0.3329326923076923 0.953125 0.14543269230769232 0.09375
0 0.19110576923076922 0.9459134615384616 0.15144230769230768 0.10817307692307693
0 0.48197115384615385 0.8930288461538461 0.0889423076923077 0.15144230769230768
0 0.3870192307692308 0.8677884615384616 0.12259615384615384 0.16706730769230768
0 0.26802884615384615 0.8329326923076923 0.13581730769230768 0.16947115384615385
0 0.12139423076923077 0.8161057692307693 0.16706730769230768 0.18990384615384615
0 0.5060096153846154 0.7872596153846154 0.038461538461538464 0.13822115384615385
0 0.43990384615384615 0.7536057692307693 0.1141826923076923 0.14783653846153846
0 0.33052884615384615 0.7163461538461539 0.13221153846153846 0.16105769230769232
0 0.19951923076923078 0.6983173076923077 0.14302884615384615 0.125
0 0.4807692307692308 0.6814903846153846 0.09134615384615384 0.09134615384615384
0 0.0673076923076923 0.6838942307692307 0.1346153846153846 0.0985576923076923
0 0.38461538461538464 0.6598557692307693 0.11778846153846154 0.04927884615384615
0 0.8822115384615384 0.828125 0.234375 0.34375
0 0.640625 0.8269230769230769 0.22956730769230768 0.34615384615384615
0 0.7560096153846154 0.9831730769230769 0.23677884615384615 0.03365384615384615
0 0.5757211538461539 0.9771634615384616 0.0985576923076923 0.04567307692307692