0 0.026442307692307692 0.03125 0.052884615384615384 0.0625
0 0.11057692307692307 0.037259615384615384 0.08413461538461539 0.07451923076923077
0 0.18629807692307693 0.038461538461538464 0.07692307692307693 0.07692307692307693
0 0.2536057692307692 0.028846153846153848 0.07451923076923077 0.057692307692307696
0 0.30288461538461536 0.03365384615384615 0.06129807692307692 0.06610576923076923
0 0.030048076923076924 0.4230769230769231 0.06009615384615385 0.28846153846153844
0 0.09254807692307693 0.40625 0.07932692307692307 0.2776442307692308
0 0.015625 0.17908653846153846 0.03125 0.2932692307692308
0 0.052884615384615384 0.17427884615384615 0.07692307692307693 0.28846153846153844
0 0.14302884615384615 0.17307692307692307 0.07692307692307693 0.2776442307692308
0 0.2127403846153846 0.17427884615384615 0.06850961538461539 0.2704326923076923
0 0.27163461538461536 0.16105769230769232 0.06610576923076923 0.24879807692307693
0 0.3245192307692308 0.1658653846153846 0.018028846153846152 0.2512019230769231
0 0.15504807692307693 0.3918269230769231 0.07692307692307693 0.2620192307692308
0 0.24278846153846154 0.3954326923076923 0.07091346153846154 0.25721153846153844
0 0.2980769230769231 0.3786057692307692 0.06610576923076923 0.2536057692307692
0 0.9326923076923077 0.6334134615384616 0.1141826923076923 0.04447115384615385
0 0.36658653846153844 0.6213942307692307 0.06610576923076923 0.06850961538461539
0 0.9711538461538461 0.5757211538461539 0.057692307692307696 0.1502403846153846
0 0.7199519230769231 0.5637019230769231 0.11658653846153846 0.18509615384615385
0 0.8846153846153846 0.5408653846153846 0.09735576923076923 0.15865384615384615
0 0.4170673076923077 0.5180288461538461 0.1141826923076923 0.17668269230769232
0 0.6033653846153846 0.5168269230769231 0.12379807692307693 0.20072115384615385
0 0.8317307692307693 0.4651442307692308 0.10096153846153846 0.15625
0 0.47475961538461536 0.38100961538461536 0.10336538461538461 0.16706730769230768
0 0.6009615384615384 0.37740384615384615 0.10576923076923077 0.13221153846153846
0 0.37740384615384615 0.3629807692307692 0.08774038461538461 0.16947115384615385
0 0.8197115384615384 0.29447115384615385 0.11057692307692307 0.17668269230769232
0 0.6478365384615384 0.27884615384615385 0.10576923076923077 0.16105769230769232
0 0.9651442307692307 0.23557692307692307 0.06850961538461539 0.16947115384615385
0 0.5480769230769231 0.234375 0.10817307692307693 0.16346153846153846
0 0.3557692307692308 0.203125 0.04447115384615385 0.16346153846153846
0 0.6754807692307693 0.203125 0.09495192307692307 0.1346153846153846
0 0.4266826923076923 0.20072115384615385 0.10576923076923077 0.16346153846153846
0 0.5829326923076923 0.16105769230769232 0.09254807692307693 0.140625
0 0.8257211538461539 0.1502403846153846 0.09495192307692307 0.13701923076923078
0 0.9615384615384616 0.11899038461538461 0.07692307692307693 0.11658653846153846
0 0.4891826923076923 0.1045673076923077 0.10336538461538461 0.15384615384615385
0 0.640625 0.07572115384615384 0.09014423076923077 0.1502403846153846
0 0.9711538461538461 0.06971153846153846 0.057692307692307696 0.12379807692307693
0 0.7668269230769231 0.07091346153846154 0.10096153846153846 0.14182692307692307
0 0.8930288461538461 0.056490384615384616 0.0889423076923077 0.11298076923076923
0 0.34975961538461536 0.042067307692307696 0.03125 0.08413461538461539
0 0.4182692307692308 0.038461538461538464 0.11057692307692307 0.07692307692307693
0 0.5889423076923077 0.026442307692307692 0.10336538461538461 0.052884615384615384
0 0.7019230769230769 0.020432692307692308 0.09735576923076923 0.039663461538461536
0 0.9555288461538461 0.004807692307692308 0.08413461538461539 0.009615384615384616
0 0.08173076923076923 0.9663461538461539 0.07451923076923077 0.06610576923076923
0 0.1658653846153846 0.9555288461538461 0.09615384615384616 0.0889423076923077
0 0.30649038461538464 0.9555288461538461 0.05048076923076923 0.0889423076923077
0 0.23918269230769232 0.9615384615384616 0.07091346153846154 0.07692307692307693
0 0.08774038461538461 0.8689903846153846 0.09735576923076923 0.140625
0 0.25 0.8665865384615384 0.09495192307692307 0.14543269230769232
0 0.16346153846153846 0.8641826923076923 0.07091346153846154 0.11057692307692307
0 0.3112980769230769 0.8605769230769231 0.04447115384615385 0.10817307692307693
0 0.3076923076923077 0.7451923076923077 0.05048076923076923 0.140625
0 0.16947115384615385 0.7451923076923077 0.09254807692307693 0.140625
0 0.2403846153846154 0.7427884615384616 0.06850961538461539 0.10576923076923077
0 0.08413461538461539 0.7427884615384616 0.07091346153846154 0.11057692307692307
0 0.9002403846153846 0.9266826923076923 0.19831730769230768 0.14543269230769232
0 0.6947115384615384 0.9230769230769231 0.2091346153846154 0.15384615384615385
0 0.4723557692307692 0.9194711538461539 0.21394230769230768 0.16105769230769232
0 0.7944711538461539 0.7884615384615384 0.203125 0.1875
0 0.9579326923076923 0.7860576923076923 0.08413461538461539 0.18509615384615385
0 0.5829326923076923 0.7788461538461539 0.21153846153846154 0.1875
0 0.39663461538461536 0.7620192307692307 0.12740384615384615 0.18990384615384615
0 0.8942307692307693 0.6887019230769231 0.20072115384615385 0.06610576923076923
0 0.6814903846153846 0.6862980769230769 0.19831730769230768 0.06129807692307692
0 0.47716346153846156 0.6814903846153846 0.203125 0.05048076923076923