0 0.03125 0.03365384615384615 0.06129807692307692 0.0673076923076923
0 0.09134615384615384 0.039663461538461536 0.07451923076923077 0.07932692307692307
0 0.18269230769230768 0.04447115384615385 0.07932692307692307 0.0889423076923077
0 0.2536057692307692 0.04567307692307692 0.07211538461538461 0.09134615384615384
0 0.3173076923076923 0.037259615384615384 0.06971153846153846 0.07451923076923077
0 0.3629807692307692 0.040865384615384616 0.056490384615384616 0.08173076923076923
0 0.03485576923076923 0.42427884615384615 0.06971153846153846 0.2848557692307692
0 0.0985576923076923 0.4182692307692308 0.07692307692307693 0.2692307692307692
0 0.1658653846153846 0.40024038461538464 0.07451923076923077 0.25961538461538464
0 0.013221153846153846 0.18389423076923078 0.026442307692307692 0.2860576923076923
0 0.06490384615384616 0.18870192307692307 0.09134615384615384 0.27524038461538464
0 0.12860576923076922 0.18269230769230768 0.07211538461538461 0.2692307692307692
0 0.2127403846153846 0.1814903846153846 0.07211538461538461 0.25961538461538464
0 0.27884615384615385 0.18269230769230768 0.06490384615384616 0.25240384615384615
0 0.3329326923076923 0.17067307692307693 0.06129807692307692 0.23317307692307693
0 0.38221153846153844 0.17427884615384615 0.016826923076923076 0.23557692307692307
0 0.22355769230769232 0.3858173076923077 0.07211538461538461 0.24519230769230768
0 0.30649038461538464 0.3894230769230769 0.0673076923076923 0.2403846153846154
0 0.3581730769230769 0.3737980769230769 0.06129807692307692 0.23798076923076922
0 0.9495192307692307 0.6129807692307693 0.10096153846153846 0.042067307692307696
0 0.421875 0.6009615384615384 0.06129807692307692 0.06490384615384616
0 0.9795673076923077 0.5564903846153846 0.040865384615384616 0.14182692307692307
0 0.7524038461538461 0.546875 0.109375 0.17307692307692307
0 0.9074519230769231 0.5264423076923077 0.09134615384615384 0.14903846153846154
0 0.46875 0.5048076923076923 0.10697115384615384 0.1658653846153846
0 0.6430288461538461 0.5036057692307693 0.11658653846153846 0.18870192307692307
0 0.8581730769230769 0.45552884615384615 0.09375 0.1466346153846154
0 0.5240384615384616 0.3762019230769231 0.09615384615384616 0.15625
0 0.640625 0.37259615384615385 0.0985576923076923 0.12379807692307693
0 0.43149038461538464 0.359375 0.08173076923076923 0.15865384615384615
0 0.8461538461538461 0.2956730769230769 0.10336538461538461 0.1658653846153846
0 0.6850961538461539 0.28125 0.0985576923076923 0.15144230769230768
0 0.9747596153846154 0.2403846153846154 0.04927884615384615 0.15865384615384615
0 0.5913461538461539 0.23918269230769232 0.10096153846153846 0.15384615384615385
0 0.41225961538461536 0.21033653846153846 0.042067307692307696 0.15384615384615385
0 0.7115384615384616 0.21033653846153846 0.0889423076923077 0.12620192307692307
0 0.47836538461538464 0.20793269230769232 0.0985576923076923 0.15384615384615385
0 0.625 0.17067307692307693 0.08653846153846154 0.1310096153846154
0 0.8509615384615384 0.16105769230769232 0.0889423076923077 0.12860576923076922
0 0.9711538461538461 0.1310096153846154 0.056490384615384616 0.109375
0 0.5372596153846154 0.11778846153846154 0.09615384615384616 0.14302884615384615
0 0.6778846153846154 0.09014423076923077 0.08413461538461539 0.140625
0 0.9795673076923077 0.08413461538461539 0.040865384615384616 0.11538461538461539
0 0.7980769230769231 0.08052884615384616 0.09375 0.1466346153846154
0 0.9158653846153846 0.06370192307692307 0.08413461538461539 0.12620192307692307
0 0.40625 0.04927884615384615 0.030048076923076924 0.0985576923076923
0 0.4699519230769231 0.04567307692307692 0.10336538461538461 0.09134615384615384
0 0.6298076923076923 0.03485576923076923 0.09615384615384616 0.06971153846153846
0 0.7367788461538461 0.028846153846153848 0.09134615384615384 0.056490384615384616
0 0.9663461538461539 0.014423076923076924 0.0673076923076923 0.028846153846153848
0 0.15745192307692307 0.9435096153846154 0.06971153846153846 0.09615384615384616
0 0.23557692307692307 0.9362980769230769 0.0889423076923077 0.12620192307692307
0 0.03245192307692308 0.9362980769230769 0.06490384615384616 0.12620192307692307
0 0.36778846153846156 0.9362980769230769 0.046875 0.12620192307692307
0 0.30408653846153844 0.9362980769230769 0.0673076923076923 0.10697115384615384
0 0.16105769230769232 0.8329326923076923 0.09134615384615384 0.1310096153846154
0 0.3137019230769231 0.8305288461538461 0.0889423076923077 0.13581730769230768
0 0.03125 0.8269230769230769 0.06129807692307692 0.09375
0 0.23317307692307693 0.828125 0.0673076923076923 0.10336538461538461
0 0.3701923076923077 0.8257211538461539 0.042067307692307696 0.10096153846153846
0 0.03245192307692308 0.7175480769230769 0.06490384615384616 0.13341346153846154
0 0.36778846153846156 0.7163461538461539 0.046875 0.1310096153846154
0 0.23798076923076922 0.7163461538461539 0.08653846153846154 0.1310096153846154
0 0.30408653846153844 0.7151442307692307 0.06490384615384616 0.0985576923076923
0 0.15865384615384615 0.7151442307692307 0.0673076923076923 0.10336538461538461
0 0.3088942307692308 0.9927884615384616 0.08413461538461539 0.014423076923076924
0 0.8317307692307693 0.984375 0.20192307692307693 0.03125
0 0.6213942307692307 0.9807692307692307 0.20432692307692307 0.038461538461538464
0 0.9146634615384616 0.9098557692307693 0.17067307692307693 0.18028846153846154
0 0.7283653846153846 0.9050480769230769 0.19591346153846154 0.18269230769230768
0 0.5216346153846154 0.8990384615384616 0.20072115384615385 0.18509615384615385
0 0.8233173076923077 0.7572115384615384 0.19110576923076922 0.17548076923076922
0 0.9675480769230769 0.7548076923076923 0.06490384615384616 0.17307692307692307
0 0.625 0.7487980769230769 0.19831730769230768 0.17548076923076922
0 0.45072115384615385 0.7331730769230769 0.11899038461538461 0.1778846153846154
0 0.9110576923076923 0.6646634615384616 0.1778846153846154 0.06129807692307692
0 0.7163461538461539 0.6622596153846154 0.18509615384615385 0.056490384615384616
0 0.5264423076923077 0.6574519230769231 0.19110576923076922 0.046875