0 0.17067307692307693 0.03125 0.08173076923076923 0.06129807692307692
0 0.30649038461538464 0.030048076923076924 0.06610576923076923 0.05889423076923077
0 0.09615384615384616 0.036057692307692304 0.07932692307692307 0.07091346153846154
0 0.20552884615384615 0.09495192307692307 0.08413461538461539 0.10336538461538461
0 0.027644230769230768 0.5817307692307693 0.054086538461538464 0.014423076923076924
0 0.038461538461538464 0.5048076923076923 0.07692307692307693 0.10336538461538461
0 0.07572115384615384 0.41947115384615385 0.08653846153846154 0.11298076923076923
0 0.08413461538461539 0.5649038461538461 0.07932692307692307 0.046875
0 0.11658653846153846 0.49158653846153844 0.08173076923076923 0.10336538461538461
0 0.16105769230769232 0.5540865384615384 0.07692307692307693 0.06850961538461539
0 0.23918269230769232 0.5456730769230769 0.07932692307692307 0.08653846153846154
0 0.1971153846153846 0.4855769230769231 0.08173076923076923 0.10336538461538461
0 0.15625 0.40625 0.08413461538461539 0.10336538461538461
0 0.234375 0.39663461538461536 0.08173076923076923 0.10096153846153846
0 0.2764423076923077 0.4651442307692308 0.07932692307692307 0.10336538461538461
0 0.28125 0.5841346153846154 0.06850961538461539 0.009615384615384616
0 0.3088942307692308 0.5384615384615384 0.08173076923076923 0.09615384615384616
0 0.03125 0.036057692307692304 0.06129807692307692 0.07091346153846154
0 0.051682692307692304 0.10576923076923077 0.08173076923076923 0.11298076923076923
0 0.12620192307692307 0.09615384615384616 0.08173076923076923 0.0985576923076923
0 0.09134615384615384 0.18629807692307693 0.08173076923076923 0.10336538461538461
0 0.16826923076923078 0.18509615384615385 0.07692307692307693 0.10576923076923077
0 0.23677884615384615 0.18028846153846154 0.0733173076923077 0.0985576923076923
0 0.20552884615384615 0.09375 0.07692307692307693 0.10817307692307693
0 0.24278846153846154 0.03125 0.07091346153846154 0.06129807692307692
0 0.2800480769230769 0.09615384615384616 0.07091346153846154 0.0985576923076923
0 0.3269230769230769 0.09375 0.04447115384615385 0.08173076923076923
0 0.36538461538461536 0.09254807692307693 0.04447115384615385 0.07091346153846154
0 0.3545673076923077 0.03365384615384615 0.04927884615384615 0.06610576923076923
0 0.453125 0.036057692307692304 0.054086538461538464 0.07091346153846154
0 0.39663461538461536 0.03245192307692308 0.04447115384615385 0.06370192307692307
0 0.41346153846153844 0.09134615384615384 0.051682692307692304 0.07932692307692307
0 0.296875 0.38822115384615385 0.054086538461538464 0.08173076923076923
0 0.32572115384615385 0.4375 0.04927884615384615 0.07932692307692307
0 0.35697115384615385 0.4951923076923077 0.054086538461538464 0.07932692307692307
0 0.3954326923076923 0.47716346153846156 0.04447115384615385 0.0733173076923077
0 0.38221153846153844 0.43028846153846156 0.04927884615384615 0.06850961538461539
0 0.3389423076923077 0.36538461538461536 0.046875 0.07091346153846154
0 0.3161057692307692 0.31490384615384615 0.051682692307692304 0.07932692307692307
0 0.39663461538461536 0.35336538461538464 0.051682692307692304 0.07091346153846154
0 0.44711538461538464 0.45552884615384615 0.04927884615384615 0.07932692307692307
0 0.4206730769230769 0.4014423076923077 0.042067307692307696 0.07091346153846154
0 0.4639423076923077 0.3894230769230769 0.051682692307692304 0.06129807692307692
0 0.49278846153846156 0.33052884615384615 0.046875 0.07091346153846154
0 0.4375 0.3329326923076923 0.042067307692307696 0.07091346153846154
0 0.3641826923076923 0.2980769230769231 0.04927884615384615 0.07091346153846154
0 0.3401442307692308 0.24278846153846154 0.054086538461538464 0.07692307692307693
0 0.3954326923076923 0.23076923076923078 0.054086538461538464 0.07692307692307693
0 0.41225961538461536 0.2848557692307692 0.051682692307692304 0.07091346153846154
0 0.44350961538461536 0.21875 0.054086538461538464 0.07932692307692307
0 0.4543269230769231 0.265625 0.04927884615384615 0.06370192307692307
0 0.5625 0.33052884615384615 0.01201923076923077 0.0733173076923077
0 0.5637019230769231 0.25600961538461536 0.009615384615384616 0.0733173076923077
0 0.9050480769230769 0.1875 0.10096153846153846 0.15264423076923078
0 0.7307692307692307 0.19831730769230768 0.0985576923076923 0.15264423076923078
0 0.9735576923076923 0.25240384615384615 0.051682692307692304 0.1502403846153846
0 0.8197115384615384 0.27163461538461536 0.10096153846153846 0.15504807692307693
0 0.6358173076923077 0.30528846153846156 0.10576923076923077 0.15745192307692307
0 0.9122596153846154 0.3389423076923077 0.10336538461538461 0.14543269230769232
0 0.7367788461538461 0.359375 0.10336538461538461 0.14783653846153846
0 0.5841346153846154 0.38822115384615385 0.030048076923076924 0.15504807692307693
0 0.8293269230769231 0.4266826923076923 0.0985576923076923 0.1502403846153846
0 0.6502403846153846 0.4387019230769231 0.10096153846153846 0.140625
0 0.921875 0.4807692307692308 0.0985576923076923 0.140625
0 0.7403846153846154 0.4987980769230769 0.0985576923076923 0.13822115384615385
0 0.5877403846153846 0.5264423076923077 0.037259615384615384 0.12620192307692307
0 0.9783653846153846 0.5288461538461539 0.04326923076923077 0.1201923076923077
0 0.828125 0.5420673076923077 0.0985576923076923 0.09375
0 0.65625 0.5456730769230769 0.10096153846153846 0.08653846153846154
0 0.9170673076923077 0.5697115384615384 0.10096153846153846 0.037259615384615384
0 0.02283653846153846 0.6358173076923077 0.04567307692307692 0.09375
0 0.06971153846153846 0.7512019230769231 0.09615384615384616 0.14302884615384615
0 0.015625 0.7512019230769231 0.03125 0.15144230769230768
0 0.41947115384615385 0.6670673076923077 0.10576923076923077 0.14783653846153846
0 0.31850961538461536 0.6670673076923077 0.11057692307692307 0.15745192307692307
0 0.21875 0.6622596153846154 0.0985576923076923 0.14783653846153846
0 0.5036057692307693 0.8233173076923077 0.11538461538461539 0.1622596153846154
0 0.39783653846153844 0.8221153846153846 0.10817307692307693 0.15264423076923078
0 0.296875 0.8173076923076923 0.10576923076923077 0.15985576923076922
0 0.20072115384615385 0.8125 0.10096153846153846 0.1502403846153846
0 0.6021634615384616 0.6634615384615384 0.06610576923076923 0.1502403846153846
0 0.7055288461538461 0.65625 0.14543269230769232 0.13581730769230768
0 0.9615384615384616 0.6658653846153846 0.07692307692307693 0.15504807692307693
0 0.8545673076923077 0.671875 0.1622596153846154 0.16706730769230768
0 0.5985576923076923 0.8413461538461539 0.05889423076923077 0.21875
0 0.8473557692307693 0.8497596153846154 0.14783653846153846 0.21634615384615385
0 0.6995192307692307 0.8509615384615384 0.1622596153846154 0.24879807692307693
0 0.9603365384615384 0.8677884615384616 0.07932692307692307 0.24879807692307693
0 0.6995192307692307 0.9771634615384616 0.15384615384615385 0.04567307692307692
0 0.9579326923076923 0.9819711538461539 0.08413461538461539 0.036057692307692304
0 0.8509615384615384 0.9879807692307693 0.16466346153846154 0.02403846153846154