0 0.07932692307692307 0.5096153846153846 0.15865384615384615 0.12620192307692307
0 0.25 0.5024038461538461 0.1814903846153846 0.14182692307692307
0 0.14182692307692307 0.3425480769230769 0.21153846153846154 0.29086538461538464
0 0.29447115384615385 0.33052884615384615 0.09375 0.24759615384615385
0 0.3942307692307692 0.4266826923076923 0.10576923076923077 0.2932692307692308
0 0.5288461538461539 0.4387019230769231 0.18389423076923078 0.2704326923076923
0 0.7055288461538461 0.45072115384615385 0.18990384615384615 0.24519230769230768
0 0.8882211538461539 0.44471153846153844 0.19471153846153846 0.25721153846153844
0 0.9831730769230769 0.44350961538461536 0.03245192307692308 0.25961538461538464
0 0.42788461538461536 0.11899038461538461 0.17427884615384615 0.23677884615384615
0 0.5997596153846154 0.11538461538461539 0.18389423076923078 0.22956730769230768
0 0.7776442307692307 0.12980769230769232 0.18629807692307693 0.25961538461538464
0 0.9290865384615384 0.125 0.14182692307692307 0.25
0 0.09014423076923077 0.7860576923076923 0.17908653846153846 0.4266826923076923
0 0.36177884615384615 0.8269230769230769 0.04326923076923077 0.057692307692307696
0 0.4050480769230769 0.8257211538461539 0.04326923076923077 0.06009615384615385
0 0.44711538461538464 0.8257211538461539 0.04567307692307692 0.057692307692307696
0 0.49038461538461536 0.8245192307692307 0.04326923076923077 0.057692307692307696
0 0.53125 0.8233173076923077 0.04326923076923077 0.057692307692307696
0 0.5733173076923077 0.8221153846153846 0.04326923076923077 0.057692307692307696
0 0.6153846153846154 0.8197115384615384 0.04326923076923077 0.057692307692307696
0 0.6574519230769231 0.8173076923076923 0.04567307692307692 0.06009615384615385
0 0.6995192307692307 0.8149038461538461 0.04567307692307692 0.057692307692307696
0 0.7427884615384616 0.8137019230769231 0.04567307692307692 0.057692307692307696
0 0.7848557692307693 0.8100961538461539 0.04567307692307692 0.057692307692307696
0 0.8293269230769231 0.8076923076923077 0.04567307692307692 0.057692307692307696
0 0.8737980769230769 0.8052884615384616 0.04567307692307692 0.06009615384615385
0 0.9182692307692307 0.8040865384615384 0.04567307692307692 0.06009615384615385
0 0.9615384615384616 0.8016826923076923 0.04567307692307692 0.057692307692307696
0 0.35216346153846156 0.7800480769230769 0.02283653846153846 0.055288461538461536
0 0.38341346153846156 0.7800480769230769 0.04326923076923077 0.057692307692307696
0 0.4254807692307692 0.7788461538461539 0.04326923076923077 0.057692307692307696
0 0.46875 0.7776442307692307 0.04326923076923077 0.055288461538461536
0 0.5096153846153846 0.7776442307692307 0.04326923076923077 0.057692307692307696
0 0.5516826923076923 0.7764423076923077 0.040865384615384616 0.057692307692307696
0 0.59375 0.7740384615384616 0.04326923076923077 0.057692307692307696
0 0.6346153846153846 0.7728365384615384 0.04326923076923077 0.057692307692307696
0 0.6778846153846154 0.7692307692307693 0.04567307692307692 0.057692307692307696
0 0.7199519230769231 0.7680288461538461 0.04326923076923077 0.057692307692307696
0 0.7632211538461539 0.765625 0.04567307692307692 0.057692307692307696
0 0.8052884615384616 0.7632211538461539 0.04567307692307692 0.057692307692307696
0 0.8497596153846154 0.7596153846153846 0.04567307692307692 0.057692307692307696
0 0.8942307692307693 0.7560096153846154 0.04567307692307692 0.057692307692307696
0 0.9795673076923077 0.7548076923076923 0.040865384615384616 0.055288461538461536
0 0.9387019230769231 0.7548076923076923 0.04567307692307692 0.057692307692307696
0 0.3641826923076923 0.734375 0.04326923076923077 0.055288461538461536
0 0.4050480769230769 0.734375 0.04326923076923077 0.055288461538461536
0 0.44711538461538464 0.7319711538461539 0.04326923076923077 0.055288461538461536
0 0.4891826923076923 0.7319711538461539 0.04326923076923077 0.055288461538461536
0 0.5300480769230769 0.7307692307692307 0.04326923076923077 0.055288461538461536
0 0.5721153846153846 0.7295673076923077 0.040865384615384616 0.055288461538461536
0 0.6141826923076923 0.7271634615384616 0.04326923076923077 0.055288461538461536
0 0.6550480769230769 0.7259615384615384 0.04326923076923077 0.057692307692307696
0 0.6971153846153846 0.7223557692307693 0.04326923076923077 0.057692307692307696
0 0.7391826923076923 0.7199519230769231 0.04326923076923077 0.057692307692307696
0 0.7836538461538461 0.7151442307692307 0.04567307692307692 0.055288461538461536
0 0.8257211538461539 0.7151442307692307 0.04567307692307692 0.055288461538461536
0 0.8677884615384616 0.7115384615384616 0.04567307692307692 0.057692307692307696
0 0.9579326923076923 0.7103365384615384 0.04567307692307692 0.055288461538461536
0 0.9134615384615384 0.7091346153846154 0.04567307692307692 0.055288461538461536
0 0.35216346153846156 0.6911057692307693 0.02283653846153846 0.052884615384615384
0 0.38461538461538464 0.6911057692307693 0.04326923076923077 0.055288461538461536
0 0.4266826923076923 0.6899038461538461 0.04326923076923077 0.055288461538461536
0 0.46875 0.6887019230769231 0.04326923076923077 0.055288461538461536
0 0.5084134615384616 0.6862980769230769 0.04326923076923077 0.055288461538461536
0 0.5504807692307693 0.6850961538461539 0.04326923076923077 0.055288461538461536
0 0.5913461538461539 0.6826923076923077 0.040865384615384616 0.055288461538461536
0 0.6322115384615384 0.6802884615384616 0.04326923076923077 0.055288461538461536
0 0.6742788461538461 0.6790865384615384 0.04326923076923077 0.055288461538461536
0 0.7175480769230769 0.6754807692307693 0.04326923076923077 0.055288461538461536
0 0.7584134615384616 0.6730769230769231 0.04326923076923077 0.055288461538461536
0 0.8016826923076923 0.6694711538461539 0.04326923076923077 0.055288461538461536
0 0.8449519230769231 0.6670673076923077 0.04567307692307692 0.057692307692307696
0 0.9771634615384616 0.6646634615384616 0.04567307692307692 0.055288461538461536
0 0.8882211538461539 0.6658653846153846 0.04567307692307692 0.055288461538461536
0 0.9338942307692307 0.6658653846153846 0.04567307692307692 0.055288461538461536
0 0.36658653846153844 0.6478365384615384 0.04326923076923077 0.055288461538461536
0 0.40625 0.6454326923076923 0.04326923076923077 0.055288461538461536
0 0.44711538461538464 0.6454326923076923 0.04326923076923077 0.055288461538461536
0 0.4891826923076923 0.6430288461538461 0.04326923076923077 0.055288461538461536
0 0.5288461538461539 0.6418269230769231 0.04326923076923077 0.055288461538461536
0 0.5709134615384616 0.6394230769230769 0.040865384615384616 0.055288461538461536
0 0.6105769230769231 0.6382211538461539 0.040865384615384616 0.055288461538461536
0 0.6514423076923077 0.6346153846153846 0.040865384615384616 0.055288461538461536
0 0.6947115384615384 0.6310096153846154 0.04326923076923077 0.055288461538461536
0 0.7355769230769231 0.6286057692307693 0.04326923076923077 0.055288461538461536
0 0.7776442307692307 0.6262019230769231 0.04326923076923077 0.055288461538461536
0 0.8209134615384616 0.6225961538461539 0.04326923076923077 0.055288461538461536
0 0.9086538461538461 0.6213942307692307 0.04567307692307692 0.055288461538461536
0 0.8641826923076923 0.6213942307692307 0.04567307692307692 0.055288461538461536
0 0.9543269230769231 0.6213942307692307 0.04567307692307692 0.055288461538461536
0 0.35336538461538464 0.6045673076923077 0.025240384615384616 0.052884615384615384
0 0.3858173076923077 0.6021634615384616 0.040865384615384616 0.055288461538461536
0 0.4266826923076923 0.6009615384615384 0.040865384615384616 0.052884615384615384
0 0.4675480769230769 0.5997596153846154 0.040865384615384616 0.052884615384615384
0 0.5060096153846154 0.5985576923076923 0.04326923076923077 0.05048076923076923
0 0.5480769230769231 0.5973557692307693 0.040865384615384616 0.04807692307692308
0 0.5889423076923077 0.5961538461538461 0.040865384615384616 0.04567307692307692
0 0.6310096153846154 0.5949519230769231 0.040865384615384616 0.04326923076923077
0 0.6706730769230769 0.59375 0.04326923076923077 0.040865384615384616
0 0.7115384615384616 0.5925480769230769 0.040865384615384616 0.038461538461538464
0 0.7536057692307693 0.5913461538461539 0.04326923076923077 0.03485576923076923
0 0.7956730769230769 0.5901442307692307 0.040865384615384616 0.03245192307692308
0 0.8365384615384616 0.5889423076923077 0.04326923076923077 0.030048076923076924
0 0.9278846153846154 0.5889423076923077 0.04326923076923077 0.030048076923076924
0 0.8822115384615384 0.5889423076923077 0.04326923076923077 0.030048076923076924
0 0.9711538461538461 0.5889423076923077 0.04326923076923077 0.030048076923076924
0 0.3581730769230769 0.9927884615384616 0.038461538461538464 0.014423076923076924
0 0.40024038461538464 0.9927884615384616 0.04567307692307692 0.014423076923076924
0 0.44350961538461536 0.9915865384615384 0.04567307692307692 0.016826923076923076
0 0.48677884615384615 0.9903846153846154 0.04567307692307692 0.019230769230769232
0 0.5324519230769231 0.9891826923076923 0.04567307692307692 0.021634615384615384
0 0.5757211538461539 0.9891826923076923 0.04567307692307692 0.021634615384615384
0 0.6189903846153846 0.9879807692307693 0.04567307692307692 0.02403846153846154
0 0.6598557692307693 0.9879807692307693 0.04567307692307692 0.02403846153846154
0 0.7067307692307693 0.9867788461538461 0.04567307692307692 0.025240384615384616
0 0.7512019230769231 0.9855769230769231 0.04807692307692308 0.027644230769230768
0 0.7980769230769231 0.984375 0.04567307692307692 0.030048076923076924
0 0.8449519230769231 0.984375 0.04807692307692308 0.030048076923076924
0 0.8894230769230769 0.9831730769230769 0.04567307692307692 0.03245192307692308
0 0.9362980769230769 0.9819711538461539 0.04567307692307692 0.03485576923076923
0 0.9783653846153846 0.9807692307692307 0.04326923076923077 0.038461538461538464
0 0.34975961538461536 0.9699519230769231 0.018028846153846152 0.06009615384615385
0 0.3798076923076923 0.96875 0.04567307692307692 0.06009615384615385
0 0.42427884615384615 0.9675480769230769 0.04567307692307692 0.06009615384615385
0 0.4675480769230769 0.9663461538461539 0.04567307692307692 0.06009615384615385
0 0.5096153846153846 0.9651442307692307 0.04326923076923077 0.06009615384615385
0 0.5540865384615384 0.9639423076923077 0.04567307692307692 0.06009615384615385
0 0.5973557692307693 0.9615384615384616 0.04567307692307692 0.06009615384615385
0 0.640625 0.9603365384615384 0.04567307692307692 0.06009615384615385
0 0.6826923076923077 0.9579326923076923 0.04567307692307692 0.06009615384615385
0 0.7283653846153846 0.9555288461538461 0.04567307692307692 0.06009615384615385
0 0.7716346153846154 0.953125 0.04567307692307692 0.06009615384615385
0 0.8173076923076923 0.9519230769230769 0.04567307692307692 0.06009615384615385
0 0.8617788461538461 0.9495192307692307 0.04807692307692308 0.06009615384615385
0 0.9074519230769231 0.9483173076923077 0.04567307692307692 0.06009615384615385
0 0.953125 0.9459134615384616 0.04567307692307692 0.06009615384615385
0 0.9867788461538461 0.9447115384615384 0.025240384615384616 0.06009615384615385
0 0.3605769230769231 0.9206730769230769 0.040865384615384616 0.057692307692307696
0 0.4026442307692308 0.9206730769230769 0.04567307692307692 0.06009615384615385
0 0.44711538461538464 0.9194711538461539 0.04567307692307692 0.057692307692307696
0 0.4891826923076923 0.9182692307692307 0.04567307692307692 0.057692307692307696
0 0.53125 0.9170673076923077 0.04567307692307692 0.06009615384615385
0 0.5745192307692307 0.9158653846153846 0.04567307692307692 0.06009615384615385
0 0.6177884615384616 0.9134615384615384 0.04567307692307692 0.057692307692307696
0 0.6598557692307693 0.9110576923076923 0.04567307692307692 0.06009615384615385
0 0.703125 0.9086538461538461 0.04567307692307692 0.057692307692307696
0 0.7463942307692307 0.9074519230769231 0.04567307692307692 0.057692307692307696
0 0.7920673076923077 0.9050480769230769 0.04567307692307692 0.057692307692307696
0 0.8353365384615384 0.9026442307692307 0.04567307692307692 0.06009615384615385
0 0.8810096153846154 0.9002403846153846 0.04807692307692308 0.06009615384615385
0 0.9254807692307693 0.8978365384615384 0.04807692307692308 0.06009615384615385
0 0.9711538461538461 0.8966346153846154 0.04567307692307692 0.06009615384615385
0 0.35096153846153844 0.875 0.020432692307692308 0.057692307692307696
0 0.38221153846153844 0.8737980769230769 0.04567307692307692 0.057692307692307696
0 0.4254807692307692 0.8725961538461539 0.04567307692307692 0.057692307692307696
0 0.46875 0.8713942307692307 0.04567307692307692 0.057692307692307696
0 0.5096153846153846 0.8701923076923077 0.04326923076923077 0.057692307692307696
0 0.5528846153846154 0.8689903846153846 0.04567307692307692 0.057692307692307696
0 0.5949519230769231 0.8677884615384616 0.04326923076923077 0.057692307692307696
0 0.6382211538461539 0.8665865384615384 0.04326923076923077 0.057692307692307696
0 0.6802884615384616 0.8641826923076923 0.04567307692307692 0.057692307692307696
0 0.7223557692307693 0.8605769230769231 0.04567307692307692 0.06009615384615385
0 0.7668269230769231 0.859375 0.04567307692307692 0.057692307692307696
0 0.8100961538461539 0.8569711538461539 0.04567307692307692 0.057692307692307696
0 0.8545673076923077 0.8533653846153846 0.04567307692307692 0.057692307692307696
0 0.8990384615384616 0.8521634615384616 0.04567307692307692 0.057692307692307696
0 0.9447115384615384 0.8497596153846154 0.04567307692307692 0.057692307692307696
0 0.9819711538461539 0.8473557692307693 0.03485576923076923 0.057692307692307696