0 0.078125 0.49038461538461536 0.15504807692307693 0.12139423076923077
0 0.24278846153846154 0.4831730769230769 0.17427884615384615 0.13581730769230768
0 0.13822115384615385 0.3293269230769231 0.20432692307692307 0.27884615384615385
0 0.2848557692307692 0.31850961538461536 0.09014423076923077 0.23798076923076922
0 0.38100961538461536 0.4098557692307692 0.10216346153846154 0.28125
0 0.5108173076923077 0.4206730769230769 0.17668269230769232 0.25961538461538464
0 0.6802884615384616 0.4326923076923077 0.1814903846153846 0.23557692307692307
0 0.8557692307692307 0.4266826923076923 0.18629807692307693 0.24759615384615385
0 0.9651442307692307 0.4254807692307692 0.06971153846153846 0.25
0 0.41346153846153844 0.1141826923076923 0.16706730769230768 0.2283653846153846
0 0.5793269230769231 0.11057692307692307 0.17668269230769232 0.22115384615384615
0 0.75 0.125 0.17908653846153846 0.25
0 0.9134615384615384 0.1201923076923077 0.171875 0.2403846153846154
0 0.08774038461538461 0.7752403846153846 0.17427884615384615 0.4495192307692308
0 0.35096153846153844 0.7944711538461539 0.040865384615384616 0.055288461538461536
0 0.3918269230769231 0.7932692307692307 0.040865384615384616 0.057692307692307696
0 0.43149038461538464 0.7932692307692307 0.04326923076923077 0.055288461538461536
0 0.4735576923076923 0.7920673076923077 0.040865384615384616 0.055288461538461536
0 0.5132211538461539 0.7908653846153846 0.040865384615384616 0.055288461538461536
0 0.5528846153846154 0.7896634615384616 0.040865384615384616 0.055288461538461536
0 0.59375 0.7872596153846154 0.040865384615384616 0.055288461538461536
0 0.6346153846153846 0.7848557692307693 0.04326923076923077 0.057692307692307696
0 0.6742788461538461 0.7824519230769231 0.04326923076923077 0.055288461538461536
0 0.7163461538461539 0.78125 0.04326923076923077 0.055288461538461536
0 0.7572115384615384 0.7788461538461539 0.04326923076923077 0.055288461538461536
0 0.7992788461538461 0.7764423076923077 0.04326923076923077 0.055288461538461536
0 0.8425480769230769 0.7740384615384616 0.04326923076923077 0.057692307692307696
0 0.8846153846153846 0.7728365384615384 0.04326923076923077 0.057692307692307696
0 0.9266826923076923 0.7704326923076923 0.04326923076923077 0.055288461538461536
0 0.34134615384615385 0.75 0.021634615384615384 0.052884615384615384
0 0.3713942307692308 0.75 0.040865384615384616 0.055288461538461536
0 0.4110576923076923 0.7487980769230769 0.040865384615384616 0.055288461538461536
0 0.453125 0.7475961538461539 0.040865384615384616 0.052884615384615384
0 0.49278846153846156 0.7475961538461539 0.040865384615384616 0.055288461538461536
0 0.5324519230769231 0.7463942307692307 0.038461538461538464 0.055288461538461536
0 0.5733173076923077 0.7439903846153846 0.040865384615384616 0.055288461538461536
0 0.6129807692307693 0.7427884615384616 0.040865384615384616 0.055288461538461536
0 0.6538461538461539 0.7391826923076923 0.04326923076923077 0.055288461538461536
0 0.6947115384615384 0.7379807692307693 0.040865384615384616 0.055288461538461536
0 0.7355769230769231 0.7355769230769231 0.04326923076923077 0.055288461538461536
0 0.7764423076923077 0.7331730769230769 0.04326923076923077 0.055288461538461536
0 0.8197115384615384 0.7307692307692307 0.04326923076923077 0.055288461538461536
0 0.8617788461538461 0.7271634615384616 0.04326923076923077 0.055288461538461536
0 0.9483173076923077 0.7271634615384616 0.04326923076923077 0.052884615384615384
0 0.9038461538461539 0.7259615384615384 0.04326923076923077 0.055288461538461536
0 0.35216346153846156 0.7067307692307693 0.040865384615384616 0.052884615384615384
0 0.3918269230769231 0.7067307692307693 0.040865384615384616 0.052884615384615384
0 0.43149038461538464 0.7043269230769231 0.040865384615384616 0.052884615384615384
0 0.4723557692307692 0.7043269230769231 0.040865384615384616 0.052884615384615384
0 0.5120192307692307 0.703125 0.040865384615384616 0.052884615384615384
0 0.5516826923076923 0.7019230769230769 0.038461538461538464 0.052884615384615384
0 0.5925480769230769 0.6995192307692307 0.040865384615384616 0.052884615384615384
0 0.6322115384615384 0.6983173076923077 0.040865384615384616 0.055288461538461536
0 0.671875 0.6947115384615384 0.040865384615384616 0.055288461538461536
0 0.7127403846153846 0.6923076923076923 0.040865384615384616 0.055288461538461536
0 0.7560096153846154 0.6862980769230769 0.04326923076923077 0.052884615384615384
0 0.7956730769230769 0.6862980769230769 0.04326923076923077 0.052884615384615384
0 0.8365384615384616 0.6838942307692307 0.04326923076923077 0.055288461538461536
0 0.9230769230769231 0.6826923076923077 0.04326923076923077 0.052884615384615384
0 0.8798076923076923 0.6814903846153846 0.04326923076923077 0.052884615384615384
0 0.34134615384615385 0.6634615384615384 0.021634615384615384 0.05048076923076923
0 0.37259615384615385 0.6634615384615384 0.040865384615384616 0.052884615384615384
0 0.41225961538461536 0.6622596153846154 0.040865384615384616 0.052884615384615384
0 0.453125 0.6610576923076923 0.040865384615384616 0.052884615384615384
0 0.49158653846153844 0.6598557692307693 0.040865384615384616 0.052884615384615384
0 0.53125 0.6586538461538461 0.040865384615384616 0.052884615384615384
0 0.5709134615384616 0.65625 0.038461538461538464 0.052884615384615384
0 0.6105769230769231 0.6538461538461539 0.040865384615384616 0.052884615384615384
0 0.6502403846153846 0.6526442307692307 0.040865384615384616 0.052884615384615384
0 0.6923076923076923 0.6490384615384616 0.040865384615384616 0.052884615384615384
0 0.7319711538461539 0.6466346153846154 0.040865384615384616 0.052884615384615384
0 0.7728365384615384 0.6430288461538461 0.040865384615384616 0.052884615384615384
0 0.8149038461538461 0.640625 0.04326923076923077 0.055288461538461536
0 0.9435096153846154 0.6394230769230769 0.04326923076923077 0.052884615384615384
0 0.8557692307692307 0.6394230769230769 0.04326923076923077 0.052884615384615384
0 0.9002403846153846 0.6394230769230769 0.04326923076923077 0.052884615384615384
0 0.3545673076923077 0.6225961538461539 0.040865384615384616 0.052884615384615384
0 0.39302884615384615 0.6201923076923077 0.040865384615384616 0.052884615384615384
0 0.43149038461538464 0.6201923076923077 0.040865384615384616 0.052884615384615384
0 0.4723557692307692 0.6177884615384616 0.040865384615384616 0.052884615384615384
0 0.5108173076923077 0.6165865384615384 0.040865384615384616 0.052884615384615384
0 0.5504807692307693 0.6141826923076923 0.038461538461538464 0.052884615384615384
0 0.5901442307692307 0.6129807692307693 0.038461538461538464 0.052884615384615384
0 0.6286057692307693 0.6105769230769231 0.038461538461538464 0.052884615384615384
0 0.6694711538461539 0.6069711538461539 0.040865384615384616 0.052884615384615384
0 0.7103365384615384 0.6045673076923077 0.040865384615384616 0.052884615384615384
0 0.75 0.6021634615384616 0.040865384615384616 0.052884615384615384
0 0.7908653846153846 0.5985576923076923 0.040865384615384616 0.052884615384615384
0 0.8762019230769231 0.5973557692307693 0.04326923076923077 0.052884615384615384
0 0.8329326923076923 0.5973557692307693 0.04326923076923077 0.052884615384615384
0 0.9194711538461539 0.5973557692307693 0.04326923076923077 0.052884615384615384
0 0.3425480769230769 0.5817307692307693 0.02403846153846154 0.05048076923076923
0 0.3737980769230769 0.5793269230769231 0.038461538461538464 0.052884615384615384
0 0.41225961538461536 0.578125 0.038461538461538464 0.05048076923076923
0 0.4519230769230769 0.5769230769230769 0.038461538461538464 0.05048076923076923
0 0.4891826923076923 0.5757211538461539 0.040865384615384616 0.04807692307692308
0 0.5288461538461539 0.5745192307692307 0.038461538461538464 0.04567307692307692
0 0.5685096153846154 0.5733173076923077 0.038461538461538464 0.04326923076923077
0 0.609375 0.5721153846153846 0.038461538461538464 0.040865384615384616
0 0.6466346153846154 0.5709134615384616 0.040865384615384616 0.038461538461538464
0 0.6862980769230769 0.5697115384615384 0.038461538461538464 0.036057692307692304
0 0.7271634615384616 0.5685096153846154 0.040865384615384616 0.03365384615384615
0 0.7668269230769231 0.5673076923076923 0.038461538461538464 0.03125
0 0.8064903846153846 0.5661057692307693 0.040865384615384616 0.028846153846153848
0 0.8942307692307693 0.5661057692307693 0.040865384615384616 0.028846153846153848
0 0.8509615384615384 0.5661057692307693 0.040865384615384616 0.028846153846153848
0 0.9350961538461539 0.5661057692307693 0.040865384615384616 0.028846153846153848
0 0.3641826923076923 0.9975961538461539 0.04326923076923077 0.004807692307692308
0 0.4074519230769231 0.9975961538461539 0.04326923076923077 0.004807692307692308
0 0.4495192307692308 0.9963942307692307 0.04326923076923077 0.007211538461538462
0 0.49278846153846156 0.9951923076923077 0.04326923076923077 0.009615384615384616
0 0.5336538461538461 0.9951923076923077 0.04326923076923077 0.009615384615384616
0 0.578125 0.9939903846153846 0.04326923076923077 0.01201923076923077
0 0.6189903846153846 0.9927884615384616 0.04326923076923077 0.014423076923076924
0 0.6622596153846154 0.9927884615384616 0.04326923076923077 0.014423076923076924
0 0.7055288461538461 0.9915865384615384 0.04567307692307692 0.016826923076923076
0 0.75 0.9903846153846154 0.04326923076923077 0.019230769230769232
0 0.7932692307692307 0.9891826923076923 0.04326923076923077 0.021634615384615384
0 0.8389423076923077 0.9891826923076923 0.04567307692307692 0.021634615384615384
0 0.8834134615384616 0.9879807692307693 0.04326923076923077 0.02403846153846154
0 0.9278846153846154 0.9879807692307693 0.04567307692307692 0.02403846153846154
0 0.9747596153846154 0.9867788461538461 0.04567307692307692 0.026442307692307692
0 0.3485576923076923 0.9747596153846154 0.036057692307692304 0.05048076923076923
0 0.38822115384615385 0.9747596153846154 0.04326923076923077 0.05048076923076923
0 0.42908653846153844 0.9735576923076923 0.04326923076923077 0.052884615384615384
0 0.47115384615384615 0.9723557692307693 0.04326923076923077 0.055288461538461536
0 0.5144230769230769 0.9711538461538461 0.04326923076923077 0.057692307692307696
0 0.5552884615384616 0.9711538461538461 0.04326923076923077 0.057692307692307696
0 0.5973557692307693 0.9699519230769231 0.04326923076923077 0.057692307692307696
0 0.6394230769230769 0.96875 0.04326923076923077 0.057692307692307696
0 0.6814903846153846 0.9675480769230769 0.04326923076923077 0.057692307692307696
0 0.7259615384615384 0.9651442307692307 0.04567307692307692 0.057692307692307696
0 0.7692307692307693 0.9627403846153846 0.04326923076923077 0.057692307692307696
0 0.8149038461538461 0.9627403846153846 0.04567307692307692 0.06009615384615385
0 0.8581730769230769 0.9603365384615384 0.04326923076923077 0.06009615384615385
0 0.9026442307692307 0.9579326923076923 0.04326923076923077 0.06009615384615385
0 0.9471153846153846 0.9567307692307693 0.04567307692307692 0.06009615384615385
0 0.3389423076923077 0.9314903846153846 0.016826923076923076 0.057692307692307696
0 0.36778846153846156 0.9302884615384616 0.04326923076923077 0.057692307692307696
0 0.4098557692307692 0.9290865384615384 0.04326923076923077 0.057692307692307696
0 0.4519230769230769 0.9278846153846154 0.04326923076923077 0.057692307692307696
0 0.49278846153846156 0.9266826923076923 0.040865384615384616 0.057692307692307696
0 0.5348557692307693 0.9254807692307693 0.04326923076923077 0.057692307692307696
0 0.5769230769230769 0.9242788461538461 0.04326923076923077 0.057692307692307696
0 0.6177884615384616 0.9230769230769231 0.04326923076923077 0.057692307692307696
0 0.6586538461538461 0.9206730769230769 0.04326923076923077 0.057692307692307696
0 0.703125 0.9182692307692307 0.04326923076923077 0.057692307692307696
0 0.7439903846153846 0.9158653846153846 0.04326923076923077 0.057692307692307696
0 0.7872596153846154 0.9146634615384616 0.04326923076923077 0.057692307692307696
0 0.8317307692307693 0.9122596153846154 0.04567307692307692 0.057692307692307696
0 0.875 0.9110576923076923 0.04326923076923077 0.057692307692307696
0 0.9182692307692307 0.9086538461538461 0.04326923076923077 0.057692307692307696
0 0.9627403846153846 0.9074519230769231 0.04326923076923077 0.057692307692307696
0 0.34975961538461536 0.8846153846153846 0.038461538461538464 0.055288461538461536
0 0.3894230769230769 0.8846153846153846 0.04326923076923077 0.057692307692307696
0 0.43149038461538464 0.8834134615384616 0.04326923076923077 0.055288461538461536
0 0.4723557692307692 0.8822115384615384 0.04326923076923077 0.055288461538461536
0 0.5132211538461539 0.8810096153846154 0.04326923076923077 0.057692307692307696
0 0.5540865384615384 0.8798076923076923 0.04326923076923077 0.057692307692307696
0 0.5961538461538461 0.8774038461538461 0.04326923076923077 0.055288461538461536
0 0.6370192307692307 0.8762019230769231 0.04326923076923077 0.057692307692307696
0 0.6778846153846154 0.8737980769230769 0.04326923076923077 0.055288461538461536
0 0.7199519230769231 0.8725961538461539 0.04326923076923077 0.055288461538461536
0 0.7632211538461539 0.8701923076923077 0.04326923076923077 0.055288461538461536
0 0.8052884615384616 0.8677884615384616 0.04326923076923077 0.057692307692307696
0 0.8497596153846154 0.8653846153846154 0.04567307692307692 0.057692307692307696
0 0.8918269230769231 0.8629807692307693 0.04567307692307692 0.057692307692307696
0 0.9350961538461539 0.8617788461538461 0.04326923076923077 0.057692307692307696
0 0.3401442307692308 0.8413461538461539 0.019230769230769232 0.055288461538461536
0 0.3701923076923077 0.8401442307692307 0.04326923076923077 0.055288461538461536
0 0.4110576923076923 0.8389423076923077 0.04326923076923077 0.055288461538461536
0 0.453125 0.8377403846153846 0.04326923076923077 0.055288461538461536
0 0.49278846153846156 0.8365384615384616 0.040865384615384616 0.055288461538461536
0 0.5336538461538461 0.8353365384615384 0.04326923076923077 0.055288461538461536
0 0.5745192307692307 0.8341346153846154 0.040865384615384616 0.055288461538461536
0 0.6153846153846154 0.8329326923076923 0.040865384615384616 0.055288461538461536
0 0.65625 0.8305288461538461 0.04326923076923077 0.055288461538461536
0 0.6971153846153846 0.828125 0.04326923076923077 0.057692307692307696
0 0.7391826923076923 0.8269230769230769 0.04326923076923077 0.055288461538461536
0 0.78125 0.8245192307692307 0.04326923076923077 0.055288461538461536
0 0.8245192307692307 0.8209134615384616 0.04326923076923077 0.055288461538461536
0 0.8665865384615384 0.8197115384615384 0.04326923076923077 0.055288461538461536
0 0.9098557692307693 0.8173076923076923 0.04326923076923077 0.055288461538461536
0 0.953125 0.8149038461538461 0.04326923076923077 0.055288461538461536