0 0.4206730769230769 0.41346153846153844 0.15504807692307693 0.13942307692307693
0 0.9495192307692307 0.41225961538461536 0.10096153846153846 0.1346153846153846
0 0.7115384615384616 0.42427884615384615 0.15745192307692307 0.14182692307692307
0 0.046875 0.4362980769230769 0.09254807692307693 0.12620192307692307
0 0.1346153846153846 0.44471153846153844 0.15985576923076922 0.14182692307692307
0 0.29927884615384615 0.47716346153846156 0.1466346153846154 0.1310096153846154
0 0.8269230769230769 0.4879807692307692 0.1466346153846154 0.12860576923076922
0 0.5637019230769231 0.5036057692307693 0.15504807692307693 0.13701923076923078
0 0.42908653846153844 0.5288461538461539 0.12860576923076922 0.10817307692307693
0 0.6838942307692307 0.5372596153846154 0.13701923076923078 0.11057692307692307
0 0.1778846153846154 0.5384615384615384 0.14182692307692307 0.10576923076923077
0 0.9278846153846154 0.5384615384615384 0.13942307692307693 0.11298076923076923
0 0.05889423076923077 0.5612980769230769 0.11778846153846154 0.10817307692307693
0 0.3112980769230769 0.578125 0.1310096153846154 0.09735576923076923
0 0.7920673076923077 0.5961538461538461 0.13942307692307693 0.10336538461538461
0 0.9783653846153846 0.5973557692307693 0.04326923076923077 0.11298076923076923
0 0.5564903846153846 0.6021634615384616 0.13701923076923078 0.09254807692307693
0 0.4326923076923077 0.6274038461538461 0.12860576923076922 0.09495192307692307
0 0.8942307692307693 0.6466346153846154 0.1310096153846154 0.10576923076923077
0 0.19471153846153846 0.6466346153846154 0.12860576923076922 0.10576923076923077
0 0.6682692307692307 0.6490384615384616 0.1346153846153846 0.10576923076923077
0 0.10576923076923077 0.6526442307692307 0.10336538461538461 0.09495192307692307
0 0.3173076923076923 0.6790865384615384 0.12139423076923077 0.09495192307692307
0 0.546875 0.6838942307692307 0.12139423076923077 0.09014423076923077
0 0.7704326923076923 0.6995192307692307 0.12620192307692307 0.10096153846153846
0 0.4338942307692308 0.7247596153846154 0.12139423076923077 0.09014423076923077
0 0.11298076923076923 0.7439903846153846 0.09735576923076923 0.08774038461538461
0 0.9711538461538461 0.7463942307692307 0.056490384615384616 0.10576923076923077
0 0.22716346153846154 0.7475961538461539 0.11899038461538461 0.09014423076923077
0 0.8725961538461539 0.7632211538461539 0.12620192307692307 0.09014423076923077
0 0.65625 0.7788461538461539 0.1310096153846154 0.09735576923076923
0 0.5360576923076923 0.7992788461538461 0.11298076923076923 0.08774038461538461
0 0.43028846153846156 0.8112980769230769 0.10096153846153846 0.07932692307692307
0 0.31490384615384615 0.8173076923076923 0.11538461538461539 0.08533653846153846
0 0.7596153846153846 0.8221153846153846 0.11899038461538461 0.09014423076923077
0 0.6442307692307693 0.8341346153846154 0.10817307692307693 0.046875
0 0.5360576923076923 0.8581730769230769 0.10817307692307693 0.054086538461538464
0 0.010817307692307692 0.7548076923076923 0.020432692307692308 0.09735576923076923