0 0.11538461538461539 0.13221153846153846 0.22956730769230768 0.22235576923076922
0 0.7259615384615384 0.13221153846153846 0.33653846153846156 0.2247596153846154
0 0.39302884615384615 0.14423076923076922 0.31850961538461536 0.2247596153846154
0 0.025240384615384616 0.3173076923076923 0.05048076923076923 0.20072115384615385
0 0.859375 0.32572115384615385 0.28125 0.22956730769230768
0 0.21634615384615385 0.33052884615384615 0.33653846153846156 0.22235576923076922
0 0.5516826923076923 0.3329326923076923 0.33653846153846156 0.2247596153846154
0 0.09735576923076923 0.5144230769230769 0.19471153846153846 0.22235576923076922
0 0.36538461538461536 0.5216346153846154 0.3425480769230769 0.22956730769230768
0 0.7103365384615384 0.5252403846153846 0.3449519230769231 0.22716346153846154
0 0.9447115384615384 0.5276442307692307 0.109375 0.23798076923076922
0 0.19110576923076922 0.7115384615384616 0.3401442307692308 0.21875
0 0.53125 0.71875 0.3473557692307692 0.22235576923076922
0 0.8509615384615384 0.7247596153846154 0.2980769230769231 0.23317307692307693
0 0.2548076923076923 0.04447115384615385 0.3293269230769231 0.08774038461538461
0 0.8473557692307693 0.052884615384615384 0.3004807692307692 0.10576923076923077
0 0.08413461538461539 0.8834134615384616 0.16826923076923078 0.21153846153846154
0 0.3605769230769231 0.8882211538461539 0.29927884615384615 0.19831730769230768
0 0.5576923076923077 0.056490384615384616 0.27524038461538464 0.11177884615384616
0 0.7007211538461539 0.8978365384615384 0.3161057692307692 0.203125
0 0.9302884615384616 0.8978365384615384 0.13942307692307693 0.203125
0 0.04807692307692308 0.020432692307692308 0.09615384615384616 0.039663461538461536