0 0.23677884615384615 0.016826923076923076 0.07091346153846154 0.03245192307692308
0 0.1466346153846154 0.020432692307692308 0.11778846153846154 0.039663461538461536
0 0.04326923076923077 0.02283653846153846 0.08533653846153846 0.04567307692307692
0 0.20072115384615385 0.09254807692307693 0.11057692307692307 0.15865384615384615
0 0.08774038461538461 0.09975961538461539 0.11298076923076923 0.16105769230769232
0 0.015625 0.10336538461538461 0.030048076923076924 0.16105769230769232
0 0.14302884615384615 0.20432692307692307 0.11057692307692307 0.10336538461538461
0 0.2403846153846154 0.20432692307692307 0.0625 0.10336538461538461
0 0.04567307692307692 0.2091346153846154 0.09014423076923077 0.09495192307692307
0 0.36658653846153844 0.015625 0.030048076923076924 0.030048076923076924
0 0.33774038461538464 0.015625 0.03245192307692308 0.030048076923076924
0 0.45552884615384615 0.013221153846153846 0.03125 0.026442307692307692
0 0.5144230769230769 0.013221153846153846 0.028846153846153848 0.026442307692307692
0 0.4254807692307692 0.013221153846153846 0.028846153846153848 0.026442307692307692
0 0.4831730769230769 0.013221153846153846 0.028846153846153848 0.026442307692307692
0 0.5444711538461539 0.013221153846153846 0.03125 0.026442307692307692
0 0.6298076923076923 0.013221153846153846 0.028846153846153848 0.026442307692307692
0 0.5757211538461539 0.015625 0.030048076923076924 0.030048076923076924
0 0.6033653846153846 0.015625 0.030048076923076924 0.030048076923076924
0 0.71875 0.015625 0.030048076923076924 0.030048076923076924
0 0.6887019230769231 0.015625 0.030048076923076924 0.030048076923076924
0 0.6610576923076923 0.015625 0.030048076923076924 0.030048076923076924
0 0.7463942307692307 0.015625 0.030048076923076924 0.030048076923076924
0 0.7776442307692307 0.015625 0.027644230769230768 0.030048076923076924
0 0.39663461538461536 0.015625 0.030048076923076924 0.030048076923076924
0 0.8040865384615384 0.016826923076923076 0.030048076923076924 0.03245192307692308
0 0.8918269230769231 0.016826923076923076 0.030048076923076924 0.03245192307692308
0 0.8617788461538461 0.016826923076923076 0.030048076923076924 0.03245192307692308
0 0.8341346153846154 0.015625 0.030048076923076924 0.030048076923076924
0 0.9495192307692307 0.016826923076923076 0.030048076923076924 0.03245192307692308
0 0.921875 0.016826923076923076 0.030048076923076924 0.03245192307692308
0 0.9807692307692307 0.016826923076923076 0.03245192307692308 0.03245192307692308
0 0.3858173076923077 0.04326923076923077 0.030048076923076924 0.04567307692307692
0 0.35697115384615385 0.04326923076923077 0.030048076923076924 0.04567307692307692
0 0.53125 0.04326923076923077 0.030048076923076924 0.04807692307692308
0 0.5024038461538461 0.04326923076923077 0.030048076923076924 0.04567307692307692
0 0.47115384615384615 0.04326923076923077 0.030048076923076924 0.04567307692307692
0 0.44350961538461536 0.04326923076923077 0.030048076923076924 0.04567307692307692
0 0.32572115384615385 0.04326923076923077 0.030048076923076924 0.04567307692307692
0 0.5889423076923077 0.04447115384615385 0.030048076923076924 0.04807692307692308
0 0.5600961538461539 0.04447115384615385 0.030048076923076924 0.04807692307692308
0 0.6189903846153846 0.04447115384615385 0.030048076923076924 0.04567307692307692
0 0.6478365384615384 0.04447115384615385 0.030048076923076924 0.04567307692307692
0 0.41225961538461536 0.04447115384615385 0.027644230769230768 0.04567307692307692
0 0.6754807692307693 0.04567307692307692 0.030048076923076924 0.04807692307692308
0 0.7043269230769231 0.04567307692307692 0.030048076923076924 0.04807692307692308
0 0.7620192307692307 0.04567307692307692 0.030048076923076924 0.04567307692307692
0 0.7319711538461539 0.04567307692307692 0.030048076923076924 0.04326923076923077
0 0.8185096153846154 0.046875 0.030048076923076924 0.04567307692307692
0 0.7896634615384616 0.046875 0.030048076923076924 0.04807692307692308
0 0.8485576923076923 0.046875 0.030048076923076924 0.04567307692307692
0 0.8786057692307693 0.046875 0.030048076923076924 0.04567307692307692
0 0.9362980769230769 0.04807692307692308 0.03245192307692308 0.039663461538461536
0 0.90625 0.04807692307692308 0.030048076923076924 0.04567307692307692
0 0.9639423076923077 0.04807692307692308 0.030048076923076924 0.04567307692307692
0 0.9879807692307693 0.046875 0.02403846153846154 0.04567307692307692
0 0.46033653846153844 0.078125 0.030048076923076924 0.04326923076923077
0 0.40024038461538464 0.07932692307692307 0.030048076923076924 0.04326923076923077
0 0.4891826923076923 0.07932692307692307 0.030048076923076924 0.04326923076923077
0 0.3713942307692308 0.07932692307692307 0.030048076923076924 0.04326923076923077
0 0.42908653846153844 0.07932692307692307 0.030048076923076924 0.04567307692307692
0 0.34134615384615385 0.07932692307692307 0.030048076923076924 0.04326923076923077
0 0.5192307692307693 0.08052884615384616 0.030048076923076924 0.04807692307692308
0 0.6045673076923077 0.08052884615384616 0.030048076923076924 0.04807692307692308
0 0.6334134615384616 0.08052884615384616 0.030048076923076924 0.039663461538461536
0 0.546875 0.08052884615384616 0.030048076923076924 0.04807692307692308
0 0.6622596153846154 0.08052884615384616 0.030048076923076924 0.04807692307692308
0 0.5757211538461539 0.08052884615384616 0.030048076923076924 0.04807692307692308
0 0.6899038461538461 0.08173076923076923 0.030048076923076924 0.04807692307692308
0 0.7764423076923077 0.08173076923076923 0.030048076923076924 0.04567307692307692
0 0.7475961538461539 0.08173076923076923 0.030048076923076924 0.04807692307692308
0 0.7199519230769231 0.08173076923076923 0.030048076923076924 0.04807692307692308
0 0.8329326923076923 0.08173076923076923 0.030048076923076924 0.04807692307692308
0 0.8052884615384616 0.0829326923076923 0.030048076923076924 0.04567307692307692
0 0.8629807692307693 0.0829326923076923 0.030048076923076924 0.04567307692307692
0 0.890625 0.0829326923076923 0.030048076923076924 0.04807692307692308
0 0.9483173076923077 0.0829326923076923 0.030048076923076924 0.04567307692307692
0 0.9206730769230769 0.0829326923076923 0.030048076923076924 0.04567307692307692
0 0.9783653846153846 0.08413461538461539 0.030048076923076924 0.04807692307692308
0 0.9963942307692307 0.08533653846153846 0.007211538461538462 0.04567307692307692
0 0.47475961538461536 0.11298076923076923 0.027644230769230768 0.039663461538461536
0 0.359375 0.1141826923076923 0.030048076923076924 0.04567307692307692
0 0.33052884615384615 0.1141826923076923 0.027644230769230768 0.039663461538461536
0 0.5901442307692307 0.11538461538461539 0.030048076923076924 0.039663461538461536
0 0.44591346153846156 0.11538461538461539 0.027644230769230768 0.039663461538461536
0 0.6754807692307693 0.11538461538461539 0.030048076923076924 0.039663461538461536
0 0.3858173076923077 0.11538461538461539 0.030048076923076924 0.039663461538461536
0 0.6189903846153846 0.11658653846153846 0.030048076923076924 0.039663461538461536
0 0.41586538461538464 0.11658653846153846 0.027644230769230768 0.039663461538461536
0 0.6478365384615384 0.11658653846153846 0.030048076923076924 0.039663461538461536
0 0.53125 0.11658653846153846 0.030048076923076924 0.039663461538461536
0 0.5036057692307693 0.11658653846153846 0.030048076923076924 0.039663461538461536
0 0.7319711538461539 0.11778846153846154 0.030048076923076924 0.04326923076923077
0 0.7896634615384616 0.11778846153846154 0.030048076923076924 0.04326923076923077
0 0.7608173076923077 0.11778846153846154 0.030048076923076924 0.04326923076923077
0 0.703125 0.11778846153846154 0.030048076923076924 0.04326923076923077
0 0.5600961538461539 0.11778846153846154 0.030048076923076924 0.04326923076923077
0 0.8461538461538461 0.11899038461538461 0.030048076923076924 0.04807692307692308
0 0.9050480769230769 0.11899038461538461 0.030048076923076924 0.04567307692307692
0 0.8774038461538461 0.11899038461538461 0.030048076923076924 0.04567307692307692
0 0.8185096153846154 0.11899038461538461 0.030048076923076924 0.04807692307692308
0 0.9338942307692307 0.11899038461538461 0.030048076923076924 0.04567307692307692
0 0.9627403846153846 0.11899038461538461 0.030048076923076924 0.04807692307692308
0 0.9867788461538461 0.11778846153846154 0.026442307692307692 0.04807692307692308
0 0.4338942307692308 0.14903846153846154 0.030048076923076924 0.039663461538461536
0 0.4050480769230769 0.1502403846153846 0.030048076923076924 0.04326923076923077
0 0.3737980769230769 0.1502403846153846 0.030048076923076924 0.04326923076923077
0 0.6634615384615384 0.15144230769230768 0.030048076923076924 0.04326923076923077
0 0.5192307692307693 0.15144230769230768 0.030048076923076924 0.04326923076923077
0 0.49038461538461536 0.15144230769230768 0.030048076923076924 0.04326923076923077
0 0.3449519230769231 0.15144230769230768 0.027644230769230768 0.04326923076923077
0 0.6334134615384616 0.15144230769230768 0.030048076923076924 0.04326923076923077
0 0.5757211538461539 0.15144230769230768 0.030048076923076924 0.04326923076923077
0 0.7764423076923077 0.15384615384615385 0.030048076923076924 0.04326923076923077
0 0.6911057692307693 0.15384615384615385 0.030048076923076924 0.04326923076923077
0 0.6057692307692307 0.15384615384615385 0.030048076923076924 0.04326923076923077
0 0.46033653846153844 0.15384615384615385 0.027644230769230768 0.04326923076923077
0 0.8894230769230769 0.15384615384615385 0.030048076923076924 0.04567307692307692
0 0.8617788461538461 0.15504807692307693 0.030048076923076924 0.04326923076923077
0 0.71875 0.15504807692307693 0.030048076923076924 0.04326923076923077
0 0.9182692307692307 0.15504807692307693 0.030048076923076924 0.04326923076923077
0 0.7475961538461539 0.15504807692307693 0.030048076923076924 0.04326923076923077
0 0.8329326923076923 0.15504807692307693 0.030048076923076924 0.04567307692307692
0 0.546875 0.15504807692307693 0.030048076923076924 0.04326923076923077
0 0.9471153846153846 0.15504807692307693 0.030048076923076924 0.04567307692307692
0 0.8052884615384616 0.15625 0.030048076923076924 0.04326923076923077
0 0.9759615384615384 0.15625 0.030048076923076924 0.04567307692307692
0 0.9951923076923077 0.15625 0.009615384615384616 0.04567307692307692
0 0.3918269230769231 0.18629807692307693 0.030048076923076924 0.04326923076923077
0 0.36177884615384615 0.18629807692307693 0.030048076923076924 0.04567307692307692
0 0.44711538461538464 0.18629807692307693 0.027644230769230768 0.04326923076923077
0 0.4206730769230769 0.18629807692307693 0.030048076923076924 0.04326923076923077
0 0.5336538461538461 0.1875 0.030048076923076924 0.04326923076923077
0 0.36177884615384615 0.1875 0.027644230769230768 0.04326923076923077
0 0.3329326923076923 0.1875 0.027644230769230768 0.04326923076923077
0 0.6754807692307693 0.1875 0.030048076923076924 0.04326923076923077
0 0.47475961538461536 0.1875 0.027644230769230768 0.04326923076923077
0 0.7043269230769231 0.18870192307692307 0.030048076923076924 0.04326923076923077
0 0.5612980769230769 0.18870192307692307 0.030048076923076924 0.04326923076923077
0 0.5048076923076923 0.18870192307692307 0.030048076923076924 0.04326923076923077
0 0.7608173076923077 0.18870192307692307 0.030048076923076924 0.04326923076923077
0 0.6189903846153846 0.18870192307692307 0.030048076923076924 0.04326923076923077
0 0.5913461538461539 0.18870192307692307 0.030048076923076924 0.04326923076923077
0 0.7884615384615384 0.18990384615384615 0.030048076923076924 0.04326923076923077
0 0.7319711538461539 0.18990384615384615 0.030048076923076924 0.04326923076923077
0 0.6466346153846154 0.18990384615384615 0.030048076923076924 0.04326923076923077
0 0.8485576923076923 0.19110576923076922 0.030048076923076924 0.04326923076923077
0 0.9326923076923077 0.19110576923076922 0.03245192307692308 0.04567307692307692
0 0.9038461538461539 0.19110576923076922 0.030048076923076924 0.04567307692307692
0 0.9627403846153846 0.19110576923076922 0.030048076923076924 0.04326923076923077
0 0.8762019230769231 0.19110576923076922 0.030048076923076924 0.04326923076923077
0 0.9867788461538461 0.19110576923076922 0.026442307692307692 0.04567307692307692
0 0.8185096153846154 0.19230769230769232 0.030048076923076924 0.039663461538461536
0 0.4362980769230769 0.22115384615384615 0.030048076923076924 0.04326923076923077
0 0.34975961538461536 0.22115384615384615 0.030048076923076924 0.04567307692307692
0 0.46274038461538464 0.22115384615384615 0.027644230769230768 0.04326923076923077
0 0.3786057692307692 0.22115384615384615 0.027644230769230768 0.04326923076923077
0 0.40625 0.22235576923076922 0.030048076923076924 0.04326923076923077
0 0.5480769230769231 0.22355769230769232 0.030048076923076924 0.04326923076923077
0 0.5204326923076923 0.22355769230769232 0.030048076923076924 0.04326923076923077
0 0.5769230769230769 0.2247596153846154 0.030048076923076924 0.039663461538461536
0 0.49038461538461536 0.2247596153846154 0.030048076923076924 0.039663461538461536
0 0.6334134615384616 0.2247596153846154 0.030048076923076924 0.039663461538461536
0 0.7475961538461539 0.2247596153846154 0.030048076923076924 0.039663461538461536
0 0.71875 0.2247596153846154 0.030048076923076924 0.039663461538461536
0 0.6899038461538461 0.22596153846153846 0.030048076923076924 0.039663461538461536
0 0.6622596153846154 0.22596153846153846 0.030048076923076924 0.039663461538461536
0 0.6045673076923077 0.22596153846153846 0.030048076923076924 0.039663461538461536
0 0.7752403846153846 0.22596153846153846 0.030048076923076924 0.039663461538461536
0 0.9182692307692307 0.22716346153846154 0.027644230769230768 0.04567307692307692
0 0.8617788461538461 0.22716346153846154 0.030048076923076924 0.04326923076923077
0 0.8040865384615384 0.22716346153846154 0.030048076923076924 0.04326923076923077
0 0.9735576923076923 0.22716346153846154 0.027644230769230768 0.04326923076923077
0 0.9459134615384616 0.22716346153846154 0.030048076923076924 0.04567307692307692
0 0.8894230769230769 0.2283653846153846 0.030048076923076924 0.04326923076923077
0 0.8329326923076923 0.2283653846153846 0.030048076923076924 0.04326923076923077
0 0.9939903846153846 0.2283653846153846 0.01201923076923077 0.04567307692307692
0 0.3629807692307692 0.24519230769230768 0.027644230769230768 0.02283653846153846
0 0.47716346153846156 0.24639423076923078 0.030048076923076924 0.020432692307692308
0 0.4483173076923077 0.24639423076923078 0.027644230769230768 0.020432692307692308
0 0.41947115384615385 0.24639423076923078 0.030048076923076924 0.020432692307692308
0 0.3918269230769231 0.24639423076923078 0.030048076923076924 0.020432692307692308
0 0.33533653846153844 0.24639423076923078 0.027644230769230768 0.020432692307692308
0 0.5048076923076923 0.24639423076923078 0.030048076923076924 0.020432692307692308
0 0.5901442307692307 0.24639423076923078 0.030048076923076924 0.020432692307692308
0 0.7307692307692307 0.24639423076923078 0.030048076923076924 0.020432692307692308
0 0.5625 0.24639423076923078 0.030048076923076924 0.020432692307692308
0 0.5324519230769231 0.24639423076923078 0.030048076923076924 0.020432692307692308
0 0.7019230769230769 0.24759615384615385 0.027644230769230768 0.018028846153846152
0 0.6466346153846154 0.24759615384615385 0.027644230769230768 0.018028846153846152
0 0.6177884615384616 0.24759615384615385 0.030048076923076924 0.018028846153846152
0 0.7596153846153846 0.24759615384615385 0.027644230769230768 0.018028846153846152
0 0.84375 0.24759615384615385 0.030048076923076924 0.018028846153846152
0 0.6754807692307693 0.24759615384615385 0.030048076923076924 0.018028846153846152
0 0.8161057692307693 0.24759615384615385 0.030048076923076924 0.018028846153846152
0 0.7884615384615384 0.24759615384615385 0.030048076923076924 0.018028846153846152
0 0.8725961538461539 0.24879807692307693 0.027644230769230768 0.015625
0 0.9014423076923077 0.24759615384615385 0.030048076923076924 0.018028846153846152
0 0.9314903846153846 0.24759615384615385 0.027644230769230768 0.018028846153846152
0 0.9603365384615384 0.24759615384615385 0.030048076923076924 0.018028846153846152
0 0.9855769230769231 0.24759615384615385 0.028846153846153848 0.014423076923076924
0 0.08413461538461539 0.6850961538461539 0.05048076923076923 0.0829326923076923
0 0.02403846153846154 0.6887019230769231 0.04807692307692308 0.08052884615384616
0 0.11658653846153846 0.7584134615384616 0.052884615384615384 0.0829326923076923
0 0.056490384615384616 0.7632211538461539 0.04807692307692308 0.0829326923076923
0 0.009615384615384616 0.7644230769230769 0.019230769230769232 0.07692307692307693
0 0.24639423076923078 0.7836538461538461 0.05048076923076923 0.1658653846153846
0 0.09134615384615384 0.8305288461538461 0.052884615384615384 0.08052884615384616
0 0.03125 0.8353365384615384 0.04807692307692308 0.078125
0 0.11778846153846154 0.9050480769230769 0.05048076923076923 0.0829326923076923
0 0.05889423076923077 0.9098557692307693 0.04807692307692308 0.08052884615384616
0 0.010817307692307692 0.9110576923076923 0.021634615384615384 0.08173076923076923
0 0.09254807692307693 0.9675480769230769 0.05048076923076923 0.06490384615384616
0 0.02403846153846154 0.9723557692307693 0.04807692307692308 0.055288461538461536
0 0.23798076923076922 0.9519230769230769 0.0673076923076923 0.09495192307692307
0 0.019230769230769232 0.28846153846153844 0.037259615384615384 0.06490384615384616
0 0.07692307692307693 0.28846153846153844 0.0625 0.06490384615384616
0 0.003605769230769231 0.36177884615384615 0.007211538461538462 0.10096153846153846
0 0.039663461538461536 0.3629807692307692 0.0625 0.10576923076923077
0 0.10576923076923077 0.36778846153846156 0.0625 0.10096153846153846
0 0.018028846153846152 0.45552884615384615 0.03485576923076923 0.10336538461538461
0 0.07211538461538461 0.45913461538461536 0.0625 0.10336538461538461
0 0.24879807692307693 0.5168269230769231 0.04567307692307692 0.16826923076923078
0 0.037259615384615384 0.5540865384615384 0.0625 0.10336538461538461
0 0.10576923076923077 0.5540865384615384 0.0625 0.10576923076923077
0 0.7728365384615384 0.6237980769230769 0.09495192307692307 0.1310096153846154
0 0.4110576923076923 0.6382211538461539 0.0733173076923077 0.12620192307692307
0 0.5625 0.640625 0.0829326923076923 0.13822115384615385
0 0.6598557692307693 0.6454326923076923 0.08774038461538461 0.140625
0 0.96875 0.6610576923076923 0.0625 0.16105769230769232
0 0.8221153846153846 0.7524038461538461 0.15384615384615385 0.23317307692307693
0 0.5048076923076923 0.765625 0.0733173076923077 0.140625
0 0.5793269230769231 0.7836538461538461 0.08533653846153846 0.14302884615384615
0 0.65625 0.8064903846153846 0.0829326923076923 0.16105769230769232
0 0.9158653846153846 0.8401442307692307 0.11057692307692307 0.16105769230769232
0 0.7283653846153846 0.859375 0.12860576923076922 0.203125
0 0.546875 0.8737980769230769 0.07572115384615384 0.08533653846153846
0 0.9795673076923077 0.8978365384615384 0.039663461538461536 0.203125
0 0.4723557692307692 0.9831730769230769 0.12620192307692307 0.03245192307692308