0 0.35336538461538464 0.2091346153846154 0.13701923076923078 0.19951923076923078
0 0.4675480769230769 0.21754807692307693 0.1045673076923077 0.16466346153846154
0 0.09615384615384616 0.22355769230769232 0.13701923076923078 0.20673076923076922
0 0.23918269230769232 0.23798076923076922 0.10697115384615384 0.16706730769230768
0 0.025240384615384616 0.24519230769230768 0.04927884615384615 0.171875
0 0.5108173076923077 0.3233173076923077 0.042067307692307696 0.09014423076923077
0 0.43028846153846156 0.31971153846153844 0.13942307692307693 0.09735576923076923
0 0.3016826923076923 0.3317307692307692 0.11177884615384616 0.07211538461538461
0 0.16706730769230768 0.328125 0.14423076923076922 0.07932692307692307
0 0.06009615384615385 0.34134615384615385 0.1045673076923077 0.055288461538461536
0 0.030048076923076924 0.020432692307692308 0.06009615384615385 0.039663461538461536
0 0.23798076923076922 0.02283653846153846 0.10216346153846154 0.04447115384615385
0 0.4230769230769231 0.06370192307692307 0.13942307692307693 0.12740384615384615
0 0.5024038461538461 0.0733173076923077 0.06009615384615385 0.1466346153846154
0 0.16826923076923078 0.07932692307692307 0.13221153846153846 0.15865384615384615
0 0.2932692307692308 0.08173076923076923 0.11057692307692307 0.16346153846153846
0 0.06850961538461539 0.09134615384615384 0.1045673076923077 0.1466346153846154
0 0.9435096153846154 0.0733173076923077 0.11177884615384616 0.13221153846153846
0 0.8329326923076923 0.0829326923076923 0.12980769230769232 0.13221153846153846
0 0.7163461538461539 0.09735576923076923 0.12379807692307693 0.13701923076923078
0 0.9447115384615384 0.23798076923076922 0.109375 0.12740384615384615
0 0.8377403846153846 0.2536057692307692 0.12379807692307693 0.13942307692307693
0 0.7211538461538461 0.2668269230769231 0.12379807692307693 0.13701923076923078
0 0.46875 0.421875 0.08653846153846154 0.10697115384615384
0 0.2247596153846154 0.4375 0.11658653846153846 0.13942307692307693
0 0.36778846153846156 0.45913461538461536 0.16947115384615385 0.1814903846153846
0 0.08533653846153846 0.46153846153846156 0.17067307692307693 0.1875
0 0.4675480769230769 0.6045673076923077 0.12980769230769232 0.22355769230769232
0 0.35216346153846156 0.6225961538461539 0.1045673076923077 0.1622596153846154
0 0.09014423076923077 0.6310096153846154 0.11658653846153846 0.15625
0 0.23557692307692307 0.6478365384615384 0.16706730769230768 0.2439903846153846
0 0.021634615384615384 0.65625 0.042067307692307696 0.24879807692307693
0 0.4375 0.7836538461538461 0.1045673076923077 0.14423076923076922
0 0.5132211538461539 0.8125 0.037259615384615384 0.20673076923076922
0 0.31490384615384615 0.8605769230769231 0.15384615384615385 0.22115384615384615
0 0.06009615384615385 0.9038461538461539 0.11899038461538461 0.19110576923076922
0 0.18509615384615385 0.8305288461538461 0.11177884615384616 0.17668269230769232
0 0.765625 0.7043269230769231 0.13701923076923078 0.14182692307692307
0 0.6057692307692307 0.71875 0.14423076923076922 0.1466346153846154
0 0.921875 0.7427884615384616 0.15625 0.1622596153846154
0 0.6911057692307693 0.7872596153846154 0.13701923076923078 0.13942307692307693
0 0.5745192307692307 0.8028846153846154 0.08413461538461539 0.1346153846153846
0 0.8329326923076923 0.8245192307692307 0.14903846153846154 0.14423076923076922
0 0.9579326923076923 0.8317307692307693 0.08413461538461539 0.13701923076923078
0 0.7644230769230769 0.9170673076923077 0.13942307692307693 0.13942307692307693
0 0.6153846153846154 0.9278846153846154 0.14182692307692307 0.14423076923076922
0 0.90625 0.9302884615384616 0.1466346153846154 0.13942307692307693
0 0.9915865384615384 0.9326923076923077 0.016826923076923076 0.12980769230769232
0 0.5745192307692307 0.9783653846153846 0.08413461538461539 0.042067307692307696
0 0.6899038461538461 0.9735576923076923 0.12740384615384615 0.051682692307692304
0 0.8269230769230769 0.984375 0.13942307692307693 0.03125