0 0.13701923076923078 0.14543269230769232 0.27403846153846156 0.2127403846153846
0 0.75 0.14543269230769232 0.3233173076923077 0.21514423076923078
0 0.43028846153846156 0.15625 0.30528846153846156 0.21514423076923078
0 0.051682692307692304 0.32211538461538464 0.10216346153846154 0.19230769230769232
0 0.8713942307692307 0.33052884615384615 0.25600961538461536 0.21995192307692307
0 0.2620192307692308 0.33413461538461536 0.3233173076923077 0.2127403846153846
0 0.5829326923076923 0.33774038461538464 0.3233173076923077 0.21514423076923078
0 0.1201923076923077 0.5108173076923077 0.2403846153846154 0.21394230769230768
0 0.40384615384615385 0.5180288461538461 0.328125 0.21995192307692307
0 0.734375 0.5216346153846154 0.33052884615384615 0.21754807692307693
0 0.953125 0.5228365384615384 0.09375 0.2283653846153846
0 0.23677884615384615 0.6995192307692307 0.32572115384615385 0.21033653846153846
0 0.5625 0.7079326923076923 0.3329326923076923 0.2127403846153846
0 0.8641826923076923 0.7139423076923077 0.27163461538461536 0.22355769230769232
0 0.29927884615384615 0.051682692307692304 0.31490384615384615 0.10216346153846154
0 0.8617788461538461 0.06009615384615385 0.2764423076923077 0.1201923076923077
0 0.10817307692307693 0.8653846153846154 0.21514423076923078 0.203125
0 0.40024038461538464 0.8689903846153846 0.28725961538461536 0.18990384615384615
0 0.5889423076923077 0.0625 0.2644230769230769 0.125
0 0.7271634615384616 0.8834134615384616 0.30288461538461536 0.19951923076923078
0 0.9399038461538461 0.8882211538461539 0.1201923076923077 0.2127403846153846
0 0.0733173076923077 0.027644230769230768 0.1466346153846154 0.055288461538461536