0 0.7103365384615384 0.17427884615384615 0.026442307692307692 0.17307692307692307
0 0.052884615384615384 0.17307692307692307 0.10576923076923077 0.1778846153846154
0 0.41466346153846156 0.39663461538461536 0.10096153846153846 0.04807692307692308
0 0.5180288461538461 0.3954326923076923 0.10096153846153846 0.05048076923076923
0 0.17067307692307693 0.16466346153846154 0.11658653846153846 0.17307692307692307
0 0.2860576923076923 0.16346153846153846 0.1201923076923077 0.1778846153846154
0 0.40865384615384615 0.15985576923076922 0.11658653846153846 0.18028846153846154
0 0.640625 0.15985576923076922 0.11177884615384616 0.17548076923076922
0 0.5276442307692307 0.15985576923076922 0.11658653846153846 0.1778846153846154
0 0.6923076923076923 0.39302884615384615 0.06129807692307692 0.052884615384615384
0 0.6141826923076923 0.3918269230769231 0.09615384615384616 0.055288461538461536
0 0.02283653846153846 0.054086538461538464 0.04567307692307692 0.10817307692307693
0 0.10336538461538461 0.05048076923076923 0.11658653846153846 0.10096153846153846
0 0.6838942307692307 0.04807692307692308 0.07932692307692307 0.09615384615384616
0 0.22235576923076922 0.04927884615384615 0.125 0.0985576923076923
0 0.3473557692307692 0.046875 0.1201923076923077 0.09254807692307693
0 0.5853365384615384 0.046875 0.12259615384615384 0.09254807692307693
0 0.4651442307692308 0.04567307692307692 0.11658653846153846 0.09014423076923077
0 0.055288461538461536 0.3293269230769231 0.09254807692307693 0.12980769230769232
0 0.1622596153846154 0.32091346153846156 0.09254807692307693 0.12980769230769232
0 0.36538461538461536 0.3161057692307692 0.09254807692307693 0.12740384615384615
0 0.6658653846153846 0.3137019230769231 0.0985576923076923 0.140625
0 0.5649038461538461 0.3125 0.0985576923076923 0.1466346153846154
0 0.4639423076923077 0.3112980769230769 0.10096153846153846 0.140625
0 0.265625 0.3112980769230769 0.08774038461538461 0.125
0 0.3161057692307692 0.3918269230769231 0.10096153846153846 0.055288461538461536
0 0.21033653846153846 0.3918269230769231 0.10096153846153846 0.055288461538461536
0 0.109375 0.39663461538461536 0.09615384615384616 0.04807692307692308
0 0.025240384615384616 0.40024038461538464 0.05048076923076923 0.039663461538461536
0 0.7716346153846154 0.07572115384615384 0.09615384615384616 0.15144230769230768
0 0.90625 0.019230769230769232 0.1875 0.038461538461538464
0 0.24879807692307693 0.5709134615384616 0.17067307692307693 0.234375
0 0.7740384615384616 0.9699519230769231 0.09134615384615384 0.06009615384615385
0 0.8533653846153846 0.9314903846153846 0.09134615384615384 0.13701923076923078
0 0.7668269230769231 0.8725961538461539 0.08774038461538461 0.13822115384615385
0 0.9278846153846154 0.8473557692307693 0.09014423076923077 0.13822115384615385
0 0.8413461538461539 0.7944711538461539 0.09254807692307693 0.13581730769230768
0 0.7632211538461539 0.7355769230769231 0.07932692307692307 0.13581730769230768
0 0.9254807692307693 0.7091346153846154 0.09254807692307693 0.13822115384615385
0 0.8353365384615384 0.6586538461538461 0.09014423076923077 0.13581730769230768
0 0.7572115384615384 0.5973557692307693 0.06610576923076923 0.13581730769230768
0 0.9158653846153846 0.5697115384615384 0.09254807692307693 0.140625
0 0.8269230769230769 0.5204326923076923 0.09254807692307693 0.13822115384615385
0 0.7524038461538461 0.4735576923076923 0.05889423076923077 0.10697115384615384
0 0.9759615384615384 0.45552884615384615 0.04807692307692308 0.07211538461538461