0 0.31009615384615385 0.12620192307692307 0.0673076923076923 0.1045673076923077
0 0.15985576923076922 0.12740384615384615 0.06490384615384616 0.10697115384615384
0 0.5973557692307693 0.22596153846153846 0.0733173076923077 0.10096153846153846
0 0.6814903846153846 0.2283653846153846 0.09375 0.14302884615384615
0 0.45552884615384615 0.2283653846153846 0.09134615384615384 0.140625
0 0.8389423076923077 0.2283653846153846 0.08653846153846154 0.140625
0 0.140625 0.2283653846153846 0.08653846153846154 0.12980769230769232
0 0.9747596153846154 0.2283653846153846 0.04927884615384615 0.13822115384615385
0 0.2980769230769231 0.22956730769230768 0.08653846153846154 0.13581730769230768
0 0.90625 0.23197115384615385 0.06490384615384616 0.109375
0 0.7524038461538461 0.23317307692307693 0.06971153846153846 0.11177884615384616
0 0.38461538461538464 0.23677884615384615 0.06490384615384616 0.10096153846153846
0 0.23557692307692307 0.23798076923076922 0.06490384615384616 0.1045673076923077
0 0.08653846153846154 0.2439903846153846 0.0625 0.109375
0 0.6009615384615384 0.3425480769230769 0.09615384615384616 0.13822115384615385
0 0.9158653846153846 0.3449519230769231 0.09375 0.13822115384615385
0 0.7620192307692307 0.3449519230769231 0.09375 0.14302884615384615
0 0.22355769230769232 0.3449519230769231 0.09134615384615384 0.13581730769230768
0 0.3762019230769231 0.3449519230769231 0.08653846153846154 0.13581730769230768
0 0.46274038461538464 0.3473557692307692 0.0733173076923077 0.0985576923076923
0 0.6766826923076923 0.3473557692307692 0.06971153846153846 0.109375
0 0.0673076923076923 0.3485576923076923 0.0889423076923077 0.13581730769230768
0 0.8317307692307693 0.34975961538461536 0.06490384615384616 0.10697115384615384
0 0.3088942307692308 0.34975961538461536 0.06490384615384616 0.1045673076923077
0 0.9759615384615384 0.3485576923076923 0.046875 0.1045673076923077
0 0.16105769230769232 0.35336538461538464 0.06009615384615385 0.10697115384615384
0 0.4567307692307692 0.46274038461538464 0.0889423076923077 0.140625
0 0.3004807692307692 0.46274038461538464 0.0889423076923077 0.13822115384615385
0 0.38461538461538464 0.4639423076923077 0.0625 0.10697115384615384
0 0.1466346153846154 0.4639423076923077 0.08653846153846154 0.13221153846153846
0 0.23677884615384615 0.4639423076923077 0.0625 0.10697115384615384
0 0.8401442307692307 0.4639423076923077 0.09134615384615384 0.13822115384615385
0 0.9735576923076923 0.4651442307692308 0.051682692307692304 0.13822115384615385
0 0.6826923076923077 0.4651442307692308 0.09134615384615384 0.13822115384615385
0 0.08774038461538461 0.4651442307692308 0.055288461538461536 0.109375
0 0.7524038461538461 0.46634615384615385 0.0673076923076923 0.1045673076923077
0 0.5985576923076923 0.46634615384615385 0.06971153846153846 0.109375
0 0.90625 0.4675480769230769 0.06490384615384616 0.10697115384615384
0 0.8401442307692307 0.025240384615384616 0.08653846153846154 0.04927884615384615
0 0.6802884615384616 0.027644230769230768 0.09375 0.055288461538461536
0 0.5973557692307693 0.018028846153846152 0.06971153846153846 0.036057692307692304
0 0.9759615384615384 0.028846153846153848 0.046875 0.057692307692307696
0 0.13221153846153846 0.030048076923076924 0.0889423076923077 0.06009615384615385
0 0.45072115384615385 0.030048076923076924 0.0889423076923077 0.06009615384615385
0 0.2932692307692308 0.03245192307692308 0.09134615384615384 0.06490384615384616
0 0.4699519230769231 0.6502403846153846 0.07572115384615384 0.109375
0 0.31490384615384615 0.6502403846153846 0.06490384615384616 0.11177884615384616
0 0.15625 0.6538461538461539 0.0625 0.109375
0 0.6394230769230769 0.6538461538461539 0.06971153846153846 0.109375
0 0.9519230769230769 0.6538461538461539 0.06490384615384616 0.11177884615384616
0 0.7956730769230769 0.65625 0.0673076923076923 0.11177884615384616
0 0.38100961538461536 0.6634615384615384 0.08653846153846154 0.12980769230769232
0 0.5612980769230769 0.6634615384615384 0.0889423076923077 0.13581730769230768
0 0.8822115384615384 0.6634615384615384 0.09375 0.140625
0 0.22235576923076922 0.6658653846153846 0.0889423076923077 0.13221153846153846
0 0.7199519230769231 0.6670673076923077 0.09375 0.13822115384615385
0 0.057692307692307696 0.6670673076923077 0.09615384615384616 0.13822115384615385
0 0.7536057692307693 0.026442307692307692 0.06971153846153846 0.051682692307692304
0 0.9074519230769231 0.026442307692307692 0.06971153846153846 0.051682692307692304
0 0.38100961538461536 0.027644230769230768 0.06971153846153846 0.055288461538461536
0 0.23918269230769232 0.7644230769230769 0.0673076923076923 0.10096153846153846
0 0.39302884615384615 0.765625 0.0733173076923077 0.10096153846153846
0 0.08413461538461539 0.7680288461538461 0.0673076923076923 0.1045673076923077
0 0.5588942307692307 0.7692307692307693 0.07572115384615384 0.0985576923076923
0 0.7151442307692307 0.7716346153846154 0.0733173076923077 0.0985576923076923
0 0.8701923076923077 0.7740384615384616 0.06971153846153846 0.109375
0 0.30649038461538464 0.7776442307692307 0.0889423076923077 0.13822115384615385
0 0.4639423076923077 0.7776442307692307 0.09134615384615384 0.12980769230769232
0 0.14302884615384615 0.78125 0.09134615384615384 0.13822115384615385
0 0.6370192307692307 0.7824519230769231 0.09375 0.13822115384615385
0 0.7980769230769231 0.7836538461538461 0.09375 0.13581730769230768
0 0.9579326923076923 0.7908653846153846 0.0829326923076923 0.13221153846153846
0 0.23317307692307693 0.03245192307692308 0.06971153846153846 0.06490384615384616
0 0.4699519230769231 0.875 0.0733173076923077 0.09615384615384616
0 0.1658653846153846 0.875 0.0673076923076923 0.1045673076923077
0 0.31971153846153844 0.8762019230769231 0.0733173076923077 0.0985576923076923
0 0.9435096153846154 0.8846153846153846 0.0733173076923077 0.1045673076923077
0 0.7872596153846154 0.8858173076923077 0.07572115384615384 0.10096153846153846
0 0.6346153846153846 0.8858173076923077 0.0733173076923077 0.09615384615384616
0 0.22956730769230768 0.8954326923076923 0.09134615384615384 0.13221153846153846
0 0.3870192307692308 0.8966346153846154 0.09134615384615384 0.12980769230769232
0 0.5564903846153846 0.9014423076923077 0.0889423076923077 0.13581730769230768
0 0.0673076923076923 0.9026442307692307 0.09375 0.13221153846153846
0 0.7163461538461539 0.90625 0.09134615384615384 0.13221153846153846
0 0.8810096153846154 0.9098557692307693 0.0889423076923077 0.12980769230769232
0 0.6033653846153846 0.09735576923076923 0.0889423076923077 0.13822115384615385
0 0.9158653846153846 0.10697115384615384 0.09134615384615384 0.14302884615384615
0 0.7596153846153846 0.109375 0.0889423076923077 0.14302884615384615
0 0.375 0.11057692307692307 0.09134615384615384 0.140625
0 0.21995192307692307 0.11057692307692307 0.09134615384615384 0.140625
0 0.6766826923076923 0.11177884615384616 0.06971153846153846 0.10096153846153846
0 0.06009615384615385 0.11298076923076923 0.09134615384615384 0.13822115384615385
0 0.8293269230769231 0.11538461538461539 0.06971153846153846 0.10697115384615384
0 0.9735576923076923 0.11538461538461539 0.051682692307692304 0.10697115384615384
0 0.45913461538461536 0.12139423076923077 0.0733173076923077 0.0985576923076923
0 0.019230769230769232 0.35336538461538464 0.038461538461538464 0.10697115384615384
0 0.078125 0.03125 0.0673076923076923 0.0625
0 0.018028846153846152 0.12980769230769232 0.036057692307692304 0.109375
0 0.7920673076923077 0.9807692307692307 0.0889423076923077 0.038461538461538464
0 0.4639423076923077 0.9759615384615384 0.0889423076923077 0.046875
0 0.30649038461538464 0.9759615384615384 0.09134615384615384 0.046875
0 0.016826923076923076 0.4675480769230769 0.03365384615384615 0.13822115384615385
0 0.013221153846153846 0.65625 0.026442307692307692 0.1141826923076923
0 0.025240384615384616 0.8798076923076923 0.04927884615384615 0.109375
0 0.014423076923076924 0.9759615384615384 0.028846153846153848 0.046875
0 0.09254807692307693 0.9663461538461539 0.06971153846153846 0.0673076923076923
0 0.1502403846153846 0.9759615384615384 0.08653846153846154 0.046875
0 0.24278846153846154 0.9675480769230769 0.0673076923076923 0.06490384615384616
0 0.3918269230769231 0.96875 0.07572115384615384 0.0625
0 0.5528846153846154 0.9735576923076923 0.07572115384615384 0.051682692307692304
0 0.6358173076923077 0.9807692307692307 0.0829326923076923 0.038461538461538464
0 0.9579326923076923 0.9831730769230769 0.0829326923076923 0.03365384615384615
0 0.8629807692307693 0.9747596153846154 0.07572115384615384 0.04927884615384615
0 0.9891826923076923 0.9723557692307693 0.020432692307692308 0.055288461538461536
0 0.015625 0.7920673076923077 0.03125 0.140625