0 0.02403846153846154 0.15625 0.04807692307692308 0.20072115384615385
0 0.2439903846153846 0.15384615384615385 0.11538461538461539 0.20072115384615385
0 0.11778846153846154 0.15384615384615385 0.13341346153846154 0.20072115384615385
0 0.057692307692307696 0.038461538461538464 0.11538461538461539 0.07692307692307693
0 0.18389423076923078 0.038461538461538464 0.13221153846153846 0.07692307692307693
0 0.05889423076923077 0.25 0.11778846153846154 0.037259615384615384
0 0.18509615384615385 0.24879807692307693 0.13341346153846154 0.039663461538461536
0 0.35336538461538464 0.2127403846153846 0.0985576923076923 0.11298076923076923
0 0.453125 0.21394230769230768 0.0985576923076923 0.11057692307692307
0 0.5504807692307693 0.2127403846153846 0.09495192307692307 0.11298076923076923
0 0.6466346153846154 0.21394230769230768 0.08774038461538461 0.11057692307692307
0 0.7451923076923077 0.20192307692307693 0.09254807692307693 0.13341346153846154
0 0.8377403846153846 0.19831730769230768 0.08774038461538461 0.140625
0 0.9242788461538461 0.19831730769230768 0.08533653846153846 0.140625
0 0.9867788461538461 0.19591346153846154 0.026442307692307692 0.14182692307692307
0 0.3954326923076923 0.09134615384615384 0.09254807692307693 0.16826923076923078
0 0.3245192307692308 0.08774038461538461 0.04567307692307692 0.17067307692307693
0 0.4951923076923077 0.08413461538461539 0.09495192307692307 0.16826923076923078
0 0.5925480769230769 0.08173076923076923 0.09495192307692307 0.16346153846153846
0 0.6923076923076923 0.078125 0.09254807692307693 0.15625
0 0.7860576923076923 0.0733173076923077 0.09014423076923077 0.14543269230769232
0 0.8786057692307693 0.07091346153846154 0.08774038461538461 0.140625
0 0.9615384615384616 0.06850961538461539 0.07692307692307693 0.13701923076923078
0 0.3425480769230769 0.009615384615384616 0.08413461538461539 0.019230769230769232
0 0.4362980769230769 0.009615384615384616 0.10336538461538461 0.019230769230769232
0 0.6382211538461539 0.006009615384615385 0.09495192307692307 0.01201923076923077
0 0.5372596153846154 0.004807692307692308 0.10096153846153846 0.009615384615384616
0 0.7331730769230769 0.003605769230769231 0.09014423076923077 0.007211538461538462
0 0.21514423076923078 0.8641826923076923 0.17307692307692307 0.12620192307692307
0 0.05889423076923077 0.8353365384615384 0.11778846153846154 0.15865384615384615
0 0.06490384615384616 0.7199519230769231 0.12980769230769232 0.10817307692307693
0 0.21514423076923078 0.7115384615384616 0.17307692307692307 0.14543269230769232
0 0.22956730769230768 0.6033653846153846 0.14302884615384615 0.10096153846153846
0 0.078125 0.5612980769230769 0.15625 0.14302884615384615
0 0.39663461538461536 0.9723557692307693 0.140625 0.055288461538461536
0 0.5444711538461539 0.9663461538461539 0.14783653846153846 0.0673076923076923
0 0.8822115384615384 0.9507211538461539 0.1814903846153846 0.0985576923076923
0 0.35697115384615385 0.9278846153846154 0.11057692307692307 0.14302884615384615
0 0.45552884615384615 0.8401442307692307 0.1310096153846154 0.15865384615384615
0 0.6033653846153846 0.8389423076923077 0.140625 0.1658653846153846
0 0.7572115384615384 0.8028846153846154 0.16346153846153846 0.1658653846153846
0 0.3269230769230769 0.7872596153846154 0.05048076923076923 0.12860576923076922
0 0.921875 0.7872596153846154 0.15625 0.16826923076923078
0 0.4182692307692308 0.7704326923076923 0.11298076923076923 0.1201923076923077
0 0.6430288461538461 0.7175480769230769 0.08533653846153846 0.0985576923076923
0 0.5384615384615384 0.7067307692307693 0.12259615384615384 0.12860576923076922
0 0.9459134615384616 0.6670673076923077 0.10817307692307693 0.13822115384615385
0 0.8137019230769231 0.6394230769230769 0.1502403846153846 0.13822115384615385
0 0.8641826923076923 0.5865384615384616 0.12259615384615384 0.10576923076923077
0 0.9615384615384616 0.5588942307692307 0.07692307692307693 0.10336538461538461
0 0.7163461538461539 0.9735576923076923 0.15625 0.052884615384615384