0 0.6177884615384616 0.03125 0.13581730769230768 0.0625
0 0.7548076923076923 0.03125 0.13822115384615385 0.0625
0 0.47596153846153844 0.03245192307692308 0.13581730769230768 0.06490384615384616
0 0.33533653846153844 0.03365384615384615 0.13701923076923078 0.0673076923076923
0 0.06129807692307692 0.03365384615384615 0.12259615384615384 0.0673076923076923
0 0.1935096153846154 0.03485576923076923 0.13701923076923078 0.06971153846153846
0 0.7944711538461539 0.140625 0.07572115384615384 0.20673076923076922
0 0.6875 0.14182692307692307 0.13822115384615385 0.20673076923076922
0 0.546875 0.14302884615384615 0.13822115384615385 0.20432692307692307
0 0.40865384615384615 0.14543269230769232 0.13822115384615385 0.20432692307692307
0 0.26802884615384615 0.1466346153846154 0.13822115384615385 0.20673076923076922
0 0.12740384615384615 0.14783653846153846 0.13822115384615385 0.2091346153846154
0 0.027644230769230768 0.1466346153846154 0.055288461538461536 0.2091346153846154
0 0.7596153846153846 0.3245192307692308 0.13581730769230768 0.2091346153846154
0 0.4795673076923077 0.32572115384615385 0.13822115384615385 0.21153846153846154
0 0.6189903846153846 0.32572115384615385 0.13581730769230768 0.20673076923076922
0 0.19951923076923078 0.3293269230769231 0.13822115384615385 0.21153846153846154
0 0.3401442307692308 0.3317307692307692 0.13581730769230768 0.2091346153846154
0 0.0625 0.33413461538461536 0.125 0.20673076923076922
0 0.796875 0.45552884615384615 0.07091346153846154 0.11538461538461539
0 0.6899038461538461 0.4579326923076923 0.13822115384615385 0.109375
0 0.5480769230769231 0.4579326923076923 0.13822115384615385 0.109375
0 0.4098557692307692 0.46033653846153844 0.13822115384615385 0.1045673076923077
0 0.26802884615384615 0.46033653846153844 0.13822115384615385 0.1045673076923077
0 0.027644230769230768 0.46033653846153844 0.055288461538461536 0.1045673076923077
0 0.12740384615384615 0.46033653846153844 0.13822115384615385 0.1045673076923077
0 0.17668269230769232 0.6081730769230769 0.19591346153846154 0.19110576923076922
0 0.11658653846153846 0.7728365384615384 0.18269230769230768 0.3088942307692308
0 0.3004807692307692 0.8004807692307693 0.18269230769230768 0.3137019230769231
0 0.4519230769230769 0.8653846153846154 0.21153846153846154 0.2692307692307692
0 0.6850961538461539 0.8713942307692307 0.21754807692307693 0.25600961538461536
0 0.8798076923076923 0.8954326923076923 0.09375 0.2091346153846154
0 0.9579326923076923 0.5528846153846154 0.08413461538461539 0.078125
0 0.8737980769230769 0.5564903846153846 0.08413461538461539 0.08653846153846154
0 0.9158653846153846 0.6911057692307693 0.16706730769230768 0.2668269230769231