0 0.6141826923076923 0.04927884615384615 0.13581730769230768 0.0985576923076923
0 0.7512019230769231 0.04927884615384615 0.13822115384615385 0.0985576923076923
0 0.4735576923076923 0.05048076923076923 0.13581730769230768 0.10096153846153846
0 0.3329326923076923 0.051682692307692304 0.13701923076923078 0.10336538461538461
0 0.06129807692307692 0.051682692307692304 0.12259615384615384 0.10336538461538461
0 0.19230769230769232 0.052884615384615384 0.13942307692307693 0.10576923076923077
0 0.7908653846153846 0.17548076923076922 0.07572115384615384 0.20552884615384615
0 0.6838942307692307 0.17668269230769232 0.13822115384615385 0.20552884615384615
0 0.5444711538461539 0.1778846153846154 0.13822115384615385 0.203125
0 0.40625 0.1814903846153846 0.13822115384615385 0.203125
0 0.2668269230769231 0.18269230769230768 0.13822115384615385 0.20552884615384615
0 0.12620192307692307 0.18389423076923078 0.13822115384615385 0.20793269230769232
0 0.027644230769230768 0.18269230769230768 0.055288461538461536 0.20793269230769232
0 0.7548076923076923 0.359375 0.13581730769230768 0.20793269230769232
0 0.47596153846153844 0.3605769230769231 0.13822115384615385 0.21153846153846154
0 0.6153846153846154 0.3605769230769231 0.13581730769230768 0.20552884615384615
0 0.19831730769230768 0.3641826923076923 0.13822115384615385 0.21153846153846154
0 0.3389423076923077 0.36538461538461536 0.13581730769230768 0.20793269230769232
0 0.0625 0.36899038461538464 0.125 0.20552884615384615
0 0.7932692307692307 0.4891826923076923 0.06971153846153846 0.1141826923076923
0 0.6862980769230769 0.49278846153846156 0.13822115384615385 0.109375
0 0.5456730769230769 0.49278846153846156 0.13822115384615385 0.109375
0 0.4074519230769231 0.4951923076923077 0.13822115384615385 0.1045673076923077
0 0.2668269230769231 0.4951923076923077 0.13822115384615385 0.1045673076923077
0 0.027644230769230768 0.4951923076923077 0.055288461538461536 0.1045673076923077
0 0.12620192307692307 0.4951923076923077 0.13822115384615385 0.1045673076923077
0 0.17548076923076922 0.6418269230769231 0.19471153846153846 0.18990384615384615
0 0.11538461538461539 0.8052884615384616 0.18269230769230768 0.3076923076923077
0 0.29927884615384615 0.8329326923076923 0.18269230769230768 0.3125
0 0.4495192307692308 0.8810096153846154 0.21153846153846154 0.23677884615384615
0 0.6814903846153846 0.8882211538461539 0.21634615384615385 0.22355769230769232
0 0.875 0.9110576923076923 0.09375 0.17668269230769232
0 0.9555288461538461 0.5853365384615384 0.0889423076923077 0.078125
0 0.8701923076923077 0.5901442307692307 0.0829326923076923 0.08653846153846154
0 0.9134615384615384 0.7235576923076923 0.171875 0.265625