0 0.06129807692307692 0.1346153846153846 0.12259615384615384 0.2692307692307692
0 0.9723557692307693 0.375 0.054086538461538464 0.17067307692307693
0 0.04567307692307692 0.8930288461538461 0.09134615384615384 0.2127403846153846
0 0.40625 0.8713942307692307 0.21754807692307693 0.25721153846153844
0 0.18028846153846154 0.7632211538461539 0.24759615384615385 0.36899038461538464
0 0.040865384615384616 0.6201923076923077 0.08173076923076923 0.31971153846153844
0 0.3858173076923077 0.5973557692307693 0.24759615384615385 0.27524038461538464
0 0.1658653846153846 0.4951923076923077 0.2776442307692308 0.06971153846153846
0 0.9807692307692307 0.9639423076923077 0.038461538461538464 0.07211538461538461
0 0.6862980769230769 0.9591346153846154 0.11177884615384616 0.08173076923076923
0 0.796875 0.9603365384615384 0.10336538461538461 0.07932692307692307
0 0.9146634615384616 0.9459134615384616 0.11298076923076923 0.10817307692307693
0 0.5865384615384616 0.9507211538461539 0.0985576923076923 0.0985576923076923
0 0.9927884615384616 0.8305288461538461 0.014423076923076924 0.1658653846153846
0 0.7079326923076923 0.8305288461538461 0.10697115384615384 0.16346153846153846
0 0.8173076923076923 0.8257211538461539 0.10336538461538461 0.16346153846153846
0 0.5961538461538461 0.8185096153846154 0.10336538461538461 0.1658653846153846
0 0.9278846153846154 0.8028846153846154 0.109375 0.16826923076923078
0 0.7067307692307693 0.6598557692307693 0.11658653846153846 0.16826923076923078
0 0.8233173076923077 0.6418269230769231 0.11658653846153846 0.17307692307692307
0 0.5841346153846154 0.6358173076923077 0.1141826923076923 0.1778846153846154
0 0.9447115384615384 0.6141826923076923 0.11057692307692307 0.18028846153846154
0 0.6935096153846154 0.5024038461538461 0.1141826923076923 0.08413461538461539
0 0.8088942307692307 0.4963942307692308 0.11899038461538461 0.07211538461538461
0 0.5745192307692307 0.49158653846153844 0.11899038461538461 0.06129807692307692