0 0.28725961538461536 0.5504807692307693 0.16826923076923078 0.11057692307692307
0 0.7103365384615384 0.5600961538461539 0.09495192307692307 0.0889423076923077
0 0.43990384615384615 0.5564903846153846 0.13701923076923078 0.09735576923076923
0 0.14302884615384615 0.5516826923076923 0.13942307692307693 0.10817307692307693
0 0.6622596153846154 0.4387019230769231 0.1502403846153846 0.22596153846153846
0 0.5096153846153846 0.43028846153846156 0.17427884615384615 0.27163461538461536
0 0.1971153846153846 0.421875 0.17067307692307693 0.27163461538461536
0 0.359375 0.41225961538461536 0.14182692307692307 0.2283653846153846
0 0.06129807692307692 0.4050480769230769 0.12259615384615384 0.2283653846153846
0 0.7163461538461539 0.23798076923076922 0.08413461538461539 0.21875
0 0.6033653846153846 0.22355769230769232 0.17668269230769232 0.26802884615384615
0 0.44471153846153844 0.21634615384615385 0.13942307692307693 0.22596153846153846
0 0.2920673076923077 0.21394230769230768 0.17067307692307693 0.265625
0 0.13822115384615385 0.2091346153846154 0.13942307692307693 0.2283653846153846
0 0.030048076923076924 0.20793269230769232 0.06009615384615385 0.26802884615384615
0 0.6754807692307693 0.07451923076923077 0.14423076923076922 0.14903846153846154
0 0.36538461538461536 0.06490384615384616 0.14783653846153846 0.12860576923076922
0 0.5168269230769231 0.07211538461538461 0.17668269230769232 0.14423076923076922
0 0.05889423076923077 0.06009615384615385 0.11778846153846154 0.1201923076923077
0 0.19471153846153846 0.07091346153846154 0.17908653846153846 0.14182692307692307
0 0.8653846153846154 0.5108173076923077 0.14182692307692307 0.18990384615384615
0 0.7740384615384616 0.4675480769230769 0.03125 0.22355769230769232
0 0.9290865384615384 0.3762019230769231 0.14182692307692307 0.20552884615384615
0 0.8112980769230769 0.32091346153846156 0.10817307692307693 0.21033653846153846
0 0.12259615384615384 0.8317307692307693 0.15504807692307693 0.33653846153846156
0 0.27163461538461536 0.8040865384615384 0.19951923076923078 0.3918269230769231
0 0.5576923076923077 0.8028846153846154 0.21634615384615385 0.3942307692307692