0 0.48677884615384615 0.5685096153846154 0.20673076923076922 0.16466346153846154
0 0.3629807692307692 0.38822115384615385 0.21394230769230768 0.3545673076923077
0 0.6081730769230769 0.38461538461538464 0.19471153846153846 0.34975961538461536
0 0.6995192307692307 0.14423076923076922 0.12620192307692307 0.28846153846153844
0 0.48677884615384615 0.14423076923076922 0.20192307692307693 0.28846153846153844
0 0.2644230769230769 0.14423076923076922 0.23317307692307693 0.28846153846153844
0 0.9110576923076923 0.4519230769230769 0.17668269230769232 0.2956730769230769
0 0.7896634615384616 0.4338942307692308 0.055288461538461536 0.3641826923076923
0 0.8978365384615384 0.125 0.20432692307692307 0.25
0 0.12259615384615384 0.8798076923076923 0.24519230769230768 0.2403846153846154
0 0.28725961538461536 0.7548076923076923 0.25 0.2091346153846154
0 0.5540865384615384 0.7475961538461539 0.28365384615384615 0.19471153846153846
0 0.0673076923076923 0.7307692307692307 0.13341346153846154 0.15985576923076922
0 0.8425480769230769 0.9759615384615384 0.15985576923076922 0.04807692307692308
0 0.8149038461538461 0.8497596153846154 0.1045673076923077 0.3004807692307692
0 0.9314903846153846 0.8365384615384616 0.13581730769230768 0.2548076923076923
0 0.84375 0.6935096153846154 0.1622596153846154 0.08533653846153846