0 0.0985576923076923 0.5372596153846154 0.15865384615384615 0.1778846153846154
0 0.4831730769230769 0.546875 0.05889423076923077 0.15865384615384615
0 0.24278846153846154 0.5432692307692307 0.12860576923076922 0.1658653846153846
0 0.014423076923076924 0.5372596153846154 0.028846153846153848 0.17548076923076922
0 0.44711538461538464 0.39302884615384615 0.1310096153846154 0.2127403846153846
0 0.3076923076923077 0.3870192307692308 0.16346153846153846 0.2548076923076923
0 0.046875 0.3798076923076923 0.09375 0.2548076923076923
0 0.16706730769230768 0.3701923076923077 0.13341346153846154 0.21514423076923078
0 0.4879807692307692 0.20673076923076922 0.04927884615384615 0.20552884615384615
0 0.39783653846153844 0.1935096153846154 0.1658653846153846 0.25240384615384615
0 0.24759615384615385 0.18509615384615385 0.1310096153846154 0.2127403846153846
0 0.10336538461538461 0.18389423076923078 0.16105769230769232 0.25
0 0.01201923076923077 0.1778846153846154 0.02403846153846154 0.21634615384615385
0 0.453125 0.06129807692307692 0.11778846153846154 0.12259615384615384
0 0.17307692307692307 0.051682692307692304 0.13822115384615385 0.10336538461538461
0 0.3161057692307692 0.05889423076923077 0.1658653846153846 0.11778846153846154
0 0.04807692307692308 0.057692307692307696 0.09615384615384616 0.11538461538461539
0 0.9783653846153846 0.31971153846153844 0.042067307692307696 0.33653846153846156
0 0.8701923076923077 0.3233173076923077 0.18870192307692307 0.33653846153846156
0 0.6959134615384616 0.34375 0.18269230769230768 0.33413461538461536
0 0.5637019230769231 0.3641826923076923 0.10096153846153846 0.3269230769230769
0 0.7980769230769231 0.055288461538461536 0.18269230769230768 0.11057692307692307
0 0.6274038461538461 0.051682692307692304 0.18028846153846154 0.10336538461538461
0 0.9399038461538461 0.051682692307692304 0.1201923076923077 0.10336538461538461
0 0.20432692307692307 0.9975961538461539 0.17548076923076922 0.004807692307692308
0 0.3858173076923077 0.9795673076923077 0.21875 0.040865384615384616
0 0.04927884615384615 0.9254807692307693 0.0985576923076923 0.109375
0 0.4026442307692308 0.9134615384615384 0.1778846153846154 0.10697115384615384
0 0.19230769230769232 0.9050480769230769 0.2127403846153846 0.13822115384615385
0 0.051682692307692304 0.7824519230769231 0.10336538461538461 0.13341346153846154
0 0.3894230769230769 0.7728365384615384 0.2127403846153846 0.1310096153846154
0 0.21394230769230768 0.8004807692307693 0.17067307692307693 0.10336538461538461