0 0.48677884615384615 0.5709134615384616 0.20673076923076922 0.16466346153846154
0 0.3629807692307692 0.390625 0.21394230769230768 0.3545673076923077
0 0.6081730769230769 0.3870192307692308 0.19471153846153846 0.34975961538461536
0 0.6995192307692307 0.14543269230769232 0.12620192307692307 0.29086538461538464
0 0.48677884615384615 0.14543269230769232 0.20192307692307693 0.29086538461538464
0 0.2644230769230769 0.14543269230769232 0.23317307692307693 0.29086538461538464
0 0.9110576923076923 0.4543269230769231 0.17668269230769232 0.2956730769230769
0 0.7896634615384616 0.4362980769230769 0.055288461538461536 0.3641826923076923
0 0.8978365384615384 0.12620192307692307 0.20432692307692307 0.25240384615384615
0 0.12259615384615384 0.8810096153846154 0.24519230769230768 0.23798076923076922
0 0.28725961538461536 0.7572115384615384 0.25 0.2091346153846154
0 0.5540865384615384 0.75 0.28365384615384615 0.19471153846153846
0 0.0673076923076923 0.7331730769230769 0.13341346153846154 0.15985576923076922
0 0.8425480769230769 0.9771634615384616 0.15985576923076922 0.04567307692307692
0 0.8149038461538461 0.8509615384615384 0.1045673076923077 0.2980769230769231
0 0.9314903846153846 0.8389423076923077 0.13581730769230768 0.2548076923076923
0 0.84375 0.6959134615384616 0.1622596153846154 0.08533653846153846