0 0.17668269230769232 0.06490384615384616 0.20072115384615385 0.12860576923076922
0 0.3088942307692308 0.06370192307692307 0.06490384615384616 0.12620192307692307
0 0.078125 0.17307692307692307 0.15625 0.16826923076923078
0 0.2536057692307692 0.18509615384615385 0.17548076923076922 0.16826923076923078
0 0.027644230769230768 0.3076923076923077 0.054086538461538464 0.15625
0 0.14783653846153846 0.3173076923076923 0.1778846153846154 0.15625
0 0.2956730769230769 0.3317307692307692 0.09134615384615384 0.14903846153846154
0 0.06971153846153846 0.42908653846153844 0.13822115384615385 0.12139423076923077
0 0.22596153846153846 0.4338942307692308 0.17067307692307693 0.11177884615384616
0 0.8076923076923077 0.33653846153846156 0.17548076923076922 0.2620192307692308
0 0.9459134615384616 0.3389423076923077 0.10817307692307693 0.2644230769230769
0 0.6358173076923077 0.3473557692307692 0.18028846153846154 0.2620192307692308
0 0.46153846153846156 0.36177884615384615 0.18028846153846154 0.25721153846153844
0 0.2247596153846154 0.8329326923076923 0.06129807692307692 0.1466346153846154
0 0.32211538461538464 0.8389423076923077 0.039663461538461536 0.15865384615384615
0 0.04927884615384615 0.8425480769230769 0.07211538461538461 0.14302884615384615
0 0.16706730769230768 0.8473557692307693 0.09375 0.16346153846153846
0 0.018028846153846152 0.8605769230769231 0.036057692307692304 0.16826923076923078
0 0.33052884615384615 0.9519230769230769 0.02283653846153846 0.09615384615384616
0 0.18269230769230768 0.9555288461538461 0.054086538461538464 0.0889423076923077
0 0.29086538461538464 0.9519230769230769 0.09615384615384616 0.09615384615384616
0 0.11538461538461539 0.9555288461538461 0.10096153846153846 0.0889423076923077
0 0.3161057692307692 0.5673076923076923 0.051682692307692304 0.15384615384615385
0 0.21634615384615385 0.5612980769230769 0.06129807692307692 0.14302884615384615
0 0.040865384615384616 0.5697115384615384 0.07211538461538461 0.15144230769230768
0 0.15865384615384615 0.5721153846153846 0.09375 0.16346153846153846
0 0.01201923076923077 0.5817307692307693 0.02403846153846154 0.16826923076923078
0 0.28846153846153844 0.7079326923076923 0.0985576923076923 0.16105769230769232
0 0.10697115384615384 0.7163461538461539 0.10096153846153846 0.16105769230769232
0 0.021634615384615384 0.9567307692307693 0.042067307692307696 0.08653846153846154
0 0.013221153846153846 0.7115384615384616 0.026442307692307692 0.12980769230769232
0 0.3329326923076923 0.6971153846153846 0.016826923076923076 0.1310096153846154