0 0.4855769230769231 0.39783653846153844 0.19591346153846154 0.15384615384615385
0 0.25841346153846156 0.3942307692307692 0.19831730769230768 0.1622596153846154
0 0.07932692307692307 0.3942307692307692 0.15865384615384615 0.15865384615384615
0 0.37259615384615385 0.2692307692307692 0.18629807692307693 0.16706730769230768
0 0.5504807692307693 0.26322115384615385 0.1346153846153846 0.16466346153846154
0 0.17548076923076922 0.25600961538461536 0.18629807692307693 0.16706730769230768
0 0.039663461538461536 0.2536057692307692 0.078125 0.16947115384615385
0 0.4651442307692308 0.13581730769230768 0.171875 0.15384615384615385
0 0.5949519230769231 0.13341346153846154 0.046875 0.14903846153846154
0 0.28846153846153844 0.12740384615384615 0.17668269230769232 0.15384615384615385
0 0.09495192307692307 0.11298076923076923 0.1814903846153846 0.1466346153846154
0 0.5444711538461539 0.040865384615384616 0.1466346153846154 0.08052884615384616
0 0.3798076923076923 0.037259615384615384 0.16706730769230768 0.0733173076923077
0 0.20673076923076922 0.03365384615384615 0.16947115384615385 0.06610576923076923
0 0.05889423076923077 0.02403846153846154 0.11778846153846154 0.04807692307692308
0 0.7776442307692307 0.17908653846153846 0.32091346153846156 0.3581730769230769
0 0.296875 0.9278846153846154 0.21514423076923078 0.14423076923076922
0 0.8112980769230769 0.8978365384615384 0.21033653846153846 0.203125
0 0.6670673076923077 0.8978365384615384 0.0985576923076923 0.203125
0 0.953125 0.9002403846153846 0.09254807692307693 0.19831730769230768
0 0.9122596153846154 0.6935096153846154 0.17548076923076922 0.30528846153846156
0 0.7391826923076923 0.6814903846153846 0.16466346153846154 0.25721153846153844
0 0.8209134615384616 0.5324519230769231 0.21033653846153846 0.11298076923076923
0 0.9591346153846154 0.5264423076923077 0.08052884615384616 0.10336538461538461
0 0.6682692307692307 0.5264423076923077 0.10096153846153846 0.10336538461538461