0 0.15745192307692307 0.06490384615384616 0.20192307692307693 0.12980769230769232
0 0.29086538461538464 0.06370192307692307 0.06490384615384616 0.12740384615384615
0 0.06850961538461539 0.17427884615384615 0.13701923076923078 0.16947115384615385
0 0.23557692307692307 0.18629807692307693 0.17668269230769232 0.16947115384615385
0 0.016826923076923076 0.3088942307692308 0.03365384615384615 0.15625
0 0.12860576923076922 0.31850961538461536 0.17908653846153846 0.15625
0 0.2776442307692308 0.3329326923076923 0.09254807692307693 0.14903846153846154
0 0.06009615384615385 0.43149038461538464 0.11899038461538461 0.12139423076923077
0 0.20793269230769232 0.4362980769230769 0.171875 0.11177884615384616
0 0.7920673076923077 0.33774038461538464 0.17668269230769232 0.26322115384615385
0 0.9387019230769231 0.3425480769230769 0.12139423076923077 0.265625
0 0.6189903846153846 0.34975961538461536 0.1814903846153846 0.26322115384615385
0 0.44350961538461536 0.3629807692307692 0.1814903846153846 0.25841346153846156
0 0.20673076923076922 0.8365384615384616 0.0625 0.1466346153846154
0 0.30288461538461536 0.84375 0.039663461538461536 0.15865384615384615
0 0.03245192307692308 0.8461538461538461 0.06490384615384616 0.14423076923076922
0 0.14783653846153846 0.8521634615384616 0.09495192307692307 0.16466346153846154
0 0.008413461538461538 0.8653846153846154 0.016826923076923076 0.16947115384615385
0 0.3112980769230769 0.953125 0.021634615384615384 0.09375
0 0.16466346153846154 0.9579326923076923 0.055288461538461536 0.08413461538461539
0 0.27163461538461536 0.953125 0.09615384615384616 0.09375
0 0.09615384615384616 0.9579326923076923 0.10216346153846154 0.08413461538461539
0 0.296875 0.5697115384615384 0.051682692307692304 0.15384615384615385
0 0.19831730769230768 0.5649038461538461 0.0625 0.14423076923076922
0 0.028846153846153848 0.5709134615384616 0.057692307692307696 0.15144230769230768
0 0.13942307692307693 0.5745192307692307 0.09495192307692307 0.16466346153846154
0 0.2704326923076923 0.7115384615384616 0.09975961538461539 0.1622596153846154
0 0.08653846153846154 0.7199519230769231 0.10216346153846154 0.1622596153846154
0 0.010817307692307692 0.9591346153846154 0.021634615384615384 0.08173076923076923
0 0.003605769230769231 0.7163461538461539 0.007211538461538462 0.12980769230769232
0 0.31490384615384615 0.7007211538461539 0.016826923076923076 0.13221153846153846