0 0.23798076923076922 0.037259615384615384 0.09014423076923077 0.07451923076923077
0 0.12860576923076922 0.039663461538461536 0.15504807692307693 0.07932692307692307
0 0.03485576923076923 0.0673076923076923 0.06971153846153846 0.1346153846153846
0 0.6117788461538461 0.4254807692307692 0.3173076923076923 0.39663461538461536
0 0.8665865384615384 0.3425480769230769 0.2668269230769231 0.5600961538461539
0 0.4014423076923077 0.14783653846153846 0.23557692307692307 0.2956730769230769
0 0.6995192307692307 0.11177884615384616 0.3798076923076923 0.22355769230769232
0 0.37740384615384615 0.4495192307692308 0.18870192307692307 0.3473557692307692
0 0.09014423076923077 0.8112980769230769 0.18028846153846154 0.3762019230769231
0 0.23197115384615385 0.8112980769230769 0.10336538461538461 0.3762019230769231
0 0.5432692307692307 0.7247596153846154 0.19591346153846154 0.20072115384615385
0 0.7283653846153846 0.7319711538461539 0.1935096153846154 0.21634615384615385
0 0.9074519230769231 0.7367788461538461 0.18509615384615385 0.22716346153846154
0 0.36778846153846156 0.71875 0.16706730769230768 0.19110576923076922