0 0.3004807692307692 0.08774038461538461 0.265625 0.17427884615384615
0 0.19831730769230768 0.33533653846153844 0.39663461538461536 0.46274038461538464
0 0.3173076923076923 0.5408653846153846 0.23197115384615385 0.08653846153846154
0 0.40865384615384615 0.33653846153846156 0.04927884615384615 0.3173076923076923
0 0.46274038461538464 0.007211538461538462 0.05889423076923077 0.014423076923076924
0 0.53125 0.008413461538461538 0.06610576923076923 0.016826923076923076
0 0.9086538461538461 0.016826923076923076 0.07211538461538461 0.03365384615384615
0 0.8413461538461539 0.03365384615384615 0.07091346153846154 0.06370192307692307
0 0.7524038461538461 0.039663461538461536 0.06850961538461539 0.06370192307692307
0 0.609375 0.046875 0.06850961538461539 0.06370192307692307
0 0.6814903846153846 0.046875 0.07091346153846154 0.06370192307692307
0 0.46875 0.04927884615384615 0.06610576923076923 0.06129807692307692
0 0.5384615384615384 0.054086538461538464 0.06610576923076923 0.06370192307692307
0 0.9675480769230769 0.08052884615384616 0.06370192307692307 0.06610576923076923
0 0.9014423076923077 0.0829326923076923 0.07091346153846154 0.06850961538461539
0 0.8341346153846154 0.09975961538461539 0.06370192307692307 0.06370192307692307
0 0.7668269230769231 0.10336538461538461 0.06610576923076923 0.06370192307692307
0 0.6298076923076923 0.10576923076923077 0.06610576923076923 0.06129807692307692
0 0.6983173076923077 0.10576923076923077 0.06610576923076923 0.06129807692307692
0 0.4963942307692308 0.10697115384615384 0.06610576923076923 0.06129807692307692
0 0.5649038461538461 0.10817307692307693 0.06610576923076923 0.06610576923076923
0 0.4483173076923077 0.11177884615384616 0.030048076923076924 0.06129807692307692
0 0.9242788461538461 0.1466346153846154 0.06850961538461539 0.06129807692307692
0 0.8569711538461539 0.1622596153846154 0.06850961538461539 0.06129807692307692
0 0.7680288461538461 0.16346153846153846 0.06610576923076923 0.05889423076923077
0 0.5673076923076923 0.1658653846153846 0.06370192307692307 0.056490384615384616
0 0.7019230769230769 0.16826923076923078 0.06370192307692307 0.06129807692307692
0 0.5048076923076923 0.16947115384615385 0.06610576923076923 0.06129807692307692
0 0.6346153846153846 0.16947115384615385 0.06370192307692307 0.06129807692307692
0 0.9771634615384616 0.171875 0.04567307692307692 0.06009615384615385
0 0.4519230769230769 0.17668269230769232 0.037259615384615384 0.056490384615384616
0 0.8774038461538461 0.21995192307692307 0.06850961538461539 0.056490384615384616
0 0.9915865384615384 0.22115384615384615 0.016826923076923076 0.05889423076923077
0 0.8052884615384616 0.22355769230769232 0.06850961538461539 0.056490384615384616
0 0.9495192307692307 0.22355769230769232 0.07091346153846154 0.056490384615384616
0 0.4735576923076923 0.22716346153846154 0.06370192307692307 0.056490384615384616
0 0.5396634615384616 0.22716346153846154 0.06370192307692307 0.056490384615384616
0 0.6706730769230769 0.2283653846153846 0.06610576923076923 0.056490384615384616
0 0.6057692307692307 0.22956730769230768 0.06370192307692307 0.056490384615384616
0 0.7391826923076923 0.23076923076923078 0.06610576923076923 0.05889423076923077
0 0.453125 0.2692307692307692 0.039663461538461536 0.051682692307692304
0 0.5060096153846154 0.2704326923076923 0.06129807692307692 0.054086538461538464
0 0.8377403846153846 0.27163461538461536 0.06610576923076923 0.056490384615384616
0 0.96875 0.2704326923076923 0.06129807692307692 0.054086538461538464
0 0.5685096153846154 0.27283653846153844 0.06129807692307692 0.051682692307692304
0 0.6995192307692307 0.27403846153846156 0.06370192307692307 0.054086538461538464
0 0.90625 0.2764423076923077 0.06610576923076923 0.056490384615384616
0 0.7704326923076923 0.28125 0.06850961538461539 0.05889423076923077
0 0.6358173076923077 0.28125 0.06370192307692307 0.054086538461538464
0 0.5372596153846154 0.32091346153846156 0.06370192307692307 0.054086538461538464
0 0.8004807692307693 0.3233173076923077 0.06610576923076923 0.056490384615384616
0 0.7319711538461539 0.3269230769230769 0.06610576923076923 0.054086538461538464
0 0.4723557692307692 0.3269230769230769 0.06129807692307692 0.054086538461538464
0 0.8689903846153846 0.3269230769230769 0.06610576923076923 0.054086538461538464
0 0.6009615384615384 0.328125 0.06370192307692307 0.054086538461538464
0 0.6658653846153846 0.3293269230769231 0.06370192307692307 0.054086538461538464
0 0.9375 0.3293269230769231 0.06610576923076923 0.056490384615384616
0 0.9855769230769231 0.328125 0.028846153846153848 0.055288461538461536
0 0.8269230769230769 0.3605769230769231 0.05889423076923077 0.04447115384615385
0 0.5036057692307693 0.3629807692307692 0.05889423076923077 0.04927884615384615
0 0.9555288461538461 0.36538461538461536 0.05889423076923077 0.051682692307692304
0 0.6935096153846154 0.36658653846153844 0.06370192307692307 0.051682692307692304
0 0.5661057692307693 0.36658653846153844 0.06129807692307692 0.051682692307692304
0 0.453125 0.36899038461538464 0.039663461538461536 0.054086538461538464
0 0.8942307692307693 0.3713942307692308 0.06370192307692307 0.04927884615384615
0 0.6298076923076923 0.3713942307692308 0.06129807692307692 0.051682692307692304
0 0.765625 0.37259615384615385 0.06610576923076923 0.051682692307692304
0 0.9987980769230769 0.3762019230769231 0.002403846153846154 0.06129807692307692
0 0.04807692307692308 0.7560096153846154 0.09615384615384616 0.3449519230769231
0 0.0733173076923077 0.8521634615384616 0.1466346153846154 0.2956730769230769
0 0.2704326923076923 0.6887019230769231 0.11778846153846154 0.2091346153846154
0 0.2548076923076923 0.8786057692307693 0.11057692307692307 0.24278846153846154
0 0.39783653846153844 0.65625 0.07091346153846154 0.14543269230769232
0 0.4098557692307692 0.9471153846153846 0.046875 0.10576923076923077
0 0.9543269230769231 0.7103365384615384 0.09134615384615384 0.18990384615384615
0 0.8329326923076923 0.71875 0.14543269230769232 0.19471153846153846
0 0.5120192307692307 0.7475961538461539 0.15745192307692307 0.19471153846153846
0 0.9795673076923077 0.8112980769230769 0.040865384615384616 0.15144230769230768
0 0.9194711538461539 0.9074519230769231 0.12860576923076922 0.15504807692307693
0 0.7764423076923077 0.9086538461538461 0.13822115384615385 0.1622596153846154
0 0.6225961538461539 0.9302884615384616 0.15865384615384615 0.13942307692307693
0 0.4855769230769231 0.9387019230769231 0.10336538461538461 0.12259615384615384
0 0.9507211538461539 0.9579326923076923 0.0985576923076923 0.08413461538461539
0 0.7367788461538461 0.9903846153846154 0.08413461538461539 0.019230769230769232
0 0.8389423076923077 0.9879807692307693 0.1201923076923077 0.02403846153846154
0 0.6634615384615384 0.7055288461538461 0.15264423076923078 0.19230769230769232