0 0.08052884615384616 0.07211538461538461 0.13221153846153846 0.14423076923076922
0 0.28365384615384615 0.07211538461538461 0.09134615384615384 0.14423076923076922
0 0.3545673076923077 0.04927884615384615 0.0733173076923077 0.0985576923076923
0 0.41947115384615385 0.027644230769230768 0.07091346153846154 0.054086538461538464
0 0.19110576923076922 0.07211538461538461 0.10817307692307693 0.14423076923076922
0 0.5865384615384616 0.04326923076923077 0.056490384615384616 0.07091346153846154
0 0.5432692307692307 0.04567307692307692 0.03245192307692308 0.07091346153846154
0 0.6622596153846154 0.003605769230769231 0.054086538461538464 0.007211538461538462
0 0.5637019230769231 0.10216346153846154 0.054086538461538464 0.06850961538461539
0 0.6911057692307693 0.03245192307692308 0.056490384615384616 0.06370192307692307
0 0.5552884615384616 0.010817307692307692 0.056490384615384616 0.021634615384615384
0 0.6153846153846154 0.09615384615384616 0.054086538461538464 0.06850961538461539
0 0.7980769230769231 0.026442307692307692 0.054086538461538464 0.051682692307692304
0 0.6394230769230769 0.03485576923076923 0.054086538461538464 0.06850961538461539
0 0.6081730769230769 0.007211538461538462 0.054086538461538464 0.014423076923076924
0 0.7487980769230769 0.12379807692307693 0.054086538461538464 0.042067307692307696
0 0.8485576923076923 0.021634615384615384 0.052884615384615384 0.04326923076923077
0 0.7728365384615384 0.07932692307692307 0.054086538461538464 0.06850961538461539
0 0.7211538461538461 0.08413461538461539 0.054086538461538464 0.07091346153846154
0 0.7451923076923077 0.030048076923076924 0.056490384615384616 0.05889423076923077
0 0.6682692307692307 0.09014423076923077 0.054086538461538464 0.07091346153846154
0 0.6442307692307693 0.12980769230769232 0.051682692307692304 0.03245192307692308
0 0.5925480769230769 0.13341346153846154 0.051682692307692304 0.02403846153846154
0 0.8509615384615384 0.11778846153846154 0.051682692307692304 0.054086538461538464
0 0.546875 0.13581730769230768 0.039663461538461536 0.019230769230769232
0 0.7992788461538461 0.1201923076923077 0.051682692307692304 0.04927884615384615
0 0.9567307692307693 0.016826923076923076 0.052884615384615384 0.03365384615384615
0 0.9302884615384616 0.05889423076923077 0.056490384615384616 0.06610576923076923
0 0.6971153846153846 0.12740384615384615 0.054086538461538464 0.037259615384615384
0 0.9567307692307693 0.10817307692307693 0.051682692307692304 0.06370192307692307
0 0.8774038461538461 0.06490384615384616 0.054086538461538464 0.06850961538461539
0 0.9014423076923077 0.019230769230769232 0.057692307692307696 0.038461538461538464
0 0.9771634615384616 0.1346153846153846 0.04567307692307692 0.019230769230769232
0 0.9783653846153846 0.04927884615384615 0.04326923076923077 0.06490384615384616
0 0.9026442307692307 0.1141826923076923 0.051682692307692304 0.06129807692307692
0 0.8257211538461539 0.07211538461538461 0.054086538461538464 0.07091346153846154
0 0.5060096153846154 0.4230769230769231 0.042067307692307696 0.2512019230769231
0 0.3894230769230769 0.4411057692307692 0.19230769230769232 0.2932692307692308
0 0.036057692307692304 0.4423076923076923 0.07091346153846154 0.30288461538461536
0 0.203125 0.46033653846153844 0.16947115384615385 0.25600961538461536
0 0.078125 0.7067307692307693 0.15504807692307693 0.265625
0 0.44350961538461536 0.7295673076923077 0.16706730769230768 0.28125
0 0.2620192307692308 0.7548076923076923 0.18269230769230768 0.26802884615384615
0 0.07932692307692307 0.9302884615384616 0.15865384615384615 0.13942307692307693
0 0.4543269230769231 0.9435096153846154 0.14543269230769232 0.11298076923076923
0 0.2800480769230769 0.9579326923076923 0.18990384615384615 0.08413461538461539
0 0.03365384615384615 0.21153846153846154 0.06610576923076923 0.13341346153846154
0 0.3786057692307692 0.21634615384615385 0.17427884615384615 0.14302884615384615
0 0.19110576923076922 0.23197115384615385 0.18509615384615385 0.171875
0 0.5817307692307693 0.4723557692307692 0.10817307692307693 0.33533653846153844
0 0.8125 0.5036057692307693 0.20432692307692307 0.33533653846153844
0 0.9627403846153846 0.5204326923076923 0.0733173076923077 0.35697115384615385
0 0.5612980769230769 0.6995192307692307 0.06850961538461539 0.2860576923076923
0 0.6887019230769231 0.7668269230769231 0.19471153846153846 0.30288461538461536
0 0.8978365384615384 0.8293269230769231 0.20432692307692307 0.34134615384615385