0 0.40024038461538464 0.125 0.15264423076923078 0.24278846153846154
0 0.4735576923076923 0.23197115384615385 0.10216346153846154 0.12379807692307693
0 0.38341346153846156 0.47716346153846156 0.140625 0.22355769230769232
0 0.12139423076923077 0.27403846153846156 0.140625 0.23798076923076922
0 0.34615384615384615 0.3401442307692308 0.11177884615384616 0.13822115384615385
0 0.15865384615384615 0.4074519230769231 0.10216346153846154 0.12860576923076922
0 0.140625 0.5492788461538461 0.12620192307692307 0.1141826923076923
0 0.008413461538461538 0.3317307692307692 0.016826923076923076 0.13341346153846154
0 0.16105769230769232 0.08052884615384616 0.12620192307692307 0.15985576923076922
0 0.6141826923076923 0.09014423076923077 0.16466346153846154 0.17908653846153846
0 0.9507211538461539 0.26322115384615385 0.0985576923076923 0.21394230769230768
0 0.8173076923076923 0.2848557692307692 0.19230769230769232 0.21875
0 0.6213942307692307 0.30528846153846156 0.17908653846153846 0.21875
0 0.9567307692307693 0.484375 0.08653846153846154 0.2091346153846154
0 0.8197115384615384 0.5048076923076923 0.19230769230769232 0.20432692307692307
0 0.6237980769230769 0.5132211538461539 0.18389423076923078 0.18629807692307693
0 0.7692307692307693 0.06610576923076923 0.16947115384615385 0.1310096153846154
0 0.9326923076923077 0.06971153846153846 0.13341346153846154 0.13822115384615385
0 0.35096153846153844 0.6165865384615384 0.04567307692307692 0.019230769230769232
0 0.43149038461538464 0.6237980769230769 0.04807692307692308 0.03365384615384615
0 0.016826923076923076 0.6298076923076923 0.03365384615384615 0.04567307692307692
0 0.3076923076923077 0.6298076923076923 0.04807692307692308 0.04567307692307692
0 0.17427884615384615 0.6334134615384616 0.052884615384615384 0.052884615384615384
0 0.06370192307692307 0.6334134615384616 0.052884615384615384 0.052884615384615384
0 0.25961538461538464 0.6370192307692307 0.04807692307692308 0.06009615384615385
0 0.11658653846153846 0.6394230769230769 0.052884615384615384 0.06610576923076923
0 0.38822115384615385 0.6394230769230769 0.04807692307692308 0.06610576923076923
0 0.5096153846153846 0.6634615384615384 0.04326923076923077 0.07572115384615384
0 0.421875 0.6742788461538461 0.04807692307692308 0.06610576923076923
0 0.2932692307692308 0.6814903846153846 0.04567307692307692 0.06370192307692307
0 0.09134615384615384 0.6947115384615384 0.055288461538461536 0.07572115384615384
0 0.03365384615384615 0.6971153846153846 0.055288461538461536 0.07572115384615384
0 0.15985576923076922 0.6983173076923077 0.052884615384615384 0.0733173076923077
0 0.37740384615384615 0.6995192307692307 0.04567307692307692 0.06610576923076923
0 0.24759615384615385 0.7007211538461539 0.04567307692307692 0.06370192307692307
0 0.3293269230769231 0.7247596153846154 0.04567307692307692 0.06370192307692307
0 0.4639423076923077 0.7439903846153846 0.04567307692307692 0.06610576923076923
0 0.41466346153846156 0.7475961538461539 0.04567307692307692 0.06610576923076923
0 0.28725961538461536 0.7548076923076923 0.04567307692307692 0.06009615384615385
0 0.36538461538461536 0.7704326923076923 0.04567307692307692 0.06370192307692307
0 0.08173076923076923 0.7728365384615384 0.055288461538461536 0.0733173076923077
0 0.13581730769230768 0.7740384615384616 0.05048076923076923 0.07572115384615384
0 0.02283653846153846 0.7752403846153846 0.04567307692307692 0.07091346153846154
0 0.24519230769230768 0.7860576923076923 0.04807692307692308 0.06009615384615385
0 0.32091346153846156 0.7932692307692307 0.04567307692307692 0.06370192307692307
0 0.39783653846153844 0.7992788461538461 0.04326923076923077 0.06370192307692307
0 0.2764423076923077 0.8100961538461539 0.04326923076923077 0.057692307692307696
0 0.4543269230769231 0.8149038461538461 0.04807692307692308 0.06850961538461539
0 0.3557692307692308 0.8353365384615384 0.04567307692307692 0.06370192307692307
0 0.046875 0.8377403846153846 0.055288461538461536 0.0733173076923077
0 0.109375 0.8389423076923077 0.052884615384615384 0.07091346153846154
0 0.009615384615384616 0.859375 0.019230769230769232 0.06850961538461539
0 0.38822115384615385 0.8665865384615384 0.04326923076923077 0.06370192307692307
0 0.4362980769230769 0.8701923076923077 0.04567307692307692 0.06610576923076923
0 0.07692307692307693 0.9050480769230769 0.052884615384615384 0.07572115384615384
0 0.02403846153846154 0.9146634615384616 0.04807692307692308 0.0733173076923077
0 0.20552884615384615 0.9014423076923077 0.22596153846153846 0.1971153846153846
0 0.4206730769230769 0.9314903846153846 0.22115384615384615 0.13581730769230768