0 0.46033653846153844 0.3786057692307692 0.21514423076923078 0.12620192307692307
0 0.2536057692307692 0.3737980769230769 0.2247596153846154 0.13581730769230768
0 0.15745192307692307 0.20552884615384615 0.22235576923076922 0.27283653846153844
0 0.35697115384615385 0.22235576923076922 0.21514423076923078 0.2704326923076923
0 0.546875 0.22716346153846154 0.15865384615384615 0.25721153846153844
0 0.030048076923076924 0.2283653846153846 0.06009615384615385 0.2704326923076923
0 0.08413461538461539 0.046875 0.16826923076923078 0.09375
0 0.2512019230769231 0.056490384615384616 0.2091346153846154 0.11298076923076923
0 0.4651442307692308 0.0673076923076923 0.20673076923076922 0.13341346153846154
0 0.7307692307692307 0.2764423076923077 0.16105769230769232 0.22235576923076922
0 0.4963942307692308 0.7944711538461539 0.25961538461538464 0.40625
0 0.31971153846153844 0.5685096153846154 0.25961538461538464 0.25240384615384615
0 0.09615384615384616 0.5600961538461539 0.19230769230769232 0.23677884615384615
0 0.5528846153846154 0.5432692307692307 0.1466346153846154 0.20192307692307693
0 0.6814903846153846 0.8100961538461539 0.11057692307692307 0.25240384615384615
0 0.9411057692307693 0.8040865384615384 0.11778846153846154 0.25240384615384615
0 0.7956730769230769 0.7860576923076923 0.13341346153846154 0.19951923076923078
0 0.7451923076923077 0.6153846153846154 0.16466346153846154 0.25961538461538464
0 0.6418269230769231 0.6045673076923077 0.030048076923076924 0.21995192307692307
0 0.9891826923076923 0.6009615384615384 0.021634615384615384 0.2548076923076923
0 0.8786057692307693 0.6009615384615384 0.12860576923076922 0.21995192307692307
0 0.6802884615384616 0.49278846153846156 0.10817307692307693 0.10096153846153846
0 0.8016826923076923 0.4807692307692308 0.13341346153846154 0.078125
0 0.9375 0.49038461538461536 0.125 0.09615384615384616
0 0.6430288461538461 0.9399038461538461 0.036057692307692304 0.1201923076923077
0 0.75 0.9375 0.16346153846153846 0.125
0 0.9831730769230769 0.9254807692307693 0.03245192307692308 0.14903846153846154
0 0.8786057692307693 0.9278846153846154 0.1310096153846154 0.14423076923076922