0 0.5108173076923077 0.20793269230769232 0.07211538461538461 0.2247596153846154
0 0.009615384615384616 0.20432692307692307 0.019230769230769232 0.23076923076923078
0 0.25240384615384615 0.20673076923076922 0.15264423076923078 0.22956730769230768
0 0.0985576923076923 0.20552884615384615 0.15264423076923078 0.23557692307692307
0 0.25240384615384615 0.5516826923076923 0.1502403846153846 0.12259615384615384
0 0.09735576923076923 0.5516826923076923 0.1502403846153846 0.12259615384615384
0 0.5084134615384616 0.5456730769230769 0.07692307692307693 0.13221153846153846
0 0.04807692307692308 0.4050480769230769 0.09495192307692307 0.22956730769230768
0 0.17668269230769232 0.40625 0.1502403846153846 0.22716346153846154
0 0.3293269230769231 0.4050480769230769 0.15504807692307693 0.22956730769230768
0 0.4723557692307692 0.39903846153846156 0.13701923076923078 0.2247596153846154
0 0.6033653846153846 0.4074519230769231 0.11298076923076923 0.21995192307692307
0 0.3786057692307692 0.6995192307692307 0.09495192307692307 0.14302884615384615
0 0.46634615384615385 0.6923076923076923 0.09495192307692307 0.14543269230769232
0 0.5276442307692307 0.6862980769230769 0.039663461538461536 0.13221153846153846
0 0.6286057692307693 0.8858173076923077 0.14783653846153846 0.22716346153846154
0 0.75 0.7391826923076923 0.14543269230769232 0.21754807692307693
0 0.7884615384615384 0.6454326923076923 0.15745192307692307 0.06490384615384616