0 0.9302884615384616 0.02283653846153846 0.13822115384615385 0.04567307692307692
0 0.7788461538461539 0.02403846153846154 0.14903846153846154 0.04807692307692308
0 0.6454326923076923 0.026442307692307692 0.1201923076923077 0.052884615384615384
0 0.8425480769230769 0.10216346153846154 0.13581730769230768 0.15745192307692307
0 0.9639423076923077 0.1045673076923077 0.07211538461538461 0.16706730769230768
0 0.703125 0.11177884615384616 0.14302884615384615 0.16466346153846154
0 0.6081730769230769 0.12259615384615384 0.04567307692307692 0.17548076923076922
0 0.9903846153846154 0.22956730769230768 0.018028846153846152 0.1466346153846154
0 0.7740384615384616 0.2403846153846154 0.13581730769230768 0.15745192307692307
0 0.9194711538461539 0.25 0.13822115384615385 0.15384615384615385
0 0.6454326923076923 0.2548076923076923 0.1201923076923077 0.15384615384615385
0 0.8449519230769231 0.3798076923076923 0.13341346153846154 0.14302884615384615
0 0.7091346153846154 0.390625 0.13581730769230768 0.15384615384615385
0 0.9615384615384616 0.3918269230769231 0.07692307692307693 0.1466346153846154
0 0.6105769230769231 0.39783653846153844 0.05048076923076923 0.15144230769230768
0 0.9879807692307693 0.4963942307692308 0.02403846153846154 0.13581730769230768
0 0.7776442307692307 0.5108173076923077 0.12980769230769232 0.140625
0 0.9122596153846154 0.5132211538461539 0.12980769230769232 0.140625
0 0.6466346153846154 0.5348557692307693 0.12259615384615384 0.12259615384615384
0 0.8353365384615384 0.5841346153846154 0.12259615384615384 0.02403846153846154
0 0.8485576923076923 0.6177884615384616 0.2920673076923077 0.04567307692307692
0 0.8882211538461539 0.6971153846153846 0.22355769230769232 0.20192307692307693
0 0.6550480769230769 0.7512019230769231 0.140625 0.1622596153846154
0 0.7151442307692307 0.9050480769230769 0.2608173076923077 0.18870192307692307
0 0.8822115384615384 0.9314903846153846 0.23557692307692307 0.13701923076923078