0 0.10096153846153846 0.17427884615384615 0.14182692307692307 0.2403846153846154
0 0.0625 0.3088942307692308 0.10336538461538461 0.12980769230769232
0 0.08052884615384616 0.43149038461538464 0.12740384615384615 0.0733173076923077
0 0.27884615384615385 0.3870192307692308 0.10336538461538461 0.1622596153846154
0 0.24879807692307693 0.23317307692307693 0.08533653846153846 0.1346153846153846
0 0.28846153846153844 0.10096153846153846 0.10576923076923077 0.20072115384615385
0 0.06129807692307692 0.028846153846153848 0.12259615384615384 0.057692307692307696
0 0.39663461538461536 0.29927884615384615 0.06850961538461539 0.171875
0 0.3918269230769231 0.15745192307692307 0.0733173076923077 0.10817307692307693
0 0.3581730769230769 0.3954326923076923 0.06850961538461539 0.10096153846153846
0 0.8978365384615384 0.11778846153846154 0.0985576923076923 0.1466346153846154
0 0.44591346153846156 0.1201923076923077 0.028846153846153848 0.13701923076923078
0 0.6081730769230769 0.125 0.09615384615384616 0.14182692307692307
0 0.5132211538461539 0.12740384615384615 0.09254807692307693 0.13942307692307693
0 0.7079326923076923 0.1346153846153846 0.09014423076923077 0.1346153846153846
0 0.8004807692307693 0.1346153846153846 0.09014423076923077 0.13701923076923078
0 0.96875 0.13341346153846154 0.0625 0.13701923076923078
0 0.46274038461538464 0.23798076923076922 0.06370192307692307 0.15144230769230768
0 0.5661057692307693 0.24879807692307693 0.09615384615384616 0.13701923076923078
0 0.6622596153846154 0.25 0.09014423076923077 0.13942307692307693
0 0.9891826923076923 0.2512019230769231 0.021634615384615384 0.11057692307692307
0 0.7572115384615384 0.25240384615384615 0.09014423076923077 0.13701923076923078
0 0.9399038461538461 0.25240384615384615 0.09014423076923077 0.13701923076923078
0 0.8473557692307693 0.25721153846153844 0.08774038461538461 0.13221153846153846
0 0.5084134615384616 0.36658653846153844 0.0985576923076923 0.14182692307692307
0 0.6057692307692307 0.36778846153846156 0.10096153846153846 0.1466346153846154
0 0.7115384615384616 0.3701923076923077 0.08774038461538461 0.13221153846153846
0 0.9819711538461539 0.36778846153846156 0.036057692307692304 0.15865384615384615
0 0.890625 0.3701923076923077 0.08774038461538461 0.13221153846153846
0 0.8016826923076923 0.3713942307692308 0.08774038461538461 0.1346153846153846
0 0.9375 0.44471153846153844 0.08533653846153846 0.046875
0 0.8461538461538461 0.44591346153846156 0.0829326923076923 0.04447115384615385
0 0.7536057692307693 0.44350961538461536 0.10096153846153846 0.04927884615384615
0 0.5540865384615384 0.4423076923076923 0.10336538461538461 0.051682692307692304
0 0.6574519230769231 0.44591346153846156 0.08774038461538461 0.04447115384615385
0 0.46634615384615385 0.44350961538461536 0.07091346153846154 0.04927884615384615
0 0.7487980769230769 0.03245192307692308 0.09615384615384616 0.06370192307692307
0 0.6526442307692307 0.037259615384615384 0.09615384615384616 0.0733173076923077
0 0.9375 0.037259615384615384 0.09014423076923077 0.0733173076923077
0 0.5625 0.039663461538461536 0.09014423076923077 0.078125
0 0.47475961538461536 0.039663461538461536 0.08533653846153846 0.078125
0 0.8425480769230769 0.04567307692307692 0.08774038461538461 0.09014423076923077
0 0.5348557692307693 0.6826923076923077 0.05889423076923077 0.07572115384615384
0 0.6418269230769231 0.8185096153846154 0.056490384615384616 0.0733173076923077
0 0.7259615384615384 0.7668269230769231 0.056490384615384616 0.0733173076923077
0 0.5901442307692307 0.6887019230769231 0.056490384615384616 0.07572115384615384
0 0.8353365384615384 0.7788461538461539 0.056490384615384616 0.07572115384615384
0 0.9747596153846154 0.7307692307692307 0.05048076923076923 0.07692307692307693
0 0.671875 0.7608173076923077 0.056490384615384616 0.07091346153846154
0 0.8040865384615384 0.8365384615384616 0.056490384615384616 0.0733173076923077
0 0.6165865384615384 0.7548076923076923 0.05889423076923077 0.07572115384615384
0 0.5877403846153846 0.8125 0.056490384615384616 0.07091346153846154
0 0.6454326923076923 0.6947115384615384 0.056490384615384616 0.07572115384615384
0 0.7331730769230769 0.640625 0.05889423076923077 0.078125
0 0.5625 0.7487980769230769 0.056490384615384616 0.0733173076923077
0 0.7800480769230769 0.7728365384615384 0.05889423076923077 0.0733173076923077
0 0.8473557692307693 0.6514423076923077 0.05889423076923077 0.07572115384615384
0 0.5072115384615384 0.7427884615384616 0.05889423076923077 0.0733173076923077
0 0.8125 0.7139423076923077 0.05889423076923077 0.07572115384615384
0 0.6766826923076923 0.6346153846153846 0.05889423076923077 0.07572115384615384
0 0.9627403846153846 0.6646634615384616 0.06129807692307692 0.078125
0 0.8689903846153846 0.7199519230769231 0.05889423076923077 0.07572115384615384
0 0.75 0.8305288461538461 0.056490384615384616 0.07091346153846154
0 0.8221153846153846 0.5817307692307693 0.06129807692307692 0.08052884615384616
0 0.7644230769230769 0.5757211538461539 0.05889423076923077 0.08052884615384616
0 0.5625 0.6213942307692307 0.06129807692307692 0.07572115384615384
0 0.7427884615384616 0.9495192307692307 0.056490384615384616 0.07091346153846154
0 0.5600961538461539 0.8689903846153846 0.056490384615384616 0.0733173076923077
0 0.8257211538461539 0.8978365384615384 0.056490384615384616 0.07091346153846154
0 0.7572115384615384 0.7079326923076923 0.05889423076923077 0.07572115384615384
0 0.4807692307692308 0.8004807692307693 0.056490384615384616 0.07091346153846154
0 0.6201923076923077 0.6274038461538461 0.05889423076923077 0.07572115384615384
0 0.7956730769230769 0.953125 0.056490384615384616 0.07091346153846154
0 0.8798076923076923 0.9038461538461539 0.056490384615384616 0.07091346153846154
0 0.6959134615384616 0.8245192307692307 0.056490384615384616 0.07091346153846154
0 0.6670673076923077 0.8810096153846154 0.054086538461538464 0.07091346153846154
0 0.7644230769230769 0.9867788461538461 0.054086538461538464 0.026442307692307692
0 0.796875 0.5084134615384616 0.05889423076923077 0.08052884615384616
0 0.5348557692307693 0.8064903846153846 0.056490384615384616 0.0733173076923077
0 0.5060096153846154 0.8629807692307693 0.056490384615384616 0.07091346153846154
0 0.6129807692307693 0.875 0.056490384615384616 0.07091346153846154
0 0.8810096153846154 0.5877403846153846 0.06129807692307692 0.08052884615384616
0 0.7067307692307693 0.5709134615384616 0.05889423076923077 0.08052884615384616
0 0.7896634615384616 0.6466346153846154 0.05889423076923077 0.07572115384615384
0 0.7379807692307693 0.5060096153846154 0.05889423076923077 0.07572115384615384
0 0.9254807692307693 0.7259615384615384 0.05889423076923077 0.07572115384615384
0 0.4495192307692308 0.6201923076923077 0.037259615384615384 0.0733173076923077
0 0.4543269230769231 0.7391826923076923 0.046875 0.07091346153846154
0 0.9387019230769231 0.5925480769230769 0.06129807692307692 0.08052884615384616
0 0.8161057692307693 0.9891826923076923 0.054086538461538464 0.021634615384615384
0 0.9459134615384616 0.7908653846153846 0.05889423076923077 0.0733173076923077
0 0.4411057692307692 0.7980769230769231 0.019230769230769232 0.07091346153846154
0 0.6802884615384616 0.5024038461538461 0.06129807692307692 0.06850961538461539
0 0.6502403846153846 0.5637019230769231 0.05889423076923077 0.08052884615384616
0 0.9867788461538461 0.796875 0.026442307692307692 0.0733173076923077
0 0.890625 0.7860576923076923 0.05889423076923077 0.07091346153846154
0 0.6370192307692307 0.9362980769230769 0.056490384615384616 0.07091346153846154
0 0.47596153846153844 0.6802884615384616 0.06129807692307692 0.0733173076923077
0 0.7716346153846154 0.8930288461538461 0.056490384615384616 0.0733173076923077
0 0.8569711538461539 0.5144230769230769 0.06129807692307692 0.0829326923076923
0 0.7115384615384616 0.9831730769230769 0.052884615384615384 0.03365384615384615
0 0.5925480769230769 0.5576923076923077 0.06129807692307692 0.08052884615384616
0 0.5600961538461539 0.49759615384615385 0.06610576923076923 0.05889423076923077
0 0.45552884615384615 0.8557692307692307 0.04927884615384615 0.06850961538461539
0 0.5324519230769231 0.9242788461538461 0.054086538461538464 0.07091346153846154
0 0.8485576923076923 0.9591346153846154 0.056490384615384616 0.07091346153846154
0 0.6899038461538461 0.9411057692307693 0.054086538461538464 0.06850961538461539
0 0.7199519230769231 0.8870192307692307 0.056490384615384616 0.07091346153846154
0 0.9338942307692307 0.9110576923076923 0.056490384615384616 0.07091346153846154
0 0.9675480769230769 0.8557692307692307 0.05889423076923077 0.07091346153846154
0 0.4807692307692308 0.9182692307692307 0.054086538461538464 0.07091346153846154
0 0.5540865384615384 0.9747596153846154 0.05048076923076923 0.05048076923076923
0 0.9819711538461539 0.5973557692307693 0.036057692307692304 0.08413461538461539
0 0.6069711538461539 0.9759615384615384 0.055288461538461536 0.04807692307692308
0 0.49278846153846156 0.5 0.06370192307692307 0.06370192307692307
0 0.9951923076923077 0.6694711538461539 0.009615384615384616 0.078125
0 0.9122596153846154 0.8485576923076923 0.05889423076923077 0.0733173076923077
0 0.9002403846153846 0.9639423076923077 0.056490384615384616 0.07091346153846154
0 0.5324519230769231 0.5540865384615384 0.06129807692307692 0.078125
0 0.5841346153846154 0.9302884615384616 0.056490384615384616 0.07091346153846154
0 0.7007211538461539 0.7019230769230769 0.05889423076923077 0.07572115384615384
0 0.9975961538461539 0.8617788461538461 0.004807692307692308 0.07091346153846154
0 0.44711538461538464 0.49759615384615385 0.03245192307692308 0.05889423076923077
0 0.6586538461538461 0.9795673076923077 0.052884615384615384 0.040865384615384616
0 0.9519230769230769 0.4807692307692308 0.06129807692307692 0.02403846153846154
0 0.5024038461538461 0.6189903846153846 0.06129807692307692 0.07572115384615384
0 0.8689903846153846 0.9927884615384616 0.056490384615384616 0.014423076923076924
0 0.9038461538461539 0.6586538461538461 0.05889423076923077 0.078125
0 0.9783653846153846 0.9146634615384616 0.04326923076923077 0.06971153846153846
0 0.890625 0.47716346153846156 0.06129807692307692 0.016826923076923076
0 0.9158653846153846 0.5192307692307693 0.06129807692307692 0.08533653846153846
0 0.4639423076923077 0.5576923076923077 0.06129807692307692 0.07572115384615384
0 0.4543269230769231 0.9675480769230769 0.046875 0.06370192307692307
0 0.9699519230769231 0.5228365384615384 0.06009615384615385 0.08413461538461539
0 0.921875 0.9951923076923077 0.054086538461538464 0.009615384615384616
0 0.9543269230769231 0.9675480769230769 0.056490384615384616 0.06370192307692307
0 0.9903846153846154 0.9699519230769231 0.019230769230769232 0.06009615384615385
0 0.4423076923076923 0.9122596153846154 0.021634615384615384 0.06850961538461539
0 0.6213942307692307 0.4987980769230769 0.06129807692307692 0.06129807692307692
0 0.8581730769230769 0.8413461538461539 0.056490384615384616 0.0733173076923077
0 0.5024038461538461 0.9711538461538461 0.052884615384615384 0.057692307692307696