0 0.2704326923076923 0.04447115384615385 0.0889423076923077 0.0889423076923077
0 0.1622596153846154 0.046875 0.15264423076923078 0.09375
0 0.051682692307692304 0.0733173076923077 0.10336538461538461 0.1466346153846154
0 0.6382211538461539 0.4338942307692308 0.3125 0.390625
0 0.8786057692307693 0.3545673076923077 0.24278846153846154 0.5504807692307693
0 0.43149038461538464 0.15384615384615385 0.23317307692307693 0.3076923076923077
0 0.7259615384615384 0.11778846153846154 0.3762019230769231 0.23557692307692307
0 0.4074519230769231 0.4579326923076923 0.18509615384615385 0.3425480769230769
0 0.10697115384615384 0.8149038461538461 0.2127403846153846 0.3701923076923077
0 0.2644230769230769 0.8149038461538461 0.10096153846153846 0.3701923076923077
0 0.5709134615384616 0.7283653846153846 0.19230769230769232 0.19831730769230768
0 0.7524038461538461 0.7355769230769231 0.18990384615384615 0.2127403846153846
0 0.9182692307692307 0.7415865384615384 0.1622596153846154 0.22355769230769232
0 0.39663461538461536 0.7235576923076923 0.16466346153846154 0.1875