0 0.07451923076923077 0.04807692307692308 0.14783653846153846 0.09495192307692307
0 0.23557692307692307 0.04807692307692308 0.16947115384615385 0.09495192307692307
0 0.04927884615384615 0.7644230769230769 0.09735576923076923 0.29086538461538464
0 0.2920673076923077 0.7836538461538461 0.17427884615384615 0.29927884615384615
0 0.46875 0.796875 0.171875 0.29086538461538464
0 0.6418269230769231 0.8125 0.16947115384615385 0.29927884615384615
0 0.8161057692307693 0.8341346153846154 0.16947115384615385 0.30649038461538464
0 0.4110576923076923 0.06610576923076923 0.171875 0.13221153846153846
0 0.14423076923076922 0.9146634615384616 0.17307692307692307 0.17067307692307693
0 0.5877403846153846 0.08052884615384616 0.16947115384615385 0.16105769230769232
0 0.7596153846153846 0.09014423076923077 0.16947115384615385 0.18028846153846154
0 0.9266826923076923 0.10216346153846154 0.14543269230769232 0.203125
0 0.027644230769230768 0.1971153846153846 0.055288461538461536 0.31490384615384615
0 0.13942307692307693 0.1971153846153846 0.17668269230769232 0.31490384615384615
0 0.3161057692307692 0.24639423076923078 0.171875 0.3016826923076923
0 0.49038461538461536 0.25841346153846156 0.16947115384615385 0.31490384615384615
0 0.6610576923076923 0.28125 0.171875 0.3125
0 0.8461538461538461 0.296875 0.17668269230769232 0.3173076923076923
0 0.06370192307692307 0.46153846153846156 0.12740384615384615 0.31490384615384615
0 0.21634615384615385 0.5072115384615384 0.18269230769230768 0.3125
0 0.3942307692307692 0.5228365384615384 0.16947115384615385 0.30408653846153844
0 0.5661057692307693 0.5396634615384616 0.16947115384615385 0.31009615384615385
0 0.7427884615384616 0.5612980769230769 0.17427884615384615 0.3125
0 0.9134615384615384 0.578125 0.16706730769230768 0.30649038461538464
0 0.3629807692307692 0.9723557692307693 0.17427884615384615 0.055288461538461536
0 0.546875 0.9819711538461539 0.16105769230769232 0.036057692307692304
0 0.9519230769230769 0.8569711538461539 0.09495192307692307 0.2860576923076923
0 0.7163461538461539 0.9747596153846154 0.16346153846153846 0.05048076923076923
0 0.9615384615384616 0.3233173076923077 0.07692307692307693 0.30649038461538464
0 0.9915865384615384 0.6033653846153846 0.015625 0.23317307692307693