0 0.016826923076923076 0.22355769230769232 0.03365384615384615 0.23677884615384615
0 0.26802884615384615 0.22716346153846154 0.16105769230769232 0.24158653846153846
0 0.4206730769230769 0.2283653846153846 0.14182692307692307 0.24759615384615385
0 0.46153846153846156 0.06850961538461539 0.06009615384615385 0.13701923076923078
0 0.3473557692307692 0.06850961538461539 0.15745192307692307 0.13701923076923078
0 0.18629807692307693 0.06971153846153846 0.16346153846153846 0.13942307692307693
0 0.054086538461538464 0.07091346153846154 0.10817307692307693 0.14182692307692307
0 0.6430288461538461 0.3798076923076923 0.16826923076923078 0.23197115384615385
0 0.3557692307692308 0.9122596153846154 0.16826923076923078 0.17548076923076922
0 0.6225961538461539 0.6778846153846154 0.18629807692307693 0.25
0 0.9663461538461539 0.7223557692307693 0.0673076923076923 0.23317307692307693
0 0.8076923076923077 0.7752403846153846 0.19230769230769232 0.25841346153846156