0 0.078125 0.10697115384615384 0.15625 0.21394230769230768
0 0.1814903846153846 0.1971153846153846 0.1466346153846154 0.21394230769230768
0 0.1778846153846154 0.35216346153846156 0.15504807692307693 0.15264423076923078
0 0.06610576923076923 0.28125 0.1310096153846154 0.18028846153846154
0 0.1814903846153846 0.5048076923076923 0.1466346153846154 0.16466346153846154
0 0.06370192307692307 0.43149038461538464 0.12620192307692307 0.1466346153846154
0 0.05889423076923077 0.5552884615384616 0.11778846153846154 0.125
0 0.38100961538461536 0.038461538461538464 0.16466346153846154 0.07692307692307693
0 0.5588942307692307 0.036057692307692304 0.15504807692307693 0.07211538461538461
0 0.7271634615384616 0.04927884615384615 0.14903846153846154 0.09735576923076923
0 0.28125 0.010817307692307692 0.036057692307692304 0.020432692307692308
0 0.25841346153846156 0.02283653846153846 0.007211538461538462 0.04567307692307692
0 0.9002403846153846 0.07091346153846154 0.1466346153846154 0.14182692307692307
0 0.9915865384615384 0.078125 0.016826923076923076 0.15625
0 0.2956730769230769 0.046875 0.038461538461538464 0.054086538461538464
0 0.6129807692307693 0.0673076923076923 0.036057692307692304 0.054086538461538464
0 0.8028846153846154 0.07211538461538461 0.036057692307692304 0.051682692307692304
0 0.26802884615384615 0.07211538461538461 0.025240384615384616 0.056490384615384616
0 0.5108173076923077 0.07451923076923077 0.038461538461538464 0.054086538461538464
0 0.6622596153846154 0.0829326923076923 0.036057692307692304 0.054086538461538464
0 0.32572115384615385 0.09014423076923077 0.04326923076923077 0.056490384615384616
0 0.5793269230769231 0.09254807692307693 0.038461538461538464 0.051682692307692304
0 0.4050480769230769 0.09735576923076923 0.040865384615384616 0.054086538461538464
0 0.47115384615384615 0.09975961538461539 0.038461538461538464 0.05889423076923077
0 0.29086538461538464 0.1045673076923077 0.038461538461538464 0.05889423076923077
0 0.8293269230769231 0.109375 0.036057692307692304 0.054086538461538464
0 0.36778846153846156 0.109375 0.038461538461538464 0.056490384615384616
0 0.6947115384615384 0.109375 0.036057692307692304 0.04927884615384615
0 0.7620192307692307 0.11057692307692307 0.036057692307692304 0.051682692307692304
0 0.6322115384615384 0.11298076923076923 0.036057692307692304 0.056490384615384616
0 0.796875 0.125 0.036057692307692304 0.051682692307692304
0 0.4362980769230769 0.12620192307692307 0.040865384615384616 0.056490384615384616
0 0.5540865384615384 0.12740384615384615 0.036057692307692304 0.051682692307692304
0 0.26322115384615385 0.12860576923076922 0.015625 0.056490384615384616
0 0.5024038461538461 0.13221153846153846 0.040865384615384616 0.056490384615384616
0 0.7283653846153846 0.13221153846153846 0.036057692307692304 0.056490384615384616
0 0.6634615384615384 0.13822115384615385 0.036057692307692304 0.054086538461538464
0 0.5997596153846154 0.13942307692307693 0.038461538461538464 0.051682692307692304
0 0.8569711538461539 0.1466346153846154 0.036057692307692304 0.051682692307692304
0 0.31850961538461536 0.14783653846153846 0.040865384615384616 0.05889423076923077
0 0.3942307692307692 0.15264423076923078 0.040865384615384616 0.054086538461538464
0 0.9411057692307693 0.15264423076923078 0.036057692307692304 0.04326923076923077
0 0.46875 0.15865384615384615 0.038461538461538464 0.056490384615384616
0 0.2800480769230769 0.15985576923076922 0.040865384615384616 0.05889423076923077
0 0.8233173076923077 0.15985576923076922 0.036057692307692304 0.04927884615384615
0 0.6947115384615384 0.16105769230769232 0.036057692307692304 0.054086538461538464
0 0.7560096153846154 0.16346153846153846 0.036057692307692304 0.054086538461538464
0 0.3545673076923077 0.16466346153846154 0.040865384615384616 0.056490384615384616
0 0.53125 0.17427884615384615 0.038461538461538464 0.05889423076923077
0 0.6237980769230769 0.17548076923076922 0.036057692307692304 0.051682692307692304
0 0.5721153846153846 0.17548076923076922 0.03125 0.05889423076923077
0 0.7896634615384616 0.1778846153846154 0.036057692307692304 0.054086538461538464
0 0.9699519230769231 0.17908653846153846 0.03125 0.054086538461538464
0 0.8858173076923077 0.1814903846153846 0.036057692307692304 0.054086538461538464
0 0.42788461538461536 0.18269230769230768 0.040865384615384616 0.054086538461538464
0 0.25961538461538464 0.18509615384615385 0.007211538461538462 0.056490384615384616
0 0.7259615384615384 0.18870192307692307 0.036057692307692304 0.056490384615384616
0 0.6586538461538461 0.19110576923076922 0.036057692307692304 0.054086538461538464
0 0.4951923076923077 0.1971153846153846 0.036057692307692304 0.05889423076923077
0 0.8521634615384616 0.19831730769230768 0.036057692307692304 0.051682692307692304
0 0.9411057692307693 0.203125 0.036057692307692304 0.051682692307692304
0 0.9915865384615384 0.20673076923076922 0.016826923076923076 0.052884615384615384
0 0.390625 0.20793269230769232 0.040865384615384616 0.054086538461538464
0 0.8185096153846154 0.21394230769230768 0.03365384615384615 0.054086538461538464
0 0.59375 0.21514423076923078 0.038461538461538464 0.051682692307692304
0 0.6911057692307693 0.21514423076923078 0.036057692307692304 0.054086538461538464
0 0.46033653846153844 0.21634615384615385 0.038461538461538464 0.056490384615384616
0 0.28725961538461536 0.21754807692307693 0.036057692307692304 0.054086538461538464
0 0.9110576923076923 0.21995192307692307 0.03365384615384615 0.054086538461538464
0 0.7512019230769231 0.22235576923076922 0.03365384615384615 0.05889423076923077
0 0.3557692307692308 0.2247596153846154 0.036057692307692304 0.054086538461538464
0 0.6310096153846154 0.22956730769230768 0.036057692307692304 0.054086538461538464
0 0.7860576923076923 0.23076923076923078 0.036057692307692304 0.054086538461538464
0 0.9699519230769231 0.23197115384615385 0.036057692307692304 0.051682692307692304
0 0.5240384615384616 0.23317307692307693 0.040865384615384616 0.05889423076923077
0 0.8774038461538461 0.23677884615384615 0.03365384615384615 0.054086538461538464
0 0.41466346153846156 0.23918269230769232 0.040865384615384616 0.05889423076923077
0 0.2608173076923077 0.24519230769230768 0.010817307692307692 0.056490384615384616
0 0.71875 0.24519230769230768 0.036057692307692304 0.051682692307692304
0 0.31850961538461536 0.24759615384615385 0.036057692307692304 0.056490384615384616
0 0.8425480769230769 0.25240384615384615 0.03365384615384615 0.056490384615384616
0 0.6634615384615384 0.25240384615384615 0.036057692307692304 0.054086538461538464
0 0.9387019230769231 0.2536057692307692 0.036057692307692304 0.046875
0 0.4855769230769231 0.25600961538461536 0.040865384615384616 0.056490384615384616
0 0.9915865384615384 0.2608173076923077 0.016826923076923076 0.05048076923076923
0 0.390625 0.2620192307692308 0.036057692307692304 0.051682692307692304
0 0.6033653846153846 0.2644230769230769 0.040865384615384616 0.054086538461538464
0 0.5649038461538461 0.2692307692307692 0.036057692307692304 0.056490384615384616
0 0.8100961538461539 0.2704326923076923 0.03365384615384615 0.054086538461538464
0 0.2800480769230769 0.27403846153846156 0.036057692307692304 0.056490384615384616
0 0.4483173076923077 0.27524038461538464 0.038461538461538464 0.05889423076923077
0 0.9026442307692307 0.27524038461538464 0.03365384615384615 0.051682692307692304
0 0.35336538461538464 0.2800480769230769 0.038461538461538464 0.054086538461538464
0 0.7776442307692307 0.28125 0.036057692307692304 0.054086538461538464
0 0.96875 0.28365384615384615 0.036057692307692304 0.04927884615384615
0 0.7403846153846154 0.28725961538461536 0.036057692307692304 0.056490384615384616
0 0.5216346153846154 0.28966346153846156 0.038461538461538464 0.051682692307692304
0 0.8689903846153846 0.2920673076923077 0.036057692307692304 0.054086538461538464
0 0.6322115384615384 0.296875 0.038461538461538464 0.05889423076923077
0 0.7043269230769231 0.2980769230769231 0.036057692307692304 0.054086538461538464
0 0.9326923076923077 0.30408653846153844 0.038461538461538464 0.051682692307692304
0 0.3161057692307692 0.30528846153846156 0.036057692307692304 0.056490384615384616
0 0.6682692307692307 0.30649038461538464 0.036057692307692304 0.056490384615384616
0 0.8341346153846154 0.31009615384615385 0.03365384615384615 0.054086538461538464
0 0.4855769230769231 0.3112980769230769 0.038461538461538464 0.054086538461538464
0 0.5877403846153846 0.3137019230769231 0.040865384615384616 0.054086538461538464
0 0.38100961538461536 0.3173076923076923 0.040865384615384616 0.054086538461538464
0 0.8016826923076923 0.3245192307692308 0.036057692307692304 0.054086538461538464
0 0.9879807692307693 0.3245192307692308 0.02283653846153846 0.051682692307692304
0 0.5492788461538461 0.3293269230769231 0.038461538461538464 0.056490384615384616
0 0.4519230769230769 0.3329326923076923 0.036057692307692304 0.056490384615384616
0 0.2776442307692308 0.33413461538461536 0.038461538461538464 0.054086538461538464
0 0.7644230769230769 0.33533653846153844 0.036057692307692304 0.056490384615384616
0 0.8966346153846154 0.33774038461538464 0.036057692307692304 0.056490384615384616
0 0.9567307692307693 0.3389423076923077 0.036057692307692304 0.051682692307692304
0 0.3473557692307692 0.3389423076923077 0.038461538461538464 0.056490384615384616
0 0.7283653846153846 0.3401442307692308 0.036057692307692304 0.054086538461538464
0 0.6141826923076923 0.3473557692307692 0.038461538461538464 0.054086538461538464
0 0.6911057692307693 0.34975961538461536 0.036057692307692304 0.051682692307692304
0 0.41225961538461536 0.35216346153846156 0.038461538461538464 0.05889423076923077
0 0.8581730769230769 0.35336538461538464 0.036057692307692304 0.054086538461538464
0 0.5072115384615384 0.3545673076923077 0.036057692307692304 0.054086538461538464
0 0.9254807692307693 0.3557692307692308 0.038461538461538464 0.04927884615384615
0 0.6538461538461539 0.359375 0.036057692307692304 0.056490384615384616
0 0.31009615384615385 0.3629807692307692 0.036057692307692304 0.054086538461538464
0 0.578125 0.36538461538461536 0.036057692307692304 0.051682692307692304
0 0.8233173076923077 0.3701923076923077 0.036057692307692304 0.056490384615384616
0 0.37740384615384615 0.37259615384615385 0.038461538461538464 0.054086538461538464
0 0.47475961538461536 0.375 0.038461538461538464 0.054086538461538464
0 0.9831730769230769 0.37740384615384615 0.03365384615384615 0.054086538461538464
0 0.7872596153846154 0.3786057692307692 0.038461538461538464 0.054086538461538464
0 0.7512019230769231 0.38822115384615385 0.036057692307692304 0.056490384615384616
0 0.5396634615384616 0.38822115384615385 0.038461538461538464 0.056490384615384616
0 0.7139423076923077 0.390625 0.036057692307692304 0.056490384615384616
0 0.9519230769230769 0.39302884615384615 0.036057692307692304 0.056490384615384616
0 0.8858173076923077 0.3942307692307692 0.036057692307692304 0.056490384615384616
0 0.27163461538461536 0.3942307692307692 0.03365384615384615 0.056490384615384616
0 0.3401442307692308 0.39663461538461536 0.038461538461538464 0.056490384615384616
0 0.4362980769230769 0.39783653846153844 0.036057692307692304 0.056490384615384616
0 0.6778846153846154 0.4026442307692308 0.038461538461538464 0.056490384615384616
0 0.6057692307692307 0.40384615384615385 0.038461538461538464 0.056490384615384616
0 0.8497596153846154 0.40865384615384615 0.036057692307692304 0.054086538461538464
0 0.921875 0.40865384615384615 0.038461538461538464 0.054086538461538464
0 0.5024038461538461 0.41225961538461536 0.036057692307692304 0.056490384615384616
0 0.640625 0.41586538461538464 0.036057692307692304 0.05889423076923077
0 0.30528846153846156 0.4230769230769231 0.038461538461538464 0.05889423076923077
0 0.5697115384615384 0.4254807692307692 0.038461538461538464 0.056490384615384616
0 0.8112980769230769 0.42788461538461536 0.036057692307692304 0.056490384615384616
0 0.9807692307692307 0.43028846153846156 0.036057692307692304 0.04927884615384615
0 0.3798076923076923 0.43028846153846156 0.040865384615384616 0.056490384615384616
0 0.7728365384615384 0.4326923076923077 0.036057692307692304 0.051682692307692304
0 0.4639423076923077 0.43509615384615385 0.038461538461538464 0.054086538461538464
0 0.7247596153846154 0.44350961538461536 0.038461538461538464 0.056490384615384616
0 0.53125 0.44711538461538464 0.038461538461538464 0.056490384615384616
0 0.9471153846153846 0.4495192307692308 0.036057692307692304 0.054086538461538464
0 0.8762019230769231 0.453125 0.036057692307692304 0.056490384615384616
0 0.3425480769230769 0.4579326923076923 0.040865384615384616 0.054086538461538464
0 0.41586538461538464 0.4579326923076923 0.040865384615384616 0.054086538461538464
0 0.6658653846153846 0.4579326923076923 0.038461538461538464 0.056490384615384616
0 0.265625 0.46033653846153844 0.020432692307692308 0.05889423076923077
0 0.6033653846153846 0.4651442307692308 0.038461538461538464 0.056490384615384616
0 0.9122596153846154 0.4651442307692308 0.036057692307692304 0.054086538461538464
0 0.49399038461538464 0.4699519230769231 0.040865384615384616 0.056490384615384616
0 0.9963942307692307 0.4699519230769231 0.007211538461538462 0.054086538461538464
0 0.75 0.4807692307692308 0.036057692307692304 0.05889423076923077
0 0.7872596153846154 0.4831730769230769 0.036057692307692304 0.056490384615384616
0 0.8221153846153846 0.4855769230769231 0.03365384615384615 0.056490384615384616
0 0.9783653846153846 0.48677884615384615 0.036057692307692304 0.054086538461538464
0 0.38221153846153844 0.48677884615384615 0.040865384615384616 0.054086538461538464
0 0.5637019230769231 0.4879807692307692 0.038461538461538464 0.054086538461538464
0 0.6983173076923077 0.4879807692307692 0.036057692307692304 0.056490384615384616
0 0.2932692307692308 0.49278846153846156 0.038461538461538464 0.056490384615384616
0 0.8569711538461539 0.4987980769230769 0.036057692307692304 0.05889423076923077
0 0.4519230769230769 0.4987980769230769 0.040865384615384616 0.056490384615384616
0 0.6322115384615384 0.5036057692307693 0.038461538461538464 0.056490384615384616
0 0.9387019230769231 0.5072115384615384 0.040865384615384616 0.056490384615384616
0 0.5252403846153846 0.5096153846153846 0.040865384615384616 0.056490384615384616
0 0.8942307692307693 0.5132211538461539 0.036057692307692304 0.056490384615384616
0 0.33653846153846156 0.5144230769230769 0.040865384615384616 0.056490384615384616
0 0.41346153846153844 0.5180288461538461 0.040865384615384616 0.05889423076923077
0 0.7211538461538461 0.5204326923076923 0.036057692307692304 0.056490384615384616
0 0.2644230769230769 0.5216346153846154 0.018028846153846152 0.05889423076923077
0 0.5973557692307693 0.5216346153846154 0.036057692307692304 0.054086538461538464
0 0.9879807692307693 0.5228365384615384 0.02283653846153846 0.046875
0 0.7572115384615384 0.5324519230769231 0.038461538461538464 0.056490384615384616
0 0.7956730769230769 0.5348557692307693 0.038461538461538464 0.054086538461538464
0 0.9627403846153846 0.5360576923076923 0.036057692307692304 0.036057692307692304
0 0.4831730769230769 0.5360576923076923 0.040865384615384616 0.056490384615384616
0 0.6634615384615384 0.5384615384615384 0.040865384615384616 0.056490384615384616
0 0.8329326923076923 0.5384615384615384 0.036057692307692304 0.056490384615384616
0 0.3762019230769231 0.5456730769230769 0.038461538461538464 0.056490384615384616
0 0.5564903846153846 0.546875 0.040865384615384616 0.056490384615384616
0 0.8677884615384616 0.5492788461538461 0.038461538461538464 0.054086538461538464
0 0.28966346153846156 0.5528846153846154 0.040865384615384616 0.05889423076923077
0 0.44591346153846156 0.5552884615384616 0.040865384615384616 0.054086538461538464
0 0.9002403846153846 0.5576923076923077 0.036057692307692304 0.051682692307692304
0 0.5204326923076923 0.5612980769230769 0.040865384615384616 0.051682692307692304
0 0.625 0.5637019230769231 0.040865384615384616 0.05889423076923077
0 0.9362980769230769 0.5673076923076923 0.036057692307692304 0.051682692307692304
0 0.9939903846153846 0.5697115384615384 0.01201923076923077 0.052884615384615384
0 0.7307692307692307 0.5709134615384616 0.036057692307692304 0.051682692307692304
0 0.3329326923076923 0.5757211538461539 0.040865384615384616 0.05889423076923077
0 0.4074519230769231 0.578125 0.038461538461538464 0.056490384615384616
0 0.9711538461538461 0.5793269230769231 0.036057692307692304 0.051682692307692304
0 0.6935096153846154 0.5793269230769231 0.040865384615384616 0.056490384615384616
0 0.5865384615384616 0.5841346153846154 0.038461538461538464 0.056490384615384616
0 0.7680288461538461 0.5841346153846154 0.036057692307692304 0.054086538461538464
0 0.8064903846153846 0.5865384615384616 0.036057692307692304 0.056490384615384616
0 0.2620192307692308 0.5877403846153846 0.013221153846153846 0.06129807692307692
0 0.4807692307692308 0.5889423076923077 0.040865384615384616 0.056490384615384616
0 0.8425480769230769 0.5901442307692307 0.036057692307692304 0.056490384615384616
0 0.65625 0.59375 0.038461538461538464 0.04927884615384615
0 0.5492788461538461 0.5949519230769231 0.040865384615384616 0.046875
0 0.30288461538461536 0.5961538461538461 0.038461538461538464 0.04326923076923077
0 0.8774038461538461 0.5949519230769231 0.03365384615384615 0.046875
0 0.36538461538461536 0.5997596153846154 0.040865384615384616 0.038461538461538464
0 0.9110576923076923 0.6021634615384616 0.03365384615384615 0.03365384615384615
0 0.44471153846153844 0.5997596153846154 0.038461538461538464 0.038461538461538464
0 0.9459134615384616 0.6057692307692307 0.036057692307692304 0.025240384615384616
0 0.5132211538461539 0.6045673076923077 0.036057692307692304 0.028846153846153848
0 0.6141826923076923 0.6069711538461539 0.038461538461538464 0.02283653846153846
0 0.27283653846153844 0.6081730769230769 0.036057692307692304 0.020432692307692308
0 0.7403846153846154 0.6081730769230769 0.038461538461538464 0.020432692307692308
0 0.9795673076923077 0.6117788461538461 0.036057692307692304 0.013221153846153846
0 0.07091346153846154 0.8088942307692307 0.14182692307692307 0.38100961538461536
0 0.8016826923076923 0.6754807692307693 0.08774038461538461 0.11298076923076923
0 0.9711538461538461 0.6766826923076923 0.056490384615384616 0.11538461538461539
0 0.6225961538461539 0.6862980769230769 0.08533653846153846 0.1310096153846154
0 0.8966346153846154 0.6911057692307693 0.09735576923076923 0.14423076923076922
0 0.4387019230769231 0.6923076923076923 0.08533653846153846 0.1310096153846154
0 0.5324519230769231 0.7067307692307693 0.10096153846153846 0.1466346153846154
0 0.35096153846153844 0.7079326923076923 0.09735576923076923 0.15264423076923078
0 0.7163461538461539 0.7091346153846154 0.09735576923076923 0.14903846153846154
0 0.27524038461538464 0.7379807692307693 0.040865384615384616 0.15264423076923078
0 0.8918269230769231 0.8137019230769231 0.08533653846153846 0.12139423076923077
0 0.96875 0.8257211538461539 0.06129807692307692 0.15264423076923078
0 0.7091346153846154 0.828125 0.08533653846153846 0.11899038461538461
0 0.5252403846153846 0.828125 0.08533653846153846 0.12139423076923077
0 0.8064903846153846 0.8293269230769231 0.09735576923076923 0.14903846153846154
0 0.34134615384615385 0.8341346153846154 0.08774038461538461 0.12139423076923077
0 0.6213942307692307 0.8425480769230769 0.10096153846153846 0.1466346153846154
0 0.4362980769230769 0.8509615384615384 0.10096153846153846 0.14903846153846154
0 0.2776442307692308 0.8605769230769231 0.04326923076923077 0.12379807692307693
0 0.9663461538461539 0.9435096153846154 0.0673076923076923 0.11298076923076923
0 0.7956730769230769 0.9447115384615384 0.08533653846153846 0.11057692307692307
0 0.6129807692307693 0.9507211538461539 0.08774038461538461 0.09735576923076923
0 0.8930288461538461 0.9507211538461539 0.10096153846153846 0.09735576923076923
0 0.43028846153846156 0.9567307692307693 0.08653846153846154 0.08653846153846154
0 0.7079326923076923 0.9507211538461539 0.09495192307692307 0.09735576923076923
0 0.5252403846153846 0.9543269230769231 0.09735576923076923 0.09014423076923077
0 0.3449519230769231 0.953125 0.09735576923076923 0.09254807692307693
0 0.27403846153846156 0.9711538461538461 0.038461538461538464 0.056490384615384616