0 0.021634615384615384 0.1466346153846154 0.04326923076923077 0.23557692307692307
0 0.2764423076923077 0.15264423076923078 0.15865384615384615 0.23918269230769232
0 0.4266826923076923 0.15384615384615385 0.140625 0.24519230769230768
0 0.4675480769230769 0.03125 0.06009615384615385 0.0625
0 0.3545673076923077 0.03125 0.15625 0.0625
0 0.19471153846153846 0.03245192307692308 0.16105769230769232 0.06490384615384616
0 0.05889423076923077 0.03365384615384615 0.11778846153846154 0.0673076923076923
0 0.6466346153846154 0.30288461538461536 0.16706730769230768 0.22956730769230768
0 0.3629807692307692 0.8605769230769231 0.16706730769230768 0.22956730769230768
0 0.6262019230769231 0.5973557692307693 0.18509615384615385 0.24759615384615385
0 0.9675480769230769 0.6430288461538461 0.06490384615384616 0.22956730769230768
0 0.8100961538461539 0.6935096153846154 0.18990384615384615 0.2548076923076923