0 0.06370192307692307 0.3737980769230769 0.12620192307692307 0.1346153846153846
0 0.01201923076923077 0.32211538461538464 0.02283653846153846 0.1346153846153846
0 0.06971153846153846 0.09014423076923077 0.13942307692307693 0.18028846153846154
0 0.34134615384615385 0.27884615384615385 0.1466346153846154 0.25240384615384615
0 0.1045673076923077 0.2091346153846154 0.11899038461538461 0.1466346153846154
0 0.30288461538461536 0.13701923076923078 0.10817307692307693 0.13701923076923078
0 0.32211538461538464 0.02283653846153846 0.1346153846153846 0.04567307692307692
0 0.29927884615384615 0.4206730769230769 0.1346153846153846 0.040865384615384616
0 0.8329326923076923 0.3076923076923077 0.10817307692307693 0.18870192307692307
0 0.6418269230769231 0.28846153846153844 0.10336538461538461 0.18509615384615385
0 0.49399038461538464 0.09014423076923077 0.10096153846153846 0.18028846153846154
0 0.8173076923076923 0.09014423076923077 0.10817307692307693 0.18028846153846154
0 0.6490384615384616 0.0889423076923077 0.10336538461538461 0.1778846153846154
0 0.38822115384615385 0.6442307692307693 0.054086538461538464 0.33533653846153844
0 0.0733173076923077 0.6418269230769231 0.1466346153846154 0.3088942307692308
0 0.25240384615384615 0.6418269230769231 0.19831730769230768 0.32211538461538464
0 0.3329326923076923 0.4831730769230769 0.16466346153846154 0.08533653846153846
0 0.1502403846153846 0.48197115384615385 0.1935096153846154 0.0829326923076923
0 0.3401442307692308 0.8834134615384616 0.1466346153846154 0.23317307692307693
0 0.15504807692307693 0.875 0.20072115384615385 0.25
0 0.025240384615384616 0.8713942307692307 0.05048076923076923 0.25721153846153844
0 0.9122596153846154 0.9194711538461539 0.14182692307692307 0.16105769230769232
0 0.5180288461538461 0.9074519230769231 0.14903846153846154 0.18509615384615385
0 0.6658653846153846 0.8641826923076923 0.1466346153846154 0.21875
0 0.43509615384615385 0.8004807692307693 0.040865384615384616 0.21875
0 0.9747596153846154 0.7884615384615384 0.05048076923076923 0.22115384615384615
0 0.8413461538461539 0.7608173076923077 0.15264423076923078 0.22716346153846154
0 0.5228365384615384 0.7067307692307693 0.14182692307692307 0.21394230769230768
0 0.6682692307692307 0.6550480769230769 0.13942307692307693 0.203125
0 0.9387019230769231 0.5949519230769231 0.12259615384615384 0.21394230769230768
0 0.44350961538461536 0.5793269230769231 0.056490384615384616 0.21634615384615385
0 0.8004807692307693 0.578125 0.13701923076923078 0.19831730769230768
0 0.5745192307692307 0.53125 0.1346153846153846 0.18028846153846154
0 0.7007211538461539 0.49278846153846156 0.1346153846153846 0.10336538461538461
0 0.8918269230769231 0.4855769230769231 0.13942307692307693 0.09014423076923077
0 0.47596153846153844 0.47716346153846156 0.12139423076923077 0.07211538461538461
0 0.6394230769230769 0.984375 0.14423076923076922 0.03125
0 0.7800480769230769 0.9543269230769231 0.13701923076923078 0.09014423076923077