0 0.07091346153846154 0.052884615384615384 0.14182692307692307 0.10576923076923077
0 0.12740384615384615 0.17548076923076922 0.14302884615384615 0.18269230769230768
0 0.18269230769230768 0.27283653846153844 0.12860576923076922 0.07932692307692307
0 0.18990384615384615 0.052884615384615384 0.12980769230769232 0.10576923076923077
0 0.24759615384615385 0.16706730769230768 0.12379807692307693 0.15625
0 0.3004807692307692 0.265625 0.11177884615384616 0.09134615384615384
0 0.38341346153846156 0.265625 0.06490384615384616 0.09134615384615384
0 0.4050480769230769 0.17548076923076922 0.02283653846153846 0.14302884615384615
0 0.3485576923076923 0.17427884615384615 0.10336538461538461 0.14903846153846154
0 0.2980769230769231 0.06129807692307692 0.11538461538461539 0.12259615384615384
0 0.3786057692307692 0.06490384615384616 0.07451923076923077 0.12860576923076922
0 0.3473557692307692 0.003605769230769231 0.10697115384615384 0.007211538461538462
0 0.04927884615384615 0.46274038461538464 0.046875 0.05889423076923077
0 0.0733173076923077 0.41466346153846156 0.046875 0.056490384615384616
0 0.07091346153846154 0.5108173076923077 0.046875 0.05889423076923077
0 0.04447115384615385 0.6694711538461539 0.04927884615384615 0.06490384615384616
0 0.030048076923076924 0.4170673076923077 0.04447115384615385 0.056490384615384616
0 0.013221153846153846 0.4639423076923077 0.026442307692307692 0.057692307692307696
0 0.4098557692307692 0.9603365384615384 0.01201923076923077 0.07451923076923077
0 0.004807692307692308 0.8990384615384616 0.009615384615384616 0.06971153846153846
0 0.34615384615384615 0.8990384615384616 0.054086538461538464 0.07692307692307693
0 0.004807692307692308 0.33413461538461536 0.009615384615384616 0.04447115384615385
0 0.3798076923076923 0.9627403846153846 0.056490384615384616 0.07451923076923077
0 0.3942307692307692 0.8942307692307693 0.042067307692307696 0.07692307692307693
0 0.06971153846153846 0.6141826923076923 0.046875 0.06490384615384616
0 0.015625 0.3701923076923077 0.03125 0.052884615384615384
0 0.09375 0.46033653846153844 0.04447115384615385 0.05889423076923077
0 0.016826923076923076 0.9615384615384616 0.03365384615384615 0.07211538461538461
0 0.037259615384615384 0.9026442307692307 0.051682692307692304 0.07211538461538461
0 0.03125 0.3317307692307692 0.042067307692307696 0.039663461538461536
0 0.05889423076923077 0.9627403846153846 0.054086538461538464 0.07451923076923077
0 0.1622596153846154 0.9627403846153846 0.051682692307692304 0.07451923076923077
0 0.06370192307692307 0.8401442307692307 0.04927884615384615 0.07211538461538461
0 0.22596153846153846 0.35697115384615385 0.046875 0.05889423076923077
0 0.18870192307692307 0.9014423076923077 0.054086538461538464 0.07692307692307693
0 0.24639423076923078 0.3233173076923077 0.046875 0.02283653846153846
0 0.13701923076923078 0.9014423076923077 0.051682692307692304 0.07451923076923077
0 0.002403846153846154 0.5168269230769231 0.004807692307692308 0.05889423076923077
0 0.3389423076923077 0.7752403846153846 0.054086538461538464 0.07211538461538461
0 0.01201923076923077 0.5637019230769231 0.02403846153846154 0.06009615384615385
0 0.3701923076923077 0.8353365384615384 0.054086538461538464 0.07211538461538461
0 0.16346153846153846 0.8377403846153846 0.051682692307692304 0.07211538461538461
0 0.13822115384615385 0.4579326923076923 0.046875 0.05889423076923077
0 0.4074519230769231 0.5444711538461539 0.016826923076923076 0.06490384615384616
0 0.11057692307692307 0.9627403846153846 0.051682692307692304 0.07451923076923077
0 0.2668269230769231 0.9627403846153846 0.054086538461538464 0.07451923076923077
0 0.09014423076923077 0.6658653846153846 0.04927884615384615 0.06490384615384616
0 0.2403846153846154 0.9002403846153846 0.054086538461538464 0.07692307692307693
0 0.019230769230769232 0.8389423076923077 0.038461538461538464 0.07211538461538461
0 0.2932692307692308 0.9002403846153846 0.054086538461538464 0.07451923076923077
0 0.02403846153846154 0.6165865384615384 0.046875 0.06129807692307692
0 0.2127403846153846 0.8377403846153846 0.051682692307692304 0.07451923076923077
0 0.007211538461538462 0.7824519230769231 0.014423076923076924 0.06971153846153846
0 0.0889423076923077 0.7800480769230769 0.04927884615384615 0.06971153846153846
0 0.021634615384615384 0.7235576923076923 0.042067307692307696 0.0673076923076923
0 0.25240384615384615 0.5012019230769231 0.046875 0.06129807692307692
0 0.21394230769230768 0.9627403846153846 0.051682692307692304 0.07451923076923077
0 0.11298076923076923 0.8389423076923077 0.051682692307692304 0.07211538461538461
0 0.11538461538461539 0.5084134615384616 0.046875 0.05889423076923077
0 0.3173076923076923 0.8365384615384616 0.051682692307692304 0.07451923076923077
0 0.20673076923076922 0.5036057692307693 0.04927884615384615 0.06129807692307692
0 0.26322115384615385 0.8377403846153846 0.051682692307692304 0.07451923076923077
0 0.2283653846153846 0.453125 0.046875 0.06129807692307692
0 0.08774038461538461 0.9014423076923077 0.04927884615384615 0.07451923076923077
0 0.27163461538461536 0.35096153846153844 0.046875 0.05889423076923077
0 0.3918269230769231 0.49399038461538464 0.046875 0.06129807692307692
0 0.11658653846153846 0.4110576923076923 0.04447115384615385 0.056490384615384616
0 0.13701923076923078 0.7776442307692307 0.04927884615384615 0.06971153846153846
0 0.18269230769230768 0.45552884615384615 0.04927884615384615 0.05889423076923077
0 0.20192307692307693 0.3245192307692308 0.046875 0.025240384615384616
0 0.040865384615384616 0.7824519230769231 0.04927884615384615 0.06971153846153846
0 0.18629807692307693 0.7776442307692307 0.051682692307692304 0.06971153846153846
0 0.40625 0.8317307692307693 0.019230769230769232 0.07451923076923077
0 0.13822115384615385 0.6634615384615384 0.04927884615384615 0.0673076923076923
0 0.11658653846153846 0.328125 0.04447115384615385 0.03245192307692308
0 0.0733173076923077 0.33052884615384615 0.042067307692307696 0.037259615384615384
0 0.051682692307692304 0.36899038461538464 0.04447115384615385 0.056490384615384616
0 0.09495192307692307 0.36538461538461536 0.04447115384615385 0.056490384615384616
0 0.28725961538461536 0.7764423076923077 0.051682692307692304 0.07211538461538461
0 0.23677884615384615 0.7776442307692307 0.051682692307692304 0.07211538461538461
0 0.36899038461538464 0.44591346153846156 0.04927884615384615 0.06129807692307692
0 0.20793269230769232 0.6081730769230769 0.04927884615384615 0.06490384615384616
0 0.16105769230769232 0.5060096153846154 0.046875 0.06129807692307692
0 0.2956730769230769 0.39903846153846156 0.04927884615384615 0.05889423076923077
0 0.3425480769230769 0.39663461538461536 0.04927884615384615 0.05889423076923077
0 0.3894230769230769 0.7728365384615384 0.051682692307692304 0.06971153846153846
0 0.09254807692307693 0.5600961538461539 0.046875 0.06129807692307692
0 0.3233173076923077 0.9627403846153846 0.056490384615384616 0.07451923076923077
0 0.1141826923076923 0.7199519230769231 0.04927884615384615 0.06971153846153846
0 0.1622596153846154 0.71875 0.04927884615384615 0.0673076923076923
0 0.33653846153846156 0.31850961538461536 0.04927884615384615 0.01201923076923077
0 0.4014423076923077 0.7127403846153846 0.030048076923076924 0.06971153846153846
0 0.4014423076923077 0.3401442307692308 0.030048076923076924 0.056490384615384616
0 0.25 0.4026442307692308 0.046875 0.05889423076923077
0 0.29086538461538464 0.32091346153846156 0.046875 0.016826923076923076
0 0.13701923076923078 0.5576923076923077 0.046875 0.06129807692307692
0 0.32091346153846156 0.44711538461538464 0.04927884615384615 0.06129807692307692
0 0.40384615384615385 0.4423076923076923 0.025240384615384616 0.06129807692307692
0 0.36177884615384615 0.7151442307692307 0.054086538461538464 0.06971153846153846
0 0.27524038461538464 0.4495192307692308 0.04927884615384615 0.05889423076923077
0 0.026442307692307692 0.5132211538461539 0.046875 0.06129807692307692
0 0.2824519230769231 0.6610576923076923 0.051682692307692304 0.0673076923076923
0 0.15985576923076922 0.40865384615384615 0.046875 0.05889423076923077
0 0.16105769230769232 0.6105769230769231 0.04927884615384615 0.06490384615384616
0 0.375 0.5492788461538461 0.051682692307692304 0.06490384615384616
0 0.13822115384615385 0.3629807692307692 0.04447115384615385 0.05889423076923077
0 0.21033653846153846 0.71875 0.04927884615384615 0.06971153846153846
0 0.18389423076923078 0.5552884615384616 0.04927884615384615 0.06129807692307692
0 0.234375 0.6622596153846154 0.04927884615384615 0.0673076923076923
0 0.25961538461538464 0.7175480769230769 0.051682692307692304 0.06971153846153846
0 0.29927884615384615 0.5 0.046875 0.06129807692307692
0 0.3894230769230769 0.3918269230769231 0.04927884615384615 0.06129807692307692
0 0.23197115384615385 0.5540865384615384 0.04927884615384615 0.06490384615384616
0 0.34615384615384615 0.49759615384615385 0.04927884615384615 0.06129807692307692
0 0.3173076923076923 0.3473557692307692 0.046875 0.05889423076923077
0 0.0673076923076923 0.7223557692307693 0.04927884615384615 0.0673076923076923
0 0.25600961538461536 0.6069711538461539 0.04927884615384615 0.06129807692307692
0 0.3088942307692308 0.7175480769230769 0.051682692307692304 0.06971153846153846
0 0.27884615384615385 0.5528846153846154 0.04927884615384615 0.06129807692307692
0 0.38221153846153844 0.6574519230769231 0.054086538461538464 0.0673076923076923
0 0.046875 0.5637019230769231 0.046875 0.06129807692307692
0 0.009615384615384616 0.6694711538461539 0.019230769230769232 0.0673076923076923
0 0.1814903846153846 0.359375 0.046875 0.05889423076923077
0 0.3317307692307692 0.6598557692307693 0.051682692307692304 0.0673076923076923
0 0.35336538461538464 0.6033653846153846 0.051682692307692304 0.06490384615384616
0 0.003605769230769231 0.41947115384615385 0.007211538461538462 0.056490384615384616
0 0.20432692307692307 0.40625 0.046875 0.05889423076923077
0 0.15865384615384615 0.3269230769230769 0.04447115384615385 0.030048076923076924
0 0.32572115384615385 0.5516826923076923 0.04927884615384615 0.06490384615384616
0 0.39783653846153844 0.6009615384615384 0.037259615384615384 0.06490384615384616
0 0.30408653846153844 0.6057692307692307 0.04927884615384615 0.06490384615384616
0 0.3641826923076923 0.34375 0.04927884615384615 0.06129807692307692
0 0.1141826923076923 0.6117788461538461 0.046875 0.06129807692307692
0 0.18509615384615385 0.6622596153846154 0.04927884615384615 0.0673076923076923
0 0.5096153846153846 0.6850961538461539 0.18028846153846154 0.33413461538461536
0 0.6826923076923077 0.7055288461538461 0.18509615384615385 0.3269230769230769
0 0.8617788461538461 0.6947115384615384 0.1935096153846154 0.3293269230769231
0 0.96875 0.6959134615384616 0.06129807692307692 0.33653846153846156
0 0.578125 0.3786057692307692 0.18028846153846154 0.13341346153846154
0 0.7524038461538461 0.39302884615384615 0.18269230769230768 0.16346153846153846
0 0.9158653846153846 0.38822115384615385 0.16826923076923078 0.15384615384615385