0 0.7496483629807693 0 0.7307534831730769 0.1448607716346154 0.7964100480769231 0.26463963942307694 0.8030303028846154 0.26463963942307694 0.8030303028846154 0 0.7496483629807693 0
0 0.37079287019230767 0 0.39714714663461537 0.15373327884615384 0.44860769951923074 0.15373327884615384 0.46213623076923077 0 0.37079287019230767 0
0 0.22201329326923075 0 0.21792246634615384 0.16704204567307693 0.29600054567307693 0.21584083894230768 0.34391209375 0.12267949759615385 0.36875511778846154 0.10937073076923078 0.35552889182692304 0 0.22201329326923075 0
0 0.06708981730769231 0.2868209110576923 0.07918808413461538 0.4898989903846154 0.15298116586538463 0.4898989903846154 0.20904995913461538 0.4509623269230769 0.1966284471153846 0.2868209110576923 0.16646191586538464 0.21584083894230768 0.11677586778846154 0.21584083894230768 0.06708981730769231 0.2868209110576923
0 0.5284602788461539 0.3799822524038462 0.5408817908653846 0.1448607716346154 0.4929702427884616 0.08275320432692308 0.4379606875 0.22471335096153847 0.4539312019230769 0.43321730528846153 0.5284602788461539 0.3799822524038462
0 0.5708138197115384 0 0.5852443341346154 0.1004982235576923 0.6384793894230769 0.09162571634615385 0.6603285961538461 0 0.5708138197115384 0
0 0.7449494951923078 0.3134384399038461 0.6828419326923078 0.43321730528846153 0.6876512884615384 0.4898989903846154 0.7940840841346154 0.4898989903846154 0.7946355456730768 0.4864523581730769 0.7449494951923078 0.3134384399038461
0 0.9110576923076923 0.02283653846153846 0.17668269230769232 0.04567307692307692
0 0.9134615384615384 0.11538461538461539 0.17307692307692307 0.14423076923076922
0 0.9134615384615384 0.27163461538461536 0.17307692307692307 0.14423076923076922
0 0.9086538461538461 0.41586538461538464 0.1814903846153846 0.14903846153846154
0 0.578125 0.6670673076923077 0.25240384615384615 0.35336538461538464
0 0.7548076923076923 0.6706730769230769 0.09615384615384616 0.3605769230769231
0 0.3317307692307692 0.6682692307692307 0.2403846153846154 0.35096153846153844
0 0.0985576923076923 0.6766826923076923 0.1971153846153846 0.3737980769230769
0 0.4567307692307692 0.8918269230769231 0.22115384615384615 0.21634615384615385
0 0.6899038461538461 0.8978365384615384 0.22716346153846154 0.20432692307692307
0 0.21514423076923078 0.9050480769230769 0.24278846153846154 0.18990384615384615
0 0.042067307692307696 0.9086538461538461 0.0829326923076923 0.1814903846153846
0 0.453125 0.5204326923076923 0.234375 0.06009615384615385
0 0.9014423076923077 0.5985576923076923 0.1971153846153846 0.20192307692307693
0 0.9014423076923077 0.8016826923076923 0.1971153846153846 0.19471153846153846
0 0.9014423076923077 0.9519230769230769 0.1971153846153846 0.09615384615384616