0 0.07091346153846154 0.06009615384615385 0.14182692307692307 0.1201923076923077
0 0.12740384615384615 0.18990384615384615 0.14302884615384615 0.18269230769230768
0 0.18269230769230768 0.2860576923076923 0.12860576923076922 0.07932692307692307
0 0.18990384615384615 0.06009615384615385 0.12860576923076922 0.1201923076923077
0 0.24639423076923078 0.1814903846153846 0.12259615384615384 0.15504807692307693
0 0.29927884615384615 0.2800480769230769 0.11057692307692307 0.09134615384615384
0 0.38221153846153844 0.2800480769230769 0.06370192307692307 0.09134615384615384
0 0.4026442307692308 0.18990384615384615 0.021634615384615384 0.14302884615384615
0 0.3473557692307692 0.18870192307692307 0.10336538461538461 0.14783653846153846
0 0.296875 0.06850961538461539 0.11298076923076923 0.13701923076923078
0 0.3762019230769231 0.07091346153846154 0.07451923076923077 0.14182692307692307
0 0.34615384615384615 0.010817307692307692 0.10576923076923077 0.021634615384615384
0 0.04927884615384615 0.47596153846153844 0.046875 0.05889423076923077
0 0.07211538461538461 0.42788461538461536 0.046875 0.056490384615384616
0 0.06971153846153846 0.5228365384615384 0.046875 0.05889423076923077
0 0.04447115384615385 0.6814903846153846 0.04927884615384615 0.06370192307692307
0 0.030048076923076924 0.43028846153846156 0.04447115384615385 0.056490384615384616
0 0.013221153846153846 0.47716346153846156 0.026442307692307692 0.06009615384615385
0 0.4074519230769231 0.9663461538461539 0.01201923076923077 0.06610576923076923
0 0.004807692307692308 0.9086538461538461 0.009615384615384616 0.06850961538461539
0 0.3449519230769231 0.9086538461538461 0.054086538461538464 0.07692307692307693
0 0.004807692307692308 0.3473557692307692 0.009615384615384616 0.04447115384615385
0 0.3786057692307692 0.9675480769230769 0.056490384615384616 0.06370192307692307
0 0.39302884615384615 0.9050480769230769 0.042067307692307696 0.07692307692307693
0 0.06850961538461539 0.6262019230769231 0.046875 0.06370192307692307
0 0.015625 0.38341346153846156 0.03125 0.055288461538461536
0 0.09375 0.4723557692307692 0.04447115384615385 0.05889423076923077
0 0.016826923076923076 0.9663461538461539 0.03365384615384615 0.0625
0 0.037259615384615384 0.9122596153846154 0.051682692307692304 0.07091346153846154
0 0.03125 0.3449519230769231 0.042067307692307696 0.039663461538461536
0 0.05889423076923077 0.9675480769230769 0.054086538461538464 0.06370192307692307
0 0.16105769230769232 0.9675480769230769 0.051682692307692304 0.06370192307692307
0 0.0625 0.8509615384615384 0.04927884615384615 0.07091346153846154
0 0.22596153846153846 0.36899038461538464 0.046875 0.05889423076923077
0 0.1875 0.9110576923076923 0.054086538461538464 0.07692307692307693
0 0.24519230769230768 0.33653846153846156 0.046875 0.021634615384615384
0 0.13701923076923078 0.9110576923076923 0.051682692307692304 0.0733173076923077
0 0.002403846153846154 0.5300480769230769 0.004807692307692308 0.05889423076923077
0 0.33774038461538464 0.7860576923076923 0.054086538461538464 0.07091346153846154
0 0.01201923076923077 0.5769230769230769 0.02403846153846154 0.05889423076923077
0 0.36778846153846156 0.8461538461538461 0.054086538461538464 0.07091346153846154
0 0.1622596153846154 0.8485576923076923 0.051682692307692304 0.07091346153846154
0 0.13822115384615385 0.4699519230769231 0.046875 0.05889423076923077
0 0.4050480769230769 0.5564903846153846 0.016826923076923076 0.06370192307692307
0 0.109375 0.9675480769230769 0.051682692307692304 0.06370192307692307
0 0.265625 0.9675480769230769 0.054086538461538464 0.06370192307692307
0 0.09014423076923077 0.6778846153846154 0.04927884615384615 0.06370192307692307
0 0.23918269230769232 0.9098557692307693 0.054086538461538464 0.07692307692307693
0 0.019230769230769232 0.8497596153846154 0.038461538461538464 0.06971153846153846
0 0.2920673076923077 0.9098557692307693 0.054086538461538464 0.0733173076923077
0 0.02283653846153846 0.6274038461538461 0.04567307692307692 0.0625
0 0.21153846153846154 0.8485576923076923 0.051682692307692304 0.0733173076923077
0 0.007211538461538462 0.7932692307692307 0.014423076923076924 0.06850961538461539
0 0.0889423076923077 0.7908653846153846 0.04927884615384615 0.06850961538461539
0 0.020432692307692308 0.734375 0.040865384615384616 0.06490384615384616
0 0.2512019230769231 0.5132211538461539 0.046875 0.06129807692307692
0 0.2127403846153846 0.9675480769230769 0.051682692307692304 0.06370192307692307
0 0.11177884615384616 0.8497596153846154 0.051682692307692304 0.07091346153846154
0 0.1141826923076923 0.5204326923076923 0.046875 0.05889423076923077
0 0.31490384615384615 0.8473557692307693 0.051682692307692304 0.0733173076923077
0 0.20552884615384615 0.515625 0.04927884615384615 0.06129807692307692
0 0.2620192307692308 0.8485576923076923 0.051682692307692304 0.0733173076923077
0 0.2283653846153846 0.4651442307692308 0.046875 0.06129807692307692
0 0.08774038461538461 0.9110576923076923 0.04927884615384615 0.0733173076923077
0 0.2692307692307692 0.3641826923076923 0.046875 0.05889423076923077
0 0.390625 0.5060096153846154 0.046875 0.06129807692307692
0 0.11538461538461539 0.4230769230769231 0.04447115384615385 0.056490384615384616
0 0.13701923076923078 0.7884615384615384 0.04927884615384615 0.06850961538461539
0 0.18269230769230768 0.4675480769230769 0.04927884615384615 0.05889423076923077
0 0.20072115384615385 0.33774038461538464 0.046875 0.02403846153846154
0 0.040865384615384616 0.7932692307692307 0.04927884615384615 0.06850961538461539
0 0.18629807692307693 0.7884615384615384 0.051682692307692304 0.06850961538461539
0 0.40384615384615385 0.8425480769230769 0.019230769230769232 0.0733173076923077
0 0.13822115384615385 0.6742788461538461 0.04927884615384615 0.06610576923076923
0 0.11538461538461539 0.34134615384615385 0.04447115384615385 0.03245192307692308
0 0.07211538461538461 0.34375 0.042067307692307696 0.037259615384615384
0 0.051682692307692304 0.38221153846153844 0.04447115384615385 0.056490384615384616
0 0.09495192307692307 0.3786057692307692 0.04447115384615385 0.056490384615384616
0 0.2860576923076923 0.7872596153846154 0.051682692307692304 0.07091346153846154
0 0.23557692307692307 0.7884615384615384 0.051682692307692304 0.07091346153846154
0 0.36658653846153844 0.4579326923076923 0.04927884615384615 0.06129807692307692
0 0.20673076923076922 0.6189903846153846 0.04927884615384615 0.06370192307692307
0 0.15985576923076922 0.5180288461538461 0.046875 0.06129807692307692
0 0.29447115384615385 0.4110576923076923 0.04927884615384615 0.05889423076923077
0 0.34134615384615385 0.40865384615384615 0.04927884615384615 0.05889423076923077
0 0.38822115384615385 0.7836538461538461 0.051682692307692304 0.06850961538461539
0 0.09254807692307693 0.5721153846153846 0.046875 0.06129807692307692
0 0.32091346153846156 0.9675480769230769 0.056490384615384616 0.06370192307692307
0 0.11298076923076923 0.7319711538461539 0.04927884615384615 0.06850961538461539
0 0.16105769230769232 0.7307692307692307 0.04927884615384615 0.06610576923076923
0 0.33533653846153844 0.3317307692307692 0.04927884615384615 0.01201923076923077
0 0.39903846153846156 0.7235576923076923 0.030048076923076924 0.06850961538461539
0 0.39903846153846156 0.35336538461538464 0.030048076923076924 0.056490384615384616
0 0.24879807692307693 0.41466346153846156 0.046875 0.05889423076923077
0 0.28966346153846156 0.33413461538461536 0.046875 0.016826923076923076
0 0.13701923076923078 0.5697115384615384 0.046875 0.06129807692307692
0 0.31850961538461536 0.45913461538461536 0.04927884615384615 0.06129807692307692
0 0.4014423076923077 0.4543269230769231 0.02403846153846154 0.06129807692307692
0 0.359375 0.7271634615384616 0.054086538461538464 0.06850961538461539
0 0.27283653846153844 0.46153846153846156 0.04927884615384615 0.05889423076923077
0 0.026442307692307692 0.5264423076923077 0.046875 0.06129807692307692
0 0.28125 0.671875 0.051682692307692304 0.06610576923076923
0 0.15865384615384615 0.4206730769230769 0.046875 0.05889423076923077
0 0.15985576923076922 0.6213942307692307 0.04927884615384615 0.06370192307692307
0 0.37259615384615385 0.5612980769230769 0.051682692307692304 0.06370192307692307
0 0.13822115384615385 0.3762019230769231 0.04447115384615385 0.05889423076923077
0 0.2091346153846154 0.7307692307692307 0.04927884615384615 0.06850961538461539
0 0.18389423076923078 0.5673076923076923 0.04927884615384615 0.06129807692307692
0 0.23317307692307693 0.6730769230769231 0.04927884615384615 0.06610576923076923
0 0.25841346153846156 0.7295673076923077 0.051682692307692304 0.06850961538461539
0 0.2980769230769231 0.5120192307692307 0.046875 0.06129807692307692
0 0.38822115384615385 0.4050480769230769 0.04927884615384615 0.06129807692307692
0 0.23076923076923078 0.5661057692307693 0.04927884615384615 0.06370192307692307
0 0.3449519230769231 0.5096153846153846 0.04927884615384615 0.06129807692307692
0 0.31490384615384615 0.3605769230769231 0.046875 0.05889423076923077
0 0.06610576923076923 0.734375 0.04927884615384615 0.06610576923076923
0 0.2548076923076923 0.6177884615384616 0.04927884615384615 0.06129807692307692
0 0.3076923076923077 0.7295673076923077 0.051682692307692304 0.06850961538461539
0 0.2776442307692308 0.5649038461538461 0.04927884615384615 0.06129807692307692
0 0.38100961538461536 0.6682692307692307 0.054086538461538464 0.06610576923076923
0 0.046875 0.5757211538461539 0.046875 0.06129807692307692
0 0.009615384615384616 0.6814903846153846 0.019230769230769232 0.06610576923076923
0 0.1814903846153846 0.3713942307692308 0.046875 0.05889423076923077
0 0.33052884615384615 0.6706730769230769 0.051682692307692304 0.06610576923076923
0 0.35216346153846156 0.6153846153846154 0.051682692307692304 0.06370192307692307
0 0.003605769230769231 0.4326923076923077 0.007211538461538462 0.056490384615384616
0 0.203125 0.4182692307692308 0.046875 0.05889423076923077
0 0.15745192307692307 0.3401442307692308 0.04447115384615385 0.030048076923076924
0 0.3233173076923077 0.5637019230769231 0.04927884615384615 0.06370192307692307
0 0.3954326923076923 0.6129807692307693 0.037259615384615384 0.06370192307692307
0 0.30288461538461536 0.6165865384615384 0.04927884615384615 0.06370192307692307
0 0.36177884615384615 0.35697115384615385 0.04927884615384615 0.06129807692307692
0 0.11298076923076923 0.6225961538461539 0.046875 0.06129807692307692
0 0.18509615384615385 0.6730769230769231 0.04927884615384615 0.06610576923076923
0 0.5072115384615384 0.6971153846153846 0.18028846153846154 0.3329326923076923
0 0.6802884615384616 0.7163461538461539 0.18509615384615385 0.32572115384615385
0 0.8569711538461539 0.7055288461538461 0.19230769230769232 0.328125
0 0.9663461538461539 0.7067307692307693 0.06610576923076923 0.33533653846153844
0 0.5757211538461539 0.3918269230769231 0.18028846153846154 0.13341346153846154
0 0.7487980769230769 0.40625 0.18269230769230768 0.1622596153846154
0 0.9134615384615384 0.4014423076923077 0.171875 0.15264423076923078