0 0.63014553125 0.36489971634615387 0.5796950817307692 0.35883816346153846 0.04816354807692307 0.6801004615384615 0.07879418028846154 0.7285928870192309 0.5742896706730769 0.5346231971153846 0.6283437283653845 0.5528078533653846 0.648163548076923 0.4467306778846154 0.63014553125 0.36489971634615387
0 0.07158696875000001 0.7407159975961538 0.08059598317307692 0.8013315264423077 0.6607761610576923 0.7225313341346153 0.7058212043269231 0.6649465817307691 0.6950103942307693 0.5558386274038462 0.6355509326923077 0.5437155264423077 0.5832986850961539 0.5528078533653846 0.07158696875000001 0.7407159975961538
0 0.7166320168269231 0.6952543485576924 0.6697851682692307 0.7285928870192309 0.09501039423076924 0.7922391899038461 0.07519057451923077 0.8255777331730769 0.6661815673076923 0.8892240384615384 0.7202356201923077 0.8801317091346154 0.7526680528846155 0.8195161826923076 0.7472626490384615 0.7498083245192307 0.7166320168269231 0.6952543485576924
0 0.6932085913461539 0.2679148701923077 0.6445599471153846 0.20729934134615385 0.05897435817307692 0.6103926057692308 0.06077616105769231 0.6437311490384615 0.624740125 0.32853039663461536 0.6499653509615384 0.36489971634615387 0.6841995841346153 0.36489971634615387 0.6932085913461539 0.2679148701923077
0 0.6947115384615384 0.13822115384615385 0.10216346153846154 0.19471153846153846
0 0.7836538461538461 0.1622596153846154 0.10216346153846154 0.19230769230769232
0 0.8689903846153846 0.18509615384615385 0.09495192307692307 0.17668269230769232
0 0.743659045673077 0.39520747596153843 0.7634788629807693 0.3709612692307692 0.7851004855769231 0.33156117067307694 0.774289670673077 0.25579176442307694 0.7526680528846155 0.23457633173076922 0.7256410264423077 0.23457633173076922 0.7076230048076924 0.24366865865384615 0.7058212043269231 0.3042841875 0.7058212043269231 0.3436842764423077 0.7238392235576924 0.36489971634615387 0.743659045673077 0.39520747596153843
0 0.7995148990384616 0.3891459254807692 0.8463617475961538 0.40733058653846155 0.8679833677884615 0.36489971634615387 0.8625779615384614 0.29216108173076927 0.8319473317307692 0.24366865865384615 0.7995148990384616 0.2679148701923077 0.795911295673077 0.33156117067307694 0.7995148990384616 0.3891459254807692
0 0.8769923798076923 0.2951918581730769 0.8769923798076923 0.3527766129807692 0.8968121971153846 0.41339214182692313 0.9130284158653846 0.41339214182692313 0.9202356201923076 0.42551524278846153 0.9508662524038461 0.3861151490384615 0.9364518365384615 0.29822263701923074 0.8950103942307692 0.25579176442307694 0.8769923798076923 0.2951918581730769
0 0.7166320168269231 0.5285616442307692 0.7346500336538462 0.5103769831730769 0.7346500336538462 0.43460757211538464 0.7184338173076923 0.39520747596153843 0.6986139975961538 0.3891459254807692 0.6733887716346154 0.4012690360576923 0.6661815673076923 0.43763834855769235 0.6643797644230769 0.4861307716346154 0.6751905745192308 0.5225000913461538 0.6932085913461539 0.5285616442307692 0.7166320168269231 0.5285616442307692
0 0.8139293149038462 0.4012690360576923 0.7616770625 0.41036136298076925 0.7526680528846155 0.4982538774038462 0.7706860697115385 0.5406847475961538 0.8067221057692309 0.5528078533653846 0.8409563389423076 0.4982538774038462 0.8139293149038462 0.4012690360576923
0 0.8697851682692307 0.55886940625 0.8860013870192307 0.55886940625 0.9076230048076923 0.5346231971153846 0.9076230048076923 0.45279222836538463 0.8751905745192308 0.4012690360576923 0.8409563389423076 0.43763834855769235 0.8409563389423076 0.5194693149038462 0.8697851682692307 0.55886940625
0 0.922037423076923 0.507346204326923 0.9400554375 0.5528078533653846 0.9652806634615385 0.5649309567307692 0.9869022860576924 0.5164385408653847 0.9796950817307692 0.4285460216346154 0.9400554375 0.41036136298076925 0.9202356201923076 0.4467306778846154 0.922037423076923 0.507346204326923
0 0.7634788629807693 0.7134390048076923 0.790505889423077 0.6588850288461539 0.7851004855769231 0.5922079495192307 0.7598752596153846 0.55886940625 0.7292446274038462 0.5528078533653846 0.7076230048076924 0.5740232932692307 0.7076230048076924 0.6103926057692308 0.7076230048076924 0.6467619254807692 0.7184338173076923 0.6831312427884615 0.7382536370192307 0.6891927980769231 0.7634788629807693 0.7134390048076923
0 0.8391545384615384 0.5528078533653846 0.8175329182692308 0.55886940625 0.7995148990384616 0.589177170673077 0.7995148990384616 0.6013002764423077 0.7995148990384616 0.6376695985576923 0.7995148990384616 0.6679773557692308 0.8067221057692309 0.6831312427884615 0.8175329182692308 0.6922235721153847 0.8193347211538462 0.6922235721153847 0.837352735576923 0.7376852211538462 0.8355509326923076 0.7225313341346153 0.8607761610576923 0.6922235721153847 0.8751905745192308 0.6497926995192308 0.8733887716346154 0.6043310528846153 0.8571725552884615 0.5649309567307692 0.8391545384615384 0.5528078533653846
0 0.8896049903846154 0.5952387259615385 0.8896049903846154 0.6316080432692307 0.8950103942307692 0.7104082283653846 0.8968121971153846 0.7134390048076923 0.8981735600961538 0.7115531875 0.9040194014423076 0.7164697812499999 0.9346500336538461 0.7013158990384615 0.9544698533653846 0.6710081322115384 0.9508662524038461 0.6134233822115385 0.9490644519230769 0.6043310528846153 0.9184338173076922 0.5709925144230769 0.9094248100961538 0.5709925144230769 0.8896049903846154 0.5952387259615385
0 0.9238392235576923 0.7922391899038461 0.905821204326923 0.7467775480769231 0.8896049903846154 0.7316236610576923 0.853568954326923 0.7467775480769231 0.8463617475961538 0.7892084158653846 0.8481635480769231 0.8195161826923076 0.8553707572115384 0.8377008389423076 0.8643797644230768 0.8771009326923077 0.9076230048076923 0.87407015625 0.9238392235576923 0.7922391899038461
0 0.7706860697115385 0.7164697812499999 0.75627165625 0.8043623004807692 0.75627165625 0.8195161826923076 0.7598752596153846 0.8255777331730769 0.7670824663461538 0.8437623894230769 0.7688842668269231 0.8589162764423077 0.7887040889423077 0.8861932620192309 0.8247401249999999 0.8558855 0.8355509326923076 0.8437623894230769 0.8355509326923076 0.7892084158653846 0.8355509326923076 0.7861776394230768 0.8085239086538463 0.7528391009615384 0.7814968822115385 0.7104082283653846 0.7706860697115385 0.7164697812499999