0 0.45552884615384615 0.16947115384615385 0.13701923076923078 0.15144230769230768
0 0.5144230769230769 0.056490384615384616 0.109375 0.11177884615384616
0 0.40384615384615385 0.06610576923076923 0.13701923076923078 0.13221153846153846
0 0.21754807692307693 0.015625 0.10817307692307693 0.03125
0 0.3317307692307692 0.010817307692307692 0.1201923076923077 0.021634615384615384
0 0.29447115384615385 0.07451923076923077 0.11658653846153846 0.14182692307692307
0 0.3293269230769231 0.18389423076923078 0.12980769230769232 0.15144230769230768
0 0.11538461538461539 0.026442307692307692 0.11177884615384616 0.051682692307692304
0 0.037259615384615384 0.036057692307692304 0.07451923076923077 0.07211538461538461
0 0.17908653846153846 0.09615384615384616 0.11177884615384616 0.14182692307692307
0 0.08173076923076923 0.11057692307692307 0.10216346153846154 0.1346153846153846
0 0.009615384615384616 0.12139423076923077 0.019230769230769232 0.12259615384615384
0 0.037259615384615384 0.2247596153846154 0.07451923076923077 0.13221153846153846
0 0.12259615384615384 0.21514423076923078 0.11658653846153846 0.13701923076923078
0 0.2247596153846154 0.20793269230769232 0.1141826923076923 0.12379807692307693
0 0.5108173076923077 0.2956730769230769 0.11658653846153846 0.13942307692307693
0 0.3918269230769231 0.3076923076923077 0.12740384615384615 0.14423076923076922
0 0.27403846153846156 0.31009615384615385 0.12379807692307693 0.13942307692307693
0 0.16826923076923078 0.328125 0.11177884615384616 0.13701923076923078
0 0.0625 0.33653846153846156 0.11899038461538461 0.13701923076923078
0 0.008413461538461538 0.3401442307692308 0.016826923076923076 0.13221153846153846
0 0.03365384615384615 0.4519230769230769 0.0673076923076923 0.13221153846153846
0 0.11899038461538461 0.44471153846153844 0.11658653846153846 0.13942307692307693
0 0.21634615384615385 0.4362980769230769 0.11899038461538461 0.14182692307692307
0 0.33413461538461536 0.43509615384615385 0.13221153846153846 0.1466346153846154
0 0.4519230769230769 0.42427884615384615 0.13701923076923078 0.1466346153846154
0 0.052884615384615384 0.5348557692307693 0.10576923076923077 0.09375
0 0.15144230769230768 0.5384615384615384 0.12980769230769232 0.08653846153846154
0 0.27403846153846156 0.5360576923076923 0.1346153846153846 0.09254807692307693
0 0.3942307692307692 0.5276442307692307 0.14182692307692307 0.109375
0 0.5144230769230769 0.5252403846153846 0.109375 0.1141826923076923
0 0.6850961538461539 0.037259615384615384 0.042067307692307696 0.07451923076923077
0 0.5853365384615384 0.046875 0.036057692307692304 0.09375
0 0.7211538461538461 0.052884615384615384 0.04326923076923077 0.10576923076923077
0 0.6189903846153846 0.07091346153846154 0.037259615384615384 0.1045673076923077
0 0.765625 0.08173076923076923 0.04927884615384615 0.12139423076923077
0 0.6526442307692307 0.09975961538461539 0.039663461538461536 0.11177884615384616
0 0.6887019230769231 0.1310096153846154 0.042067307692307696 0.1141826923076923
0 0.5865384615384616 0.14423076923076922 0.03485576923076923 0.1045673076923077
0 0.7283653846153846 0.1622596153846154 0.046875 0.11658653846153846
0 0.6201923076923077 0.17548076923076922 0.039663461538461536 0.10697115384615384
0 0.7728365384615384 0.20192307692307693 0.046875 0.12139423076923077
0 0.6538461538461539 0.20673076923076922 0.042067307692307696 0.11177884615384616
0 0.6923076923076923 0.24158653846153846 0.04447115384615385 0.1141826923076923
0 0.5877403846153846 0.24759615384615385 0.03485576923076923 0.10697115384615384
0 0.734375 0.28125 0.046875 0.11899038461538461
0 0.6213942307692307 0.28125 0.037259615384615384 0.11177884615384616
0 0.5733173076923077 0.3161057692307692 0.007211538461538462 0.1045673076923077
0 0.65625 0.31971153846153844 0.042067307692307696 0.11177884615384616
0 0.7776442307692307 0.32211538461538464 0.04927884615384615 0.12379807692307693
0 0.5913461538461539 0.35216346153846156 0.037259615384615384 0.109375
0 0.6971153846153846 0.35697115384615385 0.04447115384615385 0.11658653846153846
0 0.6237980769230769 0.390625 0.039663461538461536 0.11177884615384616
0 0.7379807692307693 0.39783653846153844 0.046875 0.11899038461538461
0 0.5733173076923077 0.41947115384615385 0.007211538461538462 0.10697115384615384
0 0.6598557692307693 0.43028846153846156 0.042067307692307696 0.1141826923076923
0 0.7860576923076923 0.4423076923076923 0.04927884615384615 0.12740384615384615
0 0.5925480769230769 0.46033653846153844 0.037259615384615384 0.109375
0 0.7007211538461539 0.47475961538461536 0.04447115384615385 0.11899038461538461
0 0.6274038461538461 0.5012019230769231 0.039663461538461536 0.1141826923076923
0 0.7451923076923077 0.5192307692307693 0.046875 0.12139423076923077
0 0.5757211538461539 0.5252403846153846 0.01201923076923077 0.1045673076923077
0 0.6598557692307693 0.5348557692307693 0.042067307692307696 0.09495192307692307
0 0.5961538461538461 0.546875 0.037259615384615384 0.06971153846153846
0 0.7019230769230769 0.5588942307692307 0.04447115384615385 0.046875
0 0.6298076923076923 0.5697115384615384 0.039663461538461536 0.025240384615384616
0 0.7608173076923077 0.01201923076923077 0.04567307692307692 0.02403846153846154
0 0.6165865384615384 0.010817307692307692 0.036057692307692304 0.021634615384615384
0 0.6490384615384616 0.02403846153846154 0.039663461538461536 0.046875
0 0.8894230769230769 0.8052884615384616 0.1935096153846154 0.28365384615384615
0 0.6887019230769231 0.8112980769230769 0.19110576923076922 0.28846153846153844
0 0.9495192307692307 0.9495192307692307 0.10096153846153846 0.10096153846153846
0 0.6358173076923077 0.9495192307692307 0.13221153846153846 0.10096153846153846
0 0.7992788461538461 0.9543269230769231 0.19471153846153846 0.09134615384615384