0 0.27403846153846156 0.052884615384615384 0.0889423076923077 0.10576923076923077
0 0.16706730769230768 0.055288461538461536 0.15144230769230768 0.11057692307692307
0 0.054086538461538464 0.08173076923076923 0.10817307692307693 0.16346153846153846
0 0.640625 0.4495192307692308 0.31009615384615385 0.3894230769230769
0 0.8798076923076923 0.3701923076923077 0.2403846153846154 0.5480769230769231
0 0.4326923076923077 0.16105769230769232 0.23076923076923078 0.32211538461538464
0 0.7271634615384616 0.12620192307692307 0.3737980769230769 0.25240384615384615
0 0.4098557692307692 0.4735576923076923 0.18389423076923078 0.34134615384615385
0 0.10817307692307693 0.8221153846153846 0.21634615384615385 0.3557692307692308
0 0.26802884615384615 0.8221153846153846 0.10096153846153846 0.3557692307692308
0 0.5733173076923077 0.7427884615384616 0.19230769230769232 0.1971153846153846
0 0.7536057692307693 0.75 0.18990384615384615 0.21153846153846154
0 0.9194711538461539 0.7548076923076923 0.16105769230769232 0.22235576923076922
0 0.40024038461538464 0.7367788461538461 0.16466346153846154 0.18629807692307693