0 0.11899038461538461 0.4411057692307692 0.1466346153846154 0.2247596153846154
0 0.02283653846153846 0.4423076923076923 0.04567307692307692 0.23076923076923078
0 0.1201923076923077 0.08173076923076923 0.14423076923076922 0.16346153846153846
0 0.021634615384615384 0.08173076923076923 0.04326923076923077 0.16346153846153846
0 0.06009615384615385 0.24759615384615385 0.11899038461538461 0.22235576923076922
0 0.15625 0.24879807692307693 0.0733173076923077 0.2247596153846154
0 0.38100961538461536 0.14182692307692307 0.14182692307692307 0.2704326923076923
0 0.24519230769230768 0.3713942307692308 0.1045673076923077 0.2704326923076923
0 0.4050480769230769 0.43149038461538464 0.14182692307692307 0.27283653846153844
0 0.5649038461538461 0.4795673076923077 0.1466346153846154 0.28725961538461536
0 0.7199519230769231 0.5504807692307693 0.15865384615384615 0.28725961538461536
0 0.06009615384615385 0.7175480769230769 0.07572115384615384 0.028846153846153848
0 0.16947115384615385 0.7463942307692307 0.046875 0.08774038461538461
0 0.109375 0.7596153846153846 0.0733173076923077 0.09735576923076923
0 0.03485576923076923 0.7764423076923077 0.06971153846153846 0.09615384615384616
0 0.15625 0.8341346153846154 0.0733173076923077 0.09735576923076923
0 0.013221153846153846 0.8485576923076923 0.026442307692307692 0.08774038461538461
0 0.0829326923076923 0.8509615384615384 0.07572115384615384 0.09014423076923077
0 0.17307692307692307 0.9026442307692307 0.038461538461538464 0.0829326923076923
0 0.11538461538461539 0.9182692307692307 0.06850961538461539 0.08533653846153846
0 0.040865384615384616 0.9242788461538461 0.0733173076923077 0.08774038461538461
0 0.003605769230769231 0.9338942307692307 0.007211538461538462 0.0829326923076923
0 0.15865384615384615 0.9711538461538461 0.0673076923076923 0.057692307692307696
0 0.025240384615384616 0.9759615384615384 0.05048076923076923 0.04807692307692308
0 0.09134615384615384 0.9795673076923077 0.07091346153846154 0.040865384615384616
0 0.42788461538461536 0.9134615384615384 0.09975961538461539 0.1346153846153846
0 0.7824519230769231 0.9158653846153846 0.08052884615384616 0.109375
0 0.3485576923076923 0.9158653846153846 0.06370192307692307 0.07572115384615384
0 0.24158653846153846 0.9266826923076923 0.07572115384615384 0.10216346153846154
0 0.7764423076923077 0.7139423076923077 0.1045673076923077 0.021634615384615384
0 0.7007211538461539 0.9423076923076923 0.0733173076923077 0.09735576923076923
0 0.6129807692307693 0.9627403846153846 0.0673076923076923 0.07451923076923077
0 0.3942307692307692 0.9663461538461539 0.0673076923076923 0.0673076923076923
0 0.9699519230769231 0.9747596153846154 0.06009615384615385 0.05048076923076923
0 0.9158653846153846 0.9723557692307693 0.07692307692307693 0.055288461538461536
0 0.2980769230769231 0.9735576923076923 0.07692307692307693 0.052884615384615384
0 0.5396634615384616 0.9759615384615384 0.07451923076923077 0.04807692307692308
0 0.8389423076923077 0.9831730769230769 0.078125 0.03365384615384615
0 0.2283653846153846 0.9879807692307693 0.07091346153846154 0.02403846153846154
0 0.4675480769230769 0.9915865384615384 0.07091346153846154 0.016826923076923076
0 0.6694711538461539 0.7271634615384616 0.1141826923076923 0.04927884615384615
0 0.25600961538461536 0.7403846153846154 0.10697115384615384 0.07572115384615384
0 0.9507211538461539 0.7536057692307693 0.09735576923076923 0.10216346153846154
0 0.41466346153846156 0.7680288461538461 0.11658653846153846 0.13221153846153846
0 0.8509615384615384 0.7680288461538461 0.10697115384615384 0.13221153846153846
0 0.5733173076923077 0.78125 0.07572115384615384 0.1141826923076923
0 0.7415865384615384 0.7908653846153846 0.109375 0.14903846153846154
0 0.34975961538461536 0.8137019230769231 0.10216346153846154 0.14423076923076922
0 0.6370192307692307 0.8245192307692307 0.10697115384615384 0.14903846153846154
0 0.29927884615384615 0.8461538461538461 0.054086538461538464 0.09014423076923077
0 0.20552884615384615 0.8557692307692307 0.026442307692307692 0.10697115384615384
0 0.9086538461538461 0.8762019230769231 0.10216346153846154 0.13942307692307693
0 0.53125 0.8810096153846154 0.09495192307692307 0.1346153846153846
0 0.9867788461538461 0.8858173076923077 0.026442307692307692 0.13701923076923078