0 0.29927884615384615 0.08653846153846154 0.27884615384615385 0.17307692307692307
0 0.19951923076923078 0.3401442307692308 0.39903846153846156 0.484375
0 0.3173076923076923 0.5552884615384616 0.24278846153846154 0.09014423076923077
0 0.41225961538461536 0.34134615384615385 0.051682692307692304 0.3329326923076923
0 0.5396634615384616 0.003605769230769231 0.06971153846153846 0.007211538461538462
0 0.9362980769230769 0.013221153846153846 0.07451923076923077 0.025240384615384616
0 0.8641826923076923 0.028846153846153848 0.07451923076923077 0.056490384615384616
0 0.7704326923076923 0.03245192307692308 0.07211538461538461 0.06490384615384616
0 0.6225961538461539 0.038461538461538464 0.07211538461538461 0.0673076923076923
0 0.6971153846153846 0.038461538461538464 0.07451923076923077 0.0673076923076923
0 0.47596153846153844 0.040865384615384616 0.06971153846153846 0.06490384615384616
0 0.5480769230769231 0.046875 0.06971153846153846 0.0673076923076923
0 0.9819711538461539 0.0733173076923077 0.036057692307692304 0.06971153846153846
0 0.9278846153846154 0.07572115384615384 0.07451923076923077 0.07211538461538461
0 0.8569711538461539 0.09375 0.0673076923076923 0.0673076923076923
0 0.7872596153846154 0.09735576923076923 0.06971153846153846 0.0673076923076923
0 0.6430288461538461 0.10096153846153846 0.06971153846153846 0.06490384615384616
0 0.7151442307692307 0.10096153846153846 0.06971153846153846 0.06490384615384616
0 0.5036057692307693 0.10216346153846154 0.06971153846153846 0.06490384615384616
0 0.5757211538461539 0.10336538461538461 0.06971153846153846 0.06971153846153846
0 0.453125 0.10697115384615384 0.03125 0.06490384615384616
0 0.9519230769230769 0.14302884615384615 0.07211538461538461 0.06490384615384616
0 0.8810096153846154 0.15985576923076922 0.07211538461538461 0.06490384615384616
0 0.7884615384615384 0.16105769230769232 0.06971153846153846 0.06129807692307692
0 0.578125 0.16346153846153846 0.0673076923076923 0.05889423076923077
0 0.71875 0.1658653846153846 0.0673076923076923 0.06490384615384616
0 0.5132211538461539 0.16706730769230768 0.06971153846153846 0.06490384615384616
0 0.6478365384615384 0.16706730769230768 0.0673076923076923 0.06490384615384616
0 0.9915865384615384 0.171875 0.016826923076923076 0.06490384615384616
0 0.4579326923076923 0.17427884615384615 0.038461538461538464 0.05889423076923077
0 0.9026442307692307 0.21995192307692307 0.07211538461538461 0.05889423076923077
0 0.8269230769230769 0.2247596153846154 0.07211538461538461 0.05889423076923077
0 0.9699519230769231 0.22235576923076922 0.05889423076923077 0.05889423076923077
0 0.4807692307692308 0.22716346153846154 0.0673076923076923 0.05889423076923077
0 0.5492788461538461 0.22716346153846154 0.0673076923076923 0.05889423076923077
0 0.6862980769230769 0.2283653846153846 0.06971153846153846 0.05889423076923077
0 0.6189903846153846 0.22956730769230768 0.0673076923076923 0.05889423076923077
0 0.7572115384615384 0.23076923076923078 0.06971153846153846 0.06129807692307692
0 0.45913461538461536 0.27163461538461536 0.040865384615384616 0.054086538461538464
0 0.5144230769230769 0.27283653846153844 0.06490384615384616 0.056490384615384616
0 0.8605769230769231 0.27403846153846156 0.06971153846153846 0.05889423076923077
0 0.9831730769230769 0.27283653846153844 0.03365384615384615 0.056490384615384616
0 0.5793269230769231 0.27524038461538464 0.06490384615384616 0.054086538461538464
0 0.7163461538461539 0.2776442307692308 0.0673076923076923 0.056490384615384616
0 0.9326923076923077 0.27884615384615385 0.06971153846153846 0.05889423076923077
0 0.7908653846153846 0.28365384615384615 0.07211538461538461 0.06129807692307692
0 0.6490384615384616 0.28365384615384615 0.0673076923076923 0.056490384615384616
0 0.546875 0.32572115384615385 0.0673076923076923 0.056490384615384616
0 0.8221153846153846 0.328125 0.06971153846153846 0.05889423076923077
0 0.75 0.3317307692307692 0.06971153846153846 0.056490384615384616
0 0.4795673076923077 0.3317307692307692 0.06490384615384616 0.056490384615384616
0 0.8942307692307693 0.3317307692307692 0.06971153846153846 0.056490384615384616
0 0.6129807692307693 0.3329326923076923 0.0673076923076923 0.056490384615384616
0 0.6814903846153846 0.33413461538461536 0.0673076923076923 0.056490384615384616
0 0.9651442307692307 0.33413461538461536 0.06971153846153846 0.05889423076923077
0 0.8497596153846154 0.36778846153846156 0.06129807692307692 0.046875
0 0.5120192307692307 0.3701923076923077 0.06129807692307692 0.051682692307692304
0 0.9759615384615384 0.3713942307692308 0.04807692307692308 0.055288461538461536
0 0.7103365384615384 0.3737980769230769 0.0673076923076923 0.054086538461538464
0 0.5769230769230769 0.3737980769230769 0.06490384615384616 0.054086538461538464
0 0.45913461538461536 0.3762019230769231 0.040865384615384616 0.056490384615384616
0 0.9206730769230769 0.3786057692307692 0.0673076923076923 0.051682692307692304
0 0.6430288461538461 0.3786057692307692 0.06490384615384616 0.054086538461538464
0 0.7860576923076923 0.3798076923076923 0.06971153846153846 0.054086538461538464
0 0.042067307692307696 0.78125 0.08413461538461539 0.3605769230769231
0 0.06971153846153846 0.8629807692307693 0.13942307692307693 0.27283653846153844
0 0.26802884615384615 0.7103365384615384 0.12379807692307693 0.21875
0 0.2512019230769231 0.8918269230769231 0.11538461538461539 0.21634615384615385
0 0.40024038461538464 0.6766826923076923 0.07451923076923077 0.15264423076923078
0 0.41346153846153844 0.9627403846153846 0.04927884615384615 0.07451923076923077
0 0.9675480769230769 0.7331730769230769 0.06490384615384616 0.19831730769230768
0 0.8557692307692307 0.7427884615384616 0.15264423076923078 0.203125
0 0.5204326923076923 0.7716346153846154 0.16466346153846154 0.203125
0 0.9939903846153846 0.8389423076923077 0.01201923076923077 0.15865384615384615
0 0.9387019230769231 0.9290865384615384 0.12259615384615384 0.14182692307692307
0 0.796875 0.9278846153846154 0.14423076923076922 0.14423076923076922
0 0.6382211538461539 0.9459134615384616 0.16706730769230768 0.10817307692307693
0 0.49278846153846156 0.953125 0.10817307692307693 0.09254807692307693
0 0.9639423076923077 0.9735576923076923 0.07211538461538461 0.052884615384615384
0 0.6790865384615384 0.7283653846153846 0.15985576923076922 0.20072115384615385