0 0.40024038461538464 0.6286057692307693 0.1778846153846154 0.12379807692307693
0 0.3293269230769231 0.4891826923076923 0.171875 0.18269230769230768
0 0.25721153846153844 0.3173076923076923 0.16105769230769232 0.1935096153846154
0 0.19471153846153846 0.14543269230769232 0.15625 0.19951923076923078
0 0.1346153846153846 0.042067307692307696 0.13942307692307693 0.0829326923076923
0 0.25 0.6153846153846154 0.1502403846153846 0.1502403846153846
0 0.18629807692307693 0.4675480769230769 0.14543269230769232 0.1778846153846154
0 0.125 0.3088942307692308 0.14302884615384615 0.18028846153846154
0 0.06610576923076923 0.15504807692307693 0.13221153846153846 0.16947115384615385
0 0.03245192307692308 0.046875 0.06490384615384616 0.09375
0 0.03365384615384615 0.28725961538461536 0.0673076923076923 0.171875
0 0.06370192307692307 0.43509615384615385 0.12620192307692307 0.16706730769230768
0 0.12259615384615384 0.5901442307692307 0.13221153846153846 0.171875
0 0.06610576923076923 0.6526442307692307 0.12620192307692307 0.07572115384615384
0 0.010817307692307692 0.6322115384615384 0.021634615384615384 0.11778846153846154
0 0.03365384615384615 0.5480769230769231 0.0673076923076923 0.16105769230769232
0 0.9783653846153846 0.2127403846153846 0.04326923076923077 0.23677884615384615
0 0.4699519230769231 0.7704326923076923 0.23076923076923078 0.15865384615384615
0 0.24639423076923078 0.7632211538461539 0.2283653846153846 0.14543269230769232
0 0.06850961538461539 0.7620192307692307 0.13701923076923078 0.14302884615384615
0 0.020432692307692308 0.8846153846153846 0.040865384615384616 0.23076923076923078
0 0.14423076923076922 0.8918269230769231 0.22115384615384615 0.21634615384615385
0 0.3641826923076923 0.8978365384615384 0.2283653846153846 0.20432692307692307
0 0.5588942307692307 0.8930288461538461 0.18990384615384615 0.21394230769230768