0 0.30649038461538464 0.0829326923076923 0.2860576923076923 0.1658653846153846
0 0.20552884615384615 0.3389423076923077 0.4098557692307692 0.49759615384615385
0 0.32572115384615385 0.5600961538461539 0.24879807692307693 0.09254807692307693
0 0.4230769230769231 0.3401442307692308 0.052884615384615384 0.34134615384615385
0 0.9615384615384616 0.008413461538461538 0.07692307692307693 0.015625
0 0.8870192307692307 0.02403846153846154 0.07692307692307693 0.04807692307692308
0 0.7908653846153846 0.027644230769230768 0.07451923076923077 0.055288461538461536
0 0.6358173076923077 0.03125 0.07451923076923077 0.0625
0 0.7139423076923077 0.03125 0.07692307692307693 0.0625
0 0.48677884615384615 0.03125 0.06971153846153846 0.0625
0 0.5625 0.037259615384615384 0.07091346153846154 0.06850961538461539
0 0.9519230769230769 0.0673076923076923 0.07692307692307693 0.07451923076923077
0 0.8798076923076923 0.08653846153846154 0.06850961538461539 0.06850961538461539
0 0.8076923076923077 0.09014423076923077 0.07091346153846154 0.06850961538461539
0 0.6598557692307693 0.09254807692307693 0.07091346153846154 0.06610576923076923
0 0.734375 0.09254807692307693 0.07091346153846154 0.06610576923076923
0 0.5168269230769231 0.09375 0.07091346153846154 0.06610576923076923
0 0.5913461538461539 0.09495192307692307 0.07091346153846154 0.07091346153846154
0 0.4651442307692308 0.09975961538461539 0.03125 0.06610576923076923
0 0.96875 0.1346153846153846 0.0625 0.0673076923076923
0 0.9050480769230769 0.15384615384615385 0.07451923076923077 0.06610576923076923
0 0.8100961538461539 0.15504807692307693 0.07091346153846154 0.06370192307692307
0 0.59375 0.15745192307692307 0.06850961538461539 0.06129807692307692
0 0.7379807692307693 0.15985576923076922 0.06850961538461539 0.06610576923076923
0 0.5264423076923077 0.16105769230769232 0.07091346153846154 0.06610576923076923
0 0.6658653846153846 0.16105769230769232 0.06850961538461539 0.06610576923076923
0 0.4699519230769231 0.16826923076923078 0.039663461538461536 0.06129807692307692
0 0.9254807692307693 0.21514423076923078 0.07451923076923077 0.06129807692307692
0 0.8497596153846154 0.21995192307692307 0.07451923076923077 0.06129807692307692
0 0.9819711538461539 0.21754807692307693 0.036057692307692304 0.06009615384615385
0 0.49278846153846156 0.22235576923076922 0.06850961538461539 0.06129807692307692
0 0.5637019230769231 0.22235576923076922 0.06850961538461539 0.06129807692307692
0 0.7055288461538461 0.22355769230769232 0.07091346153846154 0.06129807692307692
0 0.6346153846153846 0.2247596153846154 0.06850961538461539 0.06129807692307692
0 0.7776442307692307 0.22596153846153846 0.07091346153846154 0.06370192307692307
0 0.47115384615384615 0.26802884615384615 0.042067307692307696 0.055288461538461536
0 0.5276442307692307 0.2704326923076923 0.06610576923076923 0.057692307692307696
0 0.8834134615384616 0.27163461538461536 0.07091346153846154 0.06129807692307692
0 0.5949519230769231 0.27283653846153844 0.06610576923076923 0.055288461538461536
0 0.7355769230769231 0.27403846153846156 0.06850961538461539 0.057692307692307696
0 0.9579326923076923 0.27524038461538464 0.07091346153846154 0.06129807692307692
0 0.8125 0.2800480769230769 0.07451923076923077 0.06370192307692307
0 0.6670673076923077 0.2800480769230769 0.06850961538461539 0.057692307692307696
0 0.5612980769230769 0.3245192307692308 0.06850961538461539 0.057692307692307696
0 0.84375 0.3269230769230769 0.07091346153846154 0.06129807692307692
0 0.7704326923076923 0.3293269230769231 0.07091346153846154 0.057692307692307696
0 0.49158653846153844 0.3293269230769231 0.06610576923076923 0.057692307692307696
0 0.9182692307692307 0.3293269230769231 0.07091346153846154 0.057692307692307696
0 0.6298076923076923 0.33052884615384615 0.06850961538461539 0.057692307692307696
0 0.6995192307692307 0.3317307692307692 0.06850961538461539 0.057692307692307696
0 0.9771634615384616 0.3317307692307692 0.04447115384615385 0.06129807692307692
0 0.8713942307692307 0.36658653846153844 0.06370192307692307 0.04807692307692308
0 0.5252403846153846 0.36899038461538464 0.06370192307692307 0.052884615384615384
0 0.9891826923076923 0.3713942307692308 0.021634615384615384 0.055288461538461536
0 0.7283653846153846 0.37259615384615385 0.06850961538461539 0.055288461538461536
0 0.5925480769230769 0.37259615384615385 0.06610576923076923 0.055288461538461536
0 0.47115384615384615 0.3762019230769231 0.042067307692307696 0.057692307692307696
0 0.9447115384615384 0.3786057692307692 0.06850961538461539 0.052884615384615384
0 0.6598557692307693 0.3786057692307692 0.06610576923076923 0.055288461538461536
0 0.8064903846153846 0.3798076923076923 0.07091346153846154 0.055288461538461536
0 0.04326923076923077 0.7908653846153846 0.08653846153846154 0.3701923076923077
0 0.07091346153846154 0.8677884615384616 0.14182692307692307 0.2644230769230769
0 0.27524038461538464 0.71875 0.12740384615384615 0.2247596153846154
0 0.25841346153846156 0.8966346153846154 0.11899038461538461 0.20673076923076922
0 0.4110576923076923 0.6838942307692307 0.07692307692307693 0.15625
0 0.42427884615384615 0.96875 0.05048076923076923 0.0625
0 0.9795673076923077 0.7415865384615384 0.039663461538461536 0.203125
0 0.8786057692307693 0.7512019230769231 0.15625 0.2091346153846154
0 0.5348557692307693 0.78125 0.16947115384615385 0.2091346153846154
0 0.9507211538461539 0.9350961538461539 0.09735576923076923 0.12980769230769232
0 0.8173076923076923 0.9338942307692307 0.14783653846153846 0.13221153846153846
0 0.6550480769230769 0.9519230769230769 0.171875 0.09495192307692307
0 0.5048076923076923 0.9603365384615384 0.11057692307692307 0.07932692307692307
0 0.6971153846153846 0.7367788461538461 0.16346153846153846 0.20673076923076922