0 0.06971153846153846 0.04807692307692308 0.13942307692307693 0.09615384615384616
0 0.28725961538461536 0.04927884615384615 0.09735576923076923 0.09735576923076923
0 0.3629807692307692 0.02403846153846154 0.07932692307692307 0.04807692307692308
0 0.1875 0.04927884615384615 0.11658653846153846 0.09735576923076923
0 0.609375 0.013221153846153846 0.06129807692307692 0.026442307692307692
0 0.5649038461538461 0.014423076923076924 0.03485576923076923 0.028846153846153848
0 0.5877403846153846 0.051682692307692304 0.057692307692307696 0.07451923076923077
0 0.6430288461538461 0.04447115384615385 0.057692307692307696 0.07451923076923077
0 0.6670673076923077 0.008413461538461538 0.057692307692307696 0.015625
0 0.7860576923076923 0.07572115384615384 0.057692307692307696 0.04447115384615385
0 0.8125 0.03125 0.057692307692307696 0.0625
0 0.7572115384615384 0.03485576923076923 0.057692307692307696 0.06850961538461539
0 0.6995192307692307 0.038461538461538464 0.057692307692307696 0.07692307692307693
0 0.6730769230769231 0.08052884615384616 0.055288461538461536 0.03485576923076923
0 0.6177884615384616 0.08413461538461539 0.055288461538461536 0.026442307692307692
0 0.8954326923076923 0.06850961538461539 0.055288461538461536 0.057692307692307696
0 0.5685096153846154 0.08774038461538461 0.042067307692307696 0.021634615384615384
0 0.8401442307692307 0.07091346153846154 0.055288461538461536 0.052884615384615384
0 0.9747596153846154 0.020432692307692308 0.05048076923076923 0.039663461538461536
0 0.7295673076923077 0.078125 0.057692307692307696 0.039663461538461536
0 0.9903846153846154 0.057692307692307696 0.018028846153846152 0.06850961538461539
0 0.9230769230769231 0.02403846153846154 0.057692307692307696 0.04807692307692308
0 0.9507211538461539 0.06490384615384616 0.055288461538461536 0.06610576923076923
0 0.8677884615384616 0.028846153846153848 0.057692307692307696 0.057692307692307696
0 0.5252403846153846 0.39663461538461536 0.04447115384615385 0.2704326923076923
0 0.39903846153846156 0.41586538461538464 0.20673076923076922 0.31490384615384615
0 0.028846153846153848 0.4170673076923077 0.057692307692307696 0.32572115384615385
0 0.19951923076923078 0.4362980769230769 0.18269230769230768 0.27524038461538464
0 0.07451923076923077 0.7007211538461539 0.14783653846153846 0.2860576923076923
0 0.4579326923076923 0.7247596153846154 0.18028846153846154 0.3016826923076923
0 0.26322115384615385 0.7524038461538461 0.19591346153846154 0.28846153846153844
0 0.07692307692307693 0.9338942307692307 0.15384615384615385 0.13221153846153846
0 0.4699519230769231 0.9471153846153846 0.15625 0.10576923076923077
0 0.28125 0.9627403846153846 0.203125 0.07451923076923077
0 0.026442307692307692 0.16947115384615385 0.052884615384615384 0.14302884615384615
0 0.3870192307692308 0.17427884615384615 0.1875 0.15384615384615385
0 0.18629807692307693 0.18990384615384615 0.19831730769230768 0.18509615384615385
0 0.6057692307692307 0.4495192307692308 0.11658653846153846 0.359375
0 0.8545673076923077 0.4831730769230769 0.21995192307692307 0.359375
0 0.9879807692307693 0.5012019230769231 0.02403846153846154 0.38341346153846156
0 0.5841346153846154 0.6935096153846154 0.07451923076923077 0.30649038461538464
0 0.7211538461538461 0.765625 0.2091346153846154 0.32572115384615385
0 0.9182692307692307 0.8245192307692307 0.16346153846153846 0.35096153846153844