0 0.027644230769230768 0.2512019230769231 0.055288461538461536 0.29927884615384615
0 0.06971153846153846 0.4651442307692308 0.13942307692307693 0.27163461538461536
0 0.12980769230769232 0.5805288461538461 0.16105769230769232 0.0889423076923077
0 0.05048076923076923 0.08173076923076923 0.10096153846153846 0.16346153846153846
0 0.17548076923076922 0.08173076923076923 0.13822115384615385 0.16346153846153846
0 0.11177884615384616 0.24639423076923078 0.15625 0.25
0 0.203125 0.44350961538461536 0.14302884615384615 0.22596153846153846
0 0.2668269230769231 0.5588942307692307 0.12259615384615384 0.13221153846153846
0 0.3112980769230769 0.4170673076923077 0.11177884615384616 0.203125
0 0.25 0.2512019230769231 0.125 0.21875
0 0.28846153846153844 0.08653846153846154 0.109375 0.171875
0 0.3329326923076923 0.24879807692307693 0.0673076923076923 0.20072115384615385
0 0.31971153846153844 0.014423076923076924 0.09375 0.028846153846153848
0 0.34615384615384615 0.0985576923076923 0.042067307692307696 0.18269230769230768
0 0.3425480769230769 0.5480769230769231 0.04927884615384615 0.15384615384615385
0 0.90625 0.49399038461538464 0.16706730769230768 0.18509615384615385
0 0.7536057692307693 0.4483173076923077 0.14783653846153846 0.171875
0 0.5012019230769231 0.3713942307692308 0.11177884615384616 0.14783653846153846
0 0.9495192307692307 0.34375 0.10096153846153846 0.203125
0 0.4098557692307692 0.34375 0.08653846153846154 0.140625
0 0.8257211538461539 0.3161057692307692 0.16105769230769232 0.18269230769230768
0 0.6766826923076923 0.2860576923076923 0.13581730769230768 0.171875
0 0.5480769230769231 0.25 0.12259615384615384 0.15865384615384615
0 0.4387019230769231 0.234375 0.1045673076923077 0.15144230769230768
0 0.3798076923076923 0.21754807692307693 0.026442307692307692 0.14302884615384615
0 0.9014423076923077 0.15865384615384615 0.18509615384615385 0.21394230769230768
0 0.7403846153846154 0.14423076923076922 0.15625 0.18990384615384615
0 0.4735576923076923 0.11177884615384616 0.1141826923076923 0.16105769230769232
0 0.3954326923076923 0.10336538461538461 0.057692307692307696 0.14783653846153846
0 0.5480769230769231 0.7007211538461539 0.10096153846153846 0.14783653846153846
0 0.9254807692307693 0.7043269230769231 0.12740384615384615 0.15865384615384615
0 0.4206730769230769 0.6838942307692307 0.10697115384615384 0.11778846153846154
0 0.7175480769230769 0.6550480769230769 0.15865384615384615 0.06009615384615385