0 0.5036057692307693 0.20192307692307693 0.07091346153846154 0.21995192307692307
0 0.01201923076923077 0.19951923076923078 0.02403846153846154 0.2247596153846154
0 0.2512019230769231 0.20072115384615385 0.14903846153846154 0.2247596153846154
0 0.10096153846153846 0.19951923076923078 0.14903846153846154 0.22956730769230768
0 0.2512019230769231 0.5372596153846154 0.1466346153846154 0.11899038461538461
0 0.09975961538461539 0.5372596153846154 0.1466346153846154 0.11899038461538461
0 0.5012019230769231 0.5324519230769231 0.07572115384615384 0.12980769230769232
0 0.04927884615384615 0.3954326923076923 0.09735576923076923 0.2247596153846154
0 0.17668269230769232 0.39663461538461536 0.1466346153846154 0.22235576923076922
0 0.32572115384615385 0.3954326923076923 0.15144230769230768 0.2247596153846154
0 0.46634615384615385 0.3894230769230769 0.1346153846153846 0.21995192307692307
0 0.59375 0.39783653846153844 0.109375 0.21514423076923078
0 0.3737980769230769 0.6826923076923077 0.09254807692307693 0.13942307692307693
0 0.46033653846153844 0.6754807692307693 0.09254807692307693 0.14182692307692307
0 0.5192307692307693 0.6694711538461539 0.038461538461538464 0.12980769230769232
0 0.6189903846153846 0.8653846153846154 0.14423076923076922 0.2247596153846154
0 0.7367788461538461 0.7211538461538461 0.14182692307692307 0.2127403846153846
0 0.7740384615384616 0.6298076923076923 0.15384615384615385 0.06370192307692307