0 0.4411057692307692 0.31009615384615385 0.06370192307692307 0.2127403846153846
0 0.22956730769230768 0.3125 0.13221153846153846 0.21514423076923078
0 0.10216346153846154 0.3137019230769231 0.14423076923076922 0.20793269230769232
0 0.020432692307692308 0.3112980769230769 0.040865384615384616 0.19951923076923078
0 0.4411057692307692 0.5012019230769231 0.06370192307692307 0.10576923076923077
0 0.20673076923076922 0.5012019230769231 0.13942307692307693 0.10576923076923077
0 0.07932692307692307 0.5 0.1346153846153846 0.10817307692307693
0 0.4098557692307692 0.12860576923076922 0.12740384615384615 0.20793269230769232
0 0.2920673076923077 0.12980769230769232 0.13221153846153846 0.21033653846153846
0 0.16706730769230768 0.13221153846153846 0.13701923076923078 0.20793269230769232
0 0.052884615384615384 0.13942307692307693 0.10576923076923077 0.20552884615384615
0 0.23076923076923078 0.03245192307692308 0.13701923076923078 0.06370192307692307
0 0.0985576923076923 0.03245192307692308 0.14182692307692307 0.06370192307692307
0 0.9110576923076923 0.5348557692307693 0.12980769230769232 0.039663461538461536
0 0.7800480769230769 0.5300480769230769 0.1201923076923077 0.046875
0 0.6610576923076923 0.5276442307692307 0.1201923076923077 0.051682692307692304
0 0.9447115384615384 0.47596153846153844 0.11057692307692307 0.09254807692307693
0 0.8269230769230769 0.47115384615384615 0.12259615384615384 0.09014423076923077
0 0.703125 0.46634615384615385 0.1201923076923077 0.09014423076923077
0 0.9110576923076923 0.38822115384615385 0.12259615384615384 0.09014423076923077
0 0.7872596153846154 0.38341346153846156 0.1201923076923077 0.08774038461538461
0 0.6658653846153846 0.3798076923076923 0.11778846153846154 0.08533653846153846
0 0.9423076923076923 0.30408653846153844 0.11538461538461539 0.08774038461538461
0 0.8245192307692307 0.30288461538461536 0.11778846153846154 0.08533653846153846
0 0.7055288461538461 0.3004807692307692 0.11778846153846154 0.08774038461538461
0 0.9050480769230769 0.22235576923076922 0.1201923076923077 0.08533653846153846
0 0.7872596153846154 0.22115384615384615 0.11538461538461539 0.08533653846153846
0 0.6694711538461539 0.21754807692307693 0.11298076923076923 0.0829326923076923
0 0.9423076923076923 0.14423076923076922 0.11538461538461539 0.0829326923076923
0 0.8293269230769231 0.13942307692307693 0.11538461538461539 0.08052884615384616
0 0.7127403846153846 0.13822115384615385 0.11538461538461539 0.0829326923076923
0 0.4879807692307692 0.1346153846153846 0.028846153846153848 0.0985576923076923
0 0.9002403846153846 0.06850961538461539 0.11538461538461539 0.078125
0 0.7872596153846154 0.06850961538461539 0.11298076923076923 0.07572115384615384
0 0.6742788461538461 0.06490384615384616 0.11057692307692307 0.0733173076923077
0 0.49158653846153844 0.042067307692307696 0.037259615384615384 0.0829326923076923
0 0.9399038461538461 0.016826923076923076 0.11538461538461539 0.03365384615384615
0 0.7127403846153846 0.014423076923076924 0.11298076923076923 0.028846153846153848
0 0.8245192307692307 0.014423076923076924 0.11057692307692307 0.028846153846153848
0 0.4362980769230769 0.9326923076923077 0.054086538461538464 0.07091346153846154
0 0.4519230769230769 0.9771634615384616 0.038461538461538464 0.04567307692307692
0 0.20793269230769232 0.9723557692307693 0.05048076923076923 0.055288461538461536
0 0.4543269230769231 0.875 0.037259615384615384 0.06850961538461539
0 0.41225961538461536 0.8737980769230769 0.051682692307692304 0.06610576923076923
0 0.018028846153846152 0.96875 0.036057692307692304 0.0625
0 0.15985576923076922 0.9711538461538461 0.05048076923076923 0.057692307692307696
0 0.38822115384615385 0.8173076923076923 0.051682692307692304 0.06610576923076923
0 0.3088942307692308 0.9735576923076923 0.05048076923076923 0.052884615384615384
0 0.33653846153846156 0.9278846153846154 0.051682692307692304 0.06850961538461539
0 0.25961538461538464 0.9723557692307693 0.052884615384615384 0.055288461538461536
0 0.008413461538461538 0.9134615384615384 0.016826923076923076 0.06610576923076923
0 0.46634615384615385 0.8197115384615384 0.01201923076923077 0.06610576923076923
0 0.109375 0.9711538461538461 0.05048076923076923 0.057692307692307696
0 0.46634615384615385 0.9338942307692307 0.01201923076923077 0.06850961538461539
0 0.28846153846153844 0.9254807692307693 0.051682692307692304 0.06850961538461539
0 0.3137019230769231 0.8701923076923077 0.051682692307692304 0.06850961538461539
0 0.23918269230769232 0.9242788461538461 0.051682692307692304 0.06610576923076923
0 0.18990384615384615 0.921875 0.051682692307692304 0.06610576923076923
0 0.3858173076923077 0.9302884615384616 0.051682692307692304 0.06850961538461539
0 0.4375 0.8197115384615384 0.051682692307692304 0.06610576923076923
0 0.140625 0.9206730769230769 0.051682692307692304 0.06850961538461539
0 0.36538461538461536 0.7620192307692307 0.04927884615384615 0.06610576923076923
0 0.4543269230769231 0.765625 0.037259615384615384 0.06610576923076923
0 0.04447115384615385 0.9182692307692307 0.051682692307692304 0.06850961538461539
0 0.41466346153846156 0.7632211538461539 0.051682692307692304 0.06610576923076923
0 0.2692307692307692 0.7584134615384616 0.04927884615384615 0.06610576923076923
0 0.06009615384615385 0.9699519230769231 0.04807692307692308 0.06009615384615385
0 0.45552884615384615 0.6574519230769231 0.03485576923076923 0.06370192307692307
0 0.46634615384615385 0.7115384615384616 0.01201923076923077 0.06610576923076923
0 0.3173076923076923 0.7596153846153846 0.04927884615384615 0.06610576923076923
0 0.265625 0.8677884615384616 0.051682692307692304 0.06850961538461539
0 0.3629807692307692 0.8713942307692307 0.051682692307692304 0.06850961538461539
0 0.390625 0.7091346153846154 0.04927884615384615 0.06610576923076923
0 0.1201923076923077 0.8641826923076923 0.051682692307692304 0.06850961538461539
0 0.09134615384615384 0.9206730769230769 0.04927884615384615 0.06850961538461539
0 0.3425480769230769 0.7067307692307693 0.04927884615384615 0.06610576923076923
0 0.21634615384615385 0.8665865384615384 0.051682692307692304 0.06850961538461539
0 0.07211538461538461 0.8629807692307693 0.04927884615384615 0.06610576923076923
0 0.014423076923076924 0.8028846153846154 0.028846153846153848 0.06610576923076923
0 0.19591346153846154 0.8100961538461539 0.04927884615384615 0.06610576923076923
0 0.16947115384615385 0.8641826923076923 0.04927884615384615 0.06610576923076923
0 0.2439903846153846 0.8112980769230769 0.051682692307692304 0.06610576923076923
0 0.4411057692307692 0.6069711538461539 0.04927884615384615 0.06370192307692307
0 0.24879807692307693 0.7043269230769231 0.04927884615384615 0.06610576923076923
0 0.2956730769230769 0.7055288461538461 0.04927884615384615 0.06610576923076923
0 0.02403846153846154 0.8581730769230769 0.04807692307692308 0.0673076923076923
0 0.002403846153846154 0.75 0.004807692307692308 0.06370192307692307
0 0.09975961538461539 0.8076923076923077 0.04927884615384615 0.06610576923076923
0 0.20072115384615385 0.7019230769230769 0.04927884615384615 0.06370192307692307
0 0.29927884615384615 0.6021634615384616 0.04927884615384615 0.06129807692307692
0 0.36899038461538464 0.6550480769230769 0.04927884615384615 0.06129807692307692
0 0.2920673076923077 0.8125 0.04927884615384615 0.06610576923076923
0 0.4675480769230769 0.6081730769230769 0.009615384615384616 0.06370192307692307
0 0.15264423076923078 0.7007211538461539 0.04927884615384615 0.06129807692307692
0 0.12620192307692307 0.7536057692307693 0.04927884615384615 0.06610576923076923
0 0.27403846153846156 0.6514423076923077 0.04927884615384615 0.06370192307692307
0 0.14783653846153846 0.8088942307692307 0.051682692307692304 0.06610576923076923
0 0.3401442307692308 0.8149038461538461 0.051682692307692304 0.06610576923076923
0 0.07932692307692307 0.7524038461538461 0.04927884615384615 0.06610576923076923
0 0.051682692307692304 0.8064903846153846 0.04927884615384615 0.06610576923076923
0 0.34615384615384615 0.6033653846153846 0.04927884615384615 0.06370192307692307
0 0.13221153846153846 0.6478365384615384 0.04927884615384615 0.06370192307692307
0 0.45552884615384615 0.5697115384615384 0.03485576923076923 0.03245192307692308
0 0.18028846153846154 0.6490384615384616 0.04927884615384615 0.06370192307692307
0 0.25240384615384615 0.5997596153846154 0.04927884615384615 0.06129807692307692
0 0.22716346153846154 0.6502403846153846 0.04927884615384615 0.06370192307692307
0 0.018028846153846152 0.6971153846153846 0.036057692307692304 0.0625
0 0.03245192307692308 0.7512019230769231 0.04927884615384615 0.06610576923076923
0 0.3701923076923077 0.5685096153846154 0.04927884615384615 0.028846153846153848
0 0.39302884615384615 0.6045673076923077 0.04927884615384615 0.06370192307692307
0 0.4170673076923077 0.5685096153846154 0.04927884615384615 0.028846153846153848
0 0.06009615384615385 0.6995192307692307 0.04927884615384615 0.06370192307692307
0 0.3233173076923077 0.5673076923076923 0.04927884615384615 0.026442307692307692
0 0.2764423076923077 0.5661057692307693 0.04927884615384615 0.02403846153846154
0 0.22355769230769232 0.7560096153846154 0.04927884615384615 0.06610576923076923
0 0.008413461538461538 0.6454326923076923 0.016826923076923076 0.06129807692307692
0 0.22956730769230768 0.5661057692307693 0.046875 0.02403846153846154
0 0.040865384615384616 0.6466346153846154 0.04927884615384615 0.06370192307692307
0 0.40865384615384615 0.9759615384615384 0.052884615384615384 0.04807692307692308
0 0.11298076923076923 0.5973557692307693 0.04927884615384615 0.06129807692307692
0 0.15985576923076922 0.5973557692307693 0.046875 0.06129807692307692
0 0.4387019230769231 0.7103365384615384 0.04927884615384615 0.06610576923076923
0 0.021634615384615384 0.5949519230769231 0.04326923076923077 0.06490384615384616
0 0.09134615384615384 0.5649038461538461 0.046875 0.021634615384615384
0 0.41586538461538464 0.6574519230769231 0.04927884615384615 0.06370192307692307
0 0.13581730769230768 0.5649038461538461 0.046875 0.021634615384615384
0 0.01201923076923077 0.5649038461538461 0.02403846153846154 0.021634615384615384
0 0.08533653846153846 0.6466346153846154 0.04927884615384615 0.06370192307692307
0 0.10576923076923077 0.6995192307692307 0.04927884615384615 0.06610576923076923
0 0.17427884615384615 0.7548076923076923 0.04927884615384615 0.06610576923076923
0 0.18269230769230768 0.5649038461538461 0.046875 0.021634615384615384
0 0.3581730769230769 0.9747596153846154 0.052884615384615384 0.05048076923076923
0 0.06610576923076923 0.5961538461538461 0.046875 0.06129807692307692
0 0.04567307692307692 0.5649038461538461 0.046875 0.021634615384615384
0 0.32091346153846156 0.6538461538461539 0.04927884615384615 0.06370192307692307
0 0.20552884615384615 0.5985576923076923 0.04927884615384615 0.06370192307692307
0 0.9387019230769231 0.7055288461538461 0.04447115384615385 0.05889423076923077
0 0.9158653846153846 0.6586538461538461 0.04447115384615385 0.05889423076923077
0 0.9182692307692307 0.7536057692307693 0.04447115384615385 0.05889423076923077
0 0.9435096153846154 0.9110576923076923 0.04927884615384615 0.06370192307692307
0 0.9927884615384616 0.859375 0.014423076923076924 0.06129807692307692
0 0.9579326923076923 0.6610576923076923 0.04447115384615385 0.056490384615384616
0 0.9783653846153846 0.7067307692307693 0.04326923076923077 0.057692307692307696
0 0.9879807692307693 0.5769230769230769 0.02403846153846154 0.046875
0 0.9194711538461539 0.8557692307692307 0.046875 0.06370192307692307
0 0.9771634615384616 0.6153846153846154 0.04567307692307692 0.052884615384615384
0 0.8942307692307693 0.703125 0.04447115384615385 0.05889423076923077
0 0.9543269230769231 0.5745192307692307 0.042067307692307696 0.042067307692307696
0 0.7632211538461539 0.6009615384615384 0.04447115384615385 0.05889423076923077
0 0.7415865384615384 0.5661057692307693 0.046875 0.02403846153846154
0 0.9915865384615384 0.7596153846153846 0.016826923076923076 0.05889423076923077
0 0.6502403846153846 0.9891826923076923 0.051682692307692304 0.021634615384615384
0 0.9795673076923077 0.8064903846153846 0.040865384615384616 0.06009615384615385
0 0.4855769230769231 0.9483173076923077 0.02403846153846154 0.06850961538461539
0 0.5048076923076923 0.8930288461538461 0.054086538461538464 0.06610576923076923
0 0.8509615384615384 0.7007211538461539 0.046875 0.05889423076923077
0 0.5673076923076923 0.7884615384615384 0.051682692307692304 0.06370192307692307
0 0.8978365384615384 0.9074519230769231 0.04927884615384615 0.06370192307692307
0 0.9639423076923077 0.8581730769230769 0.046875 0.06129807692307692
0 0.9975961538461539 0.6189903846153846 0.004807692307692308 0.056490384615384616
0 0.9855769230769231 0.9939903846153846 0.028846153846153848 0.01201923076923077
0 0.8990384615384616 0.9927884615384616 0.04927884615384615 0.014423076923076924
0 0.9699519230769231 0.9651442307692307 0.04927884615384615 0.06610576923076923
0 0.7379807692307693 0.7439903846153846 0.046875 0.06129807692307692
0 0.9951923076923077 0.9663461538461539 0.009615384615384616 0.06610576923076923
0 0.8737980769230769 0.7512019230769231 0.046875 0.05889423076923077
0 0.7836538461538461 0.7463942307692307 0.04927884615384615 0.06129807692307692
0 0.7608173076923077 0.6959134615384616 0.046875 0.06129807692307692
0 0.7199519230769231 0.5961538461538461 0.046875 0.05889423076923077
0 0.5961538461538461 0.7379807692307693 0.051682692307692304 0.06129807692307692
0 0.8725961538461539 0.6538461538461539 0.04447115384615385 0.056490384615384616
0 0.515625 0.7860576923076923 0.054086538461538464 0.06370192307692307
0 0.8509615384615384 0.9915865384615384 0.04927884615384615 0.016826923076923076
0 0.5456730769230769 0.9879807692307693 0.056490384615384616 0.02403846153846154
0 0.8064903846153846 0.6983173076923077 0.04927884615384615 0.05889423076923077
0 0.7860576923076923 0.5673076923076923 0.046875 0.026442307692307692
0 0.9459134615384616 0.9939903846153846 0.04927884615384615 0.01201923076923077
0 0.8016826923076923 0.9915865384615384 0.04927884615384615 0.016826923076923076
0 0.8509615384615384 0.9038461538461539 0.04927884615384615 0.06610576923076923
0 0.8725961538461539 0.5709134615384616 0.04447115384615385 0.03485576923076923
0 0.9134615384615384 0.5733173076923077 0.042067307692307696 0.039663461538461536
0 0.9362980769230769 0.6129807692307693 0.04447115384615385 0.056490384615384616
0 0.8930288461538461 0.609375 0.04447115384615385 0.056490384615384616
0 0.7019230769230769 0.9903846153846154 0.051682692307692304 0.019230769230769232
0 0.48677884615384615 0.6778846153846154 0.026442307692307692 0.06129807692307692
0 0.5324519230769231 0.5817307692307693 0.04927884615384615 0.056490384615384616
0 0.7524038461538461 0.9903846153846154 0.04927884615384615 0.019230769230769232
0 0.4963942307692308 0.9867788461538461 0.046875 0.026442307692307692
0 0.6225961538461539 0.6887019230769231 0.04927884615384615 0.06129807692307692
0 0.7824519230769231 0.8497596153846154 0.04927884615384615 0.06370192307692307
0 0.828125 0.7487980769230769 0.046875 0.06129807692307692
0 0.6947115384615384 0.6418269230769231 0.04927884615384615 0.05889423076923077
0 0.6478365384615384 0.6394230769230769 0.04927884615384615 0.06129807692307692
0 0.5985576923076923 0.9891826923076923 0.054086538461538464 0.021634615384615384
0 0.8954326923076923 0.8028846153846154 0.04447115384615385 0.06129807692307692
0 0.875 0.9603365384615384 0.04927884615384615 0.06610576923076923
0 0.8269230769230769 0.9591346153846154 0.04927884615384615 0.06610576923076923
0 0.5252403846153846 0.6814903846153846 0.051682692307692304 0.06129807692307692
0 0.5576923076923077 0.8966346153846154 0.054086538461538464 0.06610576923076923
0 0.6514423076923077 0.5612980769230769 0.04927884615384615 0.014423076923076924
0 0.49759615384615385 0.7319711538461539 0.04927884615384615 0.06129807692307692
0 0.578125 0.9543269230769231 0.054086538461538464 0.06850961538461539
0 0.5060096153846154 0.6298076923076923 0.051682692307692304 0.05889423076923077
0 0.5805288461538461 0.5841346153846154 0.04927884615384615 0.06129807692307692
0 0.7403846153846154 0.6454326923076923 0.046875 0.05889423076923077
0 0.6971153846153846 0.5637019230769231 0.046875 0.019230769230769232
0 0.8521634615384616 0.8004807692307693 0.046875 0.06129807692307692
0 0.6706730769230769 0.6899038461538461 0.04927884615384615 0.06129807692307692
0 0.5745192307692307 0.6850961538461539 0.051682692307692304 0.06129807692307692
0 0.6298076923076923 0.9555288461538461 0.054086538461538464 0.06610576923076923
0 0.7151442307692307 0.6923076923076923 0.04927884615384615 0.05889423076923077
0 0.49158653846153844 0.8341346153846154 0.037259615384615384 0.06610576923076923
0 0.9615384615384616 0.7560096153846154 0.046875 0.06129807692307692
0 0.7079326923076923 0.9014423076923077 0.051682692307692304 0.06610576923076923
0 0.5540865384615384 0.6322115384615384 0.051682692307692304 0.05889423076923077
0 0.8293269230769231 0.6514423076923077 0.04447115384615385 0.05889423076923077
0 0.828125 0.8521634615384616 0.04927884615384615 0.06370192307692307
0 0.6165865384615384 0.7920673076923077 0.051682692307692304 0.06370192307692307
0 0.8509615384615384 0.6069711538461539 0.04447115384615385 0.05889423076923077
0 0.7788461538461539 0.9591346153846154 0.04927884615384615 0.06850961538461539
0 0.8052884615384616 0.7980769230769231 0.04927884615384615 0.06129807692307692
0 0.7560096153846154 0.9026442307692307 0.04927884615384615 0.06610576923076923
0 0.5252403846153846 0.9519230769230769 0.054086538461538464 0.06850961538461539
0 0.7307692307692307 0.9579326923076923 0.051682692307692304 0.06610576923076923
0 0.6911057692307693 0.7427884615384616 0.04927884615384615 0.06129807692307692
0 0.6021634615384616 0.6358173076923077 0.04927884615384615 0.06129807692307692
0 0.7584134615384616 0.796875 0.04927884615384615 0.06129807692307692
0 0.6442307692307693 0.7403846153846154 0.04927884615384615 0.06129807692307692
0 0.6742788461538461 0.5913461538461539 0.04927884615384615 0.05889423076923077
0 0.921875 0.9627403846153846 0.04927884615384615 0.06610576923076923
0 0.734375 0.8485576923076923 0.04927884615384615 0.06370192307692307
0 0.6814903846153846 0.9579326923076923 0.051682692307692304 0.06850961538461539
0 0.5372596153846154 0.8401442307692307 0.054086538461538464 0.06610576923076923
0 0.7115384615384616 0.7956730769230769 0.04927884615384615 0.06129807692307692
0 0.609375 0.8978365384615384 0.054086538461538464 0.06610576923076923
0 0.546875 0.7355769230769231 0.051682692307692304 0.06129807692307692
0 0.9411057692307693 0.8052884615384616 0.04447115384615385 0.06129807692307692
0 0.48197115384615385 0.7788461538461539 0.016826923076923076 0.06370192307692307
0 0.9819711538461539 0.9098557692307693 0.036057692307692304 0.06490384615384616
0 0.8076923076923077 0.6033653846153846 0.046875 0.05889423076923077
0 0.6598557692307693 0.9002403846153846 0.051682692307692304 0.06610576923076923
0 0.6370192307692307 0.8461538461538461 0.051682692307692304 0.06370192307692307
0 0.9891826923076923 0.6634615384615384 0.021634615384615384 0.056490384615384616
0 0.7860576923076923 0.6490384615384616 0.04447115384615385 0.05889423076923077
0 0.828125 0.5697115384615384 0.04447115384615385 0.03245192307692308
0 0.6658653846153846 0.7944711538461539 0.04927884615384615 0.06370192307692307
0 0.5865384615384616 0.8425480769230769 0.051682692307692304 0.06370192307692307
0 0.6862980769230769 0.8473557692307693 0.04927884615384615 0.06129807692307692
0 0.6274038461538461 0.5877403846153846 0.04927884615384615 0.06129807692307692
0 0.49158653846153844 0.5805288461538461 0.037259615384615384 0.054086538461538464
0 0.875 0.8533653846153846 0.046875 0.06370192307692307
0 0.8040865384615384 0.9026442307692307 0.04927884615384615 0.06610576923076923