0 0.5731935384615384 0.4652406418269231 0.5716866610576923 0.4613022139423077 0.5829599663461539 0.23583610336538463 0.47962133413461533 0.23583610336538463 0.4101026177884615 0.3626607860576923 0.42348259855769227 0.4652406418269231 0.5731935384615384 0.4652406418269231
0 0.12121375961538461 0.4652406418269231 0.11136002403846154 0.35326636778846154 0.0568723798076923 0.35326636778846154 0.03767678846153846 0.4652406418269231 0.12121375961538461 0.4652406418269231
0 0.15833212740384614 0.4284217403846154 0.20906200240384615 0.3626607860576923 0.1959098125 0.11370863221153846 0.11699667307692309 0.05734210336538462 0.10008671634615385 0.2781109975961539 0.15833212740384614 0.4284217403846154
0 0.3642381322115385 0 0.35937274038461536 0.05734210336538462 0.42513368990384615 0.1841667860576923 0.4777424495192308 0.000975576923076923 0.4775863557692308 0 0.3642381322115385 0
0 0.6598557692307693 0.42427884615384615 0.08052884615384616 0.0829326923076923
0 0.7536057692307693 0.4014423076923077 0.09615384615384616 0.12860576923076922
0 0.9891826923076923 0.4050480769230769 0.021634615384615384 0.1201923076923077
0 0.9362980769230769 0.39783653846153844 0.08533653846153846 0.13341346153846154
0 0.6117788461538461 0.4026442307692308 0.04807692307692308 0.11538461538461539
0 0.8461538461538461 0.39663461538461536 0.08774038461538461 0.13581730769230768
0 0.6887019230769231 0.3125 0.09134615384615384 0.1466346153846154
0 0.9675480769230769 0.28846153846153844 0.06370192307692307 0.11778846153846154
0 0.8088942307692307 0.28125 0.078125 0.12620192307692307
0 0.8954326923076923 0.2776442307692308 0.07211538461538461 0.1201923076923077
0 0.6153846153846154 0.2644230769230769 0.052884615384615384 0.12860576923076922
0 0.7403846153846154 0.18629807692307693 0.09615384615384616 0.1466346153846154
0 0.6021634615384616 0.18389423076923078 0.026442307692307692 0.11177884615384616
0 0.9867788461538461 0.18028846153846154 0.026442307692307692 0.1310096153846154
0 0.6550480769230769 0.17908653846153846 0.07211538461538461 0.11177884615384616
0 0.8473557692307693 0.17668269230769232 0.078125 0.1201923076923077
0 0.9411057692307693 0.1622596153846154 0.078125 0.1201923076923077
0 0.8918269230769231 0.06850961538461539 0.078125 0.1201923076923077
0 0.7884615384615384 0.0673076923076923 0.09134615384615384 0.13341346153846154
0 0.6165865384615384 0.06129807692307692 0.056490384615384616 0.11778846153846154
0 0.6911057692307693 0.06129807692307692 0.09375 0.12259615384615384
0 0.96875 0.055288461538461536 0.06129807692307692 0.109375
0 0.18629807692307693 0.9783653846153846 0.17908653846153846 0.04326923076923077
0 0.16346153846153846 0.8521634615384616 0.14182692307692307 0.22235576923076922
0 0.05048076923076923 0.8305288461538461 0.10096153846153846 0.2956730769230769
0 0.3401442307692308 0.8245192307692307 0.16346153846153846 0.25721153846153844
0 0.31009615384615385 0.6141826923076923 0.12259615384615384 0.203125
0 0.038461538461538464 0.5865384615384616 0.07692307692307693 0.21634615384615385
0 0.17668269230769232 0.5913461538461539 0.1814903846153846 0.2512019230769231
0 0.8197115384615384 0.9819711538461539 0.1875 0.036057692307692304
0 0.7896634615384616 0.9314903846153846 0.1310096153846154 0.13581730769230768
0 0.6225961538461539 0.9110576923076923 0.07211538461538461 0.1778846153846154
0 0.9362980769230769 0.9110576923076923 0.12740384615384615 0.1778846153846154
0 0.9807692307692307 0.8461538461538461 0.037259615384615384 0.2644230769230769
0 0.6454326923076923 0.7776442307692307 0.11177884615384616 0.17067307692307693
0 0.7307692307692307 0.7091346153846154 0.15745192307692307 0.24278846153846154
0 0.8894230769230769 0.6538461538461539 0.17067307692307693 0.24639423076923078