0 0.10096153846153846 0.5240384615384616 0.20192307692307693 0.15384615384615385
0 0.27283653846153844 0.5228365384615384 0.18028846153846154 0.15745192307692307
0 0.12860576923076922 0.33533653846153844 0.20552884615384615 0.33774038461538464
0 0.390625 0.2980769230769231 0.09134615384615384 0.3473557692307692
0 0.039663461538461536 0.171875 0.078125 0.3425480769230769
0 0.2091346153846154 0.0733173076923077 0.2668269230769231 0.1466346153846154
0 0.3870192307692308 0.06850961538461539 0.0985576923076923 0.13701923076923078
0 0.8100961538461539 0.3004807692307692 0.30408653846153844 0.6009615384615384
0 0.5444711538461539 0.3581730769230769 0.21514423076923078 0.48677884615384615
0 0.6622596153846154 0.07211538461538461 0.24879807692307693 0.14423076923076922
0 0.9098557692307693 0.019230769230769232 0.18028846153846154 0.038461538461538464
0 0.4951923076923077 0.11538461538461539 0.11658653846153846 0.23076923076923078
0 0.34375 0.71875 0.18509615384615385 0.23317307692307693
0 0.06971153846153846 0.703125 0.13942307692307693 0.203125
0 0.7896634615384616 0.6742788461538461 0.1778846153846154 0.14423076923076922
0 0.9387019230769231 0.671875 0.12139423076923077 0.13942307692307693
0 0.6129807692307693 0.6670673076923077 0.18509615384615385 0.13221153846153846
0 0.48197115384615385 0.6598557692307693 0.09134615384615384 0.11658653846153846