0 0.31971153846153844 0.07692307692307693 0.24879807692307693 0.15384615384615385
0 0.1201923076923077 0.078125 0.1875 0.15625
0 0.453125 0.16826923076923078 0.02403846153846154 0.33653846153846156
0 0.27403846153846156 0.27283653846153844 0.21394230769230768 0.35216346153846156
0 0.02403846153846154 0.3076923076923077 0.04807692307692308 0.3629807692307692
0 0.3954326923076923 0.4423076923076923 0.140625 0.3545673076923077
0 0.18629807692307693 0.5420673076923077 0.2776442307692308 0.15384615384615385
0 0.026442307692307692 0.5492788461538461 0.052884615384615384 0.140625
0 0.9663461538461539 0.28725961538461536 0.06610576923076923 0.1502403846153846
0 0.8725961538461539 0.28966346153846156 0.1346153846153846 0.19831730769230768
0 0.7608173076923077 0.2932692307692308 0.10096153846153846 0.15384615384615385
0 0.6418269230769231 0.3016826923076923 0.13221153846153846 0.19591346153846154
0 0.5348557692307693 0.3016826923076923 0.10096153846153846 0.15384615384615385
0 0.8762019230769231 0.45913461538461536 0.10336538461538461 0.15384615384615385
0 0.9615384615384616 0.45913461538461536 0.07692307692307693 0.19831730769230768
0 0.7572115384615384 0.4639423076923077 0.1346153846153846 0.20072115384615385
0 0.6454326923076923 0.46875 0.10096153846153846 0.14783653846153846
0 0.5276442307692307 0.4723557692307692 0.12379807692307693 0.1935096153846154
0 0.7512019230769231 0.014423076923076924 0.10096153846153846 0.028846153846153848
0 0.5252403846153846 0.018028846153846152 0.10336538461538461 0.036057692307692304
0 0.8629807692307693 0.021634615384615384 0.13701923076923078 0.042067307692307696
0 0.9711538461538461 0.5817307692307693 0.057692307692307696 0.07451923076923077
0 0.7644230769230769 0.5841346153846154 0.10576923076923077 0.06850961538461539
0 0.5396634615384616 0.5877403846153846 0.10096153846153846 0.06370192307692307
0 0.8762019230769231 0.5793269230769231 0.13221153846153846 0.07932692307692307
0 0.6490384615384616 0.5817307692307693 0.12980769230769232 0.07451923076923077
0 0.6310096153846154 0.025240384615384616 0.1346153846153846 0.05048076923076923
0 0.9603365384615384 0.11298076923076923 0.07932692307692307 0.203125
0 0.8701923076923077 0.11899038461538461 0.10336538461538461 0.15384615384615385
0 0.7536057692307693 0.12259615384615384 0.13701923076923078 0.203125
0 0.5288461538461539 0.12740384615384615 0.12740384615384615 0.20072115384615385
0 0.6442307692307693 0.12860576923076922 0.10336538461538461 0.15384615384615385
0 0.5228365384615384 0.7271634615384616 0.1141826923076923 0.21634615384615385
0 0.6814903846153846 0.8822115384615384 0.2247596153846154 0.23557692307692307