0 0.3329326923076923 0.0985576923076923 0.23317307692307693 0.1971153846153846
0 0.14783653846153846 0.09975961538461539 0.17548076923076922 0.19951923076923078
0 0.4579326923076923 0.18389423076923078 0.021634615384615384 0.36778846153846156
0 0.29086538461538464 0.3088942307692308 0.20072115384615385 0.3293269230769231
0 0.039663461538461536 0.3425480769230769 0.07932692307692307 0.3389423076923077
0 0.4050480769230769 0.4675480769230769 0.1310096153846154 0.3317307692307692
0 0.2091346153846154 0.5612980769230769 0.25961538461538464 0.14302884615384615
0 0.042067307692307696 0.5685096153846154 0.08413461538461539 0.1310096153846154
0 0.9543269230769231 0.3233173076923077 0.09134615384615384 0.140625
0 0.8509615384615384 0.32572115384615385 0.12620192307692307 0.18509615384615385
0 0.7463942307692307 0.3293269230769231 0.09375 0.14302884615384615
0 0.6346153846153846 0.33653846153846156 0.12379807692307693 0.18269230769230768
0 0.5348557692307693 0.33653846153846156 0.09375 0.14302884615384615
0 0.8533653846153846 0.484375 0.09615384615384616 0.14302884615384615
0 0.9495192307692307 0.484375 0.10096153846153846 0.18509615384615385
0 0.7427884615384616 0.4891826923076923 0.12620192307692307 0.18870192307692307
0 0.6382211538461539 0.49278846153846156 0.09375 0.13822115384615385
0 0.5288461538461539 0.4963942307692308 0.11658653846153846 0.18028846153846154
0 0.9495192307692307 0.037259615384615384 0.09615384615384616 0.07451923076923077
0 0.7379807692307693 0.040865384615384616 0.09375 0.08173076923076923
0 0.5264423076923077 0.04447115384615385 0.09615384615384616 0.0889423076923077
0 0.8413461538461539 0.046875 0.12860576923076922 0.09375
0 0.9579326923076923 0.5985576923076923 0.08413461538461539 0.06971153846153846
0 0.75 0.6009615384615384 0.0985576923076923 0.06490384615384616
0 0.5396634615384616 0.6033653846153846 0.09375 0.05889423076923077
0 0.8533653846153846 0.5961538461538461 0.12379807692307693 0.07451923076923077
0 0.6418269230769231 0.5985576923076923 0.12139423076923077 0.06971153846153846
0 0.625 0.05048076923076923 0.12620192307692307 0.10096153846153846
0 0.9483173076923077 0.15985576923076922 0.10336538461538461 0.19110576923076922
0 0.8485576923076923 0.1658653846153846 0.09615384615384616 0.14302884615384615
0 0.7403846153846154 0.16947115384615385 0.12860576923076922 0.19110576923076922
0 0.5300480769230769 0.17307692307692307 0.11899038461538461 0.18870192307692307
0 0.6370192307692307 0.17427884615384615 0.09615384615384616 0.14302884615384615
0 0.5240384615384616 0.7355769230769231 0.10697115384615384 0.203125
0 0.671875 0.8846153846153846 0.21033653846153846 0.23076923076923078