0 0.8701923076923077 0.3545673076923077 0.25961538461538464 0.19951923076923078
0 0.5108173076923077 0.8353365384615384 0.13942307692307693 0.23677884615384615
0 0.40024038461538464 0.9567307692307693 0.1310096153846154 0.08653846153846154
0 0.9927884615384616 0.45913461538461536 0.014423076923076924 0.009615384615384616
0 0.96875 0.46033653846153844 0.037259615384615384 0.010817307692307692
0 0.9338942307692307 0.46153846153846156 0.037259615384615384 0.013221153846153846
0 0.8978365384615384 0.46274038461538464 0.037259615384615384 0.015625
0 0.8629807692307693 0.46274038461538464 0.037259615384615384 0.015625
0 0.8257211538461539 0.4639423076923077 0.037259615384615384 0.018028846153846152
0 0.7896634615384616 0.4639423076923077 0.037259615384615384 0.018028846153846152
0 0.7536057692307693 0.46634615384615385 0.039663461538461536 0.021634615384615384
0 0.7163461538461539 0.4675480769230769 0.037259615384615384 0.02403846153846154
0 0.6778846153846154 0.46875 0.039663461538461536 0.026442307692307692
0 0.640625 0.46875 0.039663461538461536 0.026442307692307692
0 0.609375 0.4699519230769231 0.028846153846153848 0.028846153846153848
0 0.984375 0.4831730769230769 0.03125 0.05048076923076923
0 0.953125 0.484375 0.037259615384615384 0.05048076923076923
0 0.9170673076923077 0.48677884615384615 0.037259615384615384 0.052884615384615384
0 0.8834134615384616 0.4879807692307692 0.037259615384615384 0.052884615384615384
0 0.8473557692307693 0.4891826923076923 0.037259615384615384 0.052884615384615384
0 0.8100961538461539 0.49038461538461536 0.037259615384615384 0.052884615384615384
0 0.7752403846153846 0.49399038461538464 0.039663461538461536 0.05048076923076923
0 0.7379807692307693 0.4951923076923077 0.039663461538461536 0.052884615384615384
0 0.7007211538461539 0.4963942307692308 0.039663461538461536 0.052884615384615384
0 0.6646634615384616 0.49759615384615385 0.039663461538461536 0.052884615384615384
0 0.6262019230769231 0.5 0.039663461538461536 0.052884615384615384
0 0.6009615384615384 0.5 0.013221153846153846 0.052884615384615384
0 0.9927884615384616 0.5204326923076923 0.014423076923076924 0.04567307692307692
0 0.9711538461538461 0.5252403846153846 0.037259615384615384 0.05048076923076923
0 0.9350961538461539 0.5264423076923077 0.037259615384615384 0.052884615384615384
0 0.9014423076923077 0.5276442307692307 0.037259615384615384 0.05048076923076923
0 0.8653846153846154 0.5288461538461539 0.037259615384615384 0.05048076923076923
0 0.8305288461538461 0.53125 0.037259615384615384 0.05048076923076923
0 0.7944711538461539 0.5324519230769231 0.039663461538461536 0.05048076923076923
0 0.7596153846153846 0.5336538461538461 0.037259615384615384 0.052884615384615384
0 0.7223557692307693 0.5372596153846154 0.037259615384615384 0.052884615384615384
0 0.6850961538461539 0.5384615384615384 0.039663461538461536 0.052884615384615384
0 0.6490384615384616 0.5408653846153846 0.039663461538461536 0.052884615384615384
0 0.6117788461538461 0.5408653846153846 0.03365384615384615 0.05048076923076923
0 0.9855769230769231 0.5612980769230769 0.028846153846153848 0.05048076923076923
0 0.9543269230769231 0.5649038461538461 0.037259615384615384 0.046875
0 0.9194711538461539 0.5673076923076923 0.037259615384615384 0.046875
0 0.8858173076923077 0.5685096153846154 0.037259615384615384 0.046875
0 0.8497596153846154 0.5697115384615384 0.037259615384615384 0.05048076923076923
0 0.8149038461538461 0.5721153846153846 0.037259615384615384 0.05048076923076923
0 0.7788461538461539 0.5733173076923077 0.037259615384615384 0.05048076923076923
0 0.7439903846153846 0.5757211538461539 0.037259615384615384 0.05048076923076923
0 0.7067307692307693 0.578125 0.039663461538461536 0.05048076923076923
0 0.6694711538461539 0.5805288461538461 0.039663461538461536 0.052884615384615384
0 0.6346153846153846 0.5829326923076923 0.039663461538461536 0.052884615384615384
0 0.6057692307692307 0.5829326923076923 0.021634615384615384 0.05048076923076923
0 0.9927884615384616 0.5985576923076923 0.014423076923076924 0.04807692307692308
0 0.9723557692307693 0.6033653846153846 0.037259615384615384 0.046875
0 0.9387019230769231 0.6057692307692307 0.037259615384615384 0.046875
0 0.9038461538461539 0.6081730769230769 0.037259615384615384 0.046875
0 0.8689903846153846 0.609375 0.037259615384615384 0.05048076923076923
0 0.8341346153846154 0.6117788461538461 0.037259615384615384 0.05048076923076923
0 0.7992788461538461 0.6129807692307693 0.037259615384615384 0.05048076923076923
0 0.7632211538461539 0.6141826923076923 0.037259615384615384 0.05048076923076923
0 0.7271634615384616 0.6165865384615384 0.037259615384615384 0.05048076923076923
0 0.6911057692307693 0.6201923076923077 0.037259615384615384 0.05048076923076923
0 0.6550480769230769 0.6213942307692307 0.037259615384615384 0.05048076923076923
0 0.6189903846153846 0.625 0.037259615384615384 0.05048076923076923
0 0.9855769230769231 0.6418269230769231 0.028846153846153848 0.046875
0 0.9555288461538461 0.6430288461538461 0.037259615384615384 0.046875
0 0.9206730769230769 0.6466346153846154 0.037259615384615384 0.05048076923076923
0 0.8870192307692307 0.6478365384615384 0.037259615384615384 0.046875
0 0.8521634615384616 0.6490384615384616 0.037259615384615384 0.05048076923076923
0 0.8173076923076923 0.6526442307692307 0.037259615384615384 0.046875
0 0.7824519230769231 0.6526442307692307 0.037259615384615384 0.046875
0 0.7475961538461539 0.6550480769230769 0.037259615384615384 0.05048076923076923
0 0.7127403846153846 0.6586538461538461 0.037259615384615384 0.05048076923076923
0 0.6766826923076923 0.6622596153846154 0.037259615384615384 0.05048076923076923
0 0.6394230769230769 0.6622596153846154 0.037259615384615384 0.05048076923076923
0 0.6081730769230769 0.6646634615384616 0.026442307692307692 0.05048076923076923
0 0.9927884615384616 0.6778846153846154 0.014423076923076924 0.04807692307692308
0 0.9735576923076923 0.6802884615384616 0.03365384615384615 0.046875
0 0.9399038461538461 0.6826923076923077 0.037259615384615384 0.046875
0 0.9050480769230769 0.6838942307692307 0.037259615384615384 0.046875
0 0.8713942307692307 0.6887019230769231 0.037259615384615384 0.046875
0 0.8353365384615384 0.6899038461538461 0.037259615384615384 0.046875
0 0.8028846153846154 0.6911057692307693 0.037259615384615384 0.046875
0 0.7668269230769231 0.6935096153846154 0.037259615384615384 0.05048076923076923
0 0.7319711538461539 0.6959134615384616 0.037259615384615384 0.05048076923076923
0 0.6971153846153846 0.6995192307692307 0.037259615384615384 0.05048076923076923
0 0.6610576923076923 0.6995192307692307 0.037259615384615384 0.05048076923076923
0 0.6237980769230769 0.7043269230769231 0.037259615384615384 0.05048076923076923
0 0.6009615384615384 0.7043269230769231 0.013221153846153846 0.05048076923076923
0 0.9855769230769231 0.7163461538461539 0.028846153846153848 0.046875
0 0.9579326923076923 0.7199519230769231 0.03365384615384615 0.046875
0 0.9242788461538461 0.7223557692307693 0.037259615384615384 0.046875
0 0.8557692307692307 0.7259615384615384 0.037259615384615384 0.046875
0 0.8894230769230769 0.7259615384615384 0.037259615384615384 0.046875
0 0.8209134615384616 0.7271634615384616 0.037259615384615384 0.046875
0 0.7872596153846154 0.7331730769230769 0.037259615384615384 0.05048076923076923
0 0.7512019230769231 0.7331730769230769 0.037259615384615384 0.05048076923076923
0 0.7163461538461539 0.7367788461538461 0.037259615384615384 0.05048076923076923
0 0.6814903846153846 0.7379807692307693 0.037259615384615384 0.05048076923076923
0 0.6466346153846154 0.7403846153846154 0.037259615384615384 0.05048076923076923
0 0.6105769230769231 0.7439903846153846 0.03125 0.05048076923076923
0 0.9939903846153846 0.7512019230769231 0.01201923076923077 0.04567307692307692
0 0.9747596153846154 0.7560096153846154 0.03365384615384615 0.046875
0 0.9411057692307693 0.7596153846153846 0.03365384615384615 0.046875
0 0.90625 0.7608173076923077 0.03365384615384615 0.05048076923076923
0 0.875 0.7632211538461539 0.03365384615384615 0.05048076923076923
0 0.8413461538461539 0.7644230769230769 0.037259615384615384 0.05048076923076923
0 0.8052884615384616 0.7668269230769231 0.037259615384615384 0.05048076923076923
0 0.7716346153846154 0.7716346153846154 0.037259615384615384 0.05048076923076923
0 0.7367788461538461 0.7740384615384616 0.037259615384615384 0.05048076923076923
0 0.6995192307692307 0.7752403846153846 0.037259615384615384 0.05048076923076923
0 0.6658653846153846 0.7776442307692307 0.037259615384615384 0.05048076923076923
0 0.6286057692307693 0.78125 0.037259615384615384 0.05048076923076923
0 0.6033653846153846 0.7824519230769231 0.018028846153846152 0.05048076923076923
0 0.9867788461538461 0.7944711538461539 0.026442307692307692 0.046875
0 0.9254807692307693 0.7944711538461539 0.03365384615384615 0.05048076923076923
0 0.9579326923076923 0.7956730769230769 0.03365384615384615 0.046875
0 0.8894230769230769 0.796875 0.03365384615384615 0.05048076923076923
0 0.8581730769230769 0.8028846153846154 0.03365384615384615 0.05048076923076923
0 0.8233173076923077 0.8040865384615384 0.037259615384615384 0.05048076923076923
0 0.7884615384615384 0.8076923076923077 0.037259615384615384 0.046875
0 0.7548076923076923 0.8100961538461539 0.037259615384615384 0.046875
0 0.7211538461538461 0.8112980769230769 0.037259615384615384 0.046875
0 0.6862980769230769 0.8149038461538461 0.037259615384615384 0.046875
0 0.6502403846153846 0.8173076923076923 0.037259615384615384 0.046875
0 0.6153846153846154 0.8197115384615384 0.037259615384615384 0.05048076923076923
0 0.9939903846153846 0.828125 0.01201923076923077 0.04567307692307692
0 0.9759615384615384 0.8305288461538461 0.037259615384615384 0.046875
0 0.9423076923076923 0.8329326923076923 0.03365384615384615 0.046875
0 0.9086538461538461 0.8341346153846154 0.03365384615384615 0.05048076923076923
0 0.8762019230769231 0.8377403846153846 0.03365384615384615 0.046875
0 0.84375 0.8413461538461539 0.03365384615384615 0.046875
0 0.8076923076923077 0.8425480769230769 0.03365384615384615 0.046875
0 0.7740384615384616 0.84375 0.037259615384615384 0.046875
0 0.7391826923076923 0.8485576923076923 0.037259615384615384 0.046875
0 0.7055288461538461 0.8497596153846154 0.037259615384615384 0.046875
0 0.6706730769230769 0.8509615384615384 0.037259615384615384 0.046875
0 0.6370192307692307 0.8533653846153846 0.037259615384615384 0.046875
0 0.6069711538461539 0.8557692307692307 0.02403846153846154 0.046875
0 0.9867788461538461 0.8653846153846154 0.026442307692307692 0.046875
0 0.9591346153846154 0.8701923076923077 0.037259615384615384 0.046875
0 0.9266826923076923 0.8701923076923077 0.037259615384615384 0.046875
0 0.8918269230769231 0.8737980769230769 0.03365384615384615 0.046875
0 0.8605769230769231 0.8762019230769231 0.03365384615384615 0.046875
0 0.8257211538461539 0.8786057692307693 0.03365384615384615 0.046875
0 0.7920673076923077 0.8798076923076923 0.03365384615384615 0.05048076923076923
0 0.7584134615384616 0.8858173076923077 0.037259615384615384 0.046875
0 0.7235576923076923 0.8870192307692307 0.037259615384615384 0.046875
0 0.6550480769230769 0.890625 0.037259615384615384 0.046875
0 0.6899038461538461 0.890625 0.037259615384615384 0.046875
0 0.6213942307692307 0.8942307692307693 0.037259615384615384 0.046875
0 0.5997596153846154 0.8930288461538461 0.010817307692307692 0.04447115384615385
0 0.9951923076923077 0.9014423076923077 0.009615384615384616 0.04807692307692308
0 0.9759615384615384 0.90625 0.03365384615384615 0.046875
0 0.9435096153846154 0.9086538461538461 0.037259615384615384 0.046875
0 0.9110576923076923 0.9086538461538461 0.037259615384615384 0.046875
0 0.8774038461538461 0.9110576923076923 0.03365384615384615 0.046875
0 0.84375 0.9134615384615384 0.03365384615384615 0.046875
0 0.8100961538461539 0.9146634615384616 0.03365384615384615 0.05048076923076923
0 0.7764423076923077 0.9194711538461539 0.03365384615384615 0.05048076923076923
0 0.7439903846153846 0.9242788461538461 0.037259615384615384 0.046875
0 0.7079326923076923 0.9254807692307693 0.037259615384615384 0.046875
0 0.6754807692307693 0.9278846153846154 0.037259615384615384 0.046875
0 0.6418269230769231 0.9290865384615384 0.037259615384615384 0.046875
0 0.6105769230769231 0.9278846153846154 0.03125 0.04447115384615385