0 0.29086538461538464 0.43149038461538464 0.07451923076923077 0.11057692307692307
0 0.14543269230769232 0.4338942307692308 0.06850961538461539 0.10096153846153846
0 0.36658653846153844 0.4362980769230769 0.07451923076923077 0.1141826923076923
0 0.0733173076923077 0.44471153846153844 0.07692307692307693 0.11057692307692307
0 0.21153846153846154 0.45552884615384615 0.07091346153846154 0.10336538461538461
0 0.11298076923076923 0.5444711538461539 0.07451923076923077 0.11057692307692307
0 0.3870192307692308 0.5504807692307693 0.04447115384615385 0.11057692307692307
0 0.037259615384615384 0.5552884615384616 0.06850961538461539 0.10096153846153846
0 0.17548076923076922 0.5709134615384616 0.06850961538461539 0.10576923076923077
0 0.32572115384615385 0.5865384615384616 0.07451923076923077 0.11057692307692307
0 0.2403846153846154 0.5913461538461539 0.07692307692307693 0.11057692307692307
0 0.7992788461538461 0.18028846153846154 0.06129807692307692 0.07692307692307693
0 0.8497596153846154 0.3076923076923077 0.057692307692307696 0.07451923076923077
0 0.7391826923076923 0.17908653846153846 0.06129807692307692 0.07692307692307693
0 0.8557692307692307 0.18028846153846154 0.057692307692307696 0.07692307692307693
0 0.8413461538461539 0.43028846153846156 0.057692307692307696 0.07451923076923077
0 0.8810096153846154 0.24519230769230768 0.057692307692307696 0.07692307692307693
0 0.8245192307692307 0.24519230769230768 0.06129807692307692 0.07692307692307693
0 0.90625 0.3076923076923077 0.057692307692307696 0.07692307692307693
0 0.7860576923076923 0.43028846153846156 0.057692307692307696 0.07451923076923077
0 0.7836538461538461 0.5504807692307693 0.057692307692307696 0.07091346153846154
0 0.8762019230769231 0.3701923076923077 0.057692307692307696 0.07451923076923077
0 0.9350961538461539 0.24278846153846154 0.055288461538461536 0.07451923076923077
0 0.7908653846153846 0.30528846153846156 0.06129807692307692 0.07451923076923077
0 0.7728365384615384 0.1141826923076923 0.06129807692307692 0.07692307692307693
0 0.7608173076923077 0.36778846153846156 0.057692307692307696 0.07451923076923077
0 0.8665865384615384 0.49038461538461536 0.057692307692307696 0.07451923076923077
0 0.8161057692307693 0.36778846153846156 0.06129807692307692 0.07451923076923077
0 0.8293269230769231 0.11538461538461539 0.057692307692307696 0.07692307692307693
0 0.9098557692307693 0.18028846153846154 0.057692307692307696 0.07451923076923077
0 0.8846153846153846 0.11538461538461539 0.057692307692307696 0.07932692307692307
0 0.4206730769230769 0.040865384615384616 0.021634615384615384 0.08173076923076923
0 0.7355769230769231 0.30528846153846156 0.057692307692307696 0.07451923076923077
0 0.421875 0.5492788461538461 0.02403846153846154 0.07091346153846154
0 0.4362980769230769 0.36538461538461536 0.052884615384615384 0.07451923076923077
0 0.6766826923076923 0.42908653846153844 0.055288461538461536 0.07091346153846154
0 0.5685096153846154 0.42908653846153844 0.055288461538461536 0.07091346153846154
0 0.421875 0.30288461538461536 0.02403846153846154 0.07692307692307693
0 0.4230769230769231 0.4266826923076923 0.026442307692307692 0.07091346153846154
0 0.7091346153846154 0.24158653846153846 0.057692307692307696 0.07692307692307693
0 0.6237980769230769 0.30528846153846156 0.055288461538461536 0.07451923076923077
0 0.6826923076923077 0.17668269230769232 0.057692307692307696 0.07692307692307693
0 0.5709134615384616 0.30528846153846156 0.055288461538461536 0.07451923076923077
0 0.7644230769230769 0.24158653846153846 0.06129807692307692 0.07451923076923077
0 0.7319711538461539 0.42908653846153844 0.057692307692307696 0.07451923076923077
0 0.9230769230769231 0.49278846153846156 0.055288461538461536 0.07091346153846154
0 0.6225961538461539 0.42908653846153844 0.055288461538461536 0.07091346153846154
0 0.6502403846153846 0.36658653846153844 0.057692307692307696 0.07451923076923077
0 0.8377403846153846 0.5504807692307693 0.055288461538461536 0.07091346153846154
0 0.4362980769230769 0.48677884615384615 0.052884615384615384 0.07451923076923077
0 0.46153846153846156 0.042067307692307696 0.06129807692307692 0.08173076923076923
0 0.6802884615384616 0.30528846153846156 0.057692307692307696 0.07451923076923077
0 0.8990384615384616 0.4326923076923077 0.057692307692307696 0.07091346153846154
0 0.7463942307692307 0.046875 0.06129807692307692 0.08173076923076923
0 0.515625 0.42908653846153844 0.055288461538461536 0.07091346153846154
0 0.890625 0.5516826923076923 0.055288461538461536 0.07091346153846154
0 0.4891826923076923 0.4879807692307692 0.055288461538461536 0.07451923076923077
0 0.7067307692307693 0.36778846153846156 0.057692307692307696 0.07091346153846154
0 0.5144230769230769 0.6454326923076923 0.055288461538461536 0.026442307692307692
0 0.8125 0.4891826923076923 0.057692307692307696 0.07091346153846154
0 0.7127403846153846 0.11298076923076923 0.06129807692307692 0.07932692307692307
0 0.46274038461538464 0.42908653846153844 0.055288461538461536 0.07451923076923077
0 0.6274038461538461 0.17668269230769232 0.057692307692307696 0.07932692307692307
0 0.6310096153846154 0.04326923076923077 0.06129807692307692 0.08173076923076923
0 0.4362980769230769 0.6069711538461539 0.052884615384615384 0.07091346153846154
0 0.5733173076923077 0.17668269230769232 0.057692307692307696 0.07932692307692307
0 0.9399038461538461 0.1141826923076923 0.055288461538461536 0.07692307692307693
0 0.5168269230769231 0.30528846153846156 0.055288461538461536 0.07451923076923077
0 0.7283653846153846 0.5504807692307693 0.055288461538461536 0.07091346153846154
0 0.65625 0.11057692307692307 0.057692307692307696 0.08173076923076923
0 0.6875 0.04326923076923077 0.06129807692307692 0.08173076923076923
0 0.515625 0.5492788461538461 0.055288461538461536 0.07091346153846154
0 0.4891826923076923 0.109375 0.055288461538461536 0.08173076923076923
0 0.46153846153846156 0.17668269230769232 0.057692307692307696 0.07932692307692307
0 0.5444711538461539 0.11057692307692307 0.057692307692307696 0.08173076923076923
0 0.8040865384615384 0.04807692307692308 0.057692307692307696 0.08173076923076923
0 0.5949519230769231 0.4879807692307692 0.055288461538461536 0.07451923076923077
0 0.9158653846153846 0.609375 0.052884615384615384 0.07091346153846154
0 0.5432692307692307 0.24158653846153846 0.057692307692307696 0.07692307692307693
0 0.421875 0.17427884615384615 0.02403846153846154 0.07932692307692307
0 0.5420673076923077 0.4879807692307692 0.055288461538461536 0.07451923076923077
0 0.46274038461538464 0.30528846153846156 0.057692307692307696 0.07451923076923077
0 0.71875 0.008413461538461538 0.06129807692307692 0.015625
0 0.9302884615384616 0.3701923076923077 0.055288461538461536 0.07091346153846154
0 0.4362980769230769 0.109375 0.052884615384615384 0.08173076923076923
0 0.4891826923076923 0.6081730769230769 0.055288461538461536 0.07091346153846154
0 0.5961538461538461 0.36658653846153844 0.055288461538461536 0.07451923076923077
0 0.8317307692307693 0.6454326923076923 0.055288461538461536 0.026442307692307692
0 0.8076923076923077 0.609375 0.055288461538461536 0.07091346153846154
0 0.9158653846153846 0.04807692307692308 0.057692307692307696 0.07932692307692307
0 0.5745192307692307 0.042067307692307696 0.057692307692307696 0.07932692307692307
0 0.5432692307692307 0.36658653846153844 0.055288461538461536 0.07451923076923077
0 0.8605769230769231 0.609375 0.055288461538461536 0.07091346153846154
0 0.7788461538461539 0.6454326923076923 0.055288461538461536 0.026442307692307692
0 0.9471153846153846 0.010817307692307692 0.057692307692307696 0.021634615384615384
0 0.4891826923076923 0.36658653846153844 0.055288461538461536 0.07451923076923077
0 0.8317307692307693 0.009615384615384616 0.06129807692307692 0.018028846153846152
0 0.5997596153846154 0.24158653846153846 0.057692307692307696 0.07692307692307693
0 0.859375 0.04807692307692308 0.06129807692307692 0.08173076923076923
0 0.7764423076923077 0.009615384615384616 0.06129807692307692 0.018028846153846152
0 0.7247596153846154 0.6454326923076923 0.052884615384615384 0.026442307692307692
0 0.6189903846153846 0.6454326923076923 0.052884615384615384 0.026442307692307692
0 0.6213942307692307 0.5492788461538461 0.055288461538461536 0.07091346153846154
0 0.6009615384615384 0.11057692307692307 0.055288461538461536 0.08173076923076923
0 0.7536057692307693 0.609375 0.055288461538461536 0.07091346153846154
0 0.4362980769230769 0.23918269230769232 0.052884615384615384 0.07692307692307693
0 0.4891826923076923 0.24158653846153846 0.055288461538461536 0.07692307692307693
0 0.8918269230769231 0.009615384615384616 0.057692307692307696 0.018028846153846152
0 0.46153846153846156 0.6454326923076923 0.055288461538461536 0.026442307692307692
0 0.6490384615384616 0.4879807692307692 0.055288461538461536 0.07091346153846154
0 0.5168269230769231 0.17668269230769232 0.055288461538461536 0.07932692307692307
0 0.7572115384615384 0.4891826923076923 0.057692307692307696 0.07091346153846154
0 0.5180288461538461 0.04326923076923077 0.057692307692307696 0.07692307692307693
0 0.6478365384615384 0.6081730769230769 0.055288461538461536 0.07091346153846154
0 0.7007211538461539 0.6081730769230769 0.055288461538461536 0.07091346153846154
0 0.5420673076923077 0.6069711538461539 0.055288461538461536 0.07091346153846154
0 0.6730769230769231 0.6442307692307693 0.055288461538461536 0.028846153846153848
0 0.6742788461538461 0.5492788461538461 0.055288461538461536 0.07091346153846154
0 0.5673076923076923 0.6442307692307693 0.055288461538461536 0.028846153846153848
0 0.5949519230769231 0.6081730769230769 0.055288461538461536 0.07091346153846154
0 0.46274038461538464 0.5492788461538461 0.055288461538461536 0.07091346153846154
0 0.6538461538461539 0.24158653846153846 0.057692307692307696 0.07692307692307693
0 0.5685096153846154 0.5492788461538461 0.055288461538461536 0.07091346153846154
0 0.703125 0.4891826923076923 0.055288461538461536 0.07091346153846154
0 0.8846153846153846 0.6454326923076923 0.055288461538461536 0.026442307692307692
0 0.36899038461538464 0.7451923076923077 0.08173076923076923 0.171875
0 0.06850961538461539 0.7391826923076923 0.11658653846153846 0.16105769230769232
0 0.1971153846153846 0.7980769230769231 0.21394230769230768 0.2776442307692308
0 0.025240384615384616 0.8894230769230769 0.05048076923076923 0.22115384615384615
0 0.3112980769230769 0.9122596153846154 0.14543269230769232 0.17427884615384615
0 0.09495192307692307 0.9266826923076923 0.18990384615384615 0.14543269230769232
0 0.7896634615384616 0.7860576923076923 0.21394230769230768 0.2536057692307692
0 0.5228365384615384 0.7992788461538461 0.2247596153846154 0.2800480769230769
0 0.9519230769230769 0.796875 0.09495192307692307 0.27524038461538464
0 0.6550480769230769 0.9350961538461539 0.2247596153846154 0.12980769230769232
0 0.8834134615384616 0.9387019230769231 0.20673076923076922 0.12139423076923077