0 0.4362980769230769 0.11177884615384616 0.17067307692307693 0.22355769230769232
0 0.7151442307692307 0.1141826923076923 0.08052884615384616 0.16105769230769232
0 0.8762019230769231 0.1141826923076923 0.07572115384615384 0.15625
0 0.5552884615384616 0.1141826923076923 0.06610576923076923 0.15625
0 0.796875 0.1141826923076923 0.08052884615384616 0.15865384615384615
0 0.6310096153846154 0.11298076923076923 0.078125 0.15625
0 0.5853365384615384 0.03365384615384615 0.07451923076923077 0.0673076923076923
0 0.8245192307692307 0.03125 0.07692307692307693 0.0625
0 0.6670673076923077 0.03245192307692308 0.07932692307692307 0.06490384615384616
0 0.9074519230769231 0.03245192307692308 0.07451923076923077 0.06490384615384616
0 0.7487980769230769 0.03245192307692308 0.07932692307692307 0.06490384615384616
0 0.8305288461538461 0.23918269230769232 0.08052884615384616 0.15625
0 0.7487980769230769 0.23918269230769232 0.078125 0.15384615384615385
0 0.5336538461538461 0.23918269230769232 0.02403846153846154 0.15625
0 0.6694711538461539 0.23918269230769232 0.08052884615384616 0.15625
0 0.5901442307692307 0.23918269230769232 0.078125 0.15384615384615385
0 0.33533653846153844 0.9399038461538461 0.3581730769230769 0.11899038461538461
0 0.0625 0.640625 0.12379807692307693 0.3581730769230769
0 0.3076923076923077 0.6286057692307693 0.3762019230769231 0.33413461538461536
0 0.8689903846153846 0.78125 0.1346153846153846 0.1778846153846154
0 0.7367788461538461 0.7788461538461539 0.12139423076923077 0.1658653846153846
0 0.5949519230769231 0.7692307692307693 0.12980769230769232 0.16826923076923078
0 0.5432692307692307 0.6454326923076923 0.040865384615384616 0.16346153846153846
0 0.671875 0.6418269230769231 0.109375 0.14182692307692307
0 0.7992788461538461 0.6310096153846154 0.13221153846153846 0.17067307692307693
0 0.9314903846153846 0.6298076923076923 0.12379807692307693 0.15144230769230768
0 0.5853365384615384 0.5240384615384616 0.12740384615384615 0.12740384615384615
0 0.8653846153846154 0.5132211538461539 0.11658653846153846 0.1045673076923077
0 0.9651442307692307 0.5120192307692307 0.06971153846153846 0.10576923076923077
0 0.7259615384615384 0.5084134615384616 0.11899038461538461 0.09495192307692307