0 0.3629807692307692 0.3545673076923077 0.09615384615384616 0.038461538461538464
0 0.0889423076923077 0.33653846153846156 0.09615384615384616 0.0733173076923077
0 0.4543269230769231 0.3317307692307692 0.09615384615384616 0.08413461538461539
0 0.28725961538461536 0.3137019230769231 0.09615384615384616 0.11899038461538461
0 0.027644230769230768 0.28966346153846156 0.055288461538461536 0.14182692307692307
0 0.38100961538461536 0.2764423076923077 0.10096153846153846 0.1346153846153846
0 0.47115384615384615 0.23076923076923078 0.09375 0.14182692307692307
0 0.21995192307692307 0.23076923076923078 0.09615384615384616 0.13942307692307693
0 0.09735576923076923 0.1875 0.07091346153846154 0.10096153846153846
0 0.31009615384615385 0.18629807692307693 0.09375 0.13942307692307693
0 0.39663461538461536 0.15625 0.09615384615384616 0.14182692307692307
0 0.15504807692307693 0.1466346153846154 0.07091346153846154 0.1045673076923077
0 0.037259615384615384 0.12740384615384615 0.07091346153846154 0.10096153846153846
0 0.23557692307692307 0.09735576923076923 0.0985576923076923 0.14423076923076922
0 0.09975961538461539 0.08413461538461539 0.07091346153846154 0.10096153846153846
0 0.5048076923076923 0.07091346153846154 0.025240384615384616 0.10697115384615384
0 0.3269230769230769 0.0625 0.09615384615384616 0.12379807692307693
0 0.16466346153846154 0.040865384615384616 0.07091346153846154 0.08173076923076923
0 0.040865384615384616 0.037259615384615384 0.07091346153846154 0.0733173076923077
0 0.4579326923076923 0.038461538461538464 0.0889423076923077 0.07572115384615384
0 0.10336538461538461 0.015625 0.06850961538461539 0.030048076923076924
0 0.8197115384615384 0.36177884615384615 0.07091346153846154 0.02283653846153846
0 0.7463942307692307 0.36177884615384615 0.07091346153846154 0.02283653846153846
0 0.9651442307692307 0.36177884615384615 0.06850961538461539 0.02283653846153846
0 0.6754807692307693 0.36177884615384615 0.07091346153846154 0.02283653846153846
0 0.8918269230769231 0.3605769230769231 0.0733173076923077 0.025240384615384616
0 0.78125 0.31490384615384615 0.07091346153846154 0.10697115384615384
0 0.6370192307692307 0.3137019230769231 0.07091346153846154 0.1045673076923077
0 0.8545673076923077 0.3137019230769231 0.06850961538461539 0.10096153846153846
0 0.7079326923076923 0.3137019230769231 0.06850961538461539 0.10697115384615384
0 0.9302884615384616 0.3137019230769231 0.0733173076923077 0.10096153846153846
0 0.5649038461538461 0.3112980769230769 0.07091346153846154 0.10096153846153846
0 0.890625 0.22355769230769232 0.06850961538461539 0.1045673076923077
0 0.7451923076923077 0.22235576923076922 0.07091346153846154 0.1045673076923077
0 0.6730769230769231 0.22235576923076922 0.06850961538461539 0.1045673076923077
0 0.8185096153846154 0.22235576923076922 0.07091346153846154 0.1045673076923077
0 0.5396634615384616 0.22235576923076922 0.04326923076923077 0.1045673076923077
0 0.9651442307692307 0.22115384615384615 0.06850961538461539 0.10096153846153846
0 0.5997596153846154 0.22115384615384615 0.07091346153846154 0.10697115384615384
0 0.9266826923076923 0.13221153846153846 0.06850961538461539 0.10096153846153846
0 0.7800480769230769 0.13221153846153846 0.07091346153846154 0.1045673076923077
0 0.7067307692307693 0.1310096153846154 0.06850961538461539 0.10096153846153846
0 0.8545673076923077 0.1310096153846154 0.07091346153846154 0.1045673076923077
0 0.5625 0.12860576923076922 0.07091346153846154 0.10096153846153846
0 0.6346153846153846 0.12860576923076922 0.06850961538461539 0.1045673076923077
0 0.9627403846153846 0.046875 0.0733173076923077 0.09375
0 0.5961538461538461 0.04567307692307692 0.07091346153846154 0.09134615384615384
0 0.8149038461538461 0.04567307692307692 0.07091346153846154 0.09134615384615384
0 0.5384615384615384 0.04447115384615385 0.040865384615384616 0.0889423076923077
0 0.7439903846153846 0.04447115384615385 0.07091346153846154 0.0889423076923077
0 0.8894230769230769 0.04447115384615385 0.06850961538461539 0.0889423076923077
0 0.6694711538461539 0.04447115384615385 0.07091346153846154 0.0889423076923077
0 0.3641826923076923 0.6586538461538461 0.1346153846153846 0.12379807692307693
0 0.47836538461538464 0.6370192307692307 0.078125 0.13221153846153846
0 0.13942307692307693 0.5721153846153846 0.1346153846153846 0.12980769230769232
0 0.2704326923076923 0.5721153846153846 0.12740384615384615 0.12379807692307693
0 0.008413461538461538 0.5516826923076923 0.016826923076923076 0.12740384615384615
0 0.41225961538461536 0.5432692307692307 0.1346153846153846 0.12139423076923077
0 0.4963942307692308 0.5432692307692307 0.04326923076923077 0.11177884615384616
0 0.31850961538461536 0.4831730769230769 0.12139423076923077 0.1141826923076923
0 0.06009615384615385 0.47475961538461536 0.11899038461538461 0.12740384615384615
0 0.1875 0.4567307692307692 0.1346153846153846 0.12740384615384615
0 0.4387019230769231 0.4519230769230769 0.12379807692307693 0.10697115384615384
0 0.016826923076923076 0.40384615384615385 0.03245192307692308 0.06129807692307692
0 0.23798076923076922 0.40024038461538464 0.12740384615384615 0.052884615384615384
0 0.10576923076923077 0.39663461538461536 0.12980769230769232 0.04807692307692308
0 0.36177884615384615 0.390625 0.12379807692307693 0.036057692307692304