0 0.7211538461538461 0.2776442307692308 0.06370192307692307 0.12139423076923077
0 0.6454326923076923 0.359375 0.057692307692307696 0.10817307692307693
0 0.8016826923076923 0.390625 0.06370192307692307 0.11658653846153846
0 0.5865384615384616 0.40384615384615385 0.06129807692307692 0.10817307692307693
0 0.7415865384615384 0.484375 0.06370192307692307 0.11057692307692307
0 0.6286057692307693 0.5036057692307693 0.04807692307692308 0.10096153846153846
0 0.7704326923076923 0.5492788461538461 0.06370192307692307 0.11057692307692307
0 0.59375 0.5528846153846154 0.06610576923076923 0.12139423076923077
0 0.8449519230769231 0.5889423076923077 0.055288461538461536 0.09495192307692307
0 0.796875 0.5913461538461539 0.057692307692307696 0.10336538461538461
0 0.43990384615384615 0.6225961538461539 0.06370192307692307 0.09735576923076923
0 0.7235576923076923 0.6346153846153846 0.06610576923076923 0.1141826923076923
0 0.6274038461538461 0.6670673076923077 0.055288461538461536 0.07692307692307693
0 0.5673076923076923 0.6742788461538461 0.06850961538461539 0.11658653846153846
0 0.7764423076923077 0.6923076923076923 0.06370192307692307 0.09495192307692307
0 0.4266826923076923 0.7295673076923077 0.07091346153846154 0.12139423076923077
0 0.6153846153846154 0.7596153846153846 0.06610576923076923 0.1141826923076923
0 0.20552884615384615 0.7944711538461539 0.06850961538461539 0.1141826923076923
0 0.47716346153846156 0.8185096153846154 0.06850961538461539 0.1141826923076923
0 0.33653846153846156 0.828125 0.07932692307692307 0.12379807692307693
0 0.14543269230769232 0.8870192307692307 0.06850961538461539 0.1141826923076923
0 0.10216346153846154 0.9615384615384616 0.08173076923076923 0.07692307692307693