0 0.2980769230769231 0.11177884615384616 0.09134615384615384 0.15264423076923078
0 0.4387019230769231 0.12860576923076922 0.08653846153846154 0.15264423076923078
0 0.15264423076923078 0.12980769230769232 0.09615384615384616 0.14423076923076922
0 0.36177884615384615 0.30408653846153844 0.07091346153846154 0.11177884615384616
0 0.5228365384615384 0.3449519230769231 0.04567307692307692 0.14182692307692307
0 0.41586538461538464 0.5144230769230769 0.09375 0.1502403846153846
0 0.030048076923076924 0.5709134615384616 0.06009615384615385 0.08413461538461539
0 0.4423076923076923 0.5685096153846154 0.06850961538461539 0.09134615384615384
0 0.8293269230769231 0.37259615384615385 0.34134615384615385 0.4807692307692308
0 0.43509615384615385 0.6310096153846154 0.078125 0.03245192307692308
0 0.09014423076923077 0.6298076923076923 0.06370192307692307 0.030048076923076924
0 0.359375 0.6382211538461539 0.078125 0.04807692307692308
0 0.028846153846153848 0.6370192307692307 0.057692307692307696 0.04807692307692308
0 0.53125 0.6670673076923077 0.027644230769230768 0.10697115384615384
0 0.12379807692307693 0.6730769230769231 0.06610576923076923 0.109375
0 0.47836538461538464 0.6790865384615384 0.08173076923076923 0.11899038461538461
0 0.05889423076923077 0.6911057692307693 0.06610576923076923 0.10697115384615384
0 0.4014423076923077 0.6983173076923077 0.078125 0.11658653846153846
0 0.013221153846153846 0.7091346153846154 0.025240384615384616 0.1045673076923077
0 0.3233173076923077 0.7151442307692307 0.0733173076923077 0.11658653846153846
0 0.15745192307692307 0.7560096153846154 0.06850961538461539 0.11177884615384616
0 0.09014423076923077 0.7752403846153846 0.06610576923076923 0.11177884615384616
0 0.027644230769230768 0.7920673076923077 0.055288461538461536 0.10697115384615384
0 0.5216346153846154 0.8954326923076923 0.04807692307692308 0.10697115384615384
0 0.4567307692307692 0.9026442307692307 0.078125 0.09375
0 0.3798076923076923 0.9086538461538461 0.07572115384615384 0.078125
0 0.3016826923076923 0.9146634615384616 0.0733173076923077 0.06850961538461539
0 0.9158653846153846 0.6646634615384616 0.05889423076923077 0.0733173076923077
0 0.9639423076923077 0.7884615384615384 0.055288461538461536 0.07091346153846154
0 0.859375 0.6634615384615384 0.05889423076923077 0.0733173076923077
0 0.9711538461538461 0.6646634615384616 0.055288461538461536 0.0733173076923077
0 0.9567307692307693 0.9050480769230769 0.055288461538461536 0.06850961538461539
0 0.9831730769230769 0.7271634615384616 0.03245192307692308 0.0733173076923077
0 0.9399038461538461 0.7271634615384616 0.05889423076923077 0.0733173076923077
0 0.9038461538461539 0.9050480769230769 0.055288461538461536 0.06850961538461539
0 0.8990384615384616 0.9915865384615384 0.052884615384615384 0.016826923076923076
0 0.9807692307692307 0.8473557692307693 0.038461538461538464 0.07091346153846154
0 0.9086538461538461 0.7860576923076923 0.05889423076923077 0.07091346153846154
0 0.8894230769230769 0.6262019230769231 0.05889423076923077 0.02283653846153846
0 0.8798076923076923 0.8449519230769231 0.055288461538461536 0.07091346153846154
0 0.9759615384615384 0.9615384615384616 0.04807692307692308 0.07091346153846154
0 0.9326923076923077 0.8449519230769231 0.05889423076923077 0.07091346153846154
0 0.9447115384615384 0.6274038461538461 0.055288461538461536 0.025240384615384616
0 0.984375 0.6274038461538461 0.030048076923076924 0.025240384615384616
0 0.8557692307692307 0.7860576923076923 0.055288461538461536 0.07091346153846154
0 0.5540865384615384 0.9915865384615384 0.021634615384615384 0.016826923076923076
0 0.5697115384615384 0.8425480769230769 0.04807692307692308 0.07091346153846154
0 0.7992788461538461 0.9038461538461539 0.052884615384615384 0.06850961538461539
0 0.6959134615384616 0.9038461538461539 0.052884615384615384 0.06850961538461539
0 0.5552884615384616 0.7824519230769231 0.020432692307692308 0.0733173076923077
0 0.5576923076923077 0.9026442307692307 0.02283653846153846 0.06850961538461539
0 0.8305288461538461 0.7247596153846154 0.055288461538461536 0.0733173076923077
0 0.7487980769230769 0.7860576923076923 0.052884615384615384 0.07091346153846154
0 0.8040865384615384 0.6622596153846154 0.055288461538461536 0.0733173076923077
0 0.6983173076923077 0.7860576923076923 0.052884615384615384 0.07091346153846154
0 0.8834134615384616 0.7247596153846154 0.05889423076923077 0.07091346153846154
0 0.8509615384615384 0.9038461538461539 0.055288461538461536 0.07091346153846154
0 0.7475961538461539 0.9038461538461539 0.052884615384615384 0.06850961538461539
0 0.7740384615384616 0.84375 0.055288461538461536 0.06850961538461539
0 0.9519230769230769 0.9915865384615384 0.052884615384615384 0.016826923076923076
0 0.5697115384615384 0.9591346153846154 0.04807692307692308 0.07091346153846154
0 0.8016826923076923 0.7860576923076923 0.055288461538461536 0.07091346153846154
0 0.9915865384615384 0.90625 0.016826923076923076 0.0673076923076923
0 0.6442307692307693 0.9038461538461539 0.052884615384615384 0.06850961538461539
0 0.6189903846153846 0.9603365384615384 0.052884615384615384 0.07091346153846154
0 0.8269230769230769 0.8449519230769231 0.055288461538461536 0.06850961538461539
0 0.9290865384615384 0.9615384615384616 0.055288461538461536 0.06850961538461539
0 0.8329326923076923 0.6262019230769231 0.055288461538461536 0.02283653846153846
0 0.59375 0.9038461538461539 0.052884615384615384 0.07091346153846154
0 0.7512019230769231 0.6622596153846154 0.055288461538461536 0.0733173076923077
0 0.6995192307692307 0.6622596153846154 0.055288461538461536 0.0733173076923077
0 0.6454326923076923 0.7860576923076923 0.052884615384615384 0.07091346153846154
0 0.8473557692307693 0.9915865384615384 0.05048076923076923 0.016826923076923076
0 0.7788461538461539 0.6262019230769231 0.055288461538461536 0.02283653846153846
0 0.6418269230769231 0.9915865384615384 0.052884615384615384 0.016826923076923076
0 0.6177884615384616 0.6237980769230769 0.052884615384615384 0.020432692307692308
0 0.5925480769230769 0.6622596153846154 0.055288461538461536 0.07572115384615384
0 0.6730769230769231 0.6262019230769231 0.055288461538461536 0.02283653846153846
0 0.7211538461538461 0.9603365384615384 0.052884615384615384 0.07091346153846154
0 0.671875 0.7247596153846154 0.055288461538461536 0.0733173076923077
0 0.5552884615384616 0.6598557692307693 0.020432692307692308 0.07572115384615384
0 0.6694711538461539 0.9603365384615384 0.052884615384615384 0.07091346153846154
0 0.59375 0.7860576923076923 0.055288461538461536 0.07091346153846154
0 0.5697115384615384 0.6262019230769231 0.04807692307692308 0.02283653846153846
0 0.7223557692307693 0.84375 0.052884615384615384 0.06850961538461539
0 0.671875 0.84375 0.052884615384615384 0.06850961538461539
0 0.6189903846153846 0.84375 0.052884615384615384 0.06850961538461539
0 0.7247596153846154 0.7247596153846154 0.055288461538461536 0.0733173076923077
0 0.7451923076923077 0.9915865384615384 0.052884615384615384 0.016826923076923076
0 0.7247596153846154 0.6262019230769231 0.052884615384615384 0.02283653846153846
0 0.5697115384615384 0.7223557692307693 0.04807692307692308 0.0733173076923077
0 0.6189903846153846 0.7247596153846154 0.055288461538461536 0.0733173076923077
0 0.7728365384615384 0.9603365384615384 0.052884615384615384 0.06850961538461539
0 0.6454326923076923 0.6622596153846154 0.055288461538461536 0.0733173076923077
0 0.8762019230769231 0.9615384615384616 0.055288461538461536 0.06850961538461539
0 0.7956730769230769 0.9915865384615384 0.052884615384615384 0.016826923076923076
0 0.5913461538461539 0.9915865384615384 0.052884615384615384 0.016826923076923076
0 0.7764423076923077 0.7247596153846154 0.055288461538461536 0.0733173076923077
0 0.6947115384615384 0.9915865384615384 0.052884615384615384 0.016826923076923076
0 0.8245192307692307 0.9615384615384616 0.052884615384615384 0.06850961538461539