0 0.9855769230769231 0.17668269230769232 0.028846153846153848 0.16346153846153846
0 0.8557692307692307 0.18389423076923078 0.265625 0.21875
0 0.6334134615384616 0.19110576923076922 0.19951923076923078 0.16105769230769232
0 0.40625 0.19951923076923078 0.26322115384615385 0.21875
0 0.19471153846153846 0.203125 0.19230769230769232 0.16105769230769232
0 0.04567307692307692 0.2127403846153846 0.09134615384615384 0.21875
0 0.8725961538461539 0.359375 0.203125 0.15745192307692307
0 0.9831730769230769 0.3605769230769231 0.03365384615384615 0.20552884615384615
0 0.4338942307692308 0.37259615384615385 0.19471153846153846 0.15745192307692307
0 0.6502403846153846 0.375 0.2608173076923077 0.20793269230769232
0 0.20793269230769232 0.3870192307692308 0.26322115384615385 0.2127403846153846
0 0.04567307692307692 0.38822115384615385 0.09134615384615384 0.16105769230769232
0 0.6586538461538461 0.5408653846153846 0.1971153846153846 0.1502403846153846
0 0.8737980769230769 0.5420673076923077 0.25240384615384615 0.20552884615384615
0 0.8461538461538461 0.040865384615384616 0.203125 0.08173076923076923
0 0.2247596153846154 0.5540865384615384 0.19471153846153846 0.1502403846153846
0 0.4326923076923077 0.5576923076923077 0.25 0.203125
0 0.06370192307692307 0.5733173076923077 0.12620192307692307 0.21033653846153846
0 0.4014423076923077 0.05048076923076923 0.203125 0.09975961538461539
0 0.8810096153846154 0.703125 0.19951923076923078 0.14182692307692307
0 0.4579326923076923 0.7139423076923077 0.1971153846153846 0.1502403846153846
0 0.6682692307692307 0.7199519230769231 0.2548076923076923 0.19951923076923078
0 0.23076923076923078 0.7355769230769231 0.25841346153846156 0.20552884615384615
0 0.6177884615384616 0.06009615384615385 0.2692307692307692 0.1201923076923077
0 0.16947115384615385 0.0673076923076923 0.265625 0.1346153846153846
0 0.6790865384615384 0.8762019230769231 0.19230769230769232 0.14423076923076922
0 0.26322115384615385 0.8834134615384616 0.19471153846153846 0.13942307692307693
0 0.8834134615384616 0.8822115384615384 0.23317307692307693 0.20192307692307693
0 0.46634615384615385 0.9002403846153846 0.25 0.19951923076923078
0 0.07932692307692307 0.90625 0.15745192307692307 0.18629807692307693
0 0.27163461538461536 0.9795673076923077 0.2548076923076923 0.040865384615384616
0 0.6923076923076923 0.9795673076923077 0.2548076923076923 0.040865384615384616
0 0.9026442307692307 0.9831730769230769 0.19471153846153846 0.03365384615384615
0 0.03365384615384615 0.057692307692307696 0.0673076923076923 0.11538461538461539
0 0.9711538461538461 0.05048076923076923 0.057692307692307696 0.09975961538461539
0 0.06370192307692307 0.7319711538461539 0.12620192307692307 0.15745192307692307
0 0.9879807692307693 0.7103365384615384 0.02403846153846154 0.19951923076923078
0 0.48677884615384615 0.9855769230769231 0.19951923076923078 0.028846153846153848