0 0.6814903846153846 0.16947115384615385 0.051682692307692304 0.056490384615384616
0 0.6081730769230769 0.9122596153846154 0.09615384615384616 0.15745192307692307
0 0.8149038461538461 0.7920673076923077 0.08774038461538461 0.1466346153846154
0 0.6682692307692307 0.7752403846153846 0.09615384615384616 0.15384615384615385
0 0.9387019230769231 0.7379807692307693 0.09014423076923077 0.14903846153846154
0 0.6237980769230769 0.6790865384615384 0.08774038461538461 0.15144230769230768
0 0.8545673076923077 0.671875 0.09014423076923077 0.15144230769230768
0 0.45913461538461536 0.6646634615384616 0.051682692307692304 0.15745192307692307
0 0.9879807692307693 0.6274038461538461 0.02403846153846154 0.15144230769230768
0 0.7704326923076923 0.6201923076923077 0.08774038461538461 0.14903846153846154
0 0.9350961538461539 0.5877403846153846 0.08774038461538461 0.1466346153846154
0 0.6838942307692307 0.5745192307692307 0.09254807692307693 0.1201923076923077
0 0.5012019230769231 0.5673076923076923 0.09014423076923077 0.10576923076923077
0 0.5901442307692307 0.5625 0.08774038461538461 0.09615384615384616
0 0.8461538461538461 0.5540865384615384 0.09254807692307693 0.078125