0 0.40384615384615385 0.37740384615384615 0.140625 0.07692307692307693
0 0.7151442307692307 0.1141826923076923 0.171875 0.22716346153846154
0 0.5504807692307693 0.11538461538461539 0.15384615384615385 0.22956730769230768
0 0.8894230769230769 0.11778846153846154 0.16947115384615385 0.23557692307692307
0 0.9879807692307693 0.11778846153846154 0.02403846153846154 0.23557692307692307
0 0.8004807692307693 0.30288461538461536 0.171875 0.2247596153846154
0 0.5084134615384616 0.30288461538461536 0.06850961538461539 0.2247596153846154
0 0.6298076923076923 0.30288461538461536 0.16947115384615385 0.2247596153846154
0 0.9423076923076923 0.30408653846153844 0.11538461538461539 0.21875
0 0.03485576923076923 0.6298076923076923 0.06850961538461539 0.18509615384615385
0 0.11778846153846154 0.6466346153846154 0.10096153846153846 0.18028846153846154
0 0.21394230769230768 0.6622596153846154 0.09495192307692307 0.17427884615384615
0 0.30288461538461536 0.6754807692307693 0.09014423076923077 0.16706730769230768
0 0.390625 0.6814903846153846 0.08413461538461539 0.16706730769230768
0 0.45072115384615385 0.6875 0.04447115384615385 0.15865384615384615
0 0.052884615384615384 0.8004807692307693 0.10336538461538461 0.18028846153846154
0 0.15264423076923078 0.8125 0.09735576923076923 0.17668269230769232
0 0.24879807692307693 0.8293269230769231 0.09495192307692307 0.171875
0 0.33653846153846156 0.8293269230769231 0.09254807692307693 0.16706730769230768
0 0.4495192307692308 0.8605769230769231 0.04807692307692308 0.16706730769230768
0 0.016826923076923076 0.9290865384615384 0.03365384615384615 0.14182692307692307
0 0.08413461538461539 0.9362980769230769 0.10096153846153846 0.12740384615384615
0 0.36538461538461536 0.9471153846153846 0.09014423076923077 0.10576923076923077
0 0.18870192307692307 0.9471153846153846 0.09735576923076923 0.10576923076923077
0 0.2764423076923077 0.9495192307692307 0.09254807692307693 0.10096153846153846
0 0.45552884615384615 0.9591346153846154 0.037259615384615384 0.08173076923076923
0 0.4098557692307692 0.4387019230769231 0.09014423076923077 0.04807692307692308
0 0.015625 0.4879807692307692 0.03125 0.14543269230769232
0 0.08774038461538461 0.4891826923076923 0.10576923076923077 0.14783653846153846
0 0.18389423076923078 0.49759615384615385 0.09735576923076923 0.16346153846153846
0 0.2776442307692308 0.5012019230769231 0.09014423076923077 0.171875
0 0.36538461538461536 0.5264423076923077 0.09014423076923077 0.16947115384615385
0 0.44350961538461536 0.5348557692307693 0.06129807692307692 0.16947115384615385
0 0.7920673076923077 0.4567307692307692 0.06610576923076923 0.08173076923076923
0 0.5204326923076923 0.46634615384615385 0.07091346153846154 0.10336538461538461
0 0.859375 0.4879807692307692 0.06850961538461539 0.14543269230769232
0 0.5925480769230769 0.5108173076923077 0.07451923076923077 0.18990384615384615
0 0.9867788461538461 0.5444711538461539 0.026442307692307692 0.25961538461538464
0 0.7451923076923077 0.5564903846153846 0.06850961538461539 0.2644230769230769
0 0.9375 0.5685096153846154 0.06610576923076923 0.2668269230769231
0 0.6682692307692307 0.5757211538461539 0.07091346153846154 0.2800480769230769
0 0.49038461538461536 0.578125 0.03485576923076923 0.2776442307692308
0 0.8125 0.6262019230769231 0.06850961538461539 0.2620192307692308
0 0.5432692307692307 0.6574519230769231 0.07091346153846154 0.27283653846153844
0 0.8786057692307693 0.6875 0.06850961538461539 0.2644230769230769
0 0.6129807692307693 0.734375 0.07091346153846154 0.2704326923076923
0 0.9891826923076923 0.7920673076923077 0.021634615384615384 0.2512019230769231
0 0.7608173076923077 0.8016826923076923 0.06610576923076923 0.24879807692307693
0 0.5144230769230769 0.8173076923076923 0.06850961538461539 0.24879807692307693
0 0.8197115384615384 0.875 0.0673076923076923 0.25
0 0.5757211538461539 0.8834134615384616 0.06610576923076923 0.23317307692307693
0 0.8870192307692307 0.90625 0.06610576923076923 0.1875
0 0.484375 0.9098557692307693 0.021634615384615384 0.18028846153846154
0 0.9603365384615384 0.9122596153846154 0.06850961538461539 0.17427884615384615
0 0.640625 0.9146634615384616 0.06490384615384616 0.17067307692307693
0 0.7091346153846154 0.9242788461538461 0.06850961538461539 0.1502403846153846
0 0.7764423076923077 0.9651442307692307 0.06610576923076923 0.06850961538461539