0 0.43149038461538464 0.18870192307692307 0.2247596153846154 0.2548076923076923
0 0.21995192307692307 0.19471153846153846 0.17908653846153846 0.24278846153846154
0 0.07091346153846154 0.140625 0.14182692307692307 0.25721153846153844
0 0.16947115384615385 0.039663461538461536 0.140625 0.07932692307692307
0 0.47596153846153844 0.037259615384615384 0.1346153846153846 0.07451923076923077
0 0.3173076923076923 0.03245192307692308 0.140625 0.06370192307692307
0 0.9447115384615384 0.2764423076923077 0.109375 0.07932692307692307
0 0.7764423076923077 0.24278846153846154 0.24759615384615385 0.14783653846153846
0 0.6778846153846154 0.11057692307692307 0.22956730769230768 0.12740384615384615
0 0.8894230769230769 0.08653846153846154 0.18389423076923078 0.13221153846153846
0 0.9627403846153846 0.055288461538461536 0.07451923076923077 0.109375
0 0.3629807692307692 0.6875 0.18870192307692307 0.30649038461538464
0 0.5024038461538461 0.6850961538461539 0.08173076923076923 0.31850961538461536
0 0.16346153846153846 0.6814903846153846 0.1935096153846154 0.3137019230769231
0 0.028846153846153848 0.6706730769230769 0.057692307692307696 0.3173076923076923
0 0.2668269230769231 0.4387019230769231 0.17548076923076922 0.24519230769230768
0 0.4543269230769231 0.4423076923076923 0.17908653846153846 0.25240384615384615
0 0.07932692307692307 0.4362980769230769 0.15865384615384615 0.2403846153846154
0 0.4543269230769231 0.8966346153846154 0.17908653846153846 0.20673076923076922
0 0.07572115384615384 0.8930288461538461 0.1502403846153846 0.21394230769230768
0 0.25961538461538464 0.8930288461538461 0.20432692307692307 0.21394230769230768
0 0.5973557692307693 0.9338942307692307 0.056490384615384616 0.07451923076923077
0 0.984375 0.9302884615384616 0.030048076923076924 0.06850961538461539
0 0.6502403846153846 0.9242788461538461 0.056490384615384616 0.07451923076923077
0 0.703125 0.9170673076923077 0.054086538461538464 0.07451923076923077
0 0.7536057692307693 0.9098557692307693 0.054086538461538464 0.07091346153846154
0 0.8052884615384616 0.9038461538461539 0.05048076923076923 0.07091346153846154
0 0.8557692307692307 0.8966346153846154 0.054086538461538464 0.07451923076923077
0 0.9050480769230769 0.8894230769230769 0.05048076923076923 0.07451923076923077
0 0.9543269230769231 0.8834134615384616 0.05048076923076923 0.06850961538461539
0 0.5685096153846154 0.8737980769230769 0.05048076923076923 0.07451923076923077
0 0.9903846153846154 0.8677884615384616 0.019230769230769232 0.0673076923076923
0 0.6201923076923077 0.8677884615384616 0.056490384615384616 0.07091346153846154
0 0.671875 0.8605769230769231 0.054086538461538464 0.07091346153846154
0 0.7235576923076923 0.8545673076923077 0.05048076923076923 0.07091346153846154
0 0.7728365384615384 0.8485576923076923 0.05048076923076923 0.07091346153846154
0 0.8209134615384616 0.8413461538461539 0.05048076923076923 0.06850961538461539
0 0.8713942307692307 0.8353365384615384 0.054086538461538464 0.06850961538461539
0 0.9194711538461539 0.8305288461538461 0.05048076923076923 0.06850961538461539
0 0.9675480769230769 0.8245192307692307 0.05048076923076923 0.06850961538461539
0 0.5540865384615384 0.8173076923076923 0.020432692307692308 0.06850961538461539
0 0.5901442307692307 0.8125 0.054086538461538464 0.07091346153846154
0 0.6430288461538461 0.8052884615384616 0.054086538461538464 0.06850961538461539
0 0.6923076923076923 0.7992788461538461 0.05048076923076923 0.06850961538461539
0 0.7427884615384616 0.7932692307692307 0.05048076923076923 0.06850961538461539
0 0.7920673076923077 0.7872596153846154 0.05048076923076923 0.06610576923076923
0 0.8377403846153846 0.7824519230769231 0.04807692307692308 0.06610576923076923
0 0.8882211538461539 0.7764423076923077 0.05048076923076923 0.06850961538461539
0 0.9338942307692307 0.7716346153846154 0.05048076923076923 0.06610576923076923
0 0.9771634615384616 0.765625 0.04567307692307692 0.06610576923076923
0 0.5649038461538461 0.7560096153846154 0.04326923076923077 0.06850961538461539
0 0.6117788461538461 0.7524038461538461 0.054086538461538464 0.06850961538461539
0 0.6622596153846154 0.7463942307692307 0.05048076923076923 0.06850961538461539
0 0.7115384615384616 0.7415865384615384 0.05048076923076923 0.06610576923076923
0 0.7596153846153846 0.7355769230769231 0.05048076923076923 0.06610576923076923
0 0.8088942307692307 0.7307692307692307 0.04807692307692308 0.06370192307692307
0 0.8545673076923077 0.7259615384615384 0.04807692307692308 0.06610576923076923
0 0.9014423076923077 0.7211538461538461 0.04807692307692308 0.06370192307692307
0 0.9495192307692307 0.7151442307692307 0.04807692307692308 0.06610576923076923
0 0.984375 0.7103365384615384 0.030048076923076924 0.06370192307692307
0 0.5504807692307693 0.703125 0.015625 0.06850961538461539
0 0.5829326923076923 0.7007211538461539 0.054086538461538464 0.06850961538461539
0 0.6334134615384616 0.6947115384615384 0.05048076923076923 0.06610576923076923
0 0.6826923076923077 0.6899038461538461 0.05048076923076923 0.06610576923076923
0 0.7295673076923077 0.6850961538461539 0.04807692307692308 0.06610576923076923
0 0.7776442307692307 0.6802884615384616 0.05048076923076923 0.06370192307692307
0 0.8257211538461539 0.6754807692307693 0.04807692307692308 0.06370192307692307
0 0.8713942307692307 0.671875 0.04807692307692308 0.06370192307692307
0 0.9170673076923077 0.6670673076923077 0.04567307692307692 0.06370192307692307
0 0.9615384615384616 0.6622596153846154 0.04567307692307692 0.06370192307692307
0 0.9903846153846154 0.65625 0.019230769230769232 0.0625
0 0.5612980769230769 0.6466346153846154 0.036057692307692304 0.06370192307692307
0 0.6045673076923077 0.6442307692307693 0.05048076923076923 0.06610576923076923
0 0.6526442307692307 0.6394230769230769 0.05048076923076923 0.06370192307692307
0 0.7019230769230769 0.6346153846153846 0.05048076923076923 0.06610576923076923
0 0.7487980769230769 0.6310096153846154 0.04807692307692308 0.06370192307692307
0 0.7956730769230769 0.6274038461538461 0.04567307692307692 0.06370192307692307
0 0.8413461538461539 0.6225961538461539 0.04807692307692308 0.06370192307692307
0 0.8870192307692307 0.6189903846153846 0.04567307692307692 0.06129807692307692
0 0.9314903846153846 0.6129807692307693 0.04567307692307692 0.06129807692307692
0 0.9759615384615384 0.609375 0.04567307692307692 0.06129807692307692
0 0.5769230769230769 0.5925480769230769 0.05048076923076923 0.06610576923076923
0 0.625 0.5889423076923077 0.05048076923076923 0.06370192307692307
0 0.6730769230769231 0.5853365384615384 0.04807692307692308 0.06370192307692307
0 0.7211538461538461 0.5817307692307693 0.04807692307692308 0.06370192307692307
0 0.7668269230769231 0.578125 0.04807692307692308 0.06370192307692307
0 0.8125 0.5745192307692307 0.04567307692307692 0.06370192307692307
0 0.8581730769230769 0.5685096153846154 0.04807692307692308 0.06129807692307692
0 0.9014423076923077 0.5673076923076923 0.04567307692307692 0.06129807692307692
0 0.9459134615384616 0.5625 0.04567307692307692 0.05889423076923077
0 0.9831730769230769 0.5588942307692307 0.03365384615384615 0.06129807692307692
0 0.5588942307692307 0.5408653846153846 0.030048076923076924 0.06610576923076923
0 0.5973557692307693 0.5384615384615384 0.05048076923076923 0.06370192307692307
0 0.6454326923076923 0.5360576923076923 0.04807692307692308 0.06370192307692307
0 0.6923076923076923 0.5324519230769231 0.04807692307692308 0.06370192307692307
0 0.7379807692307693 0.5288461538461539 0.04567307692307692 0.06129807692307692
0 0.7848557692307693 0.5264423076923077 0.04567307692307692 0.06129807692307692
0 0.8293269230769231 0.5240384615384616 0.04567307692307692 0.06129807692307692
0 0.8737980769230769 0.5204326923076923 0.04567307692307692 0.05889423076923077
0 0.9170673076923077 0.5168269230769231 0.04567307692307692 0.06129807692307692
0 0.9603365384615384 0.5120192307692307 0.04567307692307692 0.06129807692307692
0 0.9891826923076923 0.5060096153846154 0.021634615384615384 0.06009615384615385
0 0.5697115384615384 0.4879807692307692 0.05048076923076923 0.06370192307692307
0 0.6177884615384616 0.4855769230769231 0.04807692307692308 0.06129807692307692
0 0.6658653846153846 0.4831730769230769 0.04807692307692308 0.06129807692307692
0 0.7115384615384616 0.4807692307692308 0.04807692307692308 0.06129807692307692
0 0.7560096153846154 0.4795673076923077 0.04567307692307692 0.05889423076923077
0 0.8004807692307693 0.47716346153846156 0.04567307692307692 0.05889423076923077
0 0.8461538461538461 0.4735576923076923 0.04567307692307692 0.05889423076923077
0 0.8894230769230769 0.4699519230769231 0.04567307692307692 0.06129807692307692
0 0.9326923076923077 0.46634615384615385 0.04567307692307692 0.05889423076923077
0 0.9747596153846154 0.4639423076923077 0.04326923076923077 0.05889423076923077
0 0.5552884615384616 0.4387019230769231 0.02283653846153846 0.06129807692307692
0 0.5901442307692307 0.4375 0.04807692307692308 0.06129807692307692
0 0.6382211538461539 0.43509615384615385 0.04567307692307692 0.06129807692307692
0 0.6838942307692307 0.4338942307692308 0.04807692307692308 0.05889423076923077
0 0.7295673076923077 0.43149038461538464 0.04567307692307692 0.06129807692307692
0 0.7740384615384616 0.42908653846153844 0.04567307692307692 0.06129807692307692
0 0.8173076923076923 0.4254807692307692 0.04567307692307692 0.06129807692307692
0 0.8617788461538461 0.4230769230769231 0.04567307692307692 0.05889423076923077
0 0.9050480769230769 0.41947115384615385 0.04567307692307692 0.06129807692307692
0 0.9459134615384616 0.4182692307692308 0.04326923076923077 0.05889423076923077
0 0.9831730769230769 0.41466346153846156 0.03365384615384615 0.05889423076923077
0 0.5649038461538461 0.38822115384615385 0.04326923076923077 0.06129807692307692
0 0.6105769230769231 0.3870192307692308 0.04807692307692308 0.06129807692307692
0 0.6574519230769231 0.3870192307692308 0.04567307692307692 0.05889423076923077
0 0.7019230769230769 0.38341346153846156 0.04567307692307692 0.05889423076923077
0 0.7475961538461539 0.38221153846153844 0.04567307692307692 0.05889423076923077
0 0.7908653846153846 0.3786057692307692 0.04567307692307692 0.05889423076923077
0 0.8341346153846154 0.37740384615384615 0.04326923076923077 0.05889423076923077
0 0.8774038461538461 0.3737980769230769 0.04567307692307692 0.05889423076923077
0 0.9194711538461539 0.3737980769230769 0.04326923076923077 0.056490384615384616
0 0.9603365384615384 0.3713942307692308 0.040865384615384616 0.056490384615384616
0 0.9891826923076923 0.36899038461538464 0.021634615384615384 0.055288461538461536
0 0.5528846153846154 0.3425480769230769 0.018028846153846152 0.054086538461538464
0 0.5829326923076923 0.34134615384615385 0.04807692307692308 0.05048076923076923
0 0.6286057692307693 0.34134615384615385 0.04807692307692308 0.05048076923076923
0 0.6730769230769231 0.3401442307692308 0.04567307692307692 0.04807692307692308
0 0.7175480769230769 0.3401442307692308 0.04326923076923077 0.04807692307692308
0 0.7632211538461539 0.3389423076923077 0.04567307692307692 0.04567307692307692
0 0.8076923076923077 0.33774038461538464 0.04326923076923077 0.04326923076923077
0 0.8509615384615384 0.33653846153846156 0.04326923076923077 0.040865384615384616
0 0.8918269230769231 0.33533653846153844 0.04326923076923077 0.038461538461538464
0 0.9338942307692307 0.33533653846153844 0.040865384615384616 0.038461538461538464
0 0.9747596153846154 0.33413461538461536 0.040865384615384616 0.036057692307692304
0 0.8737980769230769 0.9903846153846154 0.055288461538461536 0.019230769230769232
0 0.9242788461538461 0.9879807692307693 0.054086538461538464 0.02283653846153846
0 0.5721153846153846 0.9807692307692307 0.05889423076923077 0.038461538461538464
0 0.9771634615384616 0.9795673076923077 0.04567307692307692 0.040865384615384616
0 0.6274038461538461 0.9771634615384616 0.056490384615384616 0.04567307692307692
0 0.6802884615384616 0.9723557692307693 0.057692307692307696 0.055288461538461536
0 0.734375 0.9675480769230769 0.056490384615384616 0.06370192307692307
0 0.7872596153846154 0.9651442307692307 0.054086538461538464 0.06850961538461539
0 0.8377403846153846 0.9615384615384616 0.054086538461538464 0.07451923076923077
0 0.8894230769230769 0.9543269230769231 0.05048076923076923 0.07091346153846154
0 0.9399038461538461 0.9447115384615384 0.054086538461538464 0.07451923076923077
0 0.5576923076923077 0.9399038461538461 0.027644230769230768 0.07451923076923077