0 0.04326923076923077 0.3786057692307692 0.08653846153846154 0.26802884615384615
0 0.1502403846153846 0.14182692307692307 0.19230769230769232 0.28365384615384615
0 0.8197115384615384 0.41947115384615385 0.13341346153846154 0.18509615384615385
0 0.4807692307692308 0.3137019230769231 0.16706730769230768 0.28125
0 0.7055288461538461 0.30528846153846156 0.13581730769230768 0.24158653846153846
0 0.32211538461538464 0.25600961538461536 0.04927884615384615 0.31009615384615385
0 0.9122596153846154 0.23557692307692307 0.1201923076923077 0.22716346153846154
0 0.6141826923076923 0.22716346153846154 0.14543269230769232 0.2512019230769231
0 0.8269230769230769 0.13581730769230768 0.1310096153846154 0.24158653846153846
0 0.7235576923076923 0.078125 0.14302884615384615 0.15504807692307693
0 0.3605769230769231 0.08173076923076923 0.12620192307692307 0.1622596153846154
0 0.9206730769230769 0.057692307692307696 0.12259615384615384 0.11538461538461539
0 0.5997596153846154 0.06370192307692307 0.15625 0.12740384615384615
0 0.6862980769230769 0.4807692307692308 0.1310096153846154 0.06370192307692307
0 0.3605769230769231 0.44711538461538464 0.12620192307692307 0.1310096153846154
0 0.5637019230769231 0.4362980769230769 0.15264423076923078 0.15264423076923078
0 0.5901442307692307 0.9290865384615384 0.1658653846153846 0.14182692307692307
0 0.8149038461538461 0.9350961538461539 0.1346153846153846 0.12980769230769232
0 0.3786057692307692 0.8942307692307693 0.15985576923076922 0.21153846153846154
0 0.9807692307692307 0.9038461538461539 0.038461538461538464 0.19230769230769232
0 0.7259615384615384 0.8942307692307693 0.14543269230769232 0.21153846153846154
0 0.9350961538461539 0.8209134615384616 0.12980769230769232 0.24278846153846154
0 0.8353365384615384 0.7127403846153846 0.14302884615384615 0.2608173076923077
0 0.4495192307692308 0.7103365384615384 0.171875 0.27884615384615385
0 0.984375 0.6862980769230769 0.03125 0.23317307692307693
0 0.7115384615384616 0.671875 0.15745192307692307 0.2860576923076923
0 0.31971153846153844 0.5673076923076923 0.03485576923076923 0.04927884615384615
0 0.8990384615384616 0.5793269230769231 0.13341346153846154 0.13341346153846154
0 0.3581730769230769 0.5240384615384616 0.027644230769230768 0.02403846153846154
0 0.3858173076923077 0.5204326923076923 0.027644230769230768 0.016826923076923076
0 0.45552884615384615 0.5204326923076923 0.02403846153846154 0.016826923076923076