0 0.03245192307692308 0.3076923076923077 0.06490384615384616 0.3557692307692308
0 0.13221153846153846 0.31971153846153844 0.15504807692307693 0.2644230769230769
0 0.2848557692307692 0.3161057692307692 0.1045673076923077 0.3449519230769231
0 0.21995192307692307 0.109375 0.23557692307692307 0.21875
0 0.05048076923076923 0.09495192307692307 0.10096153846153846 0.18990384615384615
0 0.9074519230769231 0.051682692307692304 0.18028846153846154 0.10336538461538461
0 0.6514423076923077 0.171875 0.1814903846153846 0.27884615384615385
0 0.9326923076923077 0.27163461538461536 0.13341346153846154 0.2764423076923077
0 0.7896634615384616 0.3942307692307692 0.22115384615384615 0.18629807692307693
0 0.26322115384615385 0.5637019230769231 0.109375 0.1502403846153846
0 0.13701923076923078 0.5853365384615384 0.11899038461538461 0.19471153846153846
0 0.3233173076923077 0.7043269230769231 0.028846153846153848 0.2283653846153846
0 0.22716346153846154 0.7644230769230769 0.1141826923076923 0.2403846153846154
0 0.10096153846153846 0.8137019230769231 0.11899038461538461 0.24759615384615385
0 0.30649038461538464 0.9134615384615384 0.06009615384615385 0.171875
0 0.19471153846153846 0.9459134615384616 0.1201923076923077 0.10817307692307693
0 0.07211538461538461 0.9759615384615384 0.13341346153846154 0.04807692307692308
0 0.9266826923076923 0.7644230769230769 0.13341346153846154 0.14783653846153846
0 0.9651442307692307 0.640625 0.06971153846153846 0.13221153846153846
0 0.9206730769230769 0.5420673076923077 0.12379807692307693 0.109375
0 0.8786057692307693 0.6586538461538461 0.13341346153846154 0.140625
0 0.6971153846153846 0.5588942307692307 0.10697115384615384 0.14302884615384615
0 0.8076923076923077 0.5540865384615384 0.11658653846153846 0.13341346153846154
0 0.7704326923076923 0.671875 0.1141826923076923 0.13822115384615385
0 0.8040865384615384 0.7788461538461539 0.12620192307692307 0.14783653846153846
0 0.5961538461538461 0.5817307692307693 0.109375 0.140625
0 0.5048076923076923 0.6045673076923077 0.1045673076923077 0.13341346153846154
0 0.40865384615384615 0.6057692307692307 0.1045673076923077 0.13341346153846154
0 0.35336538461538464 0.6334134615384616 0.03125 0.1310096153846154
0 0.6574519230769231 0.6935096153846154 0.109375 0.13822115384615385
0 0.5637019230769231 0.7079326923076923 0.09975961538461539 0.1310096153846154
0 0.4543269230769231 0.7211538461538461 0.09975961538461539 0.11899038461538461
0 0.3762019230769231 0.7319711538461539 0.078125 0.11899038461538461
0 0.35096153846153844 0.8473557692307693 0.026442307692307692 0.12139423076923077
0 0.4050480769230769 0.8389423076923077 0.10697115384615384 0.12379807692307693
0 0.5036057692307693 0.8197115384615384 0.10697115384615384 0.12860576923076922
0 0.6033653846153846 0.8088942307692307 0.1141826923076923 0.13341346153846154
0 0.703125 0.8016826923076923 0.11177884615384616 0.12139423076923077
0 0.9615384615384616 0.8870192307692307 0.07692307692307693 0.1346153846153846
0 0.8653846153846154 0.8990384615384616 0.12379807692307693 0.140625
0 0.75 0.9014423076923077 0.12139423076923077 0.13581730769230768
0 0.6466346153846154 0.9194711538461539 0.109375 0.13341346153846154
0 0.5432692307692307 0.9278846153846154 0.11658653846153846 0.13341346153846154
0 0.4483173076923077 0.9302884615384616 0.10697115384615384 0.12860576923076922
0 0.36778846153846156 0.9387019230769231 0.0625 0.12259615384615384
0 0.49038461538461536 0.9879807692307693 0.11658653846153846 0.02403846153846154
0 0.5985576923076923 0.9831730769230769 0.1141826923076923 0.03365384615384615
0 0.6935096153846154 0.9783653846153846 0.11899038461538461 0.04326923076923077
0 0.8076923076923077 0.9759615384615384 0.1310096153846154 0.04807692307692308
0 0.9230769230769231 0.9711538461538461 0.13341346153846154 0.057692307692307696