0 0.27163461538461536 0.14182692307692307 0.19230769230769232 0.28365384615384615
0 0.43509615384615385 0.12860576923076922 0.030048076923076924 0.25721153846153844
0 0.4050480769230769 0.3798076923076923 0.09134615384615384 0.2403846153846154
0 0.11057692307692307 0.40625 0.19591346153846154 0.18870192307692307
0 0.8689903846153846 0.39903846153846156 0.17307692307692307 0.203125
0 0.125 0.5504807692307693 0.19110576923076922 0.10096153846153846
0 0.30288461538461536 0.5480769230769231 0.13581730769230768 0.09615384615384616
0 0.03245192307692308 0.6814903846153846 0.06490384615384616 0.30408653846153844
0 0.3557692307692308 0.6983173076923077 0.19110576923076922 0.32211538461538464
0 0.1935096153846154 0.7151442307692307 0.14302884615384615 0.21995192307692307
0 0.26322115384615385 0.9002403846153846 0.12620192307692307 0.1935096153846154
0 0.3918269230769231 0.9026442307692307 0.11538461538461539 0.19471153846153846
0 0.0889423076923077 0.9002403846153846 0.1778846153846154 0.19951923076923078
0 0.6923076923076923 0.6430288461538461 0.2548076923076923 0.28725961538461536