0 0.5324519230769231 0.11057692307692307 0.17548076923076922 0.22115384615384615
0 0.04326923076923077 0.1141826923076923 0.08533653846153846 0.2283653846153846
0 0.18269230769230768 0.11177884615384616 0.16826923076923078 0.22355769230769232
0 0.3581730769230769 0.11538461538461539 0.17307692307692307 0.23076923076923078
0 0.5853365384615384 0.3125 0.1310096153846154 0.2439903846153846
0 0.2692307692307692 0.3161057692307692 0.1658653846153846 0.2512019230769231
0 0.10216346153846154 0.3173076923076923 0.1658653846153846 0.24879807692307693
0 0.4375 0.3293269230769231 0.16346153846153846 0.24879807692307693
0 0.04927884615384615 0.43990384615384615 0.0985576923076923 0.06490384615384616
0 0.5264423076923077 0.4423076923076923 0.16346153846153846 0.06009615384615385
0 0.19230769230769232 0.44591346153846156 0.16346153846153846 0.052884615384615384
0 0.35697115384615385 0.4483173076923077 0.1658653846153846 0.04807692307692308
0 0.7247596153846154 0.02283653846153846 0.11778846153846154 0.04567307692307692
0 0.8401442307692307 0.027644230769230768 0.12860576923076922 0.055288461538461536
0 0.9483173076923077 0.03485576923076923 0.10336538461538461 0.06971153846153846
0 0.7247596153846154 0.14543269230769232 0.11778846153846154 0.12860576923076922
0 0.8365384615384616 0.16105769230769232 0.12620192307692307 0.140625
0 0.9459134615384616 0.17307692307692307 0.10817307692307693 0.13581730769230768
0 0.6225961538461539 0.7439903846153846 0.055288461538461536 0.19591346153846154
0 0.5228365384615384 0.7848557692307693 0.16105769230769232 0.21394230769230768
0 0.5853365384615384 0.9122596153846154 0.1310096153846154 0.17548076923076922
0 0.43990384615384615 0.9399038461538461 0.17067307692307693 0.1201923076923077
0 0.5817307692307693 0.5889423076923077 0.13822115384615385 0.2091346153846154
0 0.6971153846153846 0.515625 0.0673076923076923 0.08533653846153846
0 0.8978365384615384 0.5228365384615384 0.08774038461538461 0.10096153846153846
0 0.7896634615384616 0.5288461538461539 0.078125 0.11298076923076923
0 0.9783653846153846 0.546875 0.04326923076923077 0.12860576923076922
0 0.6706730769230769 0.5853365384615384 0.039663461538461536 0.11057692307692307
0 0.734375 0.6033653846153846 0.0733173076923077 0.11057692307692307
0 0.9411057692307693 0.6189903846153846 0.09014423076923077 0.12259615384615384
0 0.8401442307692307 0.6201923076923077 0.0829326923076923 0.1201923076923077
0 0.6983173076923077 0.6887019230769231 0.0673076923076923 0.11057692307692307
0 0.7848557692307693 0.6911057692307693 0.078125 0.11538461538461539
0 0.8942307692307693 0.7211538461538461 0.0829326923076923 0.1201923076923077
0 0.9639423076923077 0.7355769230769231 0.07211538461538461 0.12980769230769232
0 0.6646634615384616 0.7716346153846154 0.027644230769230768 0.11057692307692307
0 0.7548076923076923 0.7728365384615384 0.07572115384615384 0.11057692307692307
0 0.8401442307692307 0.7860576923076923 0.08052884615384616 0.11538461538461539
0 0.9338942307692307 0.8389423076923077 0.08774038461538461 0.12860576923076922
0 0.71875 0.8485576923076923 0.07091346153846154 0.11057692307692307
0 0.9879807692307693 0.8545673076923077 0.02403846153846154 0.12740384615384615
0 0.796875 0.8713942307692307 0.078125 0.11298076923076923
0 0.8774038461538461 0.8966346153846154 0.0829326923076923 0.11778846153846154
0 0.7764423076923077 0.9266826923076923 0.06009615384615385 0.09254807692307693
0 0.6814903846153846 0.9278846153846154 0.06009615384615385 0.10817307692307693
0 0.9711538461538461 0.9362980769230769 0.057692307692307696 0.12259615384615384
0 0.8401442307692307 0.9567307692307693 0.078125 0.08533653846153846
0 0.9182692307692307 0.9699519230769231 0.0829326923076923 0.06009615384615385
0 0.7271634615384616 0.9783653846153846 0.0733173076923077 0.04326923076923077
0 0.8112980769230769 0.9867788461538461 0.07451923076923077 0.026442307692307692