0 0.3137019230769231 0.4338942307692308 0.07451923076923077 0.11177884615384616
0 0.16706730769230768 0.4362980769230769 0.06971153846153846 0.10096153846153846
0 0.3894230769230769 0.4387019230769231 0.07451923076923077 0.1141826923076923
0 0.09495192307692307 0.44711538461538464 0.07692307692307693 0.11177884615384616
0 0.234375 0.4579326923076923 0.07211538461538461 0.10336538461538461
0 0.1346153846153846 0.5480769230769231 0.07451923076923077 0.11177884615384616
0 0.4110576923076923 0.5528846153846154 0.04567307692307692 0.11177884615384616
0 0.05889423076923077 0.5588942307692307 0.06971153846153846 0.10096153846153846
0 0.19831730769230768 0.5745192307692307 0.06971153846153846 0.10697115384615384
0 0.3485576923076923 0.5889423076923077 0.07451923076923077 0.11177884615384616
0 0.26322115384615385 0.5949519230769231 0.07692307692307693 0.11177884615384616
0 0.8245192307692307 0.18028846153846154 0.06129807692307692 0.07692307692307693
0 0.875 0.31009615384615385 0.05889423076923077 0.07451923076923077
0 0.7644230769230769 0.17908653846153846 0.06129807692307692 0.07692307692307693
0 0.8822115384615384 0.18028846153846154 0.05889423076923077 0.07692307692307693
0 0.8665865384615384 0.4326923076923077 0.05889423076923077 0.07451923076923077
0 0.9074519230769231 0.24639423076923078 0.05889423076923077 0.07692307692307693
0 0.8497596153846154 0.24639423076923078 0.06129807692307692 0.07692307692307693
0 0.9326923076923077 0.31009615384615385 0.05889423076923077 0.07692307692307693
0 0.8112980769230769 0.4326923076923077 0.05889423076923077 0.07451923076923077
0 0.8088942307692307 0.5528846153846154 0.05889423076923077 0.07211538461538461
0 0.9014423076923077 0.37259615384615385 0.05889423076923077 0.07451923076923077
0 0.9615384615384616 0.24519230769230768 0.055288461538461536 0.07451923076923077
0 0.8161057692307693 0.3076923076923077 0.06129807692307692 0.07451923076923077
0 0.7980769230769231 0.1141826923076923 0.06129807692307692 0.07692307692307693
0 0.7860576923076923 0.3701923076923077 0.05889423076923077 0.07451923076923077
0 0.8918269230769231 0.49278846153846156 0.05889423076923077 0.07451923076923077
0 0.8413461538461539 0.3701923076923077 0.06129807692307692 0.07451923076923077
0 0.8545673076923077 0.11538461538461539 0.05889423076923077 0.07692307692307693
0 0.9362980769230769 0.18028846153846154 0.05889423076923077 0.07451923076923077
0 0.9110576923076923 0.11538461538461539 0.05889423076923077 0.07932692307692307
0 0.44350961538461536 0.040865384615384616 0.021634615384615384 0.08173076923076923
0 0.7608173076923077 0.3076923076923077 0.05889423076923077 0.07451923076923077
0 0.44591346153846156 0.5516826923076923 0.02403846153846154 0.07211538461538461
0 0.46033653846153844 0.36658653846153844 0.052884615384615384 0.07451923076923077
0 0.7019230769230769 0.43028846153846156 0.055288461538461536 0.07211538461538461
0 0.5925480769230769 0.43028846153846156 0.055288461538461536 0.07211538461538461
0 0.44591346153846156 0.30408653846153844 0.02403846153846154 0.07692307692307693
0 0.44711538461538464 0.42908653846153844 0.026442307692307692 0.07211538461538461
0 0.734375 0.24278846153846154 0.05889423076923077 0.07692307692307693
0 0.6490384615384616 0.3076923076923077 0.055288461538461536 0.07451923076923077
0 0.7079326923076923 0.1778846153846154 0.05889423076923077 0.07692307692307693
0 0.5961538461538461 0.3076923076923077 0.055288461538461536 0.07451923076923077
0 0.7896634615384616 0.24278846153846154 0.06129807692307692 0.07451923076923077
0 0.7572115384615384 0.43028846153846156 0.05889423076923077 0.07451923076923077
0 0.9495192307692307 0.4963942307692308 0.055288461538461536 0.07211538461538461
0 0.6478365384615384 0.43028846153846156 0.055288461538461536 0.07211538461538461
0 0.6754807692307693 0.36778846153846156 0.05889423076923077 0.07451923076923077
0 0.8629807692307693 0.5528846153846154 0.055288461538461536 0.07211538461538461
0 0.46033653846153844 0.4891826923076923 0.052884615384615384 0.07451923076923077
0 0.4855769230769231 0.042067307692307696 0.06129807692307692 0.0829326923076923
0 0.7043269230769231 0.3076923076923077 0.05889423076923077 0.07451923076923077
0 0.9254807692307693 0.43509615384615385 0.05889423076923077 0.07211538461538461
0 0.7716346153846154 0.046875 0.06129807692307692 0.0829326923076923
0 0.5396634615384616 0.43028846153846156 0.055288461538461536 0.07211538461538461
0 0.9158653846153846 0.5540865384615384 0.055288461538461536 0.07211538461538461
0 0.5132211538461539 0.49038461538461536 0.055288461538461536 0.07451923076923077
0 0.7319711538461539 0.3701923076923077 0.05889423076923077 0.07211538461538461
0 0.5384615384615384 0.6490384615384616 0.055288461538461536 0.026442307692307692
0 0.8377403846153846 0.49158653846153844 0.05889423076923077 0.07211538461538461
0 0.7379807692307693 0.11298076923076923 0.06129807692307692 0.07932692307692307
0 0.48677884615384615 0.43028846153846156 0.055288461538461536 0.07451923076923077
0 0.6514423076923077 0.1778846153846154 0.05889423076923077 0.07932692307692307
0 0.6550480769230769 0.04447115384615385 0.06129807692307692 0.0829326923076923
0 0.46033653846153844 0.6105769230769231 0.052884615384615384 0.07211538461538461
0 0.5973557692307693 0.1778846153846154 0.05889423076923077 0.07932692307692307
0 0.9663461538461539 0.1141826923076923 0.055288461538461536 0.07692307692307693
0 0.5408653846153846 0.3076923076923077 0.055288461538461536 0.07451923076923077
0 0.7536057692307693 0.5528846153846154 0.055288461538461536 0.07211538461538461
0 0.6802884615384616 0.11177884615384616 0.05889423076923077 0.0829326923076923
0 0.7127403846153846 0.04447115384615385 0.06129807692307692 0.0829326923076923
0 0.5396634615384616 0.5516826923076923 0.055288461538461536 0.07211538461538461
0 0.5132211538461539 0.11057692307692307 0.055288461538461536 0.0829326923076923
0 0.4855769230769231 0.1778846153846154 0.05889423076923077 0.07932692307692307
0 0.5697115384615384 0.11177884615384616 0.05889423076923077 0.0829326923076923
0 0.8293269230769231 0.04807692307692308 0.05889423076923077 0.0829326923076923
0 0.6201923076923077 0.49038461538461536 0.055288461538461536 0.07451923076923077
0 0.9411057692307693 0.6129807692307693 0.052884615384615384 0.07211538461538461
0 0.5673076923076923 0.24278846153846154 0.05889423076923077 0.07692307692307693
0 0.44591346153846156 0.17548076923076922 0.02403846153846154 0.07932692307692307
0 0.5661057692307693 0.49038461538461536 0.055288461538461536 0.07451923076923077
0 0.48677884615384615 0.3076923076923077 0.05889423076923077 0.07451923076923077
0 0.7427884615384616 0.008413461538461538 0.06129807692307692 0.015625
0 0.9555288461538461 0.37259615384615385 0.055288461538461536 0.07211538461538461
0 0.46033653846153844 0.11057692307692307 0.052884615384615384 0.0829326923076923
0 0.5132211538461539 0.6117788461538461 0.055288461538461536 0.07211538461538461
0 0.6213942307692307 0.36778846153846156 0.055288461538461536 0.07451923076923077
0 0.8581730769230769 0.6490384615384616 0.055288461538461536 0.026442307692307692
0 0.8341346153846154 0.6129807692307693 0.055288461538461536 0.07211538461538461
0 0.9411057692307693 0.04807692307692308 0.05889423076923077 0.07932692307692307
0 0.5985576923076923 0.042067307692307696 0.05889423076923077 0.07932692307692307
0 0.5673076923076923 0.36778846153846156 0.055288461538461536 0.07451923076923077
0 0.8870192307692307 0.6129807692307693 0.055288461538461536 0.07211538461538461
0 0.8040865384615384 0.6490384615384616 0.055288461538461536 0.026442307692307692
0 0.9723557692307693 0.010817307692307692 0.055288461538461536 0.021634615384615384
0 0.5132211538461539 0.36778846153846156 0.055288461538461536 0.07451923076923077
0 0.8581730769230769 0.009615384615384616 0.06129807692307692 0.018028846153846152
0 0.6237980769230769 0.24278846153846154 0.05889423076923077 0.07692307692307693
0 0.8858173076923077 0.04807692307692308 0.06129807692307692 0.0829326923076923
0 0.8016826923076923 0.009615384615384616 0.06129807692307692 0.018028846153846152
0 0.75 0.6490384615384616 0.052884615384615384 0.026442307692307692
0 0.6430288461538461 0.6490384615384616 0.052884615384615384 0.026442307692307692
0 0.6466346153846154 0.5516826923076923 0.055288461538461536 0.07211538461538461
0 0.625 0.11177884615384616 0.055288461538461536 0.0829326923076923
0 0.7788461538461539 0.6129807692307693 0.055288461538461536 0.07211538461538461
0 0.46033653846153844 0.2403846153846154 0.052884615384615384 0.07692307692307693
0 0.5132211538461539 0.24278846153846154 0.055288461538461536 0.07692307692307693
0 0.9170673076923077 0.009615384615384616 0.05889423076923077 0.018028846153846152
0 0.4855769230769231 0.6490384615384616 0.055288461538461536 0.026442307692307692
0 0.6742788461538461 0.49038461538461536 0.055288461538461536 0.07211538461538461
0 0.5408653846153846 0.1778846153846154 0.055288461538461536 0.07932692307692307
0 0.7824519230769231 0.49158653846153844 0.05889423076923077 0.07211538461538461
0 0.5420673076923077 0.04447115384615385 0.05889423076923077 0.07692307692307693
0 0.6730769230769231 0.6117788461538461 0.055288461538461536 0.07211538461538461
0 0.7259615384615384 0.6117788461538461 0.055288461538461536 0.07211538461538461
0 0.5661057692307693 0.6105769230769231 0.055288461538461536 0.07211538461538461
0 0.6983173076923077 0.6478365384615384 0.055288461538461536 0.028846153846153848
0 0.6995192307692307 0.5516826923076923 0.055288461538461536 0.07211538461538461
0 0.5913461538461539 0.6478365384615384 0.055288461538461536 0.028846153846153848
0 0.6201923076923077 0.6117788461538461 0.055288461538461536 0.07211538461538461
0 0.48677884615384615 0.5516826923076923 0.055288461538461536 0.07211538461538461
0 0.6778846153846154 0.24278846153846154 0.05889423076923077 0.07692307692307693
0 0.5925480769230769 0.5516826923076923 0.055288461538461536 0.07211538461538461
0 0.7283653846153846 0.49158653846153844 0.055288461538461536 0.07211538461538461
0 0.9110576923076923 0.6490384615384616 0.055288461538461536 0.026442307692307692
0 0.3918269230769231 0.7487980769230769 0.0829326923076923 0.17307692307692307
0 0.09014423076923077 0.7427884615384616 0.11658653846153846 0.1622596153846154
0 0.21995192307692307 0.8016826923076923 0.21514423076923078 0.27884615384615385
0 0.036057692307692304 0.8918269230769231 0.07211538461538461 0.21514423076923078
0 0.33413461538461536 0.9146634615384616 0.1466346153846154 0.17067307692307693
0 0.11538461538461539 0.9290865384615384 0.19471153846153846 0.140625
0 0.8149038461538461 0.7896634615384616 0.21514423076923078 0.2548076923076923
0 0.546875 0.8028846153846154 0.22596153846153846 0.2824519230769231
0 0.9651442307692307 0.8004807692307693 0.06971153846153846 0.2764423076923077
0 0.6790865384615384 0.9375 0.22596153846153846 0.125
0 0.9026442307692307 0.9411057692307693 0.19471153846153846 0.11658653846153846