0 0.41346153846153844 0.3701923076923077 0.13701923076923078 0.07451923076923077
0 0.7163461538461539 0.11177884615384616 0.16826923076923078 0.22355769230769232
0 0.5552884615384616 0.11298076923076923 0.14903846153846154 0.22596153846153846
0 0.8858173076923077 0.11538461538461539 0.1658653846153846 0.23076923076923078
0 0.9855769230769231 0.11538461538461539 0.028846153846153848 0.23076923076923078
0 0.8004807692307693 0.2980769230769231 0.16706730769230768 0.21875
0 0.515625 0.2980769230769231 0.0673076923076923 0.21875
0 0.6346153846153846 0.2980769230769231 0.16466346153846154 0.21875
0 0.9423076923076923 0.3004807692307692 0.11538461538461539 0.21394230769230768
0 0.04326923076923077 0.6141826923076923 0.08653846153846154 0.18028846153846154
0 0.13581730769230768 0.6322115384615384 0.09735576923076923 0.17548076923076922
0 0.22956730769230768 0.6478365384615384 0.09254807692307693 0.17067307692307693
0 0.3161057692307692 0.6610576923076923 0.08774038461538461 0.1622596153846154
0 0.40024038461538464 0.6658653846153846 0.0829326923076923 0.1622596153846154
0 0.46033653846153844 0.6730769230769231 0.04326923076923077 0.15504807692307693
0 0.01201923076923077 0.7728365384615384 0.02283653846153846 0.18028846153846154
0 0.07211538461538461 0.7824519230769231 0.10096153846153846 0.17548076923076922
0 0.16826923076923078 0.7932692307692307 0.09495192307692307 0.17307692307692307
0 0.26322115384615385 0.8100961538461539 0.09254807692307693 0.16706730769230768
0 0.3473557692307692 0.8100961538461539 0.09014423076923077 0.1622596153846154
0 0.45913461538461536 0.8413461538461539 0.046875 0.1622596153846154
0 0.026442307692307692 0.9194711538461539 0.052884615384615384 0.16105769230769232
0 0.10336538461538461 0.9266826923076923 0.09735576923076923 0.1466346153846154
0 0.3762019230769231 0.9362980769230769 0.08774038461538461 0.12620192307692307
0 0.20432692307692307 0.9362980769230769 0.09495192307692307 0.12620192307692307
0 0.28846153846153844 0.9387019230769231 0.09134615384615384 0.12259615384615384
0 0.4639423076923077 0.9483173076923077 0.036057692307692304 0.10336538461538461
0 0.4206730769230769 0.43028846153846156 0.08774038461538461 0.046875
0 0.025240384615384616 0.47716346153846156 0.05048076923076923 0.14182692307692307
0 0.10576923076923077 0.4795673076923077 0.10336538461538461 0.14423076923076922
0 0.19951923076923078 0.48677884615384615 0.09495192307692307 0.15985576923076922
0 0.29086538461538464 0.49038461538461536 0.08774038461538461 0.16706730769230768
0 0.3762019230769231 0.515625 0.08774038461538461 0.16466346153846154
0 0.4519230769230769 0.5228365384615384 0.05889423076923077 0.16466346153846154
0 0.7920673076923077 0.44711538461538464 0.06490384615384616 0.07932692307692307
0 0.5276442307692307 0.4579326923076923 0.06971153846153846 0.10096153846153846
0 0.8581730769230769 0.47836538461538464 0.0673076923076923 0.14182692307692307
0 0.5973557692307693 0.5 0.07211538461538461 0.18509615384615385
0 0.984375 0.5336538461538461 0.03125 0.25240384615384615
0 0.7463942307692307 0.5456730769230769 0.0673076923076923 0.25721153846153844
0 0.9338942307692307 0.5564903846153846 0.06490384615384616 0.2608173076923077
0 0.671875 0.5637019230769231 0.06971153846153846 0.27283653846153844
0 0.4987980769230769 0.5661057692307693 0.03365384615384615 0.2704326923076923
0 0.8112980769230769 0.6117788461538461 0.0673076923076923 0.2548076923076923
0 0.5504807692307693 0.6430288461538461 0.06971153846153846 0.265625
0 0.8762019230769231 0.6730769230769231 0.0673076923076923 0.25721153846153844
0 0.6177884615384616 0.7175480769230769 0.06971153846153846 0.26322115384615385
0 0.9867788461538461 0.7740384615384616 0.025240384615384616 0.24519230769230768
0 0.7620192307692307 0.7836538461538461 0.06490384615384616 0.24278846153846154
0 0.5216346153846154 0.7992788461538461 0.0673076923076923 0.24278846153846154
0 0.8209134615384616 0.8569711538461539 0.06490384615384616 0.24519230769230768
0 0.5829326923076923 0.8725961538461539 0.06490384615384616 0.24519230769230768
0 0.8858173076923077 0.8966346153846154 0.06490384615384616 0.20673076923076922
0 0.49278846153846156 0.9002403846153846 0.020432692307692308 0.19831730769230768
0 0.9567307692307693 0.9026442307692307 0.0673076923076923 0.19471153846153846
0 0.6454326923076923 0.9050480769230769 0.06490384615384616 0.18990384615384615
0 0.7115384615384616 0.9146634615384616 0.0673076923076923 0.17067307692307693
0 0.9963942307692307 0.9483173076923077 0.007211538461538462 0.10336538461538461
0 0.7776442307692307 0.9543269230769231 0.06490384615384616 0.09014423076923077