0 0.44471153846153844 0.35216346153846156 0.07932692307692307 0.203125
0 0.36658653846153844 0.37259615384615385 0.10817307692307693 0.16105769230769232
0 0.34134615384615385 0.15144230769230768 0.15865384615384615 0.24879807692307693
0 0.4651442307692308 0.15625 0.038461538461538464 0.21033653846153846
0 0.6875 0.2644230769230769 0.3954326923076923 0.3798076923076923
0 0.4074519230769231 0.5252403846153846 0.10817307692307693 0.14302884615384615
0 0.21754807692307693 0.5348557692307693 0.10216346153846154 0.16105769230769232
0 0.07091346153846154 0.7235576923076923 0.09975961538461539 0.18509615384615385
0 0.39302884615384615 0.7247596153846154 0.10817307692307693 0.1875
0 0.22716346153846154 0.7259615384615384 0.10216346153846154 0.1875
0 0.0985576923076923 0.9098557692307693 0.09014423076923077 0.17908653846153846
0 0.359375 0.9362980769230769 0.10817307692307693 0.12740384615384615
0 0.16706730769230768 0.9447115384615384 0.10817307692307693 0.11057692307692307
0 0.5793269230769231 0.5829326923076923 0.18990384615384615 0.2127403846153846
0 0.8305288461538461 0.5949519230769231 0.30528846153846156 0.21514423076923078
0 0.6610576923076923 0.7728365384615384 0.3233173076923077 0.2127403846153846
0 0.9098557692307693 0.7740384615384616 0.17908653846153846 0.21514423076923078
0 0.5625 0.921875 0.15625 0.15625
0 0.8028846153846154 0.9230769230769231 0.328125 0.15384615384615385
0 0.6983173076923077 0.49759615384615385 0.31490384615384615 0.08774038461538461
0 0.9278846153846154 0.5084134615384616 0.14302884615384615 0.11057692307692307