0 0.18028846153846154 0.3293269230769231 0.15985576923076922 0.1971153846153846
0 0.04927884615384615 0.3293269230769231 0.0985576923076923 0.1971153846153846
0 0.32211538461538464 0.328125 0.13341346153846154 0.19951923076923078
0 0.3605769230769231 0.14302884615384615 0.055288461538461536 0.23918269230769232
0 0.0985576923076923 0.14182692307692307 0.1622596153846154 0.24759615384615385
0 0.8834134615384616 0.20793269230769232 0.055288461538461536 0.06129807692307692
0 0.19230769230769232 0.9158653846153846 0.1141826923076923 0.16706730769230768
0 0.016826923076923076 0.9074519230769231 0.03365384615384615 0.18509615384615385
0 0.07692307692307693 0.8990384615384616 0.09615384615384616 0.13341346153846154
0 0.2764423076923077 0.890625 0.08533653846153846 0.12740384615384615
0 0.2956730769230769 0.7572115384615384 0.109375 0.17067307692307693
0 0.07932692307692307 0.7536057692307693 0.125 0.1778846153846154
0 0.17908653846153846 0.75 0.08533653846153846 0.140625
0 0.01201923076923077 0.7355769230769231 0.02403846153846154 0.15144230769230768
0 0.2824519230769231 0.5973557692307693 0.0829326923076923 0.140625
0 0.19471153846153846 0.5949519230769231 0.1141826923076923 0.17548076923076922
0 0.078125 0.5889423076923077 0.09615384615384616 0.14903846153846154
0 0.016826923076923076 0.578125 0.03365384615384615 0.18028846153846154
0 0.2980769230769231 0.47716346153846156 0.11658653846153846 0.0985576923076923
0 0.18269230769230768 0.4699519230769231 0.09254807692307693 0.0829326923076923
0 0.0829326923076923 0.47115384615384615 0.11658653846153846 0.08533653846153846
0 0.010817307692307692 0.46033653846153844 0.021634615384615384 0.06370192307692307
0 0.17307692307692307 0.9891826923076923 0.09014423076923077 0.021634615384615384
0 0.7800480769230769 0.9915865384615384 0.05048076923076923 0.015625
0 0.5817307692307693 0.9579326923076923 0.057692307692307696 0.08413461538461539
0 0.6850961538461539 0.9567307692307693 0.057692307692307696 0.08653846153846154
0 0.47115384615384615 0.9567307692307693 0.0625 0.08653846153846154
0 0.8293269230769231 0.9543269230769231 0.05048076923076923 0.0829326923076923
0 0.9242788461538461 0.9543269230769231 0.05048076923076923 0.07932692307692307
0 0.9927884615384616 0.9495192307692307 0.013221153846153846 0.07932692307692307
0 0.625 0.9483173076923077 0.04567307692307692 0.06610576923076923
0 0.5228365384615384 0.9459134615384616 0.04567307692307692 0.055288461538461536
0 0.7223557692307693 0.9447115384615384 0.039663461538461536 0.06610576923076923
0 0.4230769230769231 0.9423076923076923 0.04567307692307692 0.055288461538461536
0 0.7632211538461539 0.9387019230769231 0.039663461538461536 0.052884615384615384
0 0.7391826923076923 0.8858173076923077 0.055288461538461536 0.08533653846153846
0 0.6346153846153846 0.8846153846153846 0.055288461538461536 0.08533653846153846
0 0.5288461538461539 0.8834134615384616 0.06129807692307692 0.09014423076923077
0 0.8774038461538461 0.8834134615384616 0.05048076923076923 0.0829326923076923
0 0.7860576923076923 0.8798076923076923 0.04807692307692308 0.07932692307692307
0 0.9663461538461539 0.8786057692307693 0.05048076923076923 0.07692307692307693
0 0.4206730769230769 0.8774038461538461 0.06129807692307692 0.08774038461538461
0 0.5745192307692307 0.8725961538461539 0.042067307692307696 0.06370192307692307
0 0.6754807692307693 0.8725961538461539 0.039663461538461536 0.06370192307692307
0 0.8112980769230769 0.8677884615384616 0.03485576923076923 0.06610576923076923
0 0.47475961538461536 0.8677884615384616 0.04567307692307692 0.06129807692307692
0 0.6862980769230769 0.8052884615384616 0.055288461538461536 0.0829326923076923
0 0.5841346153846154 0.8016826923076923 0.055288461538461536 0.08533653846153846
0 0.47596153846153844 0.7980769230769231 0.06129807692307692 0.09014423076923077
0 0.7259615384615384 0.7980769230769231 0.037259615384615384 0.06971153846153846
0 0.8870192307692307 0.796875 0.05048076923076923 0.0829326923076923
0 0.9759615384615384 0.7956730769230769 0.04807692307692308 0.07932692307692307
0 0.3954326923076923 0.7944711538461539 0.013221153846153846 0.08774038461538461
0 0.6262019230769231 0.7944711538461539 0.042067307692307696 0.06971153846153846
0 0.5264423076923077 0.7908653846153846 0.042067307692307696 0.07211538461538461
0 0.8137019230769231 0.7896634615384616 0.042067307692307696 0.06370192307692307
0 0.4266826923076923 0.7872596153846154 0.042067307692307696 0.06971153846153846
0 0.8473557692307693 0.7271634615384616 0.052884615384615384 0.0829326923076923
0 0.9519230769230769 0.7259615384615384 0.052884615384615384 0.0829326923076923
0 0.6947115384615384 0.7091346153846154 0.055288461538461536 0.0829326923076923
0 0.7319711538461539 0.7079326923076923 0.03245192307692308 0.06971153846153846
0 0.6322115384615384 0.7055288461538461 0.039663461538461536 0.06610576923076923
0 0.5865384615384616 0.7055288461538461 0.06129807692307692 0.08774038461538461
0 0.5300480769230769 0.703125 0.042067307692307696 0.06610576923076923
0 0.4831730769230769 0.7019230769230769 0.06129807692307692 0.09014423076923077
0 0.4326923076923077 0.6995192307692307 0.04567307692307692 0.06610576923076923
0 0.39903846153846156 0.6971153846153846 0.021634615384615384 0.09014423076923077
0 0.890625 0.6526442307692307 0.05048076923076923 0.0829326923076923
0 0.9771634615384616 0.6514423076923077 0.04567307692307692 0.07932692307692307
0 0.8149038461538461 0.6502403846153846 0.042067307692307696 0.06370192307692307
0 0.75 0.6334134615384616 0.055288461538461536 0.08774038461538461
0 0.5841346153846154 0.6322115384615384 0.042067307692307696 0.06129807692307692
0 0.6454326923076923 0.6322115384615384 0.05889423076923077 0.0829326923076923
0 0.6826923076923077 0.6298076923076923 0.039663461538461536 0.06370192307692307
0 0.5360576923076923 0.6274038461538461 0.05889423076923077 0.09254807692307693
0 0.4831730769230769 0.625 0.042067307692307696 0.06610576923076923
0 0.3954326923076923 0.6213942307692307 0.013221153846153846 0.06129807692307692
0 0.4326923076923077 0.6213942307692307 0.06370192307692307 0.09014423076923077
0 0.9338942307692307 0.5769230769230769 0.04807692307692308 0.0829326923076923
0 0.8401442307692307 0.5769230769230769 0.05048076923076923 0.0829326923076923
0 0.5889423076923077 0.5540865384615384 0.05889423076923077 0.08533653846153846
0 0.5336538461538461 0.5528846153846154 0.042067307692307696 0.06370192307692307
0 0.640625 0.5504807692307693 0.04807692307692308 0.06971153846153846
0 0.7043269230769231 0.5504807692307693 0.05889423076923077 0.08533653846153846
0 0.4326923076923077 0.5480769230769231 0.04567307692307692 0.06129807692307692
0 0.484375 0.5456730769230769 0.06129807692307692 0.09014423076923077
0 0.39783653846153844 0.5396634615384616 0.018028846153846152 0.08533653846153846
0 0.8149038461538461 0.5120192307692307 0.042067307692307696 0.06370192307692307
0 0.9735576923076923 0.5072115384615384 0.05048076923076923 0.07932692307692307
0 0.8858173076923077 0.5036057692307693 0.04807692307692308 0.07932692307692307
0 0.6850961538461539 0.4855769230769231 0.039663461538461536 0.06610576923076923
0 0.7524038461538461 0.47596153846153844 0.055288461538461536 0.08533653846153846
0 0.5901442307692307 0.47596153846153844 0.04807692307692308 0.07211538461538461
0 0.48197115384615385 0.47475961538461536 0.04567307692307692 0.06129807692307692
0 0.39663461538461536 0.4723557692307692 0.015625 0.06129807692307692
0 0.5348557692307693 0.47115384615384615 0.05889423076923077 0.08533653846153846
0 0.42788461538461536 0.4675480769230769 0.05889423076923077 0.07932692307692307
0 0.6514423076923077 0.46634615384615385 0.05889423076923077 0.07692307692307693
0 0.8509615384615384 0.4483173076923077 0.03245192307692308 0.039663461538461536
0 0.9242788461538461 0.44471153846153844 0.05048076923076923 0.03245192307692308
0 0.828125 0.4423076923076923 0.05048076923076923 0.028846153846153848
0 0.7331730769230769 0.4375 0.039663461538461536 0.018028846153846152