0 0.23677884615384615 0.1045673076923077 0.1141826923076923 0.16466346153846154
0 0.11057692307692307 0.15144230769230768 0.0985576923076923 0.15384615384615385
0 0.026442307692307692 0.18509615384615385 0.052884615384615384 0.12980769230769232
0 0.3173076923076923 0.19951923076923078 0.0985576923076923 0.140625
0 0.15865384615384615 0.29086538461538464 0.0829326923076923 0.11658653846153846
0 0.3449519230769231 0.3786057692307692 0.0829326923076923 0.19471153846153846
0 0.19831730769230768 0.41947115384615385 0.12980769230769232 0.17067307692307693
0 0.32211538461538464 0.4423076923076923 0.109375 0.13822115384615385
0 0.13701923076923078 0.5637019230769231 0.1141826923076923 0.11658653846153846
0 0.17307692307692307 0.027644230769230768 0.09014423076923077 0.055288461538461536
0 0.057692307692307696 0.040865384615384616 0.09134615384615384 0.08173076923076923
0 0.8040865384615384 0.042067307692307696 0.21875 0.08413461538461539
0 0.5973557692307693 0.04927884615384615 0.20432692307692307 0.0985576923076923
0 0.9567307692307693 0.055288461538461536 0.08653846153846154 0.11057692307692307
0 0.5264423076923077 0.17307692307692307 0.17067307692307693 0.24759615384615385
0 0.7091346153846154 0.18028846153846154 0.18028846153846154 0.265625
0 0.8978365384615384 0.18629807692307693 0.16706730769230768 0.25240384615384615
0 0.8822115384615384 0.5324519230769231 0.17307692307692307 0.18028846153846154
0 0.5 0.5336538461538461 0.18028846153846154 0.1778846153846154
0 0.6995192307692307 0.5384615384615384 0.18629807692307693 0.16706730769230768
0 0.43509615384615385 0.03245192307692308 0.0985576923076923 0.06370192307692307
0 0.39903846153846156 0.18389423076923078 0.026442307692307692 0.2283653846153846
0 0.3954326923076923 0.5444711538461539 0.018028846153846152 0.15745192307692307
0 0.2704326923076923 0.8762019230769231 0.23197115384615385 0.24759615384615385
0 0.5793269230769231 0.7163461538461539 0.3088942307692308 0.18870192307692307
0 0.7367788461538461 0.8737980769230769 0.30288461538461536 0.25240384615384615
0 0.4879807692307692 0.8786057692307693 0.20432692307692307 0.24158653846153846