0 0.23557692307692307 0.40865384615384615 0.09735576923076923 0.13701923076923078
0 0.3125 0.4098557692307692 0.037259615384615384 0.042067307692307696
0 0.1310096153846154 0.4579326923076923 0.11298076923076923 0.15504807692307693
0 0.042067307692307696 0.4651442307692308 0.08413461538461539 0.1466346153846154
0 0.29447115384615385 0.49759615384615385 0.08774038461538461 0.12740384615384615
0 0.41225961538461536 0.5036057692307693 0.09014423076923077 0.15264423076923078
0 0.12259615384615384 0.5480769230769231 0.09495192307692307 0.08774038461538461
0 0.03485576923076923 0.5889423076923077 0.06971153846153846 0.08774038461538461
0 0.39663461538461536 0.5985576923076923 0.09735576923076923 0.0673076923076923
0 0.1310096153846154 0.6105769230769231 0.08774038461538461 0.04447115384615385
0 0.3112980769230769 0.6177884615384616 0.0829326923076923 0.030048076923076924
0 0.6454326923076923 0.11298076923076923 0.09014423076923077 0.13701923076923078
0 0.5588942307692307 0.11538461538461539 0.08533653846153846 0.13221153846153846
0 0.9146634615384616 0.11899038461538461 0.0829326923076923 0.125
0 0.8317307692307693 0.12379807692307693 0.0829326923076923 0.12259615384615384
0 0.9567307692307693 0.2247596153846154 0.0829326923076923 0.12259615384615384
0 0.8725961538461539 0.22596153846153846 0.0829326923076923 0.12259615384615384
0 0.7908653846153846 0.2283653846153846 0.08052884615384616 0.12259615384615384
0 0.6045673076923077 0.23076923076923078 0.08774038461538461 0.1346153846153846
0 0.6911057692307693 0.23076923076923078 0.08774038461538461 0.13701923076923078
0 0.5180288461538461 0.23197115384615385 0.08533653846153846 0.13221153846153846
0 0.46634615384615385 0.23317307692307693 0.018028846153846152 0.12740384615384615
0 0.9146634615384616 0.3329326923076923 0.08052884615384616 0.12259615384615384
0 0.8341346153846154 0.33413461538461536 0.08052884615384616 0.125
0 0.6490384615384616 0.3485576923076923 0.08533653846153846 0.13701923076923078
0 0.5612980769230769 0.3485576923076923 0.08774038461538461 0.13221153846153846
0 0.6225961538461539 0.5805288461538461 0.09495192307692307 0.1045673076923077
0 0.5228365384615384 0.5817307692307693 0.09495192307692307 0.10216346153846154
0 0.9254807692307693 0.5829326923076923 0.09975961538461539 0.09975961538461539
0 0.8221153846153846 0.5841346153846154 0.09975961538461539 0.09735576923076923
0 0.018028846153846152 0.8545673076923077 0.03245192307692308 0.04807692307692308
0 0.04927884615384615 0.8557692307692307 0.03245192307692308 0.04807692307692308
0 0.4495192307692308 0.8557692307692307 0.014423076923076924 0.04807692307692308
0 0.08052884615384616 0.8569711538461539 0.03245192307692308 0.04807692307692308
0 0.42908653846153844 0.8569711538461539 0.03245192307692308 0.04807692307692308
0 0.11298076923076923 0.8581730769230769 0.03245192307692308 0.04447115384615385
0 0.39783653846153844 0.8581730769230769 0.03485576923076923 0.04447115384615385
0 0.14423076923076922 0.8581730769230769 0.03245192307692308 0.04447115384615385
0 0.3329326923076923 0.8581730769230769 0.03245192307692308 0.04447115384615385
0 0.36538461538461536 0.8581730769230769 0.03245192307692308 0.04447115384615385
0 0.20673076923076922 0.8581730769230769 0.03245192307692308 0.04447115384615385
0 0.23798076923076922 0.8581730769230769 0.03485576923076923 0.04447115384615385
0 0.17548076923076922 0.8605769230769231 0.030048076923076924 0.04447115384615385
0 0.2692307692307692 0.8605769230769231 0.03245192307692308 0.04447115384615385
0 0.3016826923076923 0.8605769230769231 0.03245192307692308 0.04447115384615385
0 0.009615384615384616 0.8918269230769231 0.019230769230769232 0.04326923076923077
0 0.036057692307692304 0.8930288461538461 0.03245192307692308 0.04447115384615385
0 0.0673076923076923 0.8942307692307693 0.03245192307692308 0.04447115384615385
0 0.09735576923076923 0.8954326923076923 0.03245192307692308 0.04447115384615385
0 0.4411057692307692 0.8942307692307693 0.03245192307692308 0.04807692307692308
0 0.12980769230769232 0.8954326923076923 0.03245192307692308 0.04447115384615385
0 0.4110576923076923 0.8954326923076923 0.03485576923076923 0.04447115384615385
0 0.15985576923076922 0.8966346153846154 0.03245192307692308 0.04447115384615385
0 0.19110576923076922 0.8966346153846154 0.03245192307692308 0.04447115384615385
0 0.22235576923076922 0.8966346153846154 0.03245192307692308 0.04447115384615385
0 0.2536057692307692 0.8966346153846154 0.03245192307692308 0.04447115384615385
0 0.2848557692307692 0.8966346153846154 0.03245192307692308 0.04447115384615385
0 0.3161057692307692 0.8966346153846154 0.03245192307692308 0.04447115384615385
0 0.3473557692307692 0.8966346153846154 0.03245192307692308 0.04447115384615385
0 0.3798076923076923 0.8966346153846154 0.03485576923076923 0.04447115384615385
0 0.02283653846153846 0.9290865384615384 0.03245192307692308 0.04447115384615385
0 0.054086538461538464 0.9302884615384616 0.03245192307692308 0.04447115384615385
0 0.08533653846153846 0.9302884615384616 0.03245192307692308 0.04447115384615385
0 0.11658653846153846 0.9314903846153846 0.03245192307692308 0.04447115384615385
0 0.1466346153846154 0.9314903846153846 0.03245192307692308 0.04447115384615385
0 0.1778846153846154 0.9314903846153846 0.03245192307692308 0.04447115384615385
0 0.4266826923076923 0.9314903846153846 0.03245192307692308 0.04447115384615385
0 0.4483173076923077 0.9302884615384616 0.018028846153846152 0.04447115384615385
0 0.20793269230769232 0.9314903846153846 0.03245192307692308 0.04447115384615385
0 0.23918269230769232 0.9326923076923077 0.03245192307692308 0.04447115384615385
0 0.2704326923076923 0.9326923076923077 0.030048076923076924 0.04447115384615385
0 0.3004807692307692 0.9326923076923077 0.030048076923076924 0.04447115384615385
0 0.3317307692307692 0.9326923076923077 0.03245192307692308 0.04447115384615385
0 0.3942307692307692 0.9326923076923077 0.03245192307692308 0.04447115384615385
0 0.3629807692307692 0.9326923076923077 0.030048076923076924 0.04447115384615385
0 0.010817307692307692 0.9615384615384616 0.021634615384615384 0.04326923076923077
0 0.039663461538461536 0.9651442307692307 0.03245192307692308 0.04447115384615385
0 0.07091346153846154 0.9651442307692307 0.03245192307692308 0.042067307692307696
0 0.10216346153846154 0.9663461538461539 0.03245192307692308 0.04447115384615385
0 0.13221153846153846 0.9663461538461539 0.03245192307692308 0.042067307692307696
0 0.1622596153846154 0.9663461538461539 0.03245192307692308 0.042067307692307696
0 0.1935096153846154 0.9663461538461539 0.03245192307692308 0.042067307692307696
0 0.22355769230769232 0.9663461538461539 0.030048076923076924 0.042067307692307696
0 0.2548076923076923 0.9675480769230769 0.03245192307692308 0.042067307692307696
0 0.43990384615384615 0.9675480769230769 0.03485576923076923 0.04447115384615385
0 0.2848557692307692 0.9675480769230769 0.030048076923076924 0.039663461538461536
0 0.3161057692307692 0.9675480769230769 0.030048076923076924 0.042067307692307696
0 0.37740384615384615 0.9675480769230769 0.030048076923076924 0.042067307692307696
0 0.40865384615384615 0.9675480769230769 0.03245192307692308 0.042067307692307696
0 0.3473557692307692 0.9675480769230769 0.030048076923076924 0.042067307692307696
0 0.004807692307692308 0.9879807692307693 0.009615384615384616 0.02403846153846154
0 0.02403846153846154 0.9867788461538461 0.028846153846153848 0.026442307692307692
0 0.055288461538461536 0.9879807692307693 0.03365384615384615 0.02403846153846154
0 0.08653846153846154 0.9879807692307693 0.028846153846153848 0.02403846153846154
0 0.11658653846153846 0.9879807692307693 0.03125 0.02403846153846154
0 0.1466346153846154 0.9891826923076923 0.028846153846153848 0.021634615384615384
0 0.1778846153846154 0.9891826923076923 0.03365384615384615 0.021634615384615384
0 0.20673076923076922 0.9891826923076923 0.028846153846153848 0.021634615384615384
0 0.23798076923076922 0.9891826923076923 0.03365384615384615 0.021634615384615384
0 0.26802884615384615 0.9891826923076923 0.03125 0.021634615384615384
0 0.2980769230769231 0.9891826923076923 0.03365384615384615 0.021634615384615384
0 0.3293269230769231 0.9891826923076923 0.028846153846153848 0.021634615384615384
0 0.3605769230769231 0.9891826923076923 0.03365384615384615 0.021634615384615384
0 0.390625 0.9891826923076923 0.03125 0.021634615384615384
0 0.421875 0.9891826923076923 0.03125 0.021634615384615384
0 0.44591346153846156 0.9891826923076923 0.021634615384615384 0.021634615384615384
0 0.007211538461538462 0.8161057692307693 0.014423076923076924 0.04807692307692308
0 0.03245192307692308 0.8185096153846154 0.03245192307692308 0.04447115384615385
0 0.4423076923076923 0.8173076923076923 0.030048076923076924 0.04447115384615385
0 0.06370192307692307 0.8185096153846154 0.03245192307692308 0.04447115384615385
0 0.41346153846153844 0.8197115384615384 0.03485576923076923 0.04807692307692308
0 0.09495192307692307 0.8209134615384616 0.03245192307692308 0.04447115384615385
0 0.3485576923076923 0.8209134615384616 0.03245192307692308 0.04807692307692308
0 0.3798076923076923 0.8209134615384616 0.03485576923076923 0.04807692307692308
0 0.12620192307692307 0.8209134615384616 0.03245192307692308 0.04447115384615385
0 0.48197115384615385 0.7079326923076923 0.05048076923076923 0.1502403846153846
0 0.5625 0.7079326923076923 0.11057692307692307 0.1502403846153846
0 0.6742788461538461 0.7103365384615384 0.10697115384615384 0.15504807692307693
0 0.78125 0.7115384615384616 0.10697115384615384 0.15745192307692307
0 0.8918269230769231 0.7115384615384616 0.10697115384615384 0.15745192307692307
0 0.9735576923076923 0.7127403846153846 0.052884615384615384 0.15985576923076922
0 0.5084134615384616 0.8449519230769231 0.10216346153846154 0.15985576923076922
0 0.6153846153846154 0.8473557692307693 0.1045673076923077 0.15985576923076922
0 0.7259615384615384 0.8485576923076923 0.10697115384615384 0.15985576923076922
0 0.9447115384615384 0.8485576923076923 0.10697115384615384 0.15985576923076922
0 0.8353365384615384 0.8485576923076923 0.10697115384615384 0.15985576923076922
0 0.4795673076923077 0.9507211538461539 0.04447115384615385 0.09735576923076923
0 0.5564903846153846 0.9519230769230769 0.10697115384615384 0.09495192307692307
0 0.9723557692307693 0.9519230769230769 0.055288461538461536 0.09495192307692307
0 0.6670673076923077 0.9519230769230769 0.11057692307692307 0.09495192307692307
0 0.7752403846153846 0.953125 0.10817307692307693 0.09375
0 0.8870192307692307 0.953125 0.10576923076923077 0.09375