0 0.13341346153846154 0.24278846153846154 0.21754807692307693 0.32211538461538464
0 0.4170673076923077 0.24759615384615385 0.265625 0.4362980769230769
0 0.014423076923076924 0.3004807692307692 0.028846153846153848 0.44711538461538464
0 0.36658653846153844 0.5012019230769231 0.20192307692307693 0.1778846153846154
0 0.16706730769230768 0.5288461538461539 0.2920673076923077 0.12259615384615384
0 0.15144230769230768 0.037259615384615384 0.30288461538461536 0.07451923076923077
0 0.36538461538461536 0.016826923076923076 0.1875 0.03365384615384615
0 0.7127403846153846 0.30408653846153844 0.140625 0.20192307692307693
0 0.5673076923076923 0.33774038461538464 0.03485576923076923 0.20793269230769232
0 0.9939903846153846 0.3870192307692308 0.01201923076923077 0.1971153846153846
0 0.8894230769230769 0.4651442307692308 0.12980769230769232 0.18389423076923078
0 0.6201923076923077 0.47596153846153844 0.13822115384615385 0.2283653846153846
0 0.7620192307692307 0.5228365384615384 0.12980769230769232 0.13581730769230768
0 0.4951923076923077 0.6454326923076923 0.11177884615384616 0.109375
0 0.47716346153846156 0.8449519230769231 0.1466346153846154 0.27884615384615385
0 0.4699519230769231 0.9927884615384616 0.1622596153846154 0.013221153846153846
0 0.7115384615384616 0.8617788461538461 0.3004807692307692 0.2764423076923077