0 0.3076923076923077 0.27524038461538464 0.21153846153846154 0.30288461538461536
0 0.5252403846153846 0.29927884615384615 0.21153846153846154 0.2980769230769231
0 0.2668269230769231 0.6826923076923077 0.33533653846153844 0.46875
0 0.7247596153846154 0.5060096153846154 0.04326923076923077 0.09254807692307693
0 0.7560096153846154 0.5504807692307693 0.06009615384615385 0.11177884615384616
0 0.8966346153846154 0.6153846153846154 0.057692307692307696 0.09014423076923077
0 0.7259615384615384 0.6550480769230769 0.05048076923076923 0.07091346153846154
0 0.7800480769230769 0.6622596153846154 0.06370192307692307 0.10697115384615384
0 0.9086538461538461 0.7139423076923077 0.06610576923076923 0.11177884615384616
0 0.7367788461538461 0.7403846153846154 0.06009615384615385 0.1045673076923077
0 0.8629807692307693 0.7944711538461539 0.06370192307692307 0.1045673076923077
0 0.9783653846153846 0.8016826923076923 0.04326923076923077 0.1141826923076923