0 0.1875 0.02403846153846154 0.0673076923076923 0.04807692307692308
0 0.1141826923076923 0.02403846153846154 0.06971153846153846 0.04807692307692308
0 0.3293269230769231 0.24519230769230768 0.0733173076923077 0.14423076923076922
0 0.2608173076923077 0.25240384615384615 0.07091346153846154 0.1466346153846154
0 0.12139423076923077 0.2536057692307692 0.06850961538461539 0.13942307692307693
0 0.18990384615384615 0.25961538461538464 0.07091346153846154 0.14182692307692307
0 0.057692307692307696 0.2620192307692308 0.06610576923076923 0.13942307692307693
0 0.96875 0.31009615384615385 0.0625 0.1778846153846154
0 0.8810096153846154 0.3137019230769231 0.10096153846153846 0.171875
0 0.7860576923076923 0.3293269230769231 0.09254807692307693 0.16706730769230768
0 0.6959134615384616 0.3449519230769231 0.08774038461538461 0.1622596153846154
0 0.05048076923076923 0.03365384615384615 0.06610576923076923 0.06610576923076923
0 0.6141826923076923 0.35697115384615385 0.0829326923076923 0.15384615384615385
0 0.5336538461538461 0.36177884615384615 0.078125 0.15384615384615385
0 0.4579326923076923 0.36778846153846156 0.078125 0.1466346153846154
0 0.38341346153846156 0.3737980769230769 0.0733173076923077 0.14903846153846154
0 0.109375 0.3786057692307692 0.06850961538461539 0.13701923076923078
0 0.3125 0.3798076923076923 0.0733173076923077 0.14423076923076922
0 0.24278846153846154 0.38341346153846156 0.06850961538461539 0.14182692307692307
0 0.04447115384615385 0.38341346153846156 0.06610576923076923 0.1346153846153846
0 0.17668269230769232 0.3870192307692308 0.07091346153846154 0.13942307692307693
0 0.9519230769230769 0.04447115384615385 0.09615384615384616 0.08774038461538461
0 0.9423076923076923 0.4639423076923077 0.10336538461538461 0.171875
0 0.8461538461538461 0.4723557692307692 0.09615384615384616 0.16706730769230768
0 0.7536057692307693 0.4831730769230769 0.09014423076923077 0.16466346153846154
0 0.8569711538461539 0.04927884615384615 0.10096153846153846 0.0985576923076923
0 0.6646634615384616 0.4987980769230769 0.08774038461538461 0.15985576923076922
0 0.5829326923076923 0.4987980769230769 0.08533653846153846 0.15384615384615385
0 0.039663461538461536 0.4987980769230769 0.056490384615384616 0.12740384615384615
0 0.421875 0.5036057692307693 0.06370192307692307 0.1466346153846154
0 0.09254807692307693 0.5036057692307693 0.06610576923076923 0.13701923076923078
0 0.2920673076923077 0.5060096153846154 0.07091346153846154 0.14423076923076922
0 0.359375 0.5060096153846154 0.07091346153846154 0.1466346153846154
0 0.22596153846153846 0.5072115384615384 0.06850961538461539 0.14182692307692307
0 0.15865384615384615 0.5084134615384616 0.06610576923076923 0.13701923076923078
0 0.4579326923076923 0.5276442307692307 0.0829326923076923 0.15384615384615385
0 0.7572115384615384 0.054086538461538464 0.09254807692307693 0.10817307692307693
0 0.6658653846153846 0.06009615384615385 0.09014423076923077 0.1201923076923077
0 0.9783653846153846 0.6069711538461539 0.04326923076923077 0.17548076923076922
0 0.9110576923076923 0.6141826923076923 0.0985576923076923 0.171875
0 0.027644230769230768 0.6129807692307693 0.055288461538461536 0.12980769230769232
0 0.08653846153846154 0.6177884615384616 0.06370192307692307 0.12740384615384615
0 0.8149038461538461 0.6201923076923077 0.09254807692307693 0.1622596153846154
0 0.14543269230769232 0.6237980769230769 0.06370192307692307 0.12980769230769232
0 0.34615384615384615 0.6262019230769231 0.07091346153846154 0.12980769230769232
0 0.203125 0.6298076923076923 0.07091346153846154 0.12980769230769232
0 0.27283653846153844 0.6298076923076923 0.07091346153846154 0.1346153846153846
0 0.40024038461538464 0.6298076923076923 0.051682692307692304 0.14423076923076922
0 0.5564903846153846 0.6346153846153846 0.0829326923076923 0.15144230769230768
0 0.7199519230769231 0.6394230769230769 0.09014423076923077 0.15985576923076922
0 0.6370192307692307 0.6418269230769231 0.08533653846153846 0.15384615384615385
0 0.4483173076923077 0.6574519230769231 0.0829326923076923 0.14903846153846154
0 0.5889423076923077 0.06610576923076923 0.08052884615384616 0.13221153846153846
0 0.021634615384615384 0.7259615384615384 0.04326923076923077 0.12980769230769232
0 0.07211538461538461 0.7295673076923077 0.06370192307692307 0.12980769230769232
0 0.13221153846153846 0.7367788461538461 0.05889423076923077 0.13221153846153846
0 0.18389423076923078 0.7475961538461539 0.06370192307692307 0.1346153846153846
0 0.24519230769230768 0.7548076923076923 0.07091346153846154 0.13221153846153846
0 0.9627403846153846 0.7572115384615384 0.0733173076923077 0.171875
0 0.3161057692307692 0.7584134615384616 0.0733173076923077 0.13701923076923078
0 0.38822115384615385 0.7584134615384616 0.07091346153846154 0.13942307692307693
0 0.8786057692307693 0.7680288461538461 0.0985576923076923 0.1622596153846154
0 0.5384615384615384 0.7704326923076923 0.078125 0.1466346153846154
0 0.6165865384615384 0.7704326923076923 0.08052884615384616 0.15144230769230768
0 0.45913461538461536 0.7740384615384616 0.078125 0.1201923076923077
0 0.6947115384615384 0.7764423076923077 0.08774038461538461 0.15384615384615385
0 0.7824519230769231 0.7788461538461539 0.09254807692307693 0.1622596153846154
0 0.0625 0.8377403846153846 0.05889423076923077 0.12980769230769232
0 0.013221153846153846 0.8365384615384616 0.026442307692307692 0.125
0 0.5132211538461539 0.08052884615384616 0.0829326923076923 0.15985576923076922
0 0.12139423076923077 0.8521634615384616 0.06370192307692307 0.12980769230769232
0 0.17668269230769232 0.8569711538461539 0.06129807692307692 0.125
0 0.2247596153846154 0.8689903846153846 0.04927884615384615 0.1346153846153846
0 0.3713942307692308 0.8834134615384616 0.0733173076923077 0.13942307692307693
0 0.4423076923076923 0.8930288461538461 0.07572115384615384 0.14423076923076922
0 0.27283653846153844 0.8966346153846154 0.0733173076923077 0.13942307692307693
0 0.5204326923076923 0.8966346153846154 0.07572115384615384 0.1466346153846154
0 0.5901442307692307 0.9050480769230769 0.08052884615384616 0.15144230769230768
0 0.6682692307692307 0.9134615384615384 0.08533653846153846 0.15745192307692307
0 0.9483173076923077 0.9134615384615384 0.10096153846153846 0.16706730769230768
0 0.8497596153846154 0.9158653846153846 0.09615384615384616 0.1622596153846154
0 0.7548076923076923 0.9194711538461539 0.09014423076923077 0.15745192307692307
0 0.4266826923076923 0.09134615384615384 0.078125 0.15745192307692307
0 0.04927884615384615 0.9411057692307693 0.05889423076923077 0.11778846153846154
0 0.10817307692307693 0.9483173076923077 0.06370192307692307 0.10336538461538461
0 0.16466346153846154 0.9519230769230769 0.06370192307692307 0.09615384615384616
0 0.2247596153846154 0.9567307692307693 0.056490384615384616 0.08533653846153846
0 0.35216346153846156 0.9639423076923077 0.07572115384615384 0.07091346153846154
0 0.35216346153846156 0.10817307692307693 0.07572115384615384 0.15144230769230768
0 0.2824519230769231 0.11538461538461539 0.0733173076923077 0.14903846153846154
0 0.13942307692307693 0.12139423076923077 0.0733173076923077 0.14423076923076922
0 0.21153846153846154 0.12860576923076922 0.0733173076923077 0.14423076923076922
0 0.078125 0.12980769230769232 0.06850961538461539 0.13701923076923078
0 0.027644230769230768 0.1310096153846154 0.055288461538461536 0.13701923076923078
0 0.9170673076923077 0.15985576923076922 0.10336538461538461 0.1814903846153846
0 0.8125 0.16826923076923078 0.0985576923076923 0.171875
0 0.7247596153846154 0.18269230769230768 0.09014423076923077 0.16947115384615385
0 0.6358173076923077 0.19471153846153846 0.0829326923076923 0.1622596153846154
0 0.5564903846153846 0.21754807692307693 0.0829326923076923 0.15745192307692307
0 0.4735576923076923 0.22716346153846154 0.07572115384615384 0.15745192307692307
0 0.4014423076923077 0.23918269230769232 0.07572115384615384 0.15144230769230768
0 0.41947115384615385 0.9711538461538461 0.06490384615384616 0.057692307692307696
0 0.5673076923076923 0.9759615384615384 0.07692307692307693 0.04807692307692308
0 0.640625 0.9807692307692307 0.07451923076923077 0.038461538461538464
0 0.4639423076923077 0.9795673076923077 0.07211538461538461 0.040865384615384616
0 0.25600961538461536 0.018028846153846152 0.06009615384615385 0.036057692307692304
0 0.31971153846153844 0.020432692307692308 0.07692307692307693 0.040865384615384616
0 0.7127403846153846 0.9891826923076923 0.078125 0.021634615384615384
0 0.8100961538461539 0.9867788461538461 0.08533653846153846 0.026442307692307692
0 0.9110576923076923 0.9879807692307693 0.09014423076923077 0.02403846153846154