0 0.07572115384615384 0.15985576923076922 0.1502403846153846 0.24278846153846154
0 0.2548076923076923 0.22355769230769232 0.20432692307692307 0.26322115384615385
0 0.8798076923076923 0.027644230769230768 0.13942307692307693 0.055288461538461536
0 0.7704326923076923 0.13221153846153846 0.18028846153846154 0.2644230769230769
0 0.9002403846153846 0.16947115384615385 0.12980769230769232 0.21394230769230768
0 0.9639423076923077 0.2932692307692308 0.07091346153846154 0.12259615384615384
0 0.7067307692307693 0.2956730769230769 0.17908653846153846 0.11778846153846154
0 0.8569711538461539 0.31490384615384615 0.13822115384615385 0.07932692307692307
0 0.5360576923076923 0.32211538461538464 0.14783653846153846 0.06370192307692307
0 0.016826923076923076 0.8425480769230769 0.03365384615384615 0.05889423076923077
0 0.9579326923076923 0.4026442307692308 0.07451923076923077 0.09735576923076923
0 0.8894230769230769 0.43149038461538464 0.07091346153846154 0.10216346153846154
0 0.8197115384615384 0.46153846153846156 0.06850961538461539 0.10216346153846154
0 0.7548076923076923 0.49158653846153844 0.06370192307692307 0.09975961538461539
0 0.9278846153846154 0.5036057692307693 0.06850961538461539 0.1045673076923077
0 0.8557692307692307 0.5324519230769231 0.06850961538461539 0.1045673076923077
0 0.7884615384615384 0.5637019230769231 0.06370192307692307 0.10216346153846154
0 0.6742788461538461 0.5697115384615384 0.06129807692307692 0.09735576923076923
0 0.9639423076923077 0.5769230769230769 0.07091346153846154 0.10697115384615384
0 0.6153846153846154 0.5913461538461539 0.056490384615384616 0.09495192307692307
0 0.8942307692307693 0.6069711538461539 0.06850961538461539 0.10697115384615384
0 0.5588942307692307 0.6165865384615384 0.056490384615384616 0.09134615384615384
0 0.8245192307692307 0.6346153846153846 0.06850961538461539 0.10697115384615384
0 0.5 0.6346153846153846 0.054086538461538464 0.09134615384615384
0 0.7560096153846154 0.6610576923076923 0.06610576923076923 0.10216346153846154
0 0.5829326923076923 0.6826923076923077 0.056490384615384616 0.09495192307692307
0 0.5252403846153846 0.703125 0.054086538461538464 0.09134615384615384
0 0.6694711538461539 0.7319711538461539 0.06129807692307692 0.09975961538461539
0 0.609375 0.7524038461538461 0.05889423076923077 0.09735576923076923
0 0.5528846153846154 0.7716346153846154 0.056490384615384616 0.09495192307692307
0 0.4951923076923077 0.7908653846153846 0.056490384615384616 0.09134615384615384
0 0.9963942307692307 0.7932692307692307 0.007211538461538462 0.11177884615384616
0 0.9579326923076923 0.8173076923076923 0.07451923076923077 0.11177884615384616
0 0.7932692307692307 0.8677884615384616 0.06850961538461539 0.10697115384615384
0 0.7271634615384616 0.8894230769230769 0.06370192307692307 0.10697115384615384
0 0.9783653846153846 0.9026442307692307 0.04326923076923077 0.11177884615384616
0 0.6622596153846154 0.9086538461538461 0.06370192307692307 0.10216346153846154
0 0.6033653846153846 0.9314903846153846 0.05889423076923077 0.10216346153846154
0 0.7596153846153846 0.9567307692307693 0.06610576923076923 0.08653846153846154
0 0.6935096153846154 0.9663461538461539 0.06610576923076923 0.06610576923076923
0 0.5817307692307693 0.9771634615384616 0.040865384615384616 0.04567307692307692
0 0.5324519230769231 0.9759615384615384 0.054086538461538464 0.04807692307692308
0 0.6298076923076923 0.9771634615384616 0.06129807692307692 0.04567307692307692
0 0.9603365384615384 0.9771634615384616 0.07451923076923077 0.04567307692307692
0 0.4807692307692308 0.9831730769230769 0.054086538461538464 0.03365384615384615