0 0.016826923076923076 0.2776442307692308 0.03365384615384615 0.18028846153846154
0 0.16466346153846154 0.28725961538461536 0.0985576923076923 0.17307692307692307
0 0.4519230769230769 0.41947115384615385 0.15384615384615385 0.18028846153846154
0 0.03365384615384615 0.46033653846153844 0.0673076923076923 0.0985576923076923
0 0.59375 0.04326923076923077 0.09615384615384616 0.08653846153846154
0 0.6911057692307693 0.04447115384615385 0.0889423076923077 0.0889423076923077
0 0.7788461538461539 0.046875 0.08653846153846154 0.09375
0 0.8605769230769231 0.04807692307692308 0.08173076923076923 0.09615384615384616
0 0.9411057692307693 0.05889423076923077 0.08173076923076923 0.09615384615384616
0 0.9879807692307693 0.06370192307692307 0.02403846153846154 0.09375
0 0.6117788461538461 0.23918269230769232 0.09134615384615384 0.10096153846153846
0 0.7043269230769231 0.2403846153846154 0.0889423076923077 0.0985576923076923
0 0.8629807692307693 0.2403846153846154 0.0673076923076923 0.09375
0 0.7956730769230769 0.24158653846153846 0.08653846153846154 0.09375
0 0.953125 0.24158653846153846 0.07932692307692307 0.09375
0 0.9567307692307693 0.42788461538461536 0.07692307692307693 0.09375
0 0.875 0.43149038461538464 0.08173076923076923 0.09615384615384616
0 0.7884615384615384 0.4338942307692308 0.08413461538461539 0.09615384615384616
0 0.6983173076923077 0.4375 0.0889423076923077 0.0985576923076923
0 0.6081730769230769 0.43990384615384615 0.09134615384615384 0.10096153846153846
0 0.057692307692307696 0.8389423076923077 0.05048076923076923 0.055288461538461536
0 0.96875 0.5252403846153846 0.04326923076923077 0.03125
0 0.9242788461538461 0.5252403846153846 0.04567307692307692 0.03125
0 0.8786057692307693 0.5252403846153846 0.04567307692307692 0.03125
0 0.8329326923076923 0.5252403846153846 0.04567307692307692 0.03125
0 0.7872596153846154 0.5264423076923077 0.04567307692307692 0.03365384615384615
0 0.7415865384615384 0.5264423076923077 0.04567307692307692 0.03365384615384615
0 0.6947115384615384 0.5264423076923077 0.04807692307692308 0.03365384615384615
0 0.6502403846153846 0.5264423076923077 0.04567307692307692 0.03365384615384615
0 0.5612980769230769 0.5276442307692307 0.04567307692307692 0.036057692307692304
0 0.6069711538461539 0.5276442307692307 0.04567307692307692 0.036057692307692304
0 0.9002403846153846 0.5637019230769231 0.04567307692307692 0.0625
0 0.9459134615384616 0.5637019230769231 0.04567307692307692 0.06490384615384616
0 0.8545673076923077 0.5637019230769231 0.04567307692307692 0.0625
0 0.8100961538461539 0.5637019230769231 0.04807692307692308 0.0625
0 0.7632211538461539 0.5649038461538461 0.04807692307692308 0.0625
0 0.71875 0.5649038461538461 0.04567307692307692 0.0625
0 0.6730769230769231 0.5661057692307693 0.04567307692307692 0.06009615384615385
0 0.6286057692307693 0.5661057692307693 0.04326923076923077 0.0625
0 0.5456730769230769 0.5649038461538461 0.03365384615384615 0.0625
0 0.5841346153846154 0.5661057692307693 0.04326923076923077 0.06009615384615385
0 0.9194711538461539 0.6153846153846154 0.04567307692307692 0.0625
0 0.9639423076923077 0.6153846153846154 0.04567307692307692 0.06009615384615385
0 0.875 0.6153846153846154 0.04567307692307692 0.0625
0 0.8293269230769231 0.6153846153846154 0.04807692307692308 0.06009615384615385
0 0.7848557692307693 0.6165865384615384 0.04567307692307692 0.0625
0 0.7391826923076923 0.6165865384615384 0.04567307692307692 0.0625
0 0.6947115384615384 0.6165865384615384 0.04567307692307692 0.06009615384615385
0 0.5348557692307693 0.6165865384615384 0.01201923076923077 0.06009615384615385
0 0.6502403846153846 0.6165865384615384 0.04326923076923077 0.0625
0 0.6069711538461539 0.6165865384615384 0.04326923076923077 0.0625
0 0.5625 0.6177884615384616 0.04326923076923077 0.06009615384615385
0 0.5456730769230769 0.6646634615384616 0.03365384615384615 0.06009615384615385
0 0.9387019230769231 0.6658653846153846 0.04326923076923077 0.06009615384615385
0 0.7608173076923077 0.6670673076923077 0.04567307692307692 0.0625
0 0.8052884615384616 0.6670673076923077 0.04567307692307692 0.06009615384615385
0 0.8942307692307693 0.6670673076923077 0.04326923076923077 0.0625
0 0.8497596153846154 0.6670673076923077 0.04567307692307692 0.0625
0 0.5853365384615384 0.6670673076923077 0.04326923076923077 0.06009615384615385
0 0.6274038461538461 0.6670673076923077 0.04326923076923077 0.06009615384615385
0 0.671875 0.6670673076923077 0.04567307692307692 0.06009615384615385
0 0.7151442307692307 0.6670673076923077 0.04567307692307692 0.0625
0 0.5348557692307693 0.7139423076923077 0.01201923076923077 0.057692307692307696
0 0.5637019230769231 0.7151442307692307 0.04326923076923077 0.06009615384615385
0 0.6057692307692307 0.7163461538461539 0.04326923076923077 0.06009615384615385
0 0.6490384615384616 0.7163461538461539 0.04326923076923077 0.06009615384615385
0 0.78125 0.7163461538461539 0.04567307692307692 0.06009615384615385
0 0.9567307692307693 0.7163461538461539 0.04326923076923077 0.06009615384615385
0 0.8257211538461539 0.7163461538461539 0.04567307692307692 0.06009615384615385
0 0.8701923076923077 0.7163461538461539 0.04567307692307692 0.0625
0 0.9146634615384616 0.7163461538461539 0.04326923076923077 0.06009615384615385
0 0.6935096153846154 0.7163461538461539 0.04326923076923077 0.06009615384615385
0 0.7379807692307693 0.7175480769230769 0.04567307692307692 0.06009615384615385
0 0.5456730769230769 0.7620192307692307 0.03365384615384615 0.057692307692307696
0 0.5853365384615384 0.7632211538461539 0.04326923076923077 0.057692307692307696
0 0.6274038461538461 0.7644230769230769 0.04326923076923077 0.057692307692307696
0 0.6706730769230769 0.7644230769230769 0.04326923076923077 0.06009615384615385
0 0.7139423076923077 0.7644230769230769 0.04567307692307692 0.06009615384615385
0 0.7584134615384616 0.765625 0.04326923076923077 0.057692307692307696
0 0.8016826923076923 0.765625 0.04567307692307692 0.06009615384615385
0 0.9338942307692307 0.765625 0.04326923076923077 0.06009615384615385
0 0.8461538461538461 0.765625 0.04567307692307692 0.06009615384615385
0 0.890625 0.765625 0.04567307692307692 0.06009615384615385
0 0.5360576923076923 0.8100961538461539 0.014423076923076924 0.057692307692307696
0 0.5637019230769231 0.8100961538461539 0.04326923076923077 0.057692307692307696
0 0.6057692307692307 0.8112980769230769 0.04326923076923077 0.057692307692307696
0 0.6490384615384616 0.8112980769230769 0.04326923076923077 0.057692307692307696
0 0.6911057692307693 0.8125 0.04326923076923077 0.06009615384615385
0 0.734375 0.8125 0.04567307692307692 0.06009615384615385
0 0.7776442307692307 0.8137019230769231 0.04326923076923077 0.06009615384615385
0 0.8221153846153846 0.8137019230769231 0.04326923076923077 0.06009615384615385
0 0.9098557692307693 0.8137019230769231 0.04326923076923077 0.06009615384615385
0 0.953125 0.8137019230769231 0.04326923076923077 0.06009615384615385
0 0.8665865384615384 0.8149038461538461 0.04326923076923077 0.06009615384615385
0 0.5853365384615384 0.8581730769230769 0.04326923076923077 0.057692307692307696
0 0.6274038461538461 0.8581730769230769 0.04326923076923077 0.057692307692307696
0 0.5456730769230769 0.8569711538461539 0.03365384615384615 0.055288461538461536
0 0.6694711538461539 0.859375 0.04326923076923077 0.057692307692307696
0 0.7127403846153846 0.859375 0.04326923076923077 0.057692307692307696
0 0.7548076923076923 0.8605769230769231 0.04326923076923077 0.06009615384615385
0 0.7980769230769231 0.8605769230769231 0.04326923076923077 0.057692307692307696
0 0.9278846153846154 0.8617788461538461 0.04326923076923077 0.06009615384615385
0 0.8413461538461539 0.8617788461538461 0.04567307692307692 0.057692307692307696
0 0.8846153846153846 0.8617788461538461 0.04326923076923077 0.06009615384615385
0 0.5360576923076923 0.9026442307692307 0.014423076923076924 0.055288461538461536
0 0.5649038461538461 0.9038461538461539 0.04326923076923077 0.057692307692307696
0 0.6057692307692307 0.9050480769230769 0.04326923076923077 0.057692307692307696
0 0.6478365384615384 0.9050480769230769 0.04326923076923077 0.057692307692307696
0 0.6899038461538461 0.90625 0.04326923076923077 0.057692307692307696
0 0.7331730769230769 0.9074519230769231 0.04326923076923077 0.057692307692307696
0 0.7764423076923077 0.9086538461538461 0.04567307692307692 0.057692307692307696
0 0.8185096153846154 0.9086538461538461 0.04326923076923077 0.057692307692307696
0 0.8617788461538461 0.9086538461538461 0.04326923076923077 0.057692307692307696
0 0.9050480769230769 0.9098557692307693 0.04326923076923077 0.057692307692307696
0 0.9471153846153846 0.9122596153846154 0.04326923076923077 0.057692307692307696
0 0.5456730769230769 0.9483173076923077 0.03365384615384615 0.055288461538461536
0 0.5853365384615384 0.9507211538461539 0.04326923076923077 0.057692307692307696
0 0.6274038461538461 0.9507211538461539 0.04326923076923077 0.057692307692307696
0 0.6694711538461539 0.953125 0.04326923076923077 0.057692307692307696
0 0.7115384615384616 0.953125 0.04326923076923077 0.057692307692307696
0 0.7536057692307693 0.9543269230769231 0.04326923076923077 0.055288461538461536
0 0.7956730769230769 0.9543269230769231 0.04326923076923077 0.057692307692307696
0 0.9230769230769231 0.9543269230769231 0.04326923076923077 0.057692307692307696
0 0.8377403846153846 0.9555288461538461 0.04326923076923077 0.057692307692307696
0 0.8810096153846154 0.9555288461538461 0.04326923076923077 0.057692307692307696
0 0.5360576923076923 0.9831730769230769 0.014423076923076924 0.03365384615384615
0 0.5637019230769231 0.9831730769230769 0.040865384615384616 0.03365384615384615
0 0.6045673076923077 0.9831730769230769 0.040865384615384616 0.03365384615384615
0 0.6466346153846154 0.984375 0.04326923076923077 0.03125
0 0.6887019230769231 0.984375 0.040865384615384616 0.03125
0 0.7307692307692307 0.984375 0.04326923076923077 0.03125
0 0.9411057692307693 0.9855769230769231 0.040865384615384616 0.028846153846153848
0 0.7740384615384616 0.9855769230769231 0.04326923076923077 0.028846153846153848
0 0.8149038461538461 0.9855769230769231 0.04326923076923077 0.028846153846153848
0 0.9014423076923077 0.9855769230769231 0.04326923076923077 0.028846153846153848
0 0.8581730769230769 0.9855769230769231 0.04326923076923077 0.028846153846153848