0 0.04927884615384615 0.28966346153846156 0.09735576923076923 0.17908653846153846
0 0.17908653846153846 0.29086538461538464 0.14783653846153846 0.1814903846153846
0 0.3293269230769231 0.2956730769230769 0.15504807692307693 0.1814903846153846
0 0.47596153846153844 0.29447115384615385 0.12620192307692307 0.19471153846153846
0 0.1141826923076923 0.4074519230769231 0.1346153846153846 0.09975961538461539
0 0.015625 0.40625 0.03125 0.10216346153846154
0 0.25240384615384615 0.4110576923076923 0.14182692307692307 0.09495192307692307
0 0.4026442307692308 0.41346153846153844 0.15745192307692307 0.0889423076923077
0 0.42427884615384615 0.11899038461538461 0.17668269230769232 0.21634615384615385
0 0.24879807692307693 0.12139423076923077 0.16346153846153846 0.20552884615384615
0 0.08052884615384616 0.12379807692307693 0.16105769230769232 0.20552884615384615
0 0.036057692307692304 0.02283653846153846 0.07091346153846154 0.04447115384615385
0 0.1466346153846154 0.014423076923076924 0.15504807692307693 0.028846153846153848
0 0.3317307692307692 0.010817307692307692 0.17427884615384615 0.021634615384615384
0 0.4879807692307692 0.016826923076923076 0.10216346153846154 0.03365384615384615
0 0.6081730769230769 0.17427884615384615 0.13701923076923078 0.3473557692307692
0 0.7211538461538461 0.19110576923076922 0.1502403846153846 0.31850961538461536
0 0.9483173076923077 0.20673076923076922 0.10216346153846154 0.3557692307692308
0 0.6538461538461539 0.41586538461538464 0.13942307692307693 0.08413461538461539
0 0.890625 0.4182692307692308 0.203125 0.07932692307692307
0 0.8209134615384616 0.018028846153846152 0.2091346153846154 0.036057692307692304
0 0.9290865384615384 0.021634615384615384 0.14182692307692307 0.042067307692307696
0 0.47596153846153844 0.8004807692307693 0.12620192307692307 0.24158653846153846
0 0.12139423076923077 0.8918269230769231 0.17908653846153846 0.21634615384615385
0 0.36177884615384615 0.9074519230769231 0.14423076923076922 0.18389423076923078
0 0.2644230769230769 0.9471153846153846 0.15504807692307693 0.10576923076923077
0 0.09375 0.5516826923076923 0.18629807692307693 0.18629807692307693
0 0.3425480769230769 0.6622596153846154 0.13942307692307693 0.25841346153846156
0 0.030048076923076924 0.7055288461538461 0.06009615384615385 0.31009615384615385
0 0.21153846153846154 0.7512019230769231 0.16346153846153846 0.26802884615384615
0 0.7992788461538461 0.49759615384615385 0.10817307692307693 0.07932692307692307
0 0.5973557692307693 0.5444711538461539 0.11538461538461539 0.17427884615384615
0 0.9699519230769231 0.5661057692307693 0.06009615384615385 0.16346153846153846
0 0.8485576923076923 0.5673076923076923 0.13701923076923078 0.18629807692307693
0 0.6490384615384616 0.7115384615384616 0.12860576923076922 0.16346153846153846
0 0.7824519230769231 0.7211538461538461 0.1346153846153846 0.17067307692307693
0 0.9254807692307693 0.7211538461538461 0.1310096153846154 0.17427884615384615
0 0.9747596153846154 0.8894230769230769 0.05048076923076923 0.18389423076923078
0 0.7536057692307693 0.8894230769230769 0.1346153846153846 0.1658653846153846
0 0.8882211538461539 0.8918269230769231 0.12860576923076922 0.17427884615384615
0 0.6009615384615384 0.9098557692307693 0.125 0.18028846153846154
0 0.5745192307692307 0.9735576923076923 0.07091346153846154 0.052884615384615384
0 0.9435096153846154 0.9807692307692307 0.11298076923076923 0.038461538461538464
0 0.9471153846153846 0.47475961538461536 0.03125 0.03365384615384615
0 0.9855769230769231 0.4723557692307692 0.028846153846153848 0.028846153846153848