0 0.28125 0.4495192307692308 0.10216346153846154 0.06370192307692307
0 0.390625 0.4495192307692308 0.10216346153846154 0.06370192307692307
0 0.17908653846153846 0.4483173076923077 0.10216346153846154 0.0673076923076923
0 0.052884615384615384 0.4411057692307692 0.10216346153846154 0.08052884615384616
0 0.12259615384615384 0.36177884615384615 0.0985576923076923 0.15264423076923078
0 0.33653846153846156 0.36177884615384615 0.10216346153846154 0.15264423076923078
0 0.4326923076923077 0.3605769230769231 0.08052884615384616 0.1502403846153846
0 0.23317307692307693 0.3581730769230769 0.1045673076923077 0.15504807692307693
0 0.026442307692307692 0.3425480769230769 0.052884615384615384 0.15504807692307693
0 0.46274038461538464 0.23317307692307693 0.021634615384615384 0.15504807692307693
0 0.390625 0.23076923076923078 0.10216346153846154 0.1466346153846154
0 0.17668269230769232 0.22956730769230768 0.10216346153846154 0.1502403846153846
0 0.0733173076923077 0.22956730769230768 0.10216346153846154 0.15504807692307693
0 0.2848557692307692 0.22716346153846154 0.10216346153846154 0.1502403846153846
0 0.4326923076923077 0.1045673076923077 0.08052884615384616 0.15504807692307693
0 0.33774038461538464 0.0985576923076923 0.10216346153846154 0.15745192307692307
0 0.23076923076923078 0.09615384615384616 0.10216346153846154 0.15504807692307693
0 0.036057692307692304 0.09495192307692307 0.07211538461538461 0.15264423076923078
0 0.12379807692307693 0.09254807692307693 0.10216346153846154 0.15264423076923078
0 0.39302884615384615 0.02283653846153846 0.10216346153846154 0.04567307692307692
0 0.28725961538461536 0.021634615384615384 0.0985576923076923 0.04326923076923077
0 0.1814903846153846 0.019230769230769232 0.10216346153846154 0.037259615384615384
0 0.07091346153846154 0.016826923076923076 0.10336538461538461 0.03365384615384615
0 0.13221153846153846 0.8822115384615384 0.06370192307692307 0.12259615384615384
0 0.2091346153846154 0.7992788461538461 0.05889423076923077 0.109375
0 0.05048076923076923 0.7692307692307693 0.06370192307692307 0.11778846153846154
0 0.2692307692307692 0.7548076923076923 0.06129807692307692 0.109375
0 0.11057692307692307 0.6742788461538461 0.06370192307692307 0.11177884615384616
0 0.22596153846153846 0.6538461538461539 0.04807692307692308 0.10216346153846154
0 0.0829326923076923 0.6081730769230769 0.06370192307692307 0.11177884615384616
0 0.2608173076923077 0.6045673076923077 0.0673076923076923 0.12259615384615384
0 0.016826923076923076 0.5673076923076923 0.03365384615384615 0.09615384615384616
0 0.056490384615384616 0.5661057692307693 0.05889423076923077 0.1045673076923077
0 0.41586538461538464 0.5336538461538461 0.06370192307692307 0.0985576923076923
0 0.12980769230769232 0.5288461538461539 0.0673076923076923 0.09615384615384616
0 0.22596153846153846 0.5036057692307693 0.056490384615384616 0.04567307692307692
0 0.2860576923076923 0.5108173076923077 0.06971153846153846 0.05889423076923077
0 0.07451923076923077 0.4963942307692308 0.06370192307692307 0.028846153846153848
0 0.8978365384615384 0.9411057692307693 0.203125 0.11778846153846154
0 0.6310096153846154 0.9326923076923077 0.3161057692307692 0.13341346153846154
0 0.9903846153846154 0.8125 0.019230769230769232 0.21875
0 0.8100961538461539 0.796875 0.33413461538461536 0.22235576923076922
0 0.5997596153846154 0.6538461538461539 0.2536057692307692 0.22716346153846154
0 0.9158653846153846 0.6117788461538461 0.16826923076923078 0.22956730769230768
0 0.7403846153846154 0.5348557692307693 0.3425480769230769 0.10697115384615384