0 0.5144230769230769 0.3701923076923077 0.10216346153846154 0.13942307692307693
0 0.9002403846153846 0.38461538461538464 0.078125 0.13341346153846154
0 0.7379807692307693 0.38822115384615385 0.08774038461538461 0.1466346153846154
0 0.6346153846153846 0.39302884615384615 0.09375 0.1502403846153846
0 0.28125 0.40865384615384615 0.11778846153846154 0.17067307692307693
0 0.46274038461538464 0.5072115384615384 0.16346153846153846 0.24879807692307693
0 0.7992788461538461 0.5204326923076923 0.078125 0.1502403846153846
0 0.7211538461538461 0.5396634615384616 0.09134615384615384 0.15264423076923078
0 0.6394230769230769 0.5637019230769231 0.08774038461538461 0.17067307692307693
0 0.36177884615384615 0.5997596153846154 0.11778846153846154 0.17067307692307693
0 0.5612980769230769 0.6201923076923077 0.13581730769230768 0.21634615384615385
0 0.7548076923076923 0.6358173076923077 0.08052884615384616 0.09134615384615384
0 0.2283653846153846 0.671875 0.17427884615384615 0.23798076923076922
0 0.6358173076923077 0.8473557692307693 0.08774038461538461 0.15264423076923078
0 0.8329326923076923 0.8485576923076923 0.13341346153846154 0.22716346153846154
0 0.37259615384615385 0.8689903846153846 0.109375 0.16346153846153846
0 0.5168269230769231 0.8834134615384616 0.16346153846153846 0.23317307692307693
0 0.5685096153846154 0.9290865384615384 0.11538461538461539 0.14182692307692307
0 0.22235576923076922 0.9591346153846154 0.15625 0.08173076923076923