0 0.9591346153846154 0.1935096153846154 0.08173076923076923 0.15144230769230768
0 0.8125 0.20192307692307693 0.24639423076923078 0.20192307692307693
0 0.6057692307692307 0.2091346153846154 0.18509615384615385 0.14903846153846154
0 0.39663461538461536 0.21754807692307693 0.2439903846153846 0.20192307692307693
0 0.19951923076923078 0.21995192307692307 0.1778846153846154 0.14903846153846154
0 0.052884615384615384 0.23076923076923078 0.1045673076923077 0.20192307692307693
0 0.828125 0.3641826923076923 0.1875 0.1466346153846154
0 0.9567307692307693 0.36538461538461536 0.08533653846153846 0.18990384615384615
0 0.421875 0.37740384615384615 0.18028846153846154 0.1466346153846154
0 0.6213942307692307 0.3798076923076923 0.24158653846153846 0.19230769230769232
0 0.2127403846153846 0.390625 0.2439903846153846 0.1971153846153846
0 0.052884615384615384 0.3918269230769231 0.1045673076923077 0.14903846153846154
0 0.6310096153846154 0.5324519230769231 0.18269230769230768 0.13942307692307693
0 0.8341346153846154 0.5336538461538461 0.24158653846153846 0.18990384615384615
0 0.8040865384615384 0.054086538461538464 0.1875 0.10697115384615384
0 0.2283653846153846 0.5456730769230769 0.18028846153846154 0.13942307692307693
0 0.4206730769230769 0.5492788461538461 0.23197115384615385 0.1875
0 0.06850961538461539 0.5637019230769231 0.13701923076923078 0.19471153846153846
0 0.3918269230769231 0.0625 0.1875 0.12379807692307693
0 0.8365384615384616 0.6826923076923077 0.18509615384615385 0.13221153846153846
0 0.44350961538461536 0.6935096153846154 0.18269230769230768 0.13942307692307693
0 0.6394230769230769 0.6983173076923077 0.23677884615384615 0.18509615384615385
0 0.23317307692307693 0.7139423076923077 0.23918269230769232 0.18990384615384615
0 0.5925480769230769 0.07211538461538461 0.24879807692307693 0.14423076923076922
0 0.17668269230769232 0.078125 0.24639423076923078 0.15625
0 0.6490384615384616 0.84375 0.1778846153846154 0.1346153846153846
0 0.26322115384615385 0.8497596153846154 0.18028846153846154 0.12980769230769232
0 0.8497596153846154 0.8497596153846154 0.234375 0.1875
0 0.45072115384615385 0.8653846153846154 0.23197115384615385 0.18509615384615385
0 0.0829326923076923 0.8834134615384616 0.1658653846153846 0.19471153846153846
0 0.2704326923076923 0.9603365384615384 0.23798076923076922 0.07932692307692307
0 0.6610576923076923 0.9603365384615384 0.23557692307692307 0.07932692307692307
0 0.859375 0.9627403846153846 0.18990384615384615 0.07451923076923077
0 0.040865384615384616 0.06971153846153846 0.08173076923076923 0.13942307692307693
0 0.9459134615384616 0.0625 0.10697115384615384 0.12379807692307693
0 0.9699519230769231 0.5168269230769231 0.06009615384615385 0.14903846153846154
0 0.06850961538461539 0.7103365384615384 0.13701923076923078 0.1466346153846154
0 0.9615384615384616 0.6887019230769231 0.07692307692307693 0.18509615384615385
0 0.9747596153846154 0.8293269230769231 0.05048076923076923 0.1346153846153846
0 0.08052884615384616 0.9723557692307693 0.16105769230769232 0.055288461538461536
0 0.4699519230769231 0.9651442307692307 0.18509615384615385 0.06971153846153846