0 0.3401442307692308 0.24158653846153846 0.2848557692307692 0.125
0 0.6430288461538461 0.09615384615384616 0.17908653846153846 0.19110576923076922
0 0.9350961538461539 0.13221153846153846 0.12980769230769232 0.2403846153846154
0 0.5985576923076923 0.17427884615384615 0.14182692307692307 0.1622596153846154
0 0.7692307692307693 0.18389423076923078 0.14423076923076922 0.14182692307692307
0 0.14182692307692307 0.8112980769230769 0.051682692307692304 0.056490384615384616
0 0.6033653846153846 0.4387019230769231 0.11778846153846154 0.17427884615384615
0 0.7487980769230769 0.546875 0.13942307692307693 0.203125
0 0.9002403846153846 0.6057692307692307 0.13942307692307693 0.20552884615384615
0 0.9831730769230769 0.65625 0.03365384615384615 0.20192307692307693
0 0.5925480769230769 0.6706730769230769 0.12259615384615384 0.17427884615384615
0 0.6730769230769231 0.8497596153846154 0.13942307692307693 0.19831730769230768
0 0.9651442307692307 0.8978365384615384 0.06850961538461539 0.203125
0 0.5625 0.90625 0.07211538461538461 0.1875
0 0.8473557692307693 0.9326923076923077 0.125 0.1346153846153846