0 0.3798076923076923 0.20432692307692307 0.171875 0.234375
0 0.7259615384615384 0.34134615384615385 0.09375 0.0829326923076923
0 0.6742788461538461 0.31490384615384615 0.046875 0.13581730769230768
0 0.7776442307692307 0.2247596153846154 0.09615384615384616 0.31490384615384615
0 0.8509615384615384 0.2536057692307692 0.078125 0.25721153846153844
0 0.9206730769230769 0.27884615384615385 0.07572115384615384 0.20793269230769232
0 0.6935096153846154 0.15384615384615385 0.08653846153846154 0.3076923076923077
0 0.9771634615384616 0.33653846153846156 0.04567307692307692 0.09134615384615384
0 0.018028846153846152 0.7475961538461539 0.036057692307692304 0.12980769230769232
0 0.09375 0.7091346153846154 0.1141826923076923 0.13822115384615385
0 0.5132211538461539 0.7055288461538461 0.13221153846153846 0.16105769230769232
0 0.21153846153846154 0.6995192307692307 0.109375 0.13581730769230768
0 0.04807692307692308 0.6394230769230769 0.09615384615384616 0.12259615384615384
0 0.14783653846153846 0.6105769230769231 0.109375 0.12740384615384615
0 0.26322115384615385 0.6105769230769231 0.10697115384615384 0.125
0 0.43149038461538464 0.5564903846153846 0.12740384615384615 0.15144230769230768
0 0.5637019230769231 0.5336538461538461 0.12740384615384615 0.15144230769230768
0 0.015625 0.5180288461538461 0.03125 0.1201923076923077
0 0.19951923076923078 0.4987980769230769 0.109375 0.11778846153846154
0 0.08413461538461539 0.4723557692307692 0.10697115384615384 0.125
0 0.48677884615384615 0.44350961538461536 0.125 0.12259615384615384
0 0.6009615384615384 0.4338942307692308 0.0985576923076923 0.10096153846153846
0 0.6129807692307693 0.8725961538461539 0.07572115384615384 0.15625
0 0.9122596153846154 0.8930288461538461 0.17427884615384615 0.21394230769230768
0 0.8076923076923077 0.7115384615384616 0.24519230769230768 0.24519230769230768
0 0.9663461538461539 0.6887019230769231 0.0673076923076923 0.24278846153846154
0 0.8918269230769231 0.49759615384615385 0.21634615384615385 0.22956730769230768