0 0.06370192307692307 0.33413461538461536 0.12740384615384615 0.20192307692307693
0 0.43990384615384615 0.3173076923076923 0.14423076923076922 0.21394230769230768
0 0.296875 0.25721153846153844 0.14182692307692307 0.21153846153846154
0 0.5288461538461539 0.19471153846153846 0.057692307692307696 0.21153846153846154
0 0.010817307692307692 0.18389423076923078 0.021634615384615384 0.21394230769230768
0 0.12860576923076922 0.15625 0.1466346153846154 0.21875
0 0.43509615384615385 0.1045673076923077 0.13701923076923078 0.20673076923076922
0 0.2932692307692308 0.07572115384615384 0.1346153846153846 0.15144230769230768
0 0.04447115384615385 0.05048076923076923 0.0889423076923077 0.10096153846153846
0 0.5216346153846154 0.04326923076923077 0.07211538461538461 0.08653846153846154
0 0.16826923076923078 0.038461538461538464 0.13221153846153846 0.07692307692307693
0 0.38461538461538464 0.010817307692307692 0.12980769230769232 0.021634615384615384
0 0.3233173076923077 0.41225961538461536 0.13942307692307693 0.10697115384615384
0 0.5348557692307693 0.38461538461538464 0.04447115384615385 0.1622596153846154
0 0.18509615384615385 0.38341346153846156 0.13221153846153846 0.16466346153846154
0 0.6382211538461539 0.41586538461538464 0.057692307692307696 0.09975961538461539
0 0.7427884615384616 0.40384615384615385 0.0673076923076923 0.12139423076923077
0 0.8473557692307693 0.3713942307692308 0.0673076923076923 0.13701923076923078
0 0.6165865384615384 0.2620192307692308 0.06009615384615385 0.12379807692307693
0 0.6887019230769231 0.23677884615384615 0.06490384615384616 0.13221153846153846
0 0.765625 0.18269230769230768 0.06971153846153846 0.13221153846153846
0 0.4519230769230769 0.9146634615384616 0.15865384615384615 0.17067307692307693
0 0.7788461538461539 0.7319711538461539 0.4423076923076923 0.5360576923076923