0 0.5420673076923077 0.33653846153846156 0.054086538461538464 0.2091346153846154
0 0.27524038461538464 0.33533653846153844 0.15865384615384615 0.21153846153846154
0 0.4375 0.33653846153846156 0.1502403846153846 0.2091346153846154
0 0.036057692307692304 0.3317307692307692 0.07091346153846154 0.21995192307692307
0 0.5048076923076923 0.14783653846153846 0.12740384615384615 0.234375
0 0.3605769230769231 0.14783653846153846 0.15865384615384615 0.23677884615384615
0 0.1971153846153846 0.1466346153846154 0.15865384615384615 0.2403846153846154
0 0.06850961538461539 0.14423076923076922 0.13221153846153846 0.22716346153846154
0 0.036057692307692304 0.03365384615384615 0.07091346153846154 0.06610576923076923
0 0.2776442307692308 0.030048076923076924 0.15625 0.06009615384615385
0 0.43509615384615385 0.030048076923076924 0.15384615384615385 0.06009615384615385
0 0.9603365384615384 0.16105769230769232 0.07932692307692307 0.2247596153846154
0 0.018028846153846152 0.9134615384615384 0.036057692307692304 0.17307692307692307
0 0.08052884615384616 0.8725961538461539 0.10697115384615384 0.18389423076923078
0 0.21514423076923078 0.7716346153846154 0.10697115384615384 0.16346153846153846
0 0.06850961538461539 0.7584134615384616 0.1045673076923077 0.14783653846153846
0 0.1622596153846154 0.6454326923076923 0.10216346153846154 0.16826923076923078
0 0.02283653846153846 0.6177884615384616 0.04567307692307692 0.16826923076923078
0 0.39903846153846156 0.5985576923076923 0.109375 0.16826923076923078
0 0.25240384615384615 0.5913461538461539 0.10697115384615384 0.17307692307692307
0 0.4963942307692308 0.5372596153846154 0.11538461538461539 0.17548076923076922
0 0.9050480769230769 0.8966346153846154 0.06370192307692307 0.0889423076923077
0 0.8413461538461539 0.8737980769230769 0.06610576923076923 0.08653846153846154
0 0.9651442307692307 0.8677884615384616 0.06370192307692307 0.08653846153846154
0 0.7908653846153846 0.8149038461538461 0.06610576923076923 0.0889423076923077
0 0.9146634615384616 0.8076923076923077 0.06370192307692307 0.08413461538461539
0 0.8533653846153846 0.7848557692307693 0.06610576923076923 0.08413461538461539
0 0.9711538461538461 0.7764423076923077 0.057692307692307696 0.08653846153846154
0 0.8040865384615384 0.7307692307692307 0.06610576923076923 0.08413461538461539
0 0.9254807692307693 0.7247596153846154 0.06370192307692307 0.08653846153846154
0 0.8617788461538461 0.703125 0.06370192307692307 0.08413461538461539
0 0.9639423076923077 0.7007211538461539 0.056490384615384616 0.07451923076923077
0 0.9927884615384616 0.6766826923076923 0.014423076923076924 0.07932692307692307
0 0.6947115384615384 0.6754807692307693 0.06850961538461539 0.09134615384615384
0 0.9014423076923077 0.6610576923076923 0.06129807692307692 0.04807692307692308
0 0.7584134615384616 0.6466346153846154 0.06850961538461539 0.0889423076923077
0 0.9495192307692307 0.6201923076923077 0.06129807692307692 0.07932692307692307
0 0.6418269230769231 0.6177884615384616 0.06850961538461539 0.09134615384615384
0 0.8221153846153846 0.6129807692307693 0.06850961538461539 0.0889423076923077
0 0.9867788461538461 0.5925480769230769 0.025240384615384616 0.07932692307692307
0 0.8822115384615384 0.5913461538461539 0.05889423076923077 0.07932692307692307
0 0.7079326923076923 0.5853365384615384 0.07091346153846154 0.08653846153846154
0 0.7704326923076923 0.5540865384615384 0.06850961538461539 0.0889423076923077
0 0.9326923076923077 0.5420673076923077 0.06129807692307692 0.07692307692307693
0 0.8353365384615384 0.5264423076923077 0.06610576923076923 0.08413461538461539
0 0.6550480769230769 0.5264423076923077 0.06610576923076923 0.08653846153846154
0 0.9795673076923077 0.5192307692307693 0.040865384615384616 0.07932692307692307
0 0.7199519230769231 0.4987980769230769 0.06850961538461539 0.08653846153846154
0 0.7824519230769231 0.47596153846153844 0.06850961538461539 0.06850961538461539
0 0.6670673076923077 0.4651442307692308 0.06370192307692307 0.04807692307692308
0 0.7271634615384616 0.4519230769230769 0.06129807692307692 0.020432692307692308
0 0.8990384615384616 0.4579326923076923 0.06370192307692307 0.03365384615384615
0 0.6189903846153846 0.453125 0.06370192307692307 0.02283653846153846
0 0.9855769230769231 0.9591346153846154 0.027644230769230768 0.08173076923076923