0 0.15264423076923078 0.19951923076923078 0.30408653846153844 0.39903846153846156
0 0.9423076923076923 0.08653846153846154 0.1141826923076923 0.17307692307692307
0 0.7716346153846154 0.08653846153846154 0.23317307692307693 0.17307692307692307
0 0.6826923076923077 0.3004807692307692 0.1622596153846154 0.3629807692307692
0 0.8858173076923077 0.3016826923076923 0.2283653846153846 0.3605769230769231
0 0.9447115384615384 0.49158653846153844 0.11057692307692307 0.12259615384615384
0 0.7644230769230769 0.49399038461538464 0.25841346153846156 0.11899038461538461
0 0.25600961538461536 0.5841346153846154 0.11177884615384616 0.06129807692307692
0 0.36778846153846156 0.5841346153846154 0.11177884615384616 0.06129807692307692
0 0.4807692307692308 0.5853365384615384 0.109375 0.06370192307692307
0 0.5709134615384616 0.5865384615384616 0.06129807692307692 0.06610576923076923
0 0.04447115384615385 0.5853365384615384 0.0889423076923077 0.06370192307692307
0 0.14423076923076922 0.5865384615384616 0.11177884615384616 0.06610576923076923
0 0.19831730769230768 0.6754807692307693 0.10697115384615384 0.1622596153846154
0 0.3125 0.6754807692307693 0.11177884615384616 0.1622596153846154
0 0.4254807692307692 0.6766826923076923 0.109375 0.1622596153846154
0 0.5360576923076923 0.6778846153846154 0.11177884615384616 0.1622596153846154
0 0.015625 0.6766826923076923 0.030048076923076924 0.16466346153846154
0 0.08653846153846154 0.6802884615384616 0.11177884615384616 0.1622596153846154
0 0.36658653846153844 0.8161057692307693 0.11177884615384616 0.16466346153846154
0 0.4807692307692308 0.8161057692307693 0.10697115384615384 0.1622596153846154
0 0.2548076923076923 0.8161057692307693 0.109375 0.1622596153846154
0 0.5685096153846154 0.8161057692307693 0.06610576923076923 0.16466346153846154
0 0.14182692307692307 0.8185096153846154 0.11177884615384616 0.1622596153846154
0 0.042067307692307696 0.8209134615384616 0.08413461538461539 0.15985576923076922
0 0.013221153846153846 0.9375 0.025240384615384616 0.12379807692307693
0 0.08413461538461539 0.9387019230769231 0.11177884615384616 0.12139423076923077
0 0.5360576923076923 0.9387019230769231 0.11177884615384616 0.12139423076923077
0 0.3088942307692308 0.9399038461538461 0.109375 0.11899038461538461
0 0.421875 0.9399038461538461 0.11177884615384616 0.11899038461538461
0 0.19951923076923078 0.9399038461538461 0.109375 0.11899038461538461
0 0.9759615384615384 0.8016826923076923 0.04807692307692308 0.3557692307692308
0 0.7512019230769231 0.8173076923076923 0.13942307692307693 0.2848557692307692