0 0.22716346153846154 0.35216346153846156 0.0829326923076923 0.1141826923076923
0 0.14302884615384615 0.3245192307692308 0.07572115384615384 0.10096153846153846
0 0.054086538461538464 0.2932692307692308 0.07091346153846154 0.09375
0 0.4098557692307692 0.2776442307692308 0.038461538461538464 0.07091346153846154
0 0.36658653846153844 0.26802884615384615 0.08052884615384616 0.10336538461538461
0 0.007211538461538462 0.25841346153846156 0.014423076923076924 0.10336538461538461
0 0.2860576923076923 0.24759615384615385 0.08052884615384616 0.10576923076923077
0 0.10697115384615384 0.22716346153846154 0.07091346153846154 0.09134615384615384
0 0.20793269230769232 0.22596153846153846 0.078125 0.10336538461538461
0 0.036057692307692304 0.19471153846153846 0.07091346153846154 0.09375
0 0.40384615384615385 0.18629807692307693 0.05048076923076923 0.10576923076923077
0 0.3401442307692308 0.1658653846153846 0.08052884615384616 0.10336538461538461
0 0.25961538461538464 0.14543269230769232 0.07572115384615384 0.10096153846153846
0 0.09014423076923077 0.13221153846153846 0.07091346153846154 0.09134615384615384
0 0.03365384615384615 0.12860576923076922 0.05048076923076923 0.057692307692307696
0 0.18269230769230768 0.12620192307692307 0.0733173076923077 0.10096153846153846
0 0.006009615384615385 0.109375 0.01201923076923077 0.06490384615384616
0 0.36658653846153844 0.109375 0.052884615384615384 0.08052884615384616
0 0.31009615384615385 0.06850961538461539 0.078125 0.10096153846153846
0 0.140625 0.052884615384615384 0.07091346153846154 0.09134615384615384
0 0.23197115384615385 0.05048076923076923 0.078125 0.09375
0 0.06971153846153846 0.039663461538461536 0.06850961538461539 0.078125
0 0.40384615384615385 0.030048076923076924 0.05048076923076923 0.06009615384615385
0 0.018028846153846152 0.025240384615384616 0.03485576923076923 0.05048076923076923
0 0.3425480769230769 0.019230769230769232 0.0733173076923077 0.038461538461538464
0 0.265625 0.013221153846153846 0.07091346153846154 0.025240384615384616
0 0.18870192307692307 0.009615384615384616 0.07451923076923077 0.019230769230769232
0 0.1201923076923077 0.002403846153846154 0.06850961538461539 0.004807692307692308
0 0.2980769230769231 0.45913461538461536 0.11057692307692307 0.05048076923076923
0 0.02403846153846154 0.4579326923076923 0.04807692307692308 0.052884615384615384
0 0.18269230769230768 0.44471153846153844 0.1141826923076923 0.08052884615384616
0 0.07572115384615384 0.4266826923076923 0.11057692307692307 0.11658653846153846
0 0.35697115384615385 0.3942307692307692 0.10576923076923077 0.14423076923076922
0 0.007211538461538462 0.3870192307692308 0.014423076923076924 0.13942307692307693
0 0.6382211538461539 0.24519230769230768 0.078125 0.11899038461538461
0 0.45552884615384615 0.20072115384615385 0.052884615384615384 0.13942307692307693
0 0.5973557692307693 0.16826923076923078 0.09375 0.13942307692307693
0 0.6935096153846154 0.14783653846153846 0.09615384615384616 0.14423076923076922
0 0.7920673076923077 0.13942307692307693 0.09615384615384616 0.14423076923076922
0 0.4723557692307692 0.06370192307692307 0.08533653846153846 0.12620192307692307
0 0.5600961538461539 0.056490384615384616 0.09134615384615384 0.11298076923076923
0 0.65625 0.04807692307692308 0.09134615384615384 0.09615384615384616
0 0.8449519230769231 0.042067307692307696 0.09375 0.0829326923076923
0 0.75 0.039663461538461536 0.09615384615384616 0.078125
0 0.7175480769230769 0.47596153846153844 0.040865384615384616 0.018028846153846152
0 0.34375 0.9663461538461539 0.057692307692307696 0.0673076923076923
0 0.04447115384615385 0.8942307692307693 0.055288461538461536 0.07572115384615384
0 0.31850961538461536 0.90625 0.057692307692307696 0.078125
0 0.20192307692307693 0.9927884615384616 0.057692307692307696 0.014423076923076924
0 0.20793269230769232 0.8966346153846154 0.055288461538461536 0.07572115384615384
0 0.26322115384615385 0.9002403846153846 0.057692307692307696 0.07572115384615384
0 0.23557692307692307 0.8353365384615384 0.055288461538461536 0.0733173076923077
0 0.1778846153846154 0.9603365384615384 0.055288461538461536 0.078125
0 0.41466346153846156 0.7860576923076923 0.030048076923076924 0.0733173076923077
0 0.26322115384615385 0.7776442307692307 0.055288461538461536 0.0733173076923077
0 0.3173076923076923 0.7788461538461539 0.055288461538461536 0.0733173076923077
0 0.15625 0.7728365384615384 0.052884615384615384 0.0733173076923077
0 0.12379807692307693 0.9579326923076923 0.055288461538461536 0.078125
0 0.34615384615384615 0.8449519230769231 0.057692307692307696 0.07572115384615384
0 0.23197115384615385 0.9615384615384616 0.055288461538461536 0.07572115384615384
0 0.40024038461538464 0.8461538461538461 0.057692307692307696 0.07572115384615384
0 0.23677884615384615 0.7175480769230769 0.052884615384615384 0.07091346153846154
0 0.15264423076923078 0.8954326923076923 0.055288461538461536 0.0733173076923077
0 0.02403846153846154 0.8293269230769231 0.04807692307692308 0.0733173076923077
0 0.3737980769230769 0.9086538461538461 0.057692307692307696 0.07572115384615384
0 0.41586538461538464 0.9098557692307693 0.027644230769230768 0.078125
0 0.0985576923076923 0.8942307692307693 0.055288461538461536 0.07572115384615384
0 0.40024038461538464 0.9675480769230769 0.055288461538461536 0.06490384615384616
0 0.07451923076923077 0.8317307692307693 0.052884615384615384 0.0733173076923077
0 0.37259615384615385 0.7836538461538461 0.057692307692307696 0.07572115384615384
0 0.1814903846153846 0.8341346153846154 0.055288461538461536 0.0733173076923077
0 0.28846153846153844 0.9639423076923077 0.057692307692307696 0.07211538461538461
0 0.3449519230769231 0.7211538461538461 0.055288461538461536 0.0733173076923077
0 0.1466346153846154 0.9915865384615384 0.057692307692307696 0.016826923076923076
0 0.020432692307692308 0.9603365384615384 0.040865384615384616 0.078125
0 0.03365384615384615 0.9927884615384616 0.057692307692307696 0.014423076923076924
0 0.007211538461538462 0.8954326923076923 0.014423076923076924 0.07451923076923077
0 0.12860576923076922 0.8329326923076923 0.052884615384615384 0.0733173076923077
0 0.29086538461538464 0.8389423076923077 0.055288461538461536 0.07572115384615384
0 0.013221153846153846 0.7692307692307693 0.025240384615384616 0.0733173076923077
0 0.18509615384615385 0.7163461538461539 0.052884615384615384 0.07091346153846154
0 0.1045673076923077 0.7716346153846154 0.052884615384615384 0.0733173076923077
0 0.39903846153846156 0.7247596153846154 0.055288461538461536 0.0733173076923077
0 0.051682692307692304 0.7716346153846154 0.055288461538461536 0.07091346153846154
0 0.265625 0.6598557692307693 0.052884615384615384 0.07091346153846154
0 0.08173076923076923 0.7139423076923077 0.052884615384615384 0.07091346153846154
0 0.3713942307692308 0.6634615384615384 0.055288461538461536 0.0733173076923077
0 0.2091346153846154 0.7752403846153846 0.052884615384615384 0.0733173076923077
0 0.29086538461538464 0.71875 0.052884615384615384 0.0733173076923077
0 0.13341346153846154 0.7151442307692307 0.052884615384615384 0.07091346153846154
0 0.2920673076923077 0.6033653846153846 0.052884615384615384 0.06850961538461539
0 0.21153846153846154 0.6586538461538461 0.052884615384615384 0.06850961538461539
0 0.41346153846153844 0.6670673076923077 0.03245192307692308 0.07091346153846154
0 0.15985576923076922 0.6574519230769231 0.052884615384615384 0.07091346153846154
0 0.34375 0.6045673076923077 0.055288461538461536 0.06850961538461539
0 0.030048076923076924 0.7115384615384616 0.052884615384615384 0.07091346153846154
0 0.057692307692307696 0.6538461538461539 0.052884615384615384 0.06850961538461539
0 0.39663461538461536 0.6069711538461539 0.055288461538461536 0.06850961538461539
0 0.09134615384615384 0.9915865384615384 0.057692307692307696 0.016826923076923076
0 0.3173076923076923 0.6610576923076923 0.055288461538461536 0.07091346153846154
0 0.2403846153846154 0.6033653846153846 0.05048076923076923 0.06850961538461539
0 0.21634615384615385 0.546875 0.052884615384615384 0.06850961538461539
0 0.109375 0.6550480769230769 0.052884615384615384 0.07091346153846154
0 0.004807692307692308 0.5973557692307693 0.009615384615384616 0.06850961538461539
0 0.08653846153846154 0.5997596153846154 0.052884615384615384 0.06850961538461539
0 0.4110576923076923 0.5492788461538461 0.03485576923076923 0.06850961538461539
0 0.31850961538461536 0.5480769230769231 0.052884615384615384 0.06850961538461539
0 0.2668269230769231 0.5480769230769231 0.052884615384615384 0.06850961538461539
0 0.3701923076923077 0.5492788461538461 0.052884615384615384 0.06850961538461539
0 0.18870192307692307 0.6021634615384616 0.052884615384615384 0.06850961538461539
0 0.16466346153846154 0.546875 0.052884615384615384 0.06850961538461539
0 0.2920673076923077 0.5048076923076923 0.052884615384615384 0.040865384615384616
0 0.036057692307692304 0.5985576923076923 0.05048076923076923 0.06850961538461539
0 0.020432692307692308 0.5420673076923077 0.040865384615384616 0.06850961538461539
0 0.016826923076923076 0.6526442307692307 0.03245192307692308 0.06850961538461539
0 0.19230769230769232 0.5048076923076923 0.05048076923076923 0.040865384615384616
0 0.2403846153846154 0.5048076923076923 0.05048076923076923 0.040865384615384616
0 0.1141826923076923 0.5456730769230769 0.052884615384615384 0.06850961538461539
0 0.13822115384615385 0.5997596153846154 0.05048076923076923 0.06850961538461539
0 0.3425480769230769 0.5060096153846154 0.052884615384615384 0.04326923076923077
0 0.3942307692307692 0.5060096153846154 0.05048076923076923 0.04326923076923077
0 0.06370192307692307 0.5444711538461539 0.05048076923076923 0.06850961538461539
0 0.14182692307692307 0.5048076923076923 0.05048076923076923 0.040865384615384616
0 0.040865384615384616 0.5024038461538461 0.05048076923076923 0.03485576923076923
0 0.09134615384615384 0.5036057692307693 0.05048076923076923 0.038461538461538464
0 0.007211538461538462 0.5 0.014423076923076924 0.03365384615384615
0 0.06850961538461539 0.9579326923076923 0.057692307692307696 0.078125
0 0.9543269230769231 0.9639423076923077 0.09134615384615384 0.07211538461538461
0 0.4891826923076923 0.9603365384615384 0.11899038461538461 0.078125
0 0.6454326923076923 0.9615384615384616 0.16947115384615385 0.07572115384615384
0 0.8221153846153846 0.9579326923076923 0.17427884615384615 0.0829326923076923
0 0.44711538461538464 0.8389423076923077 0.03485576923076923 0.24759615384615385
0 0.9915865384615384 0.8341346153846154 0.016826923076923076 0.24519230769230768
0 0.7319711538461539 0.8329326923076923 0.16706730769230768 0.25240384615384615
0 0.5649038461538461 0.8317307692307693 0.16706730769230768 0.25
0 0.9014423076923077 0.8209134615384616 0.16466346153846154 0.25
0 0.4951923076923077 0.6201923076923077 0.1310096153846154 0.24519230769230768
0 0.9543269230769231 0.6141826923076923 0.09134615384615384 0.24278846153846154
0 0.6550480769230769 0.6069711538461539 0.16466346153846154 0.24519230769230768
0 0.8209134615384616 0.6045673076923077 0.16706730769230768 0.2403846153846154