0 0.04326923076923077 0.43149038461538464 0.078125 0.1141826923076923
0 0.0829326923076923 0.5216346153846154 0.0673076923076923 0.09615384615384616
0 0.021634615384615384 0.5216346153846154 0.04326923076923077 0.09615384615384616
0 0.22355769230769232 0.5192307692307693 0.0733173076923077 0.10096153846153846
0 0.15384615384615385 0.5216346153846154 0.0673076923076923 0.09615384615384616
0 0.27163461538461536 0.5264423076923077 0.02403846153846154 0.0889423076923077
0 0.7536057692307693 0.10697115384615384 0.15384615384615385 0.15865384615384615
0 0.9651442307692307 0.021634615384615384 0.06971153846153846 0.04326923076923077
0 0.9038461538461539 0.23197115384615385 0.09375 0.13581730769230768
0 0.984375 0.24519230769230768 0.03125 0.13581730769230768
0 0.8221153846153846 0.37259615384615385 0.15384615384615385 0.15865384615384615
0 0.6826923076923077 0.37259615384615385 0.13581730769230768 0.14543269230769232
0 0.5733173076923077 0.3713942307692308 0.109375 0.13581730769230768
0 0.4735576923076923 0.3605769230769231 0.0985576923076923 0.125
0 0.4050480769230769 0.3581730769230769 0.10096153846153846 0.12740384615384615
0 0.3293269230769231 0.35697115384615385 0.08052884615384616 0.109375
0 0.2980769230769231 0.34975961538461536 0.028846153846153848 0.10096153846153846
0 0.9038461538461539 0.4987980769230769 0.09375 0.14302884615384615
0 0.9759615384615384 0.4951923076923077 0.046875 0.12980769230769232
0 0.7127403846153846 0.5540865384615384 0.13221153846153846 0.03125
0 0.5877403846153846 0.546875 0.11778846153846154 0.046875
0 0.4807692307692308 0.5384615384615384 0.10697115384615384 0.0625
0 0.40024038461538464 0.5372596153846154 0.08653846153846154 0.06490384615384616
0 0.3233173076923077 0.5288461538461539 0.078125 0.0829326923076923
0 0.41346153846153844 0.1502403846153846 0.09134615384615384 0.13221153846153846
0 0.33774038461538464 0.16105769230769232 0.06490384615384616 0.1201923076923077
0 0.2956730769230769 0.16947115384615385 0.02403846153846154 0.109375
0 0.6129807692307693 0.125 0.125 0.15625
0 0.5036057692307693 0.13822115384615385 0.1045673076923077 0.13221153846153846
0 0.051682692307692304 0.7115384615384616 0.10336538461538461 0.16826923076923078
0 0.23317307692307693 0.78125 0.09615384615384616 0.15144230769230768
0 0.13701923076923078 0.8149038461538461 0.0829326923076923 0.12740384615384615
0 0.2620192307692308 0.9170673076923077 0.04447115384615385 0.1141826923076923
0 0.055288461538461536 0.9471153846153846 0.08173076923076923 0.10576923076923077
0 0.2668269230769231 0.6286057692307693 0.03365384615384615 0.11778846153846154
0 0.18269230769230768 0.6454326923076923 0.0889423076923077 0.13822115384615385
0 0.90625 0.6286057692307693 0.1201923076923077 0.11778846153846154
0 0.7115384615384616 0.7716346153846154 0.13822115384615385 0.234375
0 0.8641826923076923 0.7716346153846154 0.125 0.22115384615384615
0 0.6009615384615384 0.9242788461538461 0.12980769230769232 0.15144230769230768
0 0.9230769230769231 0.9266826923076923 0.11778846153846154 0.14543269230769232
0 0.7944711538461539 0.9290865384615384 0.13221153846153846 0.14182692307692307