0 0.36899038461538464 0.3173076923076923 0.057692307692307696 0.09134615384615384
0 0.0889423076923077 0.3161057692307692 0.055288461538461536 0.0829326923076923
0 0.5600961538461539 0.3137019230769231 0.05048076923076923 0.08533653846153846
0 0.46634615384615385 0.3112980769230769 0.057692307692307696 0.0889423076923077
0 0.25600961538461536 0.30288461538461536 0.06009615384615385 0.09375
0 0.004807692307692308 0.3004807692307692 0.009615384615384616 0.08052884615384616
0 0.15504807692307693 0.29447115384615385 0.06009615384615385 0.0889423076923077
0 0.026442307692307692 0.2764423076923077 0.052884615384615384 0.0889423076923077
0 0.41947115384615385 0.2644230769230769 0.055288461538461536 0.08533653846153846
0 0.3137019230769231 0.25841346153846156 0.06009615384615385 0.0889423076923077
0 0.5132211538461539 0.25721153846153844 0.05048076923076923 0.07572115384615384
0 0.1141826923076923 0.25 0.057692307692307696 0.08533653846153846
0 0.22355769230769232 0.24278846153846154 0.052884615384615384 0.078125
0 0.5673076923076923 0.2247596153846154 0.038461538461538464 0.08533653846153846
0 0.36658653846153844 0.22235576923076922 0.06009615384615385 0.0889423076923077
0 0.4675480769230769 0.22115384615384615 0.055288461538461536 0.078125
0 0.016826923076923076 0.21875 0.03245192307692308 0.078125
0 0.2608173076923077 0.20793269230769232 0.06009615384615385 0.0889423076923077
0 0.17427884615384615 0.203125 0.052884615384615384 0.08052884615384616
0 0.5144230769230769 0.17908653846153846 0.055288461538461536 0.078125
0 0.32091346153846156 0.16706730769230768 0.055288461538461536 0.08052884615384616
0 0.1201923076923077 0.16346153846153846 0.057692307692307696 0.0829326923076923
0 0.22235576923076922 0.16105769230769232 0.055288461538461536 0.078125
0 0.036057692307692304 0.1502403846153846 0.055288461538461536 0.0829326923076923
0 0.5588942307692307 0.140625 0.052884615384615384 0.078125
0 0.46634615384615385 0.13822115384615385 0.057692307692307696 0.08533653846153846
0 0.3713942307692308 0.12980769230769232 0.057692307692307696 0.078125
0 0.26802884615384615 0.1201923076923077 0.06009615384615385 0.08052884615384616
0 0.17908653846153846 0.11778846153846154 0.055288461538461536 0.08052884615384616
0 0.09375 0.11177884615384616 0.055288461538461536 0.078125
0 0.5180288461538461 0.09615384615384616 0.057692307692307696 0.078125
0 0.4170673076923077 0.09254807692307693 0.057692307692307696 0.0889423076923077
0 0.039663461538461536 0.09254807692307693 0.05048076923076923 0.05048076923076923
0 0.3233173076923077 0.08533653846153846 0.055288461538461536 0.078125
0 0.2247596153846154 0.07692307692307693 0.055288461538461536 0.0829326923076923
0 0.15144230769230768 0.07451923076923077 0.05048076923076923 0.0733173076923077
0 0.015625 0.06490384615384616 0.030048076923076924 0.0733173076923077
0 0.07692307692307693 0.06370192307692307 0.05048076923076923 0.06850961538461539
0 0.5649038461538461 0.054086538461538464 0.04326923076923077 0.0889423076923077
0 0.46875 0.051682692307692304 0.057692307692307696 0.08533653846153846
0 0.3701923076923077 0.04447115384615385 0.057692307692307696 0.0829326923076923
0 0.28365384615384615 0.039663461538461536 0.05048076923076923 0.078125
0 0.12740384615384615 0.03365384615384615 0.04807692307692308 0.0673076923076923
0 0.18028846153846154 0.03485576923076923 0.052884615384615384 0.06971153846153846
0 0.04927884615384615 0.030048076923076924 0.04326923076923077 0.06009615384615385
0 0.5192307692307693 0.02403846153846154 0.057692307692307696 0.04807692307692308
0 0.32572115384615385 0.020432692307692308 0.055288461538461536 0.040865384615384616
0 0.4182692307692308 0.02283653846153846 0.057692307692307696 0.04567307692307692
0 0.08052884615384616 0.014423076923076924 0.05048076923076923 0.027644230769230768
0 0.21995192307692307 0.013221153846153846 0.055288461538461536 0.025240384615384616
0 0.36778846153846156 0.37740384615384615 0.057692307692307696 0.02283653846153846
0 0.46634615384615385 0.375 0.057692307692307696 0.027644230769230768
0 0.5552884615384616 0.37740384615384615 0.055288461538461536 0.02283653846153846
0 0.2548076923076923 0.36778846153846156 0.06009615384615385 0.04326923076923077
0 0.12259615384615384 0.35336538461538464 0.057692307692307696 0.07091346153846154
0 0.03245192307692308 0.35096153846153844 0.055288461538461536 0.07572115384615384
0 0.4182692307692308 0.34975961538461536 0.052884615384615384 0.078125
0 0.515625 0.34975961538461536 0.055288461538461536 0.078125
0 0.3112980769230769 0.3425480769230769 0.057692307692307696 0.08533653846153846
0 0.20673076923076922 0.3389423076923077 0.06009615384615385 0.09134615384615384
0 0.9375 0.07692307692307693 0.125 0.15384615384615385
0 0.7704326923076923 0.05048076923076923 0.20192307692307693 0.10096153846153846
0 0.5072115384615384 0.8245192307692307 0.09134615384615384 0.1310096153846154
0 0.41586538461538464 0.8233173076923077 0.0889423076923077 0.12620192307692307
0 0.3245192307692308 0.8233173076923077 0.0889423076923077 0.12620192307692307
0 0.5697115384615384 0.8233173076923077 0.03245192307692308 0.1310096153846154
0 0.23076923076923078 0.8233173076923077 0.0889423076923077 0.12860576923076922
0 0.13942307692307693 0.8209134615384616 0.09134615384615384 0.13341346153846154
0 0.052884615384615384 0.8173076923076923 0.08533653846153846 0.12620192307692307
0 0.46033653846153844 0.7139423076923077 0.09134615384615384 0.13581730769230768
0 0.3701923076923077 0.7103365384615384 0.08533653846153846 0.13341346153846154
0 0.27884615384615385 0.7103365384615384 0.08533653846153846 0.12860576923076922
0 0.5492788461538461 0.7091346153846154 0.0733173076923077 0.1310096153846154
0 0.18509615384615385 0.7067307692307693 0.0889423076923077 0.1310096153846154
0 0.09495192307692307 0.7055288461538461 0.0889423076923077 0.12620192307692307
0 0.02403846153846154 0.7019230769230769 0.04807692307692308 0.12620192307692307
0 0.5072115384615384 0.5985576923076923 0.0889423076923077 0.1310096153846154
0 0.5721153846153846 0.5973557692307693 0.027644230769230768 0.13341346153846154
0 0.3269230769230769 0.5973557692307693 0.09134615384615384 0.12860576923076922
0 0.4170673076923077 0.5961538461538461 0.0889423076923077 0.12620192307692307
0 0.14302884615384615 0.59375 0.0889423076923077 0.12620192307692307
0 0.23197115384615385 0.5925480769230769 0.09134615384615384 0.13341346153846154
0 0.054086538461538464 0.5925480769230769 0.0889423076923077 0.12860576923076922
0 0.5480769230769231 0.4831730769230769 0.07572115384615384 0.13341346153846154
0 0.3737980769230769 0.4831730769230769 0.08533653846153846 0.1310096153846154
0 0.46033653846153844 0.48197115384615385 0.0889423076923077 0.1310096153846154
0 0.18870192307692307 0.47836538461538464 0.08533653846153846 0.13341346153846154
0 0.02283653846153846 0.47716346153846156 0.04567307692307692 0.1310096153846154
0 0.27884615384615385 0.47716346153846156 0.09134615384615384 0.12860576923076922
0 0.09495192307692307 0.47716346153846156 0.09134615384615384 0.12860576923076922
0 0.5048076923076923 0.9927884615384616 0.09134615384615384 0.014423076923076924
0 0.4110576923076923 0.9927884615384616 0.09134615384615384 0.014423076923076924
0 0.31850961538461536 0.9915865384615384 0.0889423076923077 0.016826923076923076
0 0.2283653846153846 0.9903846153846154 0.08653846153846154 0.019230769230769232
0 0.13822115384615385 0.9903846153846154 0.0889423076923077 0.019230769230769232
0 0.4170673076923077 0.4110576923076923 0.08533653846153846 0.04567307692307692
0 0.5084134615384616 0.4110576923076923 0.0889423076923077 0.04567307692307692
0 0.3269230769230769 0.40865384615384615 0.0889423076923077 0.040865384615384616
0 0.23197115384615385 0.40865384615384615 0.09134615384615384 0.040865384615384616
0 0.14302884615384615 0.40865384615384615 0.0889423076923077 0.040865384615384616
0 0.04927884615384615 0.40865384615384615 0.09375 0.040865384615384616
0 0.046875 0.9891826923076923 0.08413461538461539 0.021634615384615384
0 0.3701923076923077 0.9362980769230769 0.0889423076923077 0.12620192307692307
0 0.546875 0.9362980769230769 0.078125 0.12620192307692307
0 0.18269230769230768 0.9350961538461539 0.0889423076923077 0.12860576923076922
0 0.27403846153846156 0.9350961538461539 0.0889423076923077 0.12860576923076922
0 0.45913461538461536 0.9338942307692307 0.08533653846153846 0.1310096153846154
0 0.02403846153846154 0.9314903846153846 0.04807692307692308 0.1310096153846154
0 0.09495192307692307 0.9302884615384616 0.0829326923076923 0.12860576923076922
0 0.9242788461538461 0.7247596153846154 0.15144230769230768 0.2980769230769231
0 0.7668269230769231 0.7055288461538461 0.16466346153846154 0.2980769230769231
0 0.6346153846153846 0.6862980769230769 0.0985576923076923 0.2980769230769231
0 0.9723557692307693 0.5060096153846154 0.055288461538461536 0.234375
0 0.8617788461538461 0.49759615384615385 0.16466346153846154 0.21754807692307693
0 0.6947115384615384 0.49038461538461536 0.16706730769230768 0.20192307692307693