0 0.055288461538461536 0.359375 0.11057692307692307 0.09014423076923077
0 0.2800480769230769 0.3545673076923077 0.125 0.10096153846153846
0 0.4879807692307692 0.35336538461538464 0.05889423076923077 0.10336538461538461
0 0.16947115384615385 0.36177884615384615 0.0985576923076923 0.08533653846153846
0 0.37740384615384615 0.3557692307692308 0.0985576923076923 0.0985576923076923
0 0.4326923076923077 0.2548076923076923 0.12740384615384615 0.19831730769230768
0 0.19591346153846154 0.2512019230769231 0.12740384615384615 0.19831730769230768
0 0.09735576923076923 0.23677884615384615 0.09254807692307693 0.15745192307692307
0 0.31490384615384615 0.23557692307692307 0.10096153846153846 0.15144230769230768
0 0.484375 0.11057692307692307 0.06610576923076923 0.19110576923076922
0 0.375 0.10697115384615384 0.09254807692307693 0.1466346153846154
0 0.15985576923076922 0.10216346153846154 0.0985576923076923 0.1466346153846154
0 0.04927884615384615 0.09495192307692307 0.0985576923076923 0.18870192307692307
0 0.2704326923076923 0.09254807692307693 0.12740384615384615 0.18509615384615385
0 0.31971153846153844 0.016826923076923076 0.09615384615384616 0.03365384615384615
0 0.0889423076923077 0.015625 0.08653846153846154 0.03125
0 0.4387019230769231 0.02283653846153846 0.12259615384615384 0.04567307692307692
0 0.18870192307692307 0.016826923076923076 0.12740384615384615 0.03365384615384615
0 0.6586538461538461 0.26322115384615385 0.17908653846153846 0.2824519230769231
0 0.9735576923076923 0.25721153846153844 0.052884615384615384 0.2932692307692308
0 0.5420673076923077 0.2536057692307692 0.04927884615384615 0.3016826923076923
0 0.8485576923076923 0.24639423076923078 0.20072115384615385 0.3161057692307692
0 0.5985576923076923 0.07932692307692307 0.16346153846153846 0.15865384615384615
0 0.9314903846153846 0.06971153846153846 0.13701923076923078 0.13942307692307693
0 0.7740384615384616 0.06610576923076923 0.1814903846153846 0.13221153846153846
0 0.06971153846153846 0.9627403846153846 0.06129807692307692 0.0733173076923077
0 0.47475961538461536 0.9603365384615384 0.06129807692307692 0.078125
0 0.140625 0.9579326923076923 0.06129807692307692 0.0829326923076923
0 0.20432692307692307 0.9567307692307693 0.06129807692307692 0.08533653846153846
0 0.33653846153846156 0.9254807692307693 0.07572115384615384 0.1201923076923077
0 0.41346153846153844 0.9146634615384616 0.06850961538461539 0.08774038461538461
0 0.10216346153846154 0.8990384615384616 0.07091346153846154 0.11298076923076923
0 0.25721153846153844 0.8966346153846154 0.078125 0.125
0 0.18389423076923078 0.8858173076923077 0.06610576923076923 0.11298076923076923
0 0.03245192307692308 0.8786057692307693 0.06370192307692307 0.1201923076923077
0 0.4254807692307692 0.8245192307692307 0.08533653846153846 0.13701923076923078
0 0.0673076923076923 0.8161057692307693 0.078125 0.12740384615384615
0 0.3173076923076923 0.8125 0.08052884615384616 0.12259615384615384
0 0.2247596153846154 0.796875 0.06610576923076923 0.11057692307692307
0 0.14302884615384615 0.7956730769230769 0.06850961538461539 0.11057692307692307
0 0.014423076923076924 0.7800480769230769 0.028846153846153848 0.11057692307692307
0 0.49038461538461536 0.7692307692307693 0.054086538461538464 0.11778846153846154
0 0.27524038461538464 0.7223557692307693 0.08533653846153846 0.13942307692307693
0 0.3485576923076923 0.7151442307692307 0.06370192307692307 0.10576923076923077
0 0.1875 0.7043269230769231 0.078125 0.12980769230769232
0 0.040865384615384616 0.6923076923076923 0.06610576923076923 0.10817307692307693
0 0.11298076923076923 0.6911057692307693 0.07572115384615384 0.1201923076923077
0 0.4326923076923077 0.6875 0.0829326923076923 0.1346153846153846
0 0.32572115384615385 0.625 0.0733173076923077 0.11778846153846154
0 0.4831730769230769 0.6021634615384616 0.06850961538461539 0.12980769230769232
0 0.2403846153846154 0.5973557692307693 0.08774038461538461 0.14182692307692307
0 0.016826923076923076 0.59375 0.03365384615384615 0.125
0 0.0733173076923077 0.5865384615384616 0.078125 0.13221153846153846
0 0.38221153846153844 0.5853365384615384 0.06850961538461539 0.10576923076923077
0 0.15384615384615385 0.5829326923076923 0.08052884615384616 0.13221153846153846
0 0.3004807692307692 0.5024038461538461 0.0829326923076923 0.1346153846153846
0 0.4326923076923077 0.5024038461538461 0.078125 0.12980769230769232
0 0.039663461538461536 0.4807692307692308 0.06610576923076923 0.10817307692307693
0 0.18990384615384615 0.4735576923076923 0.07091346153846154 0.11538461538461539
0 0.11057692307692307 0.47115384615384615 0.06610576923076923 0.11057692307692307
0 0.38100961538461536 0.46033653846153844 0.07572115384615384 0.11298076923076923
0 0.484375 0.43149038461538464 0.06610576923076923 0.054086538461538464
0 0.25240384615384615 0.42908653846153844 0.08774038461538461 0.04927884615384615
0 0.4014423076923077 0.4206730769230769 0.06850961538461539 0.03245192307692308
0 0.3293269230769231 0.4182692307692308 0.06610576923076923 0.026442307692307692
0 0.15264423076923078 0.4182692307692308 0.07091346153846154 0.026442307692307692
0 0.29086538461538464 0.9903846153846154 0.06610576923076923 0.019230769230769232
0 0.5901442307692307 0.9795673076923077 0.055288461538461536 0.040865384615384616
0 0.6574519230769231 0.9735576923076923 0.06009615384615385 0.052884615384615384
0 0.7259615384615384 0.9675480769230769 0.06370192307692307 0.06370192307692307
0 0.7932692307692307 0.9627403846153846 0.06129807692307692 0.0733173076923077
0 0.8533653846153846 0.953125 0.06370192307692307 0.09254807692307693
0 0.9338942307692307 0.9459134615384616 0.06370192307692307 0.10817307692307693
0 0.9855769230769231 0.9375 0.028846153846153848 0.11538461538461539
0 0.5829326923076923 0.9050480769230769 0.05889423076923077 0.10576923076923077
0 0.6526442307692307 0.8918269230769231 0.06129807692307692 0.10336538461538461
0 0.7259615384615384 0.8810096153846154 0.06370192307692307 0.10817307692307693
0 0.7992788461538461 0.8737980769230769 0.06129807692307692 0.11057692307692307
0 0.859375 0.8473557692307693 0.06850961538461539 0.11298076923076923
0 0.9290865384615384 0.8329326923076923 0.06850961538461539 0.11298076923076923
0 0.9831730769230769 0.8221153846153846 0.03365384615384615 0.1201923076923077
0 0.5805288461538461 0.8028846153846154 0.054086538461538464 0.10336538461538461
0 0.6358173076923077 0.7872596153846154 0.05889423076923077 0.10576923076923077
0 0.6995192307692307 0.7692307692307693 0.05889423076923077 0.10576923076923077
0 0.7632211538461539 0.7524038461538461 0.06370192307692307 0.11057692307692307
0 0.8305288461538461 0.7367788461538461 0.06610576923076923 0.11057692307692307
0 0.9050480769230769 0.7223557692307693 0.06129807692307692 0.10817307692307693
0 0.9651442307692307 0.6995192307692307 0.06850961538461539 0.11057692307692307
0 0.5757211538461539 0.6911057692307693 0.05889423076923077 0.10817307692307693
0 0.6370192307692307 0.6754807692307693 0.056490384615384616 0.10576923076923077
0 0.7055288461538461 0.6622596153846154 0.05889423076923077 0.10817307692307693
0 0.7668269230769231 0.6394230769230769 0.06370192307692307 0.10817307692307693
0 0.8377403846153846 0.6225961538461539 0.06370192307692307 0.11057692307692307
0 0.9038461538461539 0.6021634615384616 0.06370192307692307 0.11538461538461539
0 0.9711538461538461 0.578125 0.057692307692307696 0.11778846153846154
0 0.5360576923076923 0.5564903846153846 0.037259615384615384 0.10336538461538461
0 0.5865384615384616 0.5324519230769231 0.056490384615384616 0.10576923076923077
0 0.6514423076923077 0.5168269230769231 0.05889423076923077 0.10817307692307693
0 0.7091346153846154 0.4855769230769231 0.06370192307692307 0.10817307692307693
0 0.7740384615384616 0.45913461538461536 0.06370192307692307 0.10817307692307693
0 0.5408653846153846 0.453125 0.046875 0.0985576923076923
0 0.8413461538461539 0.44711538461538464 0.06610576923076923 0.08533653846153846
0 0.5901442307692307 0.43990384615384615 0.05889423076923077 0.07091346153846154
0 0.921875 0.43509615384615385 0.06850961538461539 0.06129807692307692
0 0.6502403846153846 0.43028846153846156 0.056490384615384616 0.051682692307692304
0 0.9795673076923077 0.421875 0.040865384615384616 0.036057692307692304
0 0.7079326923076923 0.4170673076923077 0.05889423076923077 0.02403846153846154