0 0.33653846153846156 0.25240384615384615 0.43509615384615385 0.5048076923076923
0 0.7235576923076923 0.025240384615384616 0.06490384615384616 0.04927884615384615
0 0.9074519230769231 0.03485576923076923 0.06009615384615385 0.06971153846153846
0 0.6598557692307693 0.038461538461538464 0.0625 0.07692307692307693
0 0.7896634615384616 0.057692307692307696 0.0625 0.1141826923076923
0 0.8497596153846154 0.09014423076923077 0.0625 0.17908653846153846
0 0.6021634615384616 0.09615384615384616 0.06490384615384616 0.19110576923076922
0 0.9915865384615384 0.1310096153846154 0.016826923076923076 0.2608173076923077
0 0.7415865384615384 0.171875 0.06490384615384616 0.25600961538461536
0 0.6754807692307693 0.19951923076923078 0.0625 0.2512019230769231
0 0.9230769230769231 0.20552884615384615 0.0625 0.2512019230769231
0 0.8028846153846154 0.23557692307692307 0.0625 0.24879807692307693
0 0.5721153846153846 0.25240384615384615 0.03485576923076923 0.24639423076923078
0 0.8653846153846154 0.29927884615384615 0.0625 0.2439903846153846
0 0.6189903846153846 0.3112980769230769 0.06490384615384616 0.24879807692307693
0 0.9615384615384616 0.35336538461538464 0.057692307692307696 0.23076923076923078
0 0.7463942307692307 0.40865384615384615 0.0625 0.23677884615384615
0 0.8064903846153846 0.47115384615384615 0.06009615384615385 0.22596153846153846
0 0.5757211538461539 0.47716346153846156 0.042067307692307696 0.21394230769230768
0 0.8629807692307693 0.5024038461538461 0.06009615384615385 0.16466346153846154
0 0.9266826923076923 0.5036057692307693 0.0625 0.1622596153846154
0 0.6286057692307693 0.5060096153846154 0.0625 0.15625
0 0.9807692307692307 0.5060096153846154 0.037259615384615384 0.15625
0 0.6971153846153846 0.5120192307692307 0.06490384615384616 0.14423076923076922
0 0.7620192307692307 0.5564903846153846 0.0625 0.057692307692307696
0 0.5192307692307693 0.6153846153846154 0.07211538461538461 0.0625
0 0.007211538461538462 0.6213942307692307 0.014423076923076924 0.07451923076923077
0 0.3329326923076923 0.6237980769230769 0.07932692307692307 0.07932692307692307
0 0.08052884615384616 0.6237980769230769 0.08173076923076923 0.07932692307692307
0 0.17548076923076922 0.6298076923076923 0.0673076923076923 0.09014423076923077
0 0.25600961538461536 0.6310096153846154 0.06971153846153846 0.09254807692307693
0 0.4050480769230769 0.6382211538461539 0.06971153846153846 0.10697115384615384
0 0.5444711538461539 0.6646634615384616 0.020432692307692308 0.12379807692307693
0 0.12259615384615384 0.6947115384615384 0.08653846153846154 0.14182692307692307
0 0.04927884615384615 0.7019230769230769 0.06490384615384616 0.10697115384615384
0 0.2127403846153846 0.7127403846153846 0.07932692307692307 0.13221153846153846
0 0.36177884615384615 0.7247596153846154 0.0673076923076923 0.109375
0 0.46153846153846156 0.7247596153846154 0.08173076923076923 0.13221153846153846
0 0.28846153846153844 0.7259615384615384 0.07692307692307693 0.12139423076923077
0 0.5456730769230769 0.7896634615384616 0.016826923076923076 0.13221153846153846
0 0.07211538461538461 0.7932692307692307 0.07451923076923077 0.11899038461538461
0 0.15865384615384615 0.8221153846153846 0.09014423076923077 0.14423076923076922
0 0.4050480769230769 0.8245192307692307 0.07451923076923077 0.12740384615384615
0 0.328125 0.8317307692307693 0.07932692307692307 0.1346153846153846
0 0.025240384615384616 0.8317307692307693 0.04927884615384615 0.10697115384615384
0 0.24639423076923078 0.8353365384615384 0.08173076923076923 0.1346153846153846
0 0.5060096153846154 0.8461538461538461 0.08413461538461539 0.14182692307692307
0 0.5396634615384616 0.9122596153846154 0.030048076923076924 0.11658653846153846
0 0.0985576923076923 0.9182692307692307 0.08413461538461539 0.13701923076923078
0 0.44711538461538464 0.9387019230769231 0.06971153846153846 0.1141826923076923
0 0.3629807692307692 0.9399038461538461 0.0673076923076923 0.109375
0 0.21033653846153846 0.9435096153846154 0.07211538461538461 0.11177884615384616
0 0.28846153846153844 0.9459134615384616 0.0673076923076923 0.10817307692307693
0 0.027644230769230768 0.9495192307692307 0.055288461538461536 0.10096153846153846
0 0.5024038461538461 0.9699519230769231 0.07932692307692307 0.06009615384615385
0 0.14543269230769232 0.9831730769230769 0.0889423076923077 0.03365384615384615
0 0.4014423076923077 0.9879807692307693 0.07692307692307693 0.02403846153846154
0 0.06610576923076923 0.9951923076923077 0.0673076923076923 0.009615384615384616
0 0.24519230769230768 0.9939903846153846 0.07211538461538461 0.01201923076923077
0 0.8774038461538461 0.6430288461538461 0.16706730769230768 0.11658653846153846
0 0.6658653846153846 0.7367788461538461 0.22115384615384615 0.30288461538461536
0 0.9567307692307693 0.7764423076923077 0.08653846153846154 0.38341346153846156
0 0.8149038461538461 0.8569711538461539 0.17427884615384615 0.23918269230769232