0 0.07091346153846154 0.14543269230769232 0.14182692307692307 0.29086538461538464
0 0.1466346153846154 0.35697115384615385 0.28846153846153844 0.24519230769230768
0 0.984375 0.38822115384615385 0.030048076923076924 0.12860576923076922
0 0.9338942307692307 0.4170673076923077 0.07572115384615384 0.12620192307692307
0 0.8569711538461539 0.4338942307692308 0.0829326923076923 0.09134615384615384
0 0.7680288461538461 0.4483173076923077 0.09134615384615384 0.06370192307692307
0 0.6694711538461539 0.4567307692307692 0.09615384615384616 0.04567307692307692
0 0.2824519230769231 0.6213942307692307 0.25721153846153844 0.2824519230769231
0 0.484375 0.6201923076923077 0.14182692307692307 0.2800480769230769
0 0.3894230769230769 0.8545673076923077 0.23677884615384615 0.29086538461538464
0 0.6057692307692307 0.6177884615384616 0.10096153846153846 0.14903846153846154
0 0.7091346153846154 0.6201923076923077 0.12860576923076922 0.18629807692307693
0 0.9507211538461539 0.6225961538461539 0.0985576923076923 0.18389423076923078
0 0.8401442307692307 0.6286057692307693 0.11899038461538461 0.1814903846153846
0 0.9795673076923077 0.7836538461538461 0.040865384615384616 0.18389423076923078
0 0.6117788461538461 0.7848557692307693 0.1141826923076923 0.22716346153846154
0 0.9002403846153846 0.7848557692307693 0.12139423076923077 0.18389423076923078
0 0.7776442307692307 0.7860576923076923 0.12139423076923077 0.18389423076923078
0 0.7103365384615384 0.9266826923076923 0.12379807692307693 0.1466346153846154
0 0.8365384615384616 0.9290865384615384 0.1141826923076923 0.14182692307692307
0 0.9495192307692307 0.9266826923076923 0.10096153846153846 0.1466346153846154
0 0.5805288461538461 0.9338942307692307 0.05048076923076923 0.1310096153846154
0 0.7680288461538461 0.5072115384615384 0.13581730769230768 0.055288461538461536
0 0.6478365384615384 0.5168269230769231 0.11899038461538461 0.0733173076923077
0 0.9026442307692307 0.5168269230769231 0.12379807692307693 0.0733173076923077