0 0.2548076923076923 0.39663461538461536 0.19951923076923078 0.34134615384615385
0 0.013221153846153846 0.38341346153846156 0.026442307692307692 0.27283653846153844
0 0.0733173076923077 0.12740384615384615 0.1466346153846154 0.2536057692307692
0 0.32091346153846156 0.10096153846153846 0.16346153846153846 0.20192307692307693
0 0.6274038461538461 0.40625 0.21514423076923078 0.36778846153846156
0 0.9338942307692307 0.35697115384615385 0.13221153846153846 0.3581730769230769
0 0.6274038461538461 0.1141826923076923 0.21634615384615385 0.2283653846153846
0 0.921875 0.09375 0.15625 0.1875
0 0.7415865384615384 0.5480769230769231 0.2439903846153846 0.08533653846153846
0 0.4675480769230769 0.9639423076923077 0.10336538461538461 0.07211538461538461
0 0.036057692307692304 0.9627403846153846 0.07211538461538461 0.07451923076923077
0 0.12620192307692307 0.9663461538461539 0.11298076923076923 0.0673076923076923
0 0.36538461538461536 0.9675480769230769 0.11057692307692307 0.06490384615384616
0 0.24639423076923078 0.9591346153846154 0.12259615384615384 0.08173076923076923
0 0.037259615384615384 0.8497596153846154 0.07451923076923077 0.15144230769230768
0 0.48197115384615385 0.8461538461538461 0.07572115384615384 0.15625
0 0.25961538461538464 0.8449519230769231 0.10697115384615384 0.15625
0 0.3798076923076923 0.84375 0.12379807692307693 0.18269230769230768
0 0.14182692307692307 0.8425480769230769 0.12379807692307693 0.1778846153846154
0 0.4807692307692308 0.6766826923076923 0.078125 0.17307692307692307
0 0.26322115384615385 0.6754807692307693 0.12740384615384615 0.17067307692307693
0 0.036057692307692304 0.6694711538461539 0.07211538461538461 0.16105769230769232
0 0.38341346153846156 0.6646634615384616 0.11177884615384616 0.14903846153846154
0 0.14182692307692307 0.6646634615384616 0.11177884615384616 0.14903846153846154
0 0.6766826923076923 0.8317307692307693 0.31490384615384615 0.33653846153846156
0 0.9230769230769231 0.8088942307692307 0.15384615384615385 0.38221153846153844