0 0.53125 0.3425480769230769 0.04326923076923077 0.14903846153846154
0 0.4567307692307692 0.36538461538461536 0.06610576923076923 0.14423076923076922
0 0.5961538461538461 0.36177884615384615 0.08533653846153846 0.14903846153846154
0 0.7367788461538461 0.359375 0.1971153846153846 0.15384615384615385
0 0.9206730769230769 0.3798076923076923 0.15865384615384615 0.1141826923076923
0 0.6033653846153846 0.14302884615384615 0.10096153846153846 0.2848557692307692
0 0.7487980769230769 0.14302884615384615 0.17908653846153846 0.2704326923076923
0 0.9230769230769231 0.16346153846153846 0.15384615384615385 0.29086538461538464
0 0.5240384615384616 0.6682692307692307 0.04567307692307692 0.06610576923076923
0 0.47716346153846156 0.6682692307692307 0.05048076923076923 0.06850961538461539
0 0.42908653846153844 0.6682692307692307 0.05048076923076923 0.06850961538461539
0 0.38100961538461536 0.6682692307692307 0.05048076923076923 0.06850961538461539
0 0.3329326923076923 0.6694711538461539 0.05048076923076923 0.06850961538461539
0 0.2848557692307692 0.6706730769230769 0.05048076923076923 0.06850961538461539
0 0.23557692307692307 0.6706730769230769 0.05048076923076923 0.06610576923076923
0 0.18990384615384615 0.6706730769230769 0.04807692307692308 0.06610576923076923
0 0.09615384615384616 0.671875 0.04807692307692308 0.06610576923076923
0 0.14302884615384615 0.671875 0.04807692307692308 0.06610576923076923
0 0.04927884615384615 0.671875 0.04807692307692308 0.06610576923076923
0 0.014423076923076924 0.671875 0.027644230769230768 0.06610576923076923
0 0.45072115384615385 0.7235576923076923 0.04807692307692308 0.06610576923076923
0 0.4987980769230769 0.7235576923076923 0.04807692307692308 0.06850961538461539
0 0.4026442307692308 0.7235576923076923 0.04807692307692308 0.06610576923076923
0 0.3557692307692308 0.7235576923076923 0.05048076923076923 0.06610576923076923
0 0.30649038461538464 0.7247596153846154 0.05048076923076923 0.06610576923076923
0 0.25961538461538464 0.7247596153846154 0.04807692307692308 0.06610576923076923
0 0.21153846153846154 0.7259615384615384 0.04807692307692308 0.06610576923076923
0 0.1658653846153846 0.7259615384615384 0.04807692307692308 0.06610576923076923
0 0.027644230769230768 0.7259615384615384 0.04807692307692308 0.06610576923076923
0 0.0733173076923077 0.7259615384615384 0.04807692307692308 0.06610576923076923
0 0.11899038461538461 0.7259615384615384 0.04807692307692308 0.06610576923076923
0 0.47115384615384615 0.7776442307692307 0.04807692307692308 0.06610576923076923
0 0.5180288461538461 0.7776442307692307 0.04567307692307692 0.06610576923076923
0 0.42427884615384615 0.7776442307692307 0.04807692307692308 0.06610576923076923
0 0.3762019230769231 0.7776442307692307 0.05048076923076923 0.06610576923076923
0 0.3293269230769231 0.7788461538461539 0.04807692307692308 0.06610576923076923
0 0.28125 0.7788461538461539 0.04807692307692308 0.06610576923076923
0 0.234375 0.7788461538461539 0.04807692307692308 0.06370192307692307
0 0.014423076923076924 0.7776442307692307 0.027644230769230768 0.06610576923076923
0 0.05048076923076923 0.7788461538461539 0.04807692307692308 0.06370192307692307
0 0.18870192307692307 0.7788461538461539 0.04807692307692308 0.06610576923076923
0 0.14302884615384615 0.7788461538461539 0.04807692307692308 0.06610576923076923
0 0.09615384615384616 0.7800480769230769 0.04807692307692308 0.06370192307692307
0 0.07451923076923077 0.8305288461538461 0.04807692307692308 0.06370192307692307
0 0.49158653846153844 0.8305288461538461 0.04567307692307692 0.06370192307692307
0 0.028846153846153848 0.8305288461538461 0.04567307692307692 0.06370192307692307
0 0.30408653846153844 0.8317307692307693 0.04807692307692308 0.06610576923076923
0 0.35096153846153844 0.8317307692307693 0.04807692307692308 0.06370192307692307
0 0.44471153846153844 0.8317307692307693 0.04807692307692308 0.06610576923076923
0 0.39783653846153844 0.8317307692307693 0.04807692307692308 0.06610576923076923
0 0.1201923076923077 0.8317307692307693 0.04567307692307692 0.06370192307692307
0 0.16466346153846154 0.8317307692307693 0.04807692307692308 0.06370192307692307
0 0.21033653846153846 0.8317307692307693 0.04807692307692308 0.06370192307692307
0 0.25600961538461536 0.8317307692307693 0.04807692307692308 0.06610576923076923
0 0.015625 0.8822115384615384 0.030048076923076924 0.06370192307692307
0 0.051682692307692304 0.8822115384615384 0.04567307692307692 0.06370192307692307
0 0.09735576923076923 0.8822115384615384 0.04567307692307692 0.06370192307692307
0 0.14182692307692307 0.8834134615384616 0.04567307692307692 0.06370192307692307
0 0.18629807692307693 0.8834134615384616 0.04807692307692308 0.06370192307692307
0 0.32572115384615385 0.8834134615384616 0.04807692307692308 0.06370192307692307
0 0.5096153846153846 0.8834134615384616 0.04567307692307692 0.06370192307692307
0 0.37259615384615385 0.8834134615384616 0.04807692307692308 0.06370192307692307
0 0.41947115384615385 0.8834134615384616 0.04807692307692308 0.06610576923076923
0 0.46634615384615385 0.8834134615384616 0.04807692307692308 0.06370192307692307
0 0.23317307692307693 0.8834134615384616 0.04567307692307692 0.06370192307692307
0 0.2800480769230769 0.8846153846153846 0.04807692307692308 0.06370192307692307
0 0.07451923076923077 0.9326923076923077 0.04567307692307692 0.06009615384615385
0 0.030048076923076924 0.9326923076923077 0.04567307692307692 0.06370192307692307
0 0.003605769230769231 0.9314903846153846 0.007211538461538462 0.06009615384615385
0 0.1201923076923077 0.9326923076923077 0.04567307692307692 0.06009615384615385
0 0.16466346153846154 0.9338942307692307 0.04567307692307692 0.06009615384615385
0 0.2091346153846154 0.9338942307692307 0.04807692307692308 0.06370192307692307
0 0.2548076923076923 0.9338942307692307 0.04807692307692308 0.06370192307692307
0 0.3016826923076923 0.9350961538461539 0.04807692307692308 0.06009615384615385
0 0.3473557692307692 0.9350961538461539 0.04807692307692308 0.06370192307692307
0 0.4855769230769231 0.9350961538461539 0.04567307692307692 0.06370192307692307
0 0.3942307692307692 0.9350961538461539 0.04807692307692308 0.06370192307692307
0 0.4411057692307692 0.9350961538461539 0.04807692307692308 0.06370192307692307
0 0.052884615384615384 0.9759615384615384 0.04567307692307692 0.04807692307692308
0 0.015625 0.9759615384615384 0.030048076923076924 0.04807692307692308
0 0.09615384615384616 0.9759615384615384 0.04567307692307692 0.04807692307692308
0 0.14182692307692307 0.9759615384615384 0.04567307692307692 0.04807692307692308
0 0.18629807692307693 0.9759615384615384 0.04567307692307692 0.04807692307692308
0 0.22956730769230768 0.9759615384615384 0.04567307692307692 0.04807692307692308
0 0.2764423076923077 0.9759615384615384 0.04807692307692308 0.04807692307692308
0 0.32211538461538464 0.9771634615384616 0.04807692307692308 0.04567307692307692
0 0.36778846153846156 0.9771634615384616 0.04807692307692308 0.04567307692307692
0 0.45913461538461536 0.9771634615384616 0.04567307692307692 0.04567307692307692
0 0.5048076923076923 0.9771634615384616 0.04567307692307692 0.04567307692307692
0 0.41586538461538464 0.9771634615384616 0.04807692307692308 0.04567307692307692
0 0.14302884615384615 0.4543269230769231 0.04807692307692308 0.03485576923076923
0 0.09375 0.45552884615384615 0.05048076923076923 0.038461538461538464
0 0.04567307692307692 0.45552884615384615 0.05048076923076923 0.038461538461538464
0 0.007211538461538462 0.4579326923076923 0.014423076923076924 0.04567307692307692
0 0.41346153846153844 0.49399038461538464 0.05048076923076923 0.0733173076923077
0 0.5096153846153846 0.49399038461538464 0.05048076923076923 0.06850961538461539
0 0.46153846153846156 0.4951923076923077 0.05048076923076923 0.06850961538461539
0 0.3641826923076923 0.4951923076923077 0.05048076923076923 0.07091346153846154
0 0.31490384615384615 0.4963942307692308 0.05048076923076923 0.07091346153846154
0 0.265625 0.4963942307692308 0.05048076923076923 0.07091346153846154
0 0.21634615384615385 0.49759615384615385 0.05048076923076923 0.06850961538461539
0 0.16706730769230768 0.4987980769230769 0.05048076923076923 0.06850961538461539
0 0.11899038461538461 0.4987980769230769 0.05048076923076923 0.06850961538461539
0 0.07091346153846154 0.5 0.05048076923076923 0.07091346153846154
0 0.02403846153846154 0.5012019230769231 0.04807692307692308 0.06850961538461539
0 0.5288461538461539 0.5516826923076923 0.04807692307692308 0.06850961538461539
0 0.4831730769230769 0.5540865384615384 0.05048076923076923 0.06850961538461539
0 0.4338942307692308 0.5540865384615384 0.04807692307692308 0.06850961538461539
0 0.3858173076923077 0.5540865384615384 0.05048076923076923 0.06850961538461539
0 0.33653846153846156 0.5540865384615384 0.05048076923076923 0.06850961538461539
0 0.28846153846153844 0.5552884615384616 0.05048076923076923 0.06850961538461539
0 0.2403846153846154 0.5564903846153846 0.05048076923076923 0.06850961538461539
0 0.19110576923076922 0.5564903846153846 0.05048076923076923 0.06850961538461539
0 0.14302884615384615 0.5576923076923077 0.04807692307692308 0.06850961538461539
0 0.09495192307692307 0.5588942307692307 0.04807692307692308 0.06850961538461539
0 0.04807692307692308 0.5588942307692307 0.04807692307692308 0.06850961538461539
0 0.013221153846153846 0.5588942307692307 0.025240384615384616 0.06850961538461539
0 0.5048076923076923 0.6105769230769231 0.04807692307692308 0.06850961538461539
0 0.45552884615384615 0.6105769230769231 0.05048076923076923 0.06850961538461539
0 0.4074519230769231 0.6117788461538461 0.05048076923076923 0.06850961538461539
0 0.3581730769230769 0.6117788461538461 0.05048076923076923 0.06850961538461539
0 0.31009615384615385 0.6117788461538461 0.05048076923076923 0.06850961538461539
0 0.26322115384615385 0.6141826923076923 0.05048076923076923 0.06850961538461539
0 0.21514423076923078 0.6153846153846154 0.05048076923076923 0.06850961538461539
0 0.16706730769230768 0.6153846153846154 0.04807692307692308 0.06850961538461539
0 0.07211538461538461 0.6165865384615384 0.04807692307692308 0.06850961538461539
0 0.11899038461538461 0.6165865384615384 0.04807692307692308 0.06850961538461539
0 0.025240384615384616 0.6177884615384616 0.04807692307692308 0.06850961538461539
0 0.9086538461538461 0.46875 0.11057692307692307 0.06370192307692307
0 0.6081730769230769 0.5528846153846154 0.11057692307692307 0.19230769230769232
0 0.7115384615384616 0.5564903846153846 0.10576923076923077 0.15625
0 0.9507211538461539 0.5649038461538461 0.0985576923076923 0.15865384615384615
0 0.8365384615384616 0.578125 0.12379807692307693 0.18389423076923078
0 0.71875 0.7271634615384616 0.12379807692307693 0.17668269230769232
0 0.6069711538461539 0.7355769230769231 0.10817307692307693 0.16947115384615385
0 0.9471153846153846 0.7415865384615384 0.10576923076923077 0.18389423076923078
0 0.8365384615384616 0.7536057692307693 0.10336538461538461 0.16105769230769232
0 0.9903846153846154 0.90625 0.019230769230769232 0.16346153846153846
0 0.7367788461538461 0.9098557692307693 0.11057692307692307 0.15625
0 0.6153846153846154 0.9098557692307693 0.12379807692307693 0.17908653846153846
0 0.9086538461538461 0.9146634615384616 0.125 0.17067307692307693
0 0.6466346153846154 0.4567307692307692 0.11057692307692307 0.040865384615384616
0 0.7463942307692307 0.46634615384615385 0.10336538461538461 0.057692307692307696