0 0.7415865384615384 0.37740384615384615 0.16105769230769232 0.22235576923076922
0 0.027644230769230768 0.7848557692307693 0.055288461538461536 0.2932692307692308
0 0.14182692307692307 0.7680288461538461 0.16706730769230768 0.2980769230769231
0 0.2764423076923077 0.7487980769230769 0.10336538461538461 0.2956730769230769
0 0.06370192307692307 0.6334134615384616 0.12620192307692307 0.06610576923076923
0 0.9747596153846154 0.8064903846153846 0.05048076923076923 0.18389423076923078
0 0.8810096153846154 0.8040865384615384 0.12620192307692307 0.171875
0 0.734375 0.7944711538461539 0.13341346153846154 0.17427884615384615
0 0.6382211538461539 0.6754807692307693 0.12860576923076922 0.14903846153846154
0 0.8149038461538461 0.6682692307692307 0.1141826923076923 0.13341346153846154
0 0.9375 0.6682692307692307 0.125 0.1346153846153846