0 0.026442307692307692 0.15384615384615385 0.052884615384615384 0.14423076923076922
0 0.20793269230769232 0.11298076923076923 0.07211538461538461 0.22596153846153846
0 0.4723557692307692 0.18629807692307693 0.14783653846153846 0.078125
0 0.9194711538461539 0.18629807692307693 0.1502403846153846 0.078125
0 0.6213942307692307 0.18389423076923078 0.1502403846153846 0.0829326923076923
0 0.7716346153846154 0.18509615384615385 0.1502403846153846 0.08052884615384616
0 0.9615384615384616 0.11177884615384616 0.07692307692307693 0.0985576923076923
0 0.38822115384615385 0.11298076923076923 0.15865384615384615 0.09975961538461539
0 0.6971153846153846 0.11057692307692307 0.15625 0.09975961538461539
0 0.5444711538461539 0.11057692307692307 0.15625 0.09735576923076923
0 0.8497596153846154 0.10576923076923077 0.15865384615384615 0.10216346153846154
0 0.375 0.03365384615384615 0.16947115384615385 0.0673076923076923
0 0.9675480769230769 0.03365384615384615 0.06490384615384616 0.0673076923076923
0 0.5360576923076923 0.03125 0.16346153846153846 0.06129807692307692
0 0.6971153846153846 0.030048076923076924 0.15865384615384615 0.05889423076923077
0 0.8545673076923077 0.027644230769230768 0.16105769230769232 0.055288461538461536
0 0.13581730769230768 0.7764423076923077 0.1778846153846154 0.3173076923076923
0 0.12980769230769232 0.43149038461538464 0.1778846153846154 0.31971153846153844
0 0.03485576923076923 0.9278846153846154 0.06971153846153846 0.14423076923076922
0 0.17548076923076922 0.3161057692307692 0.13701923076923078 0.18028846153846154
0 0.5564903846153846 0.8533653846153846 0.04326923076923077 0.0673076923076923
0 0.35216346153846156 0.8413461538461539 0.04326923076923077 0.06490384615384616
0 0.5132211538461539 0.8377403846153846 0.04326923076923077 0.05889423076923077
0 0.3137019230769231 0.8305288461538461 0.04326923076923077 0.06490384615384616
0 0.46875 0.8209134615384616 0.04326923076923077 0.05889423076923077
0 0.4254807692307692 0.8088942307692307 0.04326923076923077 0.06490384615384616
0 0.9579326923076923 0.8076923076923077 0.0673076923076923 0.09735576923076923
0 0.5889423076923077 0.8052884615384616 0.04326923076923077 0.06490384615384616
0 0.38341346153846156 0.7956730769230769 0.040865384615384616 0.06490384615384616
0 0.5444711538461539 0.7920673076923077 0.04326923076923077 0.06490384615384616
0 0.3425480769230769 0.7776442307692307 0.04326923076923077 0.06129807692307692
0 0.5024038461538461 0.7764423076923077 0.04326923076923077 0.06490384615384616
0 0.3004807692307692 0.7704326923076923 0.04326923076923077 0.06490384615384616
0 0.45913461538461536 0.7608173076923077 0.04326923076923077 0.05889423076923077
0 0.4170673076923077 0.7451923076923077 0.04326923076923077 0.05889423076923077
0 0.5769230769230769 0.7427884615384616 0.04326923076923077 0.05889423076923077
0 0.9050480769230769 0.7355769230769231 0.0673076923076923 0.09375
0 0.5336538461538461 0.7283653846153846 0.040865384615384616 0.06129807692307692
0 0.375 0.7283653846153846 0.04567307692307692 0.06129807692307692
0 0.3317307692307692 0.7175480769230769 0.04326923076923077 0.06490384615384616
0 0.49038461538461536 0.7139423076923077 0.04326923076923077 0.06129807692307692
0 0.96875 0.7091346153846154 0.06129807692307692 0.09134615384615384
0 0.2932692307692308 0.7067307692307693 0.04326923076923077 0.06490384615384616
0 0.44711538461538464 0.6959134615384616 0.04326923076923077 0.06490384615384616
0 0.6069711538461539 0.6947115384615384 0.04326923076923077 0.06490384615384616
0 0.5649038461538461 0.6802884615384616 0.04326923076923077 0.06129807692307692
0 0.4050480769230769 0.6802884615384616 0.04326923076923077 0.06129807692307692
0 0.5216346153846154 0.6682692307692307 0.04326923076923077 0.06490384615384616
0 0.36177884615384615 0.6670673076923077 0.04326923076923077 0.06129807692307692
0 0.8569711538461539 0.6622596153846154 0.0673076923076923 0.09134615384615384
0 0.7223557692307693 0.6526442307692307 0.18269230769230768 0.2608173076923077
0 0.47836538461538464 0.6526442307692307 0.04326923076923077 0.06129807692307692
0 0.921875 0.6442307692307693 0.06490384615384616 0.0889423076923077
0 0.3161057692307692 0.6430288461538461 0.04326923076923077 0.06129807692307692
0 0.4362980769230769 0.6322115384615384 0.04326923076923077 0.05889423076923077
0 0.59375 0.6322115384615384 0.04326923076923077 0.06129807692307692
0 0.9759615384615384 0.6225961538461539 0.04807692307692308 0.0889423076923077
0 0.5528846153846154 0.6201923076923077 0.040865384615384616 0.05889423076923077
0 0.39302884615384615 0.6201923076923077 0.04326923076923077 0.05889423076923077
0 0.5108173076923077 0.6021634615384616 0.04326923076923077 0.06129807692307692
0 0.35096153846153844 0.6009615384615384 0.04567307692307692 0.06129807692307692
0 0.2548076923076923 0.5997596153846154 0.021634615384615384 0.09134615384615384
0 0.46634615384615385 0.5889423076923077 0.04326923076923077 0.06129807692307692
0 0.8737980769230769 0.578125 0.0673076923076923 0.0889423076923077
0 0.4230769230769231 0.5721153846153846 0.04326923076923077 0.056490384615384616
0 0.5805288461538461 0.5588942307692307 0.04326923076923077 0.05889423076923077
0 0.9387019230769231 0.5552884615384616 0.06490384615384616 0.08653846153846154
0 0.5384615384615384 0.5552884615384616 0.04326923076923077 0.06490384615384616
0 0.3798076923076923 0.5504807692307693 0.04567307692307692 0.05889423076923077
0 0.4987980769230769 0.5348557692307693 0.04567307692307692 0.05889423076923077
0 0.984375 0.5324519230769231 0.03125 0.0889423076923077
0 0.45552884615384615 0.5300480769230769 0.04326923076923077 0.05889423076923077
0 0.27283653846153844 0.5180288461538461 0.056490384615384616 0.0889423076923077
0 0.41225961538461536 0.5096153846153846 0.04326923076923077 0.06129807692307692
0 0.5709134615384616 0.4963942307692308 0.04326923076923077 0.05889423076923077
0 0.890625 0.4891826923076923 0.06490384615384616 0.0889423076923077
0 0.5300480769230769 0.48677884615384615 0.040865384615384616 0.06129807692307692
0 0.953125 0.4699519230769231 0.06490384615384616 0.0889423076923077
0 0.6298076923076923 0.4675480769230769 0.05889423076923077 0.0829326923076923
0 0.35336538461538464 0.4651442307692308 0.05048076923076923 0.07211538461538461
0 0.4879807692307692 0.4567307692307692 0.04326923076923077 0.06129807692307692
0 0.44350961538461536 0.45552884615384615 0.04326923076923077 0.05889423076923077
0 0.7584134615384616 0.453125 0.06129807692307692 0.09134615384615384
0 0.6947115384615384 0.44711538461538464 0.06129807692307692 0.0889423076923077
0 0.2608173076923077 0.44711538461538464 0.03245192307692308 0.0829326923076923
0 0.9915865384615384 0.4423076923076923 0.015625 0.0889423076923077
0 0.8257211538461539 0.4362980769230769 0.06490384615384616 0.08653846153846154
0 0.4014423076923077 0.4338942307692308 0.05048076923076923 0.07211538461538461
0 0.3112980769230769 0.4182692307692308 0.054086538461538464 0.07211538461538461
0 0.8485576923076923 0.4026442307692308 0.05889423076923077 0.078125
0 0.7800480769230769 0.4026442307692308 0.056490384615384616 0.07211538461538461
0 0.4495192307692308 0.4014423076923077 0.054086538461538464 0.0673076923076923
0 0.5973557692307693 0.40024038461538464 0.05889423076923077 0.08052884615384616
0 0.7199519230769231 0.39783653846153844 0.05889423076923077 0.078125
0 0.8509615384615384 0.9783653846153846 0.056490384615384616 0.04326923076923077
0 0.5024038461538461 0.3858173076923077 0.054086538461538464 0.06971153846153846
0 0.6598557692307693 0.3858173076923077 0.05889423076923077 0.078125
0 0.3605769230769231 0.38341346153846156 0.054086538461538464 0.07572115384615384
0 0.5757211538461539 0.9603365384615384 0.11778846153846154 0.07932692307692307
0 0.32211538461538464 0.34375 0.054086538461538464 0.07211538461538461
0 0.4651442307692308 0.33653846153846156 0.05048076923076923 0.06971153846153846
0 0.4567307692307692 0.9591346153846154 0.11778846153846154 0.08052884615384616
0 0.875 0.3293269230769231 0.05889423076923077 0.0829326923076923
0 0.8149038461538461 0.32572115384615385 0.05889423076923077 0.08052884615384616
0 0.6899038461538461 0.32211538461538464 0.06129807692307692 0.0829326923076923
0 0.7524038461538461 0.31971153846153844 0.06129807692307692 0.0829326923076923
0 0.6129807692307693 0.31850961538461536 0.05889423076923077 0.08052884615384616
0 0.37259615384615385 0.3173076923076923 0.05048076923076923 0.07211538461538461
0 0.515625 0.3161057692307692 0.05048076923076923 0.06971153846153846
0 0.4254807692307692 0.28846153846153844 0.05048076923076923 0.06971153846153846
0 0.2764423076923077 0.26802884615384615 0.05048076923076923 0.07211538461538461
0 0.33052884615384615 0.26322115384615385 0.05048076923076923 0.07211538461538461
0 0.4723557692307692 0.25721153846153844 0.05048076923076923 0.06129807692307692
0 0.3858173076923077 0.24879807692307693 0.05048076923076923 0.04567307692307692
0 0.7007211538461539 0.25 0.06129807692307692 0.04807692307692308
0 0.6382211538461539 0.25 0.056490384615384616 0.04807692307692308
0 0.7692307692307693 0.24879807692307693 0.05889423076923077 0.04567307692307692
0 0.33533653846153844 0.9483173076923077 0.11778846153846154 0.10336538461538461
0 0.8329326923076923 0.24759615384615385 0.06490384615384616 0.04326923076923077
0 0.5192307692307693 0.23918269230769232 0.054086538461538464 0.026442307692307692
0 0.4338942307692308 0.23677884615384615 0.05048076923076923 0.021634615384615384
0 0.8990384615384616 0.23677884615384615 0.06129807692307692 0.021634615384615384
0 0.9615384615384616 0.30649038461538464 0.07692307692307693 0.16105769230769232
0 0.9170673076923077 0.9675480769230769 0.05889423076923077 0.06490384615384616
0 0.71875 0.8870192307692307 0.19110576923076922 0.22596153846153846
0 0.5228365384615384 0.9014423076923077 0.04567307692307692 0.0673076923076923
0 0.4795673076923077 0.8798076923076923 0.04326923076923077 0.06490384615384616
0 0.2704326923076923 0.8677884615384616 0.05048076923076923 0.26322115384615385
0 0.43509615384615385 0.8665865384615384 0.04326923076923077 0.06129807692307692
0 0.3942307692307692 0.859375 0.040865384615384616 0.0673076923076923