0 0.2608173076923077 0.054086538461538464 0.1346153846153846 0.10817307692307693
0 0.12740384615384615 0.051682692307692304 0.12259615384615384 0.10336538461538461
0 0.02403846153846154 0.057692307692307696 0.04807692307692308 0.11538461538461539
0 0.0625 0.15985576923076922 0.11057692307692307 0.14182692307692307
0 0.18990384615384615 0.17067307692307693 0.13221153846153846 0.171875
0 0.3233173076923077 0.171875 0.125 0.15144230769230768
0 0.019230769230769232 0.2980769230769231 0.038461538461538464 0.17307692307692307
0 0.25721153846153844 0.3076923076923077 0.11778846153846154 0.14423076923076922
0 0.38461538461538464 0.3088942307692308 0.1201923076923077 0.1466346153846154
0 0.11778846153846154 0.3173076923076923 0.1201923076923077 0.1466346153846154
0 0.9314903846153846 0.04447115384615385 0.13701923076923078 0.08774038461538461
0 0.7644230769230769 0.06610576923076923 0.20072115384615385 0.13221153846153846
0 0.6069711538461539 0.052884615384615384 0.12980769230769232 0.10576923076923077
0 0.7740384615384616 0.23197115384615385 0.14182692307692307 0.21754807692307693
0 0.5 0.23798076923076922 0.03485576923076923 0.23557692307692307
0 0.5961538461538461 0.2439903846153846 0.19110576923076922 0.27884615384615385
0 0.9326923076923077 0.4639423076923077 0.1346153846153846 0.1935096153846154
0 0.6141826923076923 0.46274038461538464 0.14423076923076922 0.19591346153846154
0 0.7704326923076923 0.46033653846153844 0.18870192307692307 0.20072115384615385
0 0.5060096153846154 0.4567307692307692 0.046875 0.20793269230769232
0 0.9206730769230769 0.234375 0.15865384615384615 0.2956730769230769
0 0.04567307692307692 0.6766826923076923 0.09014423076923077 0.23076923076923078
0 0.25841346153846156 0.7103365384615384 0.3401442307692308 0.29927884615384615
0 0.6418269230769231 0.6418269230769231 0.21514423076923078 0.1622596153846154
0 0.8641826923076923 0.6442307692307693 0.2127403846153846 0.16706730769230768
0 0.7463942307692307 0.8377403846153846 0.20552884615384615 0.3112980769230769
0 0.9254807692307693 0.8425480769230769 0.14903846153846154 0.2692307692307692
0 0.5576923076923077 0.8545673076923077 0.14903846153846154 0.2668269230769231