0 0.3293269230769231 0.13341346153846154 0.056490384615384616 0.08774038461538461
0 0.05889423076923077 0.1346153846153846 0.054086538461538464 0.08052884615384616
0 0.5180288461538461 0.13701923076923078 0.054086538461538464 0.0829326923076923
0 0.4230769230769231 0.13822115384615385 0.056490384615384616 0.08533653846153846
0 0.6009615384615384 0.13822115384615385 0.056490384615384616 0.08052884615384616
0 0.22115384615384615 0.1466346153846154 0.05889423076923077 0.09014423076923077
0 0.12259615384615384 0.15504807692307693 0.05889423076923077 0.08533653846153846
0 0.01201923076923077 0.171875 0.02403846153846154 0.08533653846153846
0 0.3786057692307692 0.18389423076923078 0.054086538461538464 0.0829326923076923
0 0.27524038461538464 0.18870192307692307 0.05889423076923077 0.08533653846153846
0 0.46875 0.18990384615384615 0.04927884615384615 0.0733173076923077
0 0.6213942307692307 0.19110576923076922 0.014423076923076924 0.08052884615384616
0 0.0829326923076923 0.1971153846153846 0.056490384615384616 0.0829326923076923
0 0.18870192307692307 0.20432692307692307 0.051682692307692304 0.07572115384615384
0 0.5829326923076923 0.21634615384615385 0.051682692307692304 0.078125
0 0.5300480769230769 0.22235576923076922 0.056490384615384616 0.0829326923076923
0 0.3269230769230769 0.2247596153846154 0.05889423076923077 0.08533653846153846
0 0.42427884615384615 0.22596153846153846 0.054086538461538464 0.07572115384615384
0 0.002403846153846154 0.2283653846153846 0.004807692307692308 0.07572115384615384
0 0.22596153846153846 0.23798076923076922 0.05889423076923077 0.08533653846153846
0 0.14182692307692307 0.24278846153846154 0.051682692307692304 0.078125
0 0.4699519230769231 0.265625 0.054086538461538464 0.07572115384615384
0 0.6117788461538461 0.2692307692307692 0.03365384615384615 0.08052884615384616
0 0.2824519230769231 0.2776442307692308 0.054086538461538464 0.078125
0 0.0889423076923077 0.28125 0.056490384615384616 0.08052884615384616
0 0.1875 0.2824519230769231 0.054086538461538464 0.07572115384615384
0 0.016826923076923076 0.29447115384615385 0.03365384615384615 0.08052884615384616
0 0.5697115384615384 0.296875 0.056490384615384616 0.078125
0 0.5144230769230769 0.30408653846153844 0.051682692307692304 0.07572115384615384
0 0.4230769230769231 0.30649038461538464 0.056490384615384616 0.0829326923076923
0 0.3317307692307692 0.3137019230769231 0.056490384615384616 0.07572115384615384
0 0.23197115384615385 0.3233173076923077 0.05889423076923077 0.078125
0 0.1466346153846154 0.32572115384615385 0.054086538461538464 0.078125
0 0.06370192307692307 0.33052884615384615 0.054086538461538464 0.07572115384615384
0 0.4723557692307692 0.34375 0.056490384615384616 0.0733173076923077
0 0.3737980769230769 0.34375 0.056490384615384616 0.0733173076923077
0 0.016826923076923076 0.3485576923076923 0.03365384615384615 0.04927884615384615
0 0.2848557692307692 0.3485576923076923 0.054086538461538464 0.06370192307692307
0 0.6057692307692307 0.34975961538461536 0.046875 0.06129807692307692
0 0.18990384615384615 0.35216346153846156 0.054086538461538464 0.056490384615384616
0 0.11899038461538461 0.3557692307692308 0.04927884615384615 0.04927884615384615
0 0.046875 0.36177884615384615 0.04927884615384615 0.036057692307692304
0 0.5252403846153846 0.3605769230769231 0.056490384615384616 0.038461538461538464
0 0.4254807692307692 0.3629807692307692 0.056490384615384616 0.03365384615384615
0 0.33052884615384615 0.36778846153846156 0.056490384615384616 0.02403846153846154
0 0.24639423076923078 0.3713942307692308 0.04927884615384615 0.016826923076923076
0 0.04567307692307692 0.006009615384615385 0.051682692307692304 0.01201923076923077
0 0.4675480769230769 0.014423076923076924 0.056490384615384616 0.028846153846153848
0 0.5673076923076923 0.016826923076923076 0.056490384615384616 0.03365384615384615
0 0.37740384615384615 0.019230769230769232 0.056490384615384616 0.038461538461538464
0 0.07211538461538461 0.020432692307692308 0.051682692307692304 0.040865384615384616
0 0.008413461538461538 0.020432692307692308 0.016826923076923076 0.040865384615384616
0 0.18870192307692307 0.021634615384615384 0.06009615384615385 0.04326923076923077
0 0.27163461538461536 0.03245192307692308 0.052884615384615384 0.06490384615384616
0 0.12740384615384615 0.038461538461538464 0.0625 0.07692307692307693
0 0.6081730769230769 0.039663461538461536 0.038461538461538464 0.07932692307692307
0 0.3269230769230769 0.040865384615384616 0.057692307692307696 0.08173076923076923
0 0.42427884615384615 0.04567307692307692 0.056490384615384616 0.08774038461538461
0 0.5108173076923077 0.046875 0.054086538461538464 0.078125
0 0.22115384615384615 0.06129807692307692 0.05889423076923077 0.08533653846153846
0 0.5637019230769231 0.078125 0.05889423076923077 0.0829326923076923
0 0.09134615384615384 0.0889423076923077 0.056490384615384616 0.08533653846153846
0 0.015625 0.09735576923076923 0.03125 0.078125
0 0.3786057692307692 0.09735576923076923 0.051682692307692304 0.08052884615384616
0 0.4723557692307692 0.09735576923076923 0.054086538461538464 0.0829326923076923
0 0.27403846153846156 0.10817307692307693 0.056490384615384616 0.0829326923076923
0 0.17307692307692307 0.11177884615384616 0.05889423076923077 0.08774038461538461
0 0.6237980769230769 0.11538461538461539 0.009615384615384616 0.06610576923076923
0 0.8990384615384616 0.25600961538461536 0.20192307692307693 0.24879807692307693
0 0.7139423076923077 0.2608173076923077 0.16826923076923078 0.23918269230769232
0 0.9615384615384616 0.0889423076923077 0.07692307692307693 0.1778846153846154
0 0.7992788461538461 0.0985576923076923 0.22716346153846154 0.1971153846153846
0 0.5889423076923077 0.7680288461538461 0.08052884615384616 0.18990384615384615
0 0.49038461538461536 0.7872596153846154 0.13942307692307693 0.18990384615384615
0 0.36778846153846156 0.7980769230769231 0.12980769230769232 0.17067307692307693
0 0.24759615384615385 0.8185096153846154 0.13221153846153846 0.18269230769230768
0 0.13221153846153846 0.8161057692307693 0.12139423076923077 0.18509615384615385
0 0.026442307692307692 0.8870192307692307 0.052884615384615384 0.1778846153846154
0 0.8665865384615384 0.8161057692307693 0.265625 0.36778846153846156