0 0.27524038461538464 0.40384615384615385 0.09014423076923077 0.3629807692307692
0 0.484375 0.4855769230769231 0.18990384615384615 0.19831730769230768
0 0.8257211538461539 0.4879807692307692 0.18509615384615385 0.1935096153846154
0 0.6526442307692307 0.5012019230769231 0.1346153846153846 0.16706730769230768
0 0.9459134615384616 0.49759615384615385 0.10817307692307693 0.17427884615384615
0 0.36658653846153844 0.49158653846153844 0.09254807692307693 0.18509615384615385
0 0.9471153846153846 0.28725961538461536 0.10576923076923077 0.2668269230769231
0 0.49759615384615385 0.28725961538461536 0.12740384615384615 0.20673076923076922
0 0.8004807692307693 0.28365384615384615 0.12379807692307693 0.203125
0 0.6502403846153846 0.28365384615384615 0.18990384615384615 0.28365384615384615
0 0.3605769230769231 0.27403846153846156 0.08173076923076923 0.27283653846153844
0 0.9459134615384616 0.08653846153846154 0.10817307692307693 0.171875
0 0.3737980769230769 0.08774038461538461 0.10817307692307693 0.17427884615384615
0 0.6610576923076923 0.07932692307692307 0.13221153846153846 0.15865384615384615
0 0.49759615384615385 0.08413461538461539 0.18269230769230768 0.16826923076923078
0 0.8317307692307693 0.078125 0.18269230769230768 0.15625
0 0.24639423076923078 0.75 0.14783653846153846 0.24639423076923078
0 0.09254807692307693 0.7475961538461539 0.15625 0.23798076923076922
0 0.17427884615384615 0.6225961538461539 0.15865384615384615 0.07692307692307693
0 0.046875 0.6225961538461539 0.09254807692307693 0.07692307692307693
0 0.9086538461538461 0.9927884615384616 0.1141826923076923 0.013221153846153846
0 0.7932692307692307 0.9915865384615384 0.11658653846153846 0.015625
0 0.7379807692307693 0.921875 0.11057692307692307 0.15625
0 0.6189903846153846 0.921875 0.11658653846153846 0.15625
0 0.5012019230769231 0.9206730769230769 0.1141826923076923 0.15865384615384615
0 0.3858173076923077 0.9206730769230769 0.11658653846153846 0.15865384615384615
0 0.9543269230769231 0.9194711538461539 0.09134615384615384 0.16105769230769232
0 0.8545673076923077 0.9194711538461539 0.11658653846153846 0.16105769230769232
0 0.5625 0.78125 0.11658653846153846 0.171875
0 0.44350961538461536 0.78125 0.11057692307692307 0.16947115384615385
0 0.6790865384615384 0.78125 0.1141826923076923 0.16947115384615385
0 0.35216346153846156 0.7788461538461539 0.06370192307692307 0.171875
0 0.796875 0.7788461538461539 0.11658653846153846 0.16947115384615385
0 0.9855769230769231 0.7776442307692307 0.028846153846153848 0.16947115384615385
0 0.9122596153846154 0.7764423076923077 0.1141826923076923 0.16706730769230768
0 0.9579326923076923 0.6502403846153846 0.08413461538461539 0.13221153846153846
0 0.8569711538461539 0.6502403846153846 0.11658653846153846 0.13221153846153846
0 0.3858173076923077 0.6502403846153846 0.11658653846153846 0.13221153846153846
0 0.6201923076923077 0.6490384615384616 0.1141826923076923 0.12980769230769232
0 0.5048076923076923 0.6490384615384616 0.11658653846153846 0.12980769230769232
0 0.734375 0.6490384615384616 0.1141826923076923 0.12980769230769232