0 0.02403846153846154 0.25961538461538464 0.04807692307692308 0.15745192307692307
0 0.07572115384615384 0.25721153846153844 0.06971153846153846 0.16466346153846154
0 0.25 0.2548076923076923 0.08533653846153846 0.17307692307692307
0 0.14302884615384615 0.2512019230769231 0.07932692307692307 0.17067307692307693
0 0.09014423076923077 0.06490384615384616 0.07451923076923077 0.12980769230769232
0 0.025240384615384616 0.06370192307692307 0.05048076923076923 0.12740384615384615
0 0.1658653846153846 0.057692307692307696 0.0829326923076923 0.1141826923076923
0 0.24879807692307693 0.04927884615384615 0.08774038461538461 0.0985576923076923
0 0.5120192307692307 0.38221153846153844 0.03485576923076923 0.04567307692307692
0 0.5540865384615384 0.38221153846153844 0.05048076923076923 0.04567307692307692
0 0.6502403846153846 0.3798076923076923 0.05048076923076923 0.04807692307692308
0 0.6033653846153846 0.3798076923076923 0.04807692307692308 0.04807692307692308
0 0.7019230769230769 0.3798076923076923 0.052884615384615384 0.04807692307692308
0 0.7536057692307693 0.3786057692307692 0.05048076923076923 0.05048076923076923
0 0.8040865384615384 0.3786057692307692 0.05048076923076923 0.05048076923076923
0 0.8533653846153846 0.37740384615384615 0.052884615384615384 0.052884615384615384
0 0.9050480769230769 0.37740384615384615 0.05048076923076923 0.052884615384615384
0 0.9543269230769231 0.3762019230769231 0.052884615384615384 0.055288461538461536
0 0.9903846153846154 0.37740384615384615 0.018028846153846152 0.052884615384615384
0 0.5024038461538461 0.33413461538461536 0.015625 0.07211538461538461
0 0.5360576923076923 0.33413461538461536 0.04807692307692308 0.07211538461538461
0 0.5853365384615384 0.3329326923076923 0.04807692307692308 0.06971153846153846
0 0.6334134615384616 0.3329326923076923 0.04807692307692308 0.06971153846153846
0 0.6826923076923077 0.33052884615384615 0.04807692307692308 0.07211538461538461
0 0.7319711538461539 0.3293269230769231 0.05048076923076923 0.07211538461538461
0 0.7800480769230769 0.328125 0.05048076923076923 0.07211538461538461
0 0.8293269230769231 0.3269230769230769 0.05048076923076923 0.07211538461538461
0 0.8798076923076923 0.32572115384615385 0.05048076923076923 0.07451923076923077
0 0.9290865384615384 0.32572115384615385 0.05048076923076923 0.07451923076923077
0 0.9759615384615384 0.3233173076923077 0.04807692307692308 0.07211538461538461
0 0.5168269230769231 0.27403846153846156 0.04567307692307692 0.06971153846153846
0 0.5637019230769231 0.27403846153846156 0.04807692307692308 0.06610576923076923
0 0.6117788461538461 0.27403846153846156 0.04807692307692308 0.06971153846153846
0 0.6598557692307693 0.27163461538461536 0.04807692307692308 0.06971153846153846
0 0.7091346153846154 0.27163461538461536 0.05048076923076923 0.06971153846153846
0 0.7572115384615384 0.2704326923076923 0.04807692307692308 0.06971153846153846
0 0.8052884615384616 0.2668269230769231 0.04807692307692308 0.07211538461538461
0 0.8533653846153846 0.265625 0.04807692307692308 0.07211538461538461
0 0.9026442307692307 0.265625 0.04807692307692308 0.06971153846153846
0 0.9519230769230769 0.2644230769230769 0.04807692307692308 0.07211538461538461
0 0.9879807692307693 0.26322115384615385 0.02403846153846154 0.06971153846153846
0 0.5084134615384616 0.21754807692307693 0.026442307692307692 0.06971153846153846
0 0.5444711538461539 0.21754807692307693 0.04807692307692308 0.06610576923076923
0 0.5913461538461539 0.21634615384615385 0.04807692307692308 0.06610576923076923
0 0.6394230769230769 0.21514423076923078 0.04807692307692308 0.06610576923076923
0 0.6862980769230769 0.21394230769230768 0.05048076923076923 0.06971153846153846
0 0.734375 0.2127403846153846 0.04807692307692308 0.06971153846153846
0 0.7824519230769231 0.21033653846153846 0.04807692307692308 0.06610576923076923
0 0.8293269230769231 0.2091346153846154 0.04807692307692308 0.06610576923076923
0 0.8774038461538461 0.20793269230769232 0.04807692307692308 0.06610576923076923
0 0.9254807692307693 0.20793269230769232 0.04807692307692308 0.06971153846153846
0 0.9735576923076923 0.20552884615384615 0.05048076923076923 0.06610576923076923
0 0.5240384615384616 0.16346153846153846 0.04807692307692308 0.06610576923076923
0 0.5721153846153846 0.1622596153846154 0.04807692307692308 0.06610576923076923
0 0.6177884615384616 0.16105769230769232 0.04807692307692308 0.06610576923076923
0 0.6658653846153846 0.15985576923076922 0.04807692307692308 0.06610576923076923
0 0.7127403846153846 0.15745192307692307 0.04807692307692308 0.06610576923076923
0 0.7596153846153846 0.15504807692307693 0.04807692307692308 0.06610576923076923
0 0.8052884615384616 0.15384615384615385 0.04807692307692308 0.06610576923076923
0 0.8533653846153846 0.15264423076923078 0.04807692307692308 0.06610576923076923
0 0.9014423076923077 0.1502403846153846 0.04807692307692308 0.06610576923076923
0 0.9483173076923077 0.1502403846153846 0.05048076923076923 0.06610576923076923
0 0.9855769230769231 0.1502403846153846 0.028846153846153848 0.06610576923076923
0 0.5120192307692307 0.109375 0.03485576923076923 0.06370192307692307
0 0.5516826923076923 0.109375 0.04807692307692308 0.06610576923076923
0 0.5985576923076923 0.10817307692307693 0.04807692307692308 0.06610576923076923
0 0.6454326923076923 0.1045673076923077 0.04807692307692308 0.06610576923076923
0 0.6911057692307693 0.10336538461538461 0.05048076923076923 0.06610576923076923
0 0.7379807692307693 0.10216346153846154 0.04807692307692308 0.06610576923076923
0 0.7836538461538461 0.10096153846153846 0.04807692307692308 0.06370192307692307
0 0.8293269230769231 0.0985576923076923 0.04807692307692308 0.06370192307692307
0 0.8762019230769231 0.09735576923076923 0.04807692307692308 0.06610576923076923
0 0.9230769230769231 0.09615384615384616 0.04807692307692308 0.06610576923076923
0 0.9699519230769231 0.09495192307692307 0.04807692307692308 0.06610576923076923
0 0.5012019230769231 0.057692307692307696 0.013221153846153846 0.06129807692307692
0 0.5324519230769231 0.057692307692307696 0.04807692307692308 0.06129807692307692
0 0.578125 0.055288461538461536 0.04807692307692308 0.06370192307692307
0 0.6237980769230769 0.054086538461538464 0.04807692307692308 0.06370192307692307
0 0.6706730769230769 0.051682692307692304 0.04807692307692308 0.06370192307692307
0 0.7151442307692307 0.05048076923076923 0.04807692307692308 0.06370192307692307
0 0.7620192307692307 0.04927884615384615 0.04807692307692308 0.06370192307692307
0 0.8076923076923077 0.046875 0.04807692307692308 0.06370192307692307
0 0.8533653846153846 0.04567307692307692 0.04807692307692308 0.06370192307692307
0 0.8990384615384616 0.04447115384615385 0.04807692307692308 0.06370192307692307
0 0.9447115384615384 0.042067307692307696 0.04807692307692308 0.06370192307692307
0 0.9819711538461539 0.038461538461538464 0.036057692307692304 0.0625
0 0.5132211538461539 0.018028846153846152 0.040865384615384616 0.036057692307692304
0 0.5576923076923077 0.018028846153846152 0.04807692307692308 0.036057692307692304
0 0.6033653846153846 0.016826923076923076 0.04807692307692308 0.03365384615384615
0 0.6490384615384616 0.015625 0.04807692307692308 0.03125
0 0.6947115384615384 0.015625 0.04807692307692308 0.03125
0 0.7391826923076923 0.014423076923076924 0.04807692307692308 0.028846153846153848
0 0.7848557692307693 0.014423076923076924 0.04807692307692308 0.028846153846153848
0 0.8293269230769231 0.013221153846153846 0.04807692307692308 0.026442307692307692
0 0.875 0.01201923076923077 0.04807692307692308 0.02403846153846154
0 0.9206730769230769 0.01201923076923077 0.04807692307692308 0.02403846153846154
0 0.9651442307692307 0.010817307692307692 0.04807692307692308 0.021634615384615384
0 0.4675480769230769 0.9278846153846154 0.052884615384615384 0.14302884615384615
0 0.3798076923076923 0.9170673076923077 0.12259615384615384 0.16466346153846154
0 0.04447115384615385 0.9074519230769231 0.08774038461538461 0.18028846153846154
0 0.26322115384615385 0.9074519230769231 0.11177884615384616 0.17548076923076922
0 0.1502403846153846 0.9074519230769231 0.11658653846153846 0.1778846153846154
0 0.4387019230769231 0.7788461538461539 0.11177884615384616 0.16466346153846154
0 0.3233173076923077 0.7620192307692307 0.1141826923076923 0.16466346153846154
0 0.014423076923076924 0.7524038461538461 0.028846153846153848 0.17548076923076922
0 0.2091346153846154 0.7512019230769231 0.12259615384615384 0.1778846153846154
0 0.0889423076923077 0.75 0.11658653846153846 0.17548076923076922
0 0.46634615384615385 0.6418269230769231 0.055288461538461536 0.16706730769230768
0 0.38221153846153844 0.6274038461538461 0.11177884615384616 0.1622596153846154
0 0.265625 0.6081730769230769 0.11658653846153846 0.16706730769230768
0 0.042067307692307696 0.6021634615384616 0.08413461538461539 0.17067307692307693
0 0.14783653846153846 0.6009615384615384 0.11658653846153846 0.17067307692307693
0 0.4423076923076923 0.48677884615384615 0.10336538461538461 0.16466346153846154
0 0.3245192307692308 0.47596153846153844 0.11658653846153846 0.14302884615384615
0 0.20432692307692307 0.4735576923076923 0.11658653846153846 0.13822115384615385
0 0.08774038461538461 0.4723557692307692 0.11658653846153846 0.13581730769230768
0 0.013221153846153846 0.4723557692307692 0.026442307692307692 0.13581730769230768
0 0.28725961538461536 0.9939903846153846 0.0985576923076923 0.01201923076923077
0 0.1875 0.9927884615384616 0.0985576923076923 0.013221153846153846
0 0.08533653846153846 0.9927884615384616 0.10096153846153846 0.013221153846153846
0 0.5865384615384616 0.8305288461538461 0.18389423076923078 0.33774038461538464
0 0.9771634615384616 0.7992788461538461 0.04567307692307692 0.32211538461538464
0 0.7572115384615384 0.6634615384615384 0.17067307692307693 0.25
0 0.8209134615384616 0.45552884615384615 0.1778846153846154 0.10336538461538461