0 0.051682692307692304 0.3449519230769231 0.10216346153846154 0.20793269230769232
0 0.4254807692307692 0.3269230769230769 0.14903846153846154 0.21995192307692307
0 0.2776442307692308 0.265625 0.1466346153846154 0.21754807692307693
0 0.5168269230769231 0.20072115384615385 0.05889423076923077 0.21754807692307693
0 0.10336538461538461 0.16105769230769232 0.15144230769230768 0.22596153846153846
0 0.4206730769230769 0.10817307692307693 0.140625 0.2127403846153846
0 0.27403846153846156 0.078125 0.13822115384615385 0.15625
0 0.03245192307692308 0.052884615384615384 0.06370192307692307 0.1045673076923077
0 0.5084134615384616 0.04447115384615385 0.07451923076923077 0.0889423076923077
0 0.14543269230769232 0.039663461538461536 0.13581730769230768 0.07932692307692307
0 0.36899038461538464 0.01201923076923077 0.13341346153846154 0.02283653846153846
0 0.30528846153846156 0.42427884615384615 0.14302884615384615 0.11057692307692307
0 0.5228365384615384 0.39663461538461536 0.04567307692307692 0.16706730769230768
0 0.1622596153846154 0.3954326923076923 0.13581730769230768 0.16947115384615385
0 0.6298076923076923 0.42788461538461536 0.05889423076923077 0.10216346153846154
0 0.7367788461538461 0.4170673076923077 0.06971153846153846 0.12620192307692307
0 0.8449519230769231 0.38341346153846156 0.06971153846153846 0.140625
0 0.6081730769230769 0.2704326923076923 0.06129807692307692 0.12860576923076922
0 0.6814903846153846 0.2439903846153846 0.06610576923076923 0.13581730769230768
0 0.7620192307692307 0.18870192307692307 0.07211538461538461 0.13581730769230768
0 0.4387019230769231 0.9278846153846154 0.16466346153846154 0.14302884615384615
0 0.7728365384615384 0.7391826923076923 0.4543269230769231 0.5204326923076923