0 0.3088942307692308 0.2536057692307692 0.2956730769230769 0.12980769230769232
0 0.6237980769230769 0.10096153846153846 0.18629807692307693 0.20192307692307693
0 0.9290865384615384 0.13942307692307693 0.14182692307692307 0.25
0 0.5769230769230769 0.18389423076923078 0.14783653846153846 0.16826923076923078
0 0.7548076923076923 0.1935096153846154 0.1502403846153846 0.14783653846153846
0 0.10216346153846154 0.8473557692307693 0.054086538461538464 0.05889423076923077
0 0.5817307692307693 0.45913461538461536 0.12259615384615384 0.1814903846153846
0 0.7331730769230769 0.5709134615384616 0.14543269230769232 0.21153846153846154
0 0.8918269230769231 0.6322115384615384 0.14543269230769232 0.21394230769230768
0 0.9807692307692307 0.6862980769230769 0.038461538461538464 0.2091346153846154
0 0.5709134615384616 0.7007211538461539 0.12740384615384615 0.1814903846153846
0 0.6538461538461539 0.8870192307692307 0.14543269230769232 0.20673076923076922
0 0.9615384615384616 0.9158653846153846 0.07692307692307693 0.16826923076923078
0 0.5408653846153846 0.9242788461538461 0.07692307692307693 0.1502403846153846
0 0.8341346153846154 0.9507211538461539 0.12980769230769232 0.0985576923076923