0 0.21153846153846154 0.12379807692307693 0.17307692307692307 0.24759615384615385
0 0.375 0.11538461538461539 0.10096153846153846 0.23076923076923078
0 0.5396634615384616 0.2956730769230769 0.054086538461538464 0.0733173076923077
0 0.4879807692307692 0.29447115384615385 0.054086538461538464 0.0733173076923077
0 0.9819711538461539 0.24519230769230768 0.036057692307692304 0.07692307692307693
0 0.9399038461538461 0.24519230769230768 0.054086538461538464 0.0733173076923077
0 0.8870192307692307 0.2439903846153846 0.054086538461538464 0.0733173076923077
0 0.8353365384615384 0.2439903846153846 0.054086538461538464 0.0733173076923077
0 0.7824519230769231 0.24278846153846154 0.054086538461538464 0.0733173076923077
0 0.7307692307692307 0.24278846153846154 0.054086538461538464 0.07091346153846154
0 0.6778846153846154 0.2403846153846154 0.054086538461538464 0.07091346153846154
0 0.6237980769230769 0.23918269230769232 0.054086538461538464 0.0733173076923077
0 0.5709134615384616 0.23677884615384615 0.051682692307692304 0.07091346153846154
0 0.5192307692307693 0.234375 0.051682692307692304 0.07091346153846154
0 0.4651442307692308 0.234375 0.054086538461538464 0.07091346153846154
0 0.9951923076923077 0.18389423076923078 0.009615384615384616 0.07091346153846154
0 0.9651442307692307 0.18389423076923078 0.054086538461538464 0.07091346153846154
0 0.9134615384615384 0.18389423076923078 0.054086538461538464 0.07091346153846154
0 0.8617788461538461 0.18269230769230768 0.054086538461538464 0.07091346153846154
0 0.8112980769230769 0.18269230769230768 0.051682692307692304 0.07091346153846154
0 0.7596153846153846 0.18269230769230768 0.051682692307692304 0.07091346153846154
0 0.7079326923076923 0.1814903846153846 0.054086538461538464 0.07091346153846154
0 0.6538461538461539 0.17908653846153846 0.054086538461538464 0.07091346153846154
0 0.6033653846153846 0.17908653846153846 0.054086538461538464 0.07091346153846154
0 0.5492788461538461 0.17668269230769232 0.054086538461538464 0.07091346153846154
0 0.4987980769230769 0.17427884615384615 0.051682692307692304 0.07091346153846154
0 0.9807692307692307 0.12259615384615384 0.038461538461538464 0.07211538461538461
0 0.9399038461538461 0.12379807692307693 0.051682692307692304 0.07091346153846154
0 0.8894230769230769 0.12259615384615384 0.054086538461538464 0.07091346153846154
0 0.8377403846153846 0.12259615384615384 0.051682692307692304 0.07091346153846154
0 0.7872596153846154 0.12259615384615384 0.051682692307692304 0.07091346153846154
0 0.7367788461538461 0.12259615384615384 0.051682692307692304 0.06850961538461539
0 0.6850961538461539 0.12139423076923077 0.054086538461538464 0.07091346153846154
0 0.6334134615384616 0.1201923076923077 0.054086538461538464 0.06850961538461539
0 0.5817307692307693 0.11899038461538461 0.054086538461538464 0.06850961538461539
0 0.5300480769230769 0.11658653846153846 0.051682692307692304 0.07091346153846154
0 0.4795673076923077 0.11538461538461539 0.04927884615384615 0.07091346153846154
0 0.9939903846153846 0.06490384615384616 0.01201923076923077 0.07091346153846154
0 0.9651442307692307 0.06610576923076923 0.054086538461538464 0.07091346153846154
0 0.9146634615384616 0.06490384615384616 0.051682692307692304 0.06850961538461539
0 0.8641826923076923 0.06490384615384616 0.051682692307692304 0.06850961538461539
0 0.7632211538461539 0.06490384615384616 0.051682692307692304 0.06850961538461539
0 0.8137019230769231 0.06490384615384616 0.051682692307692304 0.06850961538461539
0 0.7127403846153846 0.06490384615384616 0.051682692307692304 0.06850961538461539
0 0.6622596153846154 0.06370192307692307 0.051682692307692304 0.06610576923076923
0 0.6105769230769231 0.0625 0.051682692307692304 0.06850961538461539
0 0.5600961538461539 0.06129807692307692 0.051682692307692304 0.06610576923076923
0 0.5084134615384616 0.06009615384615385 0.051682692307692304 0.06850961538461539
0 0.9819711538461539 0.020432692307692308 0.036057692307692304 0.040865384615384616
0 0.9387019230769231 0.020432692307692308 0.05048076923076923 0.040865384615384616
0 0.8882211538461539 0.020432692307692308 0.05048076923076923 0.040865384615384616
0 0.8389423076923077 0.020432692307692308 0.04807692307692308 0.040865384615384616
0 0.7884615384615384 0.020432692307692308 0.052884615384615384 0.040865384615384616
0 0.7391826923076923 0.020432692307692308 0.05048076923076923 0.040865384615384616
0 0.6899038461538461 0.020432692307692308 0.052884615384615384 0.040865384615384616
0 0.6382211538461539 0.020432692307692308 0.05048076923076923 0.040865384615384616
0 0.5877403846153846 0.019230769230769232 0.05048076923076923 0.038461538461538464
0 0.5384615384615384 0.019230769230769232 0.04807692307692308 0.038461538461538464
0 0.48677884615384615 0.018028846153846152 0.05048076923076923 0.036057692307692304
0 0.9819711538461539 0.47836538461538464 0.036057692307692304 0.02403846153846154
0 0.9375 0.47836538461538464 0.056490384615384616 0.02403846153846154
0 0.8822115384615384 0.47716346153846156 0.054086538461538464 0.027644230769230768
0 0.8269230769230769 0.47716346153846156 0.056490384615384616 0.027644230769230768
0 0.7704326923076923 0.4735576923076923 0.05889423076923077 0.03245192307692308
0 0.9951923076923077 0.4375 0.009615384615384616 0.07692307692307693
0 0.9651442307692307 0.4375 0.056490384615384616 0.07932692307692307
0 0.9110576923076923 0.4375 0.054086538461538464 0.07932692307692307
0 0.8569711538461539 0.4362980769230769 0.054086538461538464 0.07932692307692307
0 0.8028846153846154 0.4362980769230769 0.056490384615384616 0.07932692307692307
0 0.7463942307692307 0.4326923076923077 0.056490384615384616 0.07692307692307693
0 0.6923076923076923 0.43149038461538464 0.056490384615384616 0.07932692307692307
0 0.6382211538461539 0.4266826923076923 0.056490384615384616 0.07692307692307693
0 0.5853365384615384 0.42427884615384615 0.054086538461538464 0.07932692307692307
0 0.5324519230769231 0.41947115384615385 0.051682692307692304 0.0733173076923077
0 0.4807692307692308 0.4182692307692308 0.051682692307692304 0.0733173076923077
0 0.9807692307692307 0.3701923076923077 0.038461538461538464 0.07692307692307693
0 0.9387019230769231 0.3701923076923077 0.054086538461538464 0.07932692307692307
0 0.8846153846153846 0.3701923076923077 0.056490384615384616 0.07692307692307693
0 0.8317307692307693 0.3701923076923077 0.054086538461538464 0.07692307692307693
0 0.7788461538461539 0.36899038461538464 0.056490384615384616 0.07932692307692307
0 0.7223557692307693 0.36658653846153844 0.056490384615384616 0.07692307692307693
0 0.6682692307692307 0.3641826923076923 0.054086538461538464 0.07692307692307693
0 0.6153846153846154 0.3605769230769231 0.051682692307692304 0.07692307692307693
0 0.5625 0.3581730769230769 0.054086538461538464 0.0733173076923077
0 0.5096153846153846 0.35697115384615385 0.051682692307692304 0.07692307692307693
0 0.45913461538461536 0.3545673076923077 0.051682692307692304 0.0733173076923077
0 0.9951923076923077 0.3076923076923077 0.009615384615384616 0.0733173076923077
0 0.9651442307692307 0.3076923076923077 0.056490384615384616 0.07692307692307693
0 0.9122596153846154 0.30649038461538464 0.054086538461538464 0.07692307692307693
0 0.859375 0.30649038461538464 0.054086538461538464 0.07692307692307693
0 0.8064903846153846 0.30528846153846156 0.054086538461538464 0.07692307692307693
0 0.7536057692307693 0.30528846153846156 0.054086538461538464 0.0733173076923077
0 0.6995192307692307 0.3016826923076923 0.054086538461538464 0.0733173076923077
0 0.6466346153846154 0.3016826923076923 0.054086538461538464 0.0733173076923077
0 0.5925480769230769 0.2980769230769231 0.054086538461538464 0.0733173076923077
0 0.23317307692307693 0.9014423076923077 0.3125 0.1971153846153846
0 0.020432692307692308 0.8966346153846154 0.040865384615384616 0.20673076923076922
0 0.33533653846153844 0.7355769230769231 0.18269230769230768 0.2091346153846154
0 0.11177884615384616 0.7307692307692307 0.22355769230769232 0.2091346153846154
0 0.23918269230769232 0.578125 0.32572115384615385 0.17427884615384615
0 0.021634615384615384 0.5769230769230769 0.04326923076923077 0.17307692307692307
0 0.5552884615384616 0.8762019230769231 0.10096153846153846 0.20192307692307693
0 0.4495192307692308 0.7692307692307693 0.046875 0.19951923076923078
0 0.6610576923076923 0.7427884615384616 0.0985576923076923 0.18990384615384615
0 0.7620192307692307 0.7427884615384616 0.10096153846153846 0.19471153846153846
0 0.9278846153846154 0.7103365384615384 0.10576923076923077 0.20192307692307693
0 0.9891826923076923 0.7043269230769231 0.021634615384615384 0.20673076923076922
0 0.5805288461538461 0.6814903846153846 0.09615384615384616 0.18509615384615385
0 0.4567307692307692 0.578125 0.06129807692307692 0.17427884615384615
0 0.8689903846153846 0.5769230769230769 0.10817307692307693 0.171875
0 0.6298076923076923 0.5600961538461539 0.09615384615384616 0.140625
0 0.7295673076923077 0.5600961538461539 0.10817307692307693 0.140625
0 0.5444711538461539 0.53125 0.0985576923076923 0.08173076923076923
0 0.4483173076923077 0.9350961538461539 0.04567307692307692 0.12980769230769232
0 0.9110576923076923 0.90625 0.10817307692307693 0.1875
0 0.9831730769230769 0.9050480769230769 0.03365384615384615 0.18990384615384615
0 0.6995192307692307 0.9086538461538461 0.10336538461538461 0.18269230769230768
0 0.7992788461538461 0.8978365384615384 0.10576923076923077 0.20432692307692307