0 0.018028846153846152 0.4362980769230769 0.036057692307692304 0.10697115384615384
0 0.0733173076923077 0.4326923076923077 0.06850961538461539 0.1045673076923077
0 0.03485576923076923 0.3425480769230769 0.06971153846153846 0.10817307692307693
0 0.17668269230769232 0.34375 0.06850961538461539 0.10216346153846154
0 0.10576923076923077 0.3425480769230769 0.06850961538461539 0.10697115384615384
0 0.24519230769230768 0.34134615384615385 0.06610576923076923 0.1045673076923077
0 0.3125 0.3389423076923077 0.06850961538461539 0.10216346153846154
0 0.38341346153846156 0.33653846153846156 0.07091346153846154 0.1045673076923077
0 0.140625 0.2512019230769231 0.07091346153846154 0.1045673076923077
0 0.21033653846153846 0.2512019230769231 0.06850961538461539 0.10697115384615384
0 0.016826923076923076 0.2512019230769231 0.03365384615384615 0.10216346153846154
0 0.06971153846153846 0.25 0.07091346153846154 0.10697115384615384
0 0.6237980769230769 0.25 0.06370192307692307 0.09975961538461539
0 0.34615384615384615 0.24879807692307693 0.06850961538461539 0.09975961538461539
0 0.4807692307692308 0.24879807692307693 0.06370192307692307 0.09254807692307693
0 0.41586538461538464 0.24879807692307693 0.06850961538461539 0.10216346153846154
0 0.2764423076923077 0.24759615384615385 0.06610576923076923 0.10216346153846154
0 0.5540865384615384 0.24639423076923078 0.06850961538461539 0.09975961538461539
0 0.17427884615384615 0.16105769230769232 0.06850961538461539 0.10216346153846154
0 0.24278846153846154 0.16105769230769232 0.06610576923076923 0.10216346153846154
0 0.46033653846153844 0.15985576923076922 0.07091346153846154 0.10216346153846154
0 0.036057692307692304 0.15985576923076922 0.06850961538461539 0.10216346153846154
0 0.5180288461538461 0.15985576923076922 0.05889423076923077 0.09975961538461539
0 0.5841346153846154 0.15985576923076922 0.06850961538461539 0.09735576923076923
0 0.3858173076923077 0.15865384615384615 0.07091346153846154 0.10216346153846154
0 0.10336538461538461 0.15865384615384615 0.06850961538461539 0.10216346153846154
0 0.6394230769230769 0.15865384615384615 0.03365384615384615 0.10216346153846154
0 0.3125 0.15745192307692307 0.07091346153846154 0.10216346153846154
0 0.5600961538461539 0.07211538461538461 0.06610576923076923 0.10216346153846154
0 0.484375 0.07211538461538461 0.06370192307692307 0.09735576923076923
0 0.34975961538461536 0.07091346153846154 0.06850961538461539 0.10216346153846154
0 0.27884615384615385 0.07091346153846154 0.07091346153846154 0.10697115384615384
0 0.421875 0.06971153846153846 0.07091346153846154 0.1045673076923077
0 0.07091346153846154 0.06971153846153846 0.06850961538461539 0.10216346153846154
0 0.016826923076923076 0.06850961538461539 0.03365384615384615 0.10697115384615384
0 0.6225961538461539 0.06850961538461539 0.06610576923076923 0.10216346153846154
0 0.21033653846153846 0.06971153846153846 0.06850961538461539 0.1045673076923077
0 0.13942307692307693 0.06850961538461539 0.06850961538461539 0.1045673076923077
0 0.3798076923076923 0.016826923076923076 0.06610576923076923 0.03365384615384615
0 0.5192307692307693 0.016826923076923076 0.06370192307692307 0.03365384615384615
0 0.3125 0.016826923076923076 0.06850961538461539 0.03365384615384615
0 0.5865384615384616 0.015625 0.06610576923076923 0.03125
0 0.6382211538461539 0.014423076923076924 0.036057692307692304 0.028846153846153848
0 0.2439903846153846 0.015625 0.06850961538461539 0.03125
0 0.171875 0.015625 0.07091346153846154 0.03125
0 0.03365384615384615 0.015625 0.0673076923076923 0.03125
0 0.45552884615384615 0.015625 0.06850961538461539 0.03125
0 0.1045673076923077 0.015625 0.06850961538461539 0.03125
0 0.8341346153846154 0.35336538461538464 0.05889423076923077 0.07572115384615384
0 0.8894230769230769 0.35216346153846156 0.056490384615384616 0.07572115384615384
0 0.8040865384615384 0.17427884615384615 0.056490384615384616 0.07091346153846154
0 0.8052884615384616 0.2932692307692308 0.05889423076923077 0.07572115384615384
0 0.859375 0.29086538461538464 0.056490384615384616 0.0733173076923077
0 0.7764423076923077 0.3545673076923077 0.05889423076923077 0.07572115384615384
0 0.8569711538461539 0.17427884615384615 0.056490384615384616 0.06850961538461539
0 0.9723557692307693 0.41346153846153844 0.055288461538461536 0.07692307692307693
0 0.9134615384615384 0.29086538461538464 0.056490384615384616 0.0733173076923077
0 0.8064903846153846 0.4182692307692308 0.05889423076923077 0.078125
0 0.7475961538461539 0.4206730769230769 0.06129807692307692 0.08052884615384616
0 0.8293269230769231 0.11778846153846154 0.054086538461538464 0.06850961538461539
0 0.8629807692307693 0.4170673076923077 0.05889423076923077 0.078125
0 0.71875 0.3545673076923077 0.06129807692307692 0.078125
0 0.75 0.05889423076923077 0.056490384615384616 0.07091346153846154
0 0.984375 0.34975961538461536 0.03125 0.07572115384615384
0 0.9194711538461539 0.41586538461538464 0.056490384615384616 0.078125
0 0.9675480769230769 0.29086538461538464 0.056490384615384616 0.0733173076923077
0 0.9375 0.23317307692307693 0.054086538461538464 0.07091346153846154
0 0.6911057692307693 0.2932692307692308 0.06129807692307692 0.07572115384615384
0 0.9891826923076923 0.47836538461538464 0.021634615384615384 0.078125
0 0.8317307692307693 0.23317307692307693 0.056490384615384616 0.07091346153846154
0 0.9819711538461539 0.23197115384615385 0.036057692307692304 0.06850961538461539
0 0.9963942307692307 0.28966346153846156 0.007211538461538462 0.0733173076923077
0 0.9098557692307693 0.17548076923076922 0.054086538461538464 0.07091346153846154
0 0.9495192307692307 0.4807692307692308 0.05889423076923077 0.08052884615384616
0 0.7487980769230769 0.2932692307692308 0.05889423076923077 0.07572115384615384
0 0.671875 0.3545673076923077 0.03125 0.08052884615384616
0 0.6935096153846154 0.171875 0.05889423076923077 0.07091346153846154
0 0.7764423076923077 0.11538461538461539 0.056490384615384616 0.07091346153846154
0 0.6706730769230769 0.4891826923076923 0.028846153846153848 0.08052884615384616
0 0.8028846153846154 0.06129807692307692 0.056490384615384616 0.07091346153846154
0 0.9627403846153846 0.17548076923076922 0.054086538461538464 0.07091346153846154
0 0.7487980769230769 0.17307692307692307 0.056490384615384616 0.07091346153846154
0 0.7151442307692307 0.4879807692307692 0.06370192307692307 0.0829326923076923
0 0.7764423076923077 0.23317307692307693 0.056490384615384616 0.0733173076923077
0 0.7223557692307693 0.11298076923076923 0.05889423076923077 0.07091346153846154
0 0.6875 0.421875 0.06370192307692307 0.08052884615384616
0 0.7752403846153846 0.48677884615384615 0.06129807692307692 0.0829326923076923
0 0.6730769230769231 0.22956730769230768 0.03365384615384615 0.0733173076923077
0 0.9435096153846154 0.35096153846153844 0.056490384615384616 0.07572115384615384
0 0.6754807692307693 0.11057692307692307 0.038461538461538464 0.07091346153846154
0 0.9927884615384616 0.17548076923076922 0.014423076923076924 0.06850961538461539
0 0.8930288461538461 0.4831730769230769 0.05889423076923077 0.08052884615384616
0 0.8353365384615384 0.4855769230769231 0.06129807692307692 0.0829326923076923
0 0.6947115384615384 0.056490384615384616 0.05889423076923077 0.07091346153846154
0 0.8641826923076923 0.5192307692307693 0.06129807692307692 0.019230769230769232
0 0.9242788461538461 0.5192307692307693 0.05889423076923077 0.019230769230769232
0 0.8822115384615384 0.11899038461538461 0.054086538461538464 0.06850961538461539
0 0.8052884615384616 0.5204326923076923 0.06370192307692307 0.016826923076923076
0 0.8545673076923077 0.0625 0.054086538461538464 0.06850961538461539
0 0.9326923076923077 0.11899038461538461 0.054086538461538464 0.06850961538461539
0 0.7235576923076923 0.016826923076923076 0.056490384615384616 0.03365384615384615
0 0.9759615384615384 0.5168269230769231 0.04807692307692308 0.02403846153846154
0 0.8798076923076923 0.020432692307692308 0.051682692307692304 0.040865384615384616
0 0.7752403846153846 0.018028846153846152 0.054086538461538464 0.036057692307692304
0 0.8269230769230769 0.019230769230769232 0.054086538461538464 0.038461538461538464
0 0.6622596153846154 0.052884615384615384 0.01201923076923077 0.07091346153846154
0 0.9555288461538461 0.06610576923076923 0.051682692307692304 0.06610576923076923
0 0.9795673076923077 0.11899038461538461 0.040865384615384616 0.06850961538461539
0 0.9266826923076923 0.021634615384615384 0.05048076923076923 0.04326923076923077
0 0.6766826923076923 0.015625 0.040865384615384616 0.03125
0 0.9903846153846154 0.06490384615384616 0.019230769230769232 0.06610576923076923
0 0.90625 0.06490384615384616 0.054086538461538464 0.06610576923076923
0 0.9759615384615384 0.021634615384615384 0.04807692307692308 0.04326923076923077
0 0.7211538461538461 0.23197115384615385 0.05889423076923077 0.0733173076923077
0 0.8858173076923077 0.23317307692307693 0.056490384615384616 0.07091346153846154
0 0.2620192307692308 0.9675480769230769 0.22596153846153846 0.06490384615384616
0 0.47716346153846156 0.9723557692307693 0.18509615384615385 0.055288461538461536
0 0.07091346153846154 0.9735576923076923 0.14182692307692307 0.052884615384615384
0 0.037259615384615384 0.8509615384615384 0.07451923076923077 0.20192307692307693
0 0.30528846153846156 0.84375 0.1346153846153846 0.21033653846153846
0 0.15144230769230768 0.8413461538461539 0.1346153846153846 0.1971153846153846
0 0.5961538461538461 0.8377403846153846 0.11899038461538461 0.2608173076923077
0 0.4495192307692308 0.8305288461538461 0.15144230769230768 0.2247596153846154
0 0.21875 0.6442307692307693 0.14182692307692307 0.1971153846153846
0 0.5528846153846154 0.6310096153846154 0.15865384615384615 0.20192307692307693
0 0.3786057692307692 0.6262019230769231 0.18028846153846154 0.19230769230769232
0 0.0673076923076923 0.6213942307692307 0.1346153846153846 0.18509615384615385