0 0.33774038461538464 0.12860576923076922 0.17427884615384615 0.25721153846153844
0 0.484375 0.12860576923076922 0.11177884615384616 0.25721153846153844
0 0.1622596153846154 0.12740384615384615 0.17427884615384615 0.2536057692307692
0 0.03365384615384615 0.12620192307692307 0.0673076923076923 0.2512019230769231
0 0.4206730769230769 0.013221153846153846 0.16826923076923078 0.026442307692307692
0 0.24879807692307693 0.013221153846153846 0.17067307692307693 0.026442307692307692
0 0.08052884615384616 0.01201923076923077 0.15985576923076922 0.02403846153846154
0 0.14302884615384615 0.38100961538461536 0.17427884615384615 0.16346153846153846
0 0.32091346153846156 0.3798076923076923 0.17668269230769232 0.1658653846153846
0 0.47596153846153844 0.3786057692307692 0.12860576923076922 0.16826923076923078
0 0.026442307692307692 0.3786057692307692 0.052884615384615384 0.16826923076923078
0 0.6382211538461539 0.23317307692307693 0.08052884615384616 0.12259615384615384
0 0.5661057692307693 0.16346153846153846 0.05048076923076923 0.12259615384615384
0 0.6045673076923077 0.13822115384615385 0.06971153846153846 0.11778846153846154
0 0.7872596153846154 0.1045673076923077 0.05889423076923077 0.08774038461538461
0 0.5552884615384616 0.07572115384615384 0.028846153846153848 0.11538461538461539
0 0.6790865384615384 0.06009615384615385 0.08052884615384616 0.1201923076923077
0 0.765625 0.04807692307692308 0.0673076923076923 0.09615384615384616
0 0.8209134615384616 0.038461538461538464 0.06009615384615385 0.07692307692307693
0 0.4483173076923077 0.7668269230769231 0.056490384615384616 0.0985576923076923
0 0.22115384615384615 0.7548076923076923 0.06129807692307692 0.11177884615384616
0 0.12379807692307693 0.7331730769230769 0.06129807692307692 0.11177884615384616
0 0.5084134615384616 0.7139423076923077 0.06129807692307692 0.109375
0 0.3762019230769231 0.7115384615384616 0.06129807692307692 0.109375
0 0.27524038461538464 0.7103365384615384 0.06129807692307692 0.109375
0 0.171875 0.6694711538461539 0.06370192307692307 0.109375
0 0.4411057692307692 0.6658653846153846 0.06129807692307692 0.10697115384615384
0 0.33052884615384615 0.6418269230769231 0.06129807692307692 0.10697115384615384
0 0.09134615384615384 0.6358173076923077 0.06129807692307692 0.10697115384615384
0 0.23677884615384615 0.6274038461538461 0.06129807692307692 0.109375
0 0.49038461538461536 0.6069711538461539 0.06129807692307692 0.1045673076923077
0 0.38822115384615385 0.5985576923076923 0.06370192307692307 0.11538461538461539
0 0.1201923076923077 0.5637019230769231 0.0673076923076923 0.11778846153846154
0 0.28725961538461536 0.5564903846153846 0.06129807692307692 0.10697115384615384
0 0.046875 0.5396634615384616 0.06370192307692307 0.109375
0 0.4411057692307692 0.5384615384615384 0.06129807692307692 0.10697115384615384
0 0.203125 0.5336538461538461 0.06129807692307692 0.10697115384615384
0 0.5228365384615384 0.5168269230769231 0.03485576923076923 0.1045673076923077
0 0.3473557692307692 0.515625 0.06129807692307692 0.10697115384615384
0 0.007211538461538462 0.5084134615384616 0.013221153846153846 0.09134615384615384
0 0.09975961538461539 0.49759615384615385 0.06129807692307692 0.06971153846153846
0 0.4831730769230769 0.49038461538461536 0.06129807692307692 0.056490384615384616
0 0.25721153846153844 0.4879807692307692 0.05889423076923077 0.05048076923076923
0 0.42427884615384615 0.9855769230769231 0.06129807692307692 0.028846153846153848
0 0.16947115384615385 0.47836538461538464 0.06129807692307692 0.03245192307692308
0 0.49158653846153844 0.9783653846153846 0.06971153846153846 0.04326923076923077
0 0.07572115384615384 0.9759615384615384 0.0673076923076923 0.04807692307692308
0 0.3173076923076923 0.9783653846153846 0.06129807692307692 0.04326923076923077
0 0.23557692307692307 0.9651442307692307 0.07451923076923077 0.06971153846153846
0 0.37259615384615385 0.9543269230769231 0.06129807692307692 0.09134615384615384
0 0.15745192307692307 0.9483173076923077 0.06009615384615385 0.10336538461538461
0 0.052884615384615384 0.9170673076923077 0.06129807692307692 0.11177884615384616
0 0.42908653846153844 0.9134615384615384 0.06129807692307692 0.11177884615384616
0 0.5048076923076923 0.9098557692307693 0.06971153846153846 0.14182692307692307
0 0.32091346153846156 0.8966346153846154 0.06129807692307692 0.109375
0 0.20673076923076922 0.8930288461538461 0.06370192307692307 0.11177884615384616
0 0.11658653846153846 0.8774038461538461 0.06129807692307692 0.109375
0 0.021634615384615384 0.8341346153846154 0.04326923076923077 0.11177884615384616
0 0.2668269230769231 0.8317307692307693 0.06129807692307692 0.11177884615384616
0 0.3954326923076923 0.8185096153846154 0.06129807692307692 0.11177884615384616
0 0.16706730769230768 0.8137019230769231 0.06129807692307692 0.109375
0 0.5252403846153846 0.8112980769230769 0.028846153846153848 0.109375
0 0.0733173076923077 0.796875 0.06129807692307692 0.109375
0 0.3245192307692308 0.7848557692307693 0.06370192307692307 0.11177884615384616
0 0.9362980769230769 0.9194711538461539 0.12740384615384615 0.15625
0 0.6177884615384616 0.8930288461538461 0.15504807692307693 0.21394230769230768
0 0.8125 0.8209134615384616 0.1502403846153846 0.24278846153846154
0 0.9579326923076923 0.8125 0.08413461538461539 0.2548076923076923
0 0.6622596153846154 0.7596153846153846 0.203125 0.2776442307692308
0 0.9278846153846154 0.5793269230769231 0.14423076923076922 0.23317307692307693
0 0.6237980769230769 0.5396634615384616 0.16826923076923078 0.15504807692307693
0 0.9639423076923077 0.4951923076923077 0.07211538461538461 0.06370192307692307
0 0.8173076923076923 0.4855769230769231 0.15745192307692307 0.04567307692307692