0 0.3293269230769231 0.6334134615384616 0.07451923076923077 0.10216346153846154
0 0.2608173076923077 0.6322115384615384 0.078125 0.1045673076923077
0 0.021634615384615384 0.5192307692307693 0.04326923076923077 0.13942307692307693
0 0.07572115384615384 0.515625 0.0985576923076923 0.15985576923076922
0 0.23798076923076922 0.5048076923076923 0.1045673076923077 0.16826923076923078
0 0.33533653846153844 0.49158653846153844 0.06129807692307692 0.14423076923076922
0 0.014423076923076924 0.36778846153846156 0.028846153846153848 0.15745192307692307
0 0.10336538461538461 0.36177884615384615 0.08774038461538461 0.13942307692307693
0 0.25 0.34134615384615385 0.07451923076923077 0.13341346153846154
0 0.32091346153846156 0.3317307692307692 0.09134615384615384 0.15985576923076922
0 0.1141826923076923 0.19230769230769232 0.0829326923076923 0.13341346153846154
0 0.33413461538461536 0.18629807692307693 0.06370192307692307 0.13581730769230768
0 0.019230769230769232 0.18389423076923078 0.037259615384615384 0.1502403846153846
0 0.23798076923076922 0.18028846153846154 0.0985576923076923 0.15264423076923078
0 0.03125 0.06009615384615385 0.06129807692307692 0.1201923076923077
0 0.22596153846153846 0.04807692307692308 0.0829326923076923 0.09615384615384616
0 0.0829326923076923 0.05048076923076923 0.0985576923076923 0.10096153846153846
0 0.30408653846153844 0.039663461538461536 0.10336538461538461 0.07932692307692307
0 0.7908653846153846 0.4807692307692308 0.0673076923076923 0.10216346153846154
0 0.5877403846153846 0.4807692307692308 0.0673076923076923 0.0985576923076923
0 0.7247596153846154 0.4795673076923077 0.0673076923076923 0.10216346153846154
0 0.9783653846153846 0.47836538461538464 0.04326923076923077 0.09615384615384616
0 0.65625 0.47836538461538464 0.0673076923076923 0.10216346153846154
0 0.3713942307692308 0.4014423076923077 0.010817307692307692 0.10216346153846154
0 0.41225961538461536 0.4014423076923077 0.06971153846153846 0.10216346153846154
0 0.4807692307692308 0.40024038461538464 0.0673076923076923 0.0985576923076923
0 0.8245192307692307 0.39663461538461536 0.0673076923076923 0.0985576923076923
0 0.5504807692307693 0.3954326923076923 0.0673076923076923 0.10216346153846154
0 0.8918269230769231 0.3954326923076923 0.06370192307692307 0.0985576923076923
0 0.9591346153846154 0.3954326923076923 0.06370192307692307 0.0985576923076923
0 0.7584134615384616 0.3942307692307692 0.0673076923076923 0.09615384615384616
0 0.6225961538461539 0.3942307692307692 0.0673076923076923 0.0985576923076923
0 0.3894230769230769 0.31009615384615385 0.04567307692307692 0.10697115384615384
0 0.44711538461538464 0.31009615384615385 0.0673076923076923 0.0985576923076923
0 0.5144230769230769 0.3088942307692308 0.0673076923076923 0.10216346153846154
0 0.7247596153846154 0.3076923076923077 0.0673076923076923 0.10216346153846154
0 0.5853365384615384 0.3076923076923077 0.06971153846153846 0.0985576923076923
0 0.8581730769230769 0.3076923076923077 0.0673076923076923 0.0985576923076923
0 0.7908653846153846 0.30649038461538464 0.0673076923076923 0.10216346153846154
0 0.9266826923076923 0.30649038461538464 0.06370192307692307 0.0985576923076923
0 0.6550480769230769 0.30288461538461536 0.0673076923076923 0.0985576923076923
0 0.9795673076923077 0.3016826923076923 0.039663461538461536 0.10216346153846154
0 0.3954326923076923 0.18870192307692307 0.05889423076923077 0.0985576923076923
0 0.9831730769230769 0.18870192307692307 0.03365384615384615 0.10336538461538461
0 0.796875 0.18990384615384615 0.0673076923076923 0.0985576923076923
0 0.9326923076923077 0.18990384615384615 0.06370192307692307 0.10216346153846154
0 0.8641826923076923 0.18990384615384615 0.06370192307692307 0.0985576923076923
0 0.45913461538461536 0.18990384615384615 0.0673076923076923 0.0985576923076923
0 0.5264423076923077 0.18870192307692307 0.06971153846153846 0.10216346153846154
0 0.6622596153846154 0.18870192307692307 0.0673076923076923 0.10216346153846154
0 0.5949519230769231 0.1875 0.0673076923076923 0.0985576923076923
0 0.7283653846153846 0.1875 0.0673076923076923 0.10216346153846154
0 0.41586538461538464 0.6634615384615384 0.0673076923076923 0.04326923076923077
0 0.4831730769230769 0.6622596153846154 0.0673076923076923 0.04567307692307692
0 0.7584134615384616 0.6622596153846154 0.0673076923076923 0.04567307692307692
0 0.8918269230769231 0.6622596153846154 0.0673076923076923 0.04567307692307692
0 0.8245192307692307 0.6622596153846154 0.0673076923076923 0.04567307692307692
0 0.8317307692307693 0.1045673076923077 0.0673076923076923 0.0985576923076923
0 0.9639423076923077 0.10336538461538461 0.06129807692307692 0.0985576923076923
0 0.8966346153846154 0.10336538461538461 0.06370192307692307 0.0985576923076923
0 0.3786057692307692 0.10216346153846154 0.02403846153846154 0.10216346153846154
0 0.7632211538461539 0.10216346153846154 0.0673076923076923 0.0985576923076923
0 0.9603365384615384 0.6622596153846154 0.06370192307692307 0.04567307692307692
0 0.5492788461538461 0.6598557692307693 0.0673076923076923 0.04807692307692308
0 0.6298076923076923 0.09975961538461539 0.0673076923076923 0.0985576923076923
0 0.42427884615384615 0.09975961538461539 0.0673076923076923 0.10216346153846154
0 0.5612980769230769 0.0985576923076923 0.06971153846153846 0.0985576923076923
0 0.49158653846153844 0.0985576923076923 0.0673076923076923 0.0985576923076923
0 0.6165865384615384 0.6598557692307693 0.0673076923076923 0.04807692307692308
0 0.3942307692307692 0.03125 0.056490384615384616 0.06129807692307692
0 0.6622596153846154 0.03125 0.0673076923076923 0.06129807692307692
0 0.59375 0.028846153846153848 0.0673076923076923 0.057692307692307696
0 0.9819711538461539 0.030048076923076924 0.036057692307692304 0.06009615384615385
0 0.9302884615384616 0.03125 0.06370192307692307 0.06129807692307692
0 0.5264423076923077 0.028846153846153848 0.0673076923076923 0.057692307692307696
0 0.796875 0.03125 0.06370192307692307 0.06129807692307692
0 0.7307692307692307 0.028846153846153848 0.0673076923076923 0.057692307692307696
0 0.45552884615384615 0.028846153846153848 0.06971153846153846 0.057692307692307696
0 0.8653846153846154 0.028846153846153848 0.0673076923076923 0.057692307692307696
0 0.390625 0.6057692307692307 0.04807692307692308 0.0985576923076923
0 0.7259615384615384 0.6045673076923077 0.0673076923076923 0.10216346153846154
0 0.8581730769230769 0.6033653846153846 0.06370192307692307 0.10216346153846154
0 0.7932692307692307 0.6033653846153846 0.06370192307692307 0.0985576923076923
0 0.9254807692307693 0.6021634615384616 0.0673076923076923 0.09615384615384616
0 0.9795673076923077 0.6021634615384616 0.039663461538461536 0.09615384615384616
0 0.4495192307692308 0.5997596153846154 0.0673076923076923 0.0985576923076923
0 0.5168269230769231 0.5997596153846154 0.06370192307692307 0.0985576923076923
0 0.5841346153846154 0.5985576923076923 0.06370192307692307 0.0985576923076923
0 0.6502403846153846 0.5961538461538461 0.0673076923076923 0.09615384615384616
0 0.3894230769230769 0.4879807692307692 0.04567307692307692 0.0985576923076923
0 0.4483173076923077 0.4891826923076923 0.0673076923076923 0.10216346153846154
0 0.9242788461538461 0.4855769230769231 0.06370192307692307 0.10216346153846154
0 0.5168269230769231 0.4855769230769231 0.0673076923076923 0.10216346153846154
0 0.8569711538461539 0.4831730769230769 0.06370192307692307 0.10216346153846154
0 0.34375 0.7463942307692307 0.04567307692307692 0.056490384615384616
0 0.2980769230769231 0.7451923076923077 0.04807692307692308 0.05889423076923077
0 0.25240384615384615 0.7391826923076923 0.04807692307692308 0.056490384615384616
0 0.20552884615384615 0.7355769230769231 0.04807692307692308 0.056490384615384616
0 0.15865384615384615 0.7307692307692307 0.04807692307692308 0.056490384615384616
0 0.11177884615384616 0.7259615384615384 0.05048076923076923 0.05889423076923077
0 0.0625 0.7235576923076923 0.05048076923076923 0.05889423076923077
0 0.020432692307692308 0.71875 0.039663461538461536 0.05889423076923077
0 0.3125 0.7055288461538461 0.04326923076923077 0.04326923076923077
0 0.2704326923076923 0.7043269230769231 0.04807692307692308 0.039663461538461536
0 0.22596153846153846 0.7007211538461539 0.04567307692307692 0.03245192307692308
0 0.18028846153846154 0.6995192307692307 0.04567307692307692 0.028846153846153848
0 0.13341346153846154 0.6983173076923077 0.04807692307692308 0.026442307692307692
0 0.08653846153846154 0.6935096153846154 0.05048076923076923 0.019230769230769232
0 0.039663461538461536 0.6923076923076923 0.04807692307692308 0.015625
0 0.009615384615384616 0.6911057692307693 0.019230769230769232 0.013221153846153846