0 0.4795673076923077 0.41466346153846156 0.04567307692307692 0.04807692307692308
0 0.5264423076923077 0.41346153846153844 0.052884615384615384 0.05048076923076923
0 0.5805288461538461 0.41346153846153844 0.052884615384615384 0.05048076923076923
0 0.6310096153846154 0.41225961538461536 0.052884615384615384 0.052884615384615384
0 0.6838942307692307 0.41225961538461536 0.052884615384615384 0.052884615384615384
0 0.7379807692307693 0.41225961538461536 0.052884615384615384 0.052884615384615384
0 0.7908653846153846 0.4098557692307692 0.052884615384615384 0.056490384615384616
0 0.8449519230769231 0.4098557692307692 0.052884615384615384 0.056490384615384616
0 0.8978365384615384 0.4098557692307692 0.052884615384615384 0.056490384615384616
0 0.9519230769230769 0.4098557692307692 0.052884615384615384 0.056490384615384616
0 0.9891826923076923 0.4098557692307692 0.021634615384615384 0.056490384615384616
0 0.46875 0.36658653846153844 0.02403846153846154 0.06971153846153846
0 0.5048076923076923 0.36778846153846156 0.05048076923076923 0.07211538461538461
0 0.5576923076923077 0.36538461538461536 0.052884615384615384 0.07211538461538461
0 0.6081730769230769 0.3641826923076923 0.052884615384615384 0.07211538461538461
0 0.6598557692307693 0.36177884615384615 0.056490384615384616 0.07211538461538461
0 0.7151442307692307 0.36177884615384615 0.056490384615384616 0.07211538461538461
0 0.7668269230769231 0.3605769230769231 0.052884615384615384 0.07211538461538461
0 0.8209134615384616 0.3605769230769231 0.052884615384615384 0.07211538461538461
0 0.8725961538461539 0.359375 0.052884615384615384 0.07211538461538461
0 0.9266826923076923 0.3581730769230769 0.056490384615384616 0.07211538461538461
0 0.9759615384615384 0.35697115384615385 0.04807692307692308 0.07211538461538461
0 0.4855769230769231 0.3088942307692308 0.05048076923076923 0.06971153846153846
0 0.5348557692307693 0.3076923076923077 0.052884615384615384 0.07211538461538461
0 0.5853365384615384 0.30649038461538464 0.052884615384615384 0.07211538461538461
0 0.6382211538461539 0.30288461538461536 0.052884615384615384 0.07211538461538461
0 0.6911057692307693 0.30288461538461536 0.052884615384615384 0.07211538461538461
0 0.7427884615384616 0.3016826923076923 0.052884615384615384 0.07211538461538461
0 0.7956730769230769 0.3004807692307692 0.052884615384615384 0.07211538461538461
0 0.8473557692307693 0.3004807692307692 0.052884615384615384 0.06971153846153846
0 0.9002403846153846 0.2980769230769231 0.052884615384615384 0.07211538461538461
0 0.9519230769230769 0.2980769230769231 0.056490384615384616 0.07451923076923077
0 0.9879807692307693 0.296875 0.02403846153846154 0.07451923076923077
0 0.4735576923076923 0.25 0.03245192307692308 0.07211538461538461
0 0.5132211538461539 0.25 0.052884615384615384 0.07211538461538461
0 0.5637019230769231 0.24879807692307693 0.05048076923076923 0.06971153846153846
0 0.6153846153846154 0.24759615384615385 0.052884615384615384 0.06971153846153846
0 0.6670673076923077 0.24639423076923078 0.052884615384615384 0.07211538461538461
0 0.7175480769230769 0.24278846153846154 0.052884615384615384 0.07211538461538461
0 0.7704326923076923 0.24278846153846154 0.052884615384615384 0.07211538461538461
0 0.8221153846153846 0.24158653846153846 0.052884615384615384 0.06971153846153846
0 0.8725961538461539 0.24158653846153846 0.052884615384615384 0.06971153846153846
0 0.9254807692307693 0.23918269230769232 0.052884615384615384 0.06971153846153846
0 0.9747596153846154 0.23677884615384615 0.05048076923076923 0.07211538461538461
0 0.49278846153846156 0.1935096153846154 0.05048076923076923 0.06971153846153846
0 0.5432692307692307 0.19230769230769232 0.05048076923076923 0.06971153846153846
0 0.5925480769230769 0.18990384615384615 0.05048076923076923 0.06971153846153846
0 0.6430288461538461 0.18870192307692307 0.052884615384615384 0.06971153846153846
0 0.6935096153846154 0.1875 0.052884615384615384 0.06971153846153846
0 0.7463942307692307 0.18629807692307693 0.052884615384615384 0.06971153846153846
0 0.796875 0.18629807692307693 0.052884615384615384 0.06971153846153846
0 0.8473557692307693 0.18389423076923078 0.052884615384615384 0.07211538461538461
0 0.8978365384615384 0.18269230769230768 0.052884615384615384 0.06971153846153846
0 0.9507211538461539 0.18028846153846154 0.052884615384615384 0.06971153846153846
0 0.9879807692307693 0.1778846153846154 0.02403846153846154 0.07211538461538461
0 0.47716346153846156 0.140625 0.039663461538461536 0.0673076923076923
0 0.5216346153846154 0.13822115384615385 0.04807692307692308 0.06971153846153846
0 0.5697115384615384 0.1346153846153846 0.05048076923076923 0.06971153846153846
0 0.6201923076923077 0.13221153846153846 0.052884615384615384 0.06971153846153846
0 0.6706730769230769 0.1310096153846154 0.05048076923076923 0.0673076923076923
0 0.7223557692307693 0.12980769230769232 0.052884615384615384 0.0673076923076923
0 0.7728365384615384 0.12980769230769232 0.052884615384615384 0.0673076923076923
0 0.8221153846153846 0.12740384615384615 0.052884615384615384 0.06971153846153846
0 0.8725961538461539 0.12620192307692307 0.052884615384615384 0.06971153846153846
0 0.9254807692307693 0.12379807692307693 0.052884615384615384 0.06971153846153846
0 0.9747596153846154 0.12259615384615384 0.05048076923076923 0.06971153846153846
0 0.5 0.08413461538461539 0.04807692307692308 0.06370192307692307
0 0.546875 0.08052884615384616 0.04807692307692308 0.06971153846153846
0 0.5961538461538461 0.078125 0.05048076923076923 0.0673076923076923
0 0.6466346153846154 0.078125 0.05048076923076923 0.0673076923076923
0 0.6983173076923077 0.07572115384615384 0.05048076923076923 0.0673076923076923
0 0.7475961538461539 0.07451923076923077 0.05048076923076923 0.0673076923076923
0 0.796875 0.07211538461538461 0.05048076923076923 0.06971153846153846
0 0.8473557692307693 0.06971153846153846 0.052884615384615384 0.0673076923076923
0 0.9002403846153846 0.06971153846153846 0.052884615384615384 0.06971153846153846
0 0.9507211538461539 0.06850961538461539 0.052884615384615384 0.06971153846153846
0 0.9867788461538461 0.06370192307692307 0.026442307692307692 0.06971153846153846
0 0.4795673076923077 0.03245192307692308 0.04567307692307692 0.06370192307692307
0 0.5264423076923077 0.03125 0.04807692307692308 0.06129807692307692
0 0.5733173076923077 0.027644230769230768 0.05048076923076923 0.055288461538461536
0 0.6237980769230769 0.027644230769230768 0.05048076923076923 0.055288461538461536
0 0.671875 0.027644230769230768 0.05048076923076923 0.055288461538461536
0 0.7235576923076923 0.026442307692307692 0.05048076923076923 0.052884615384615384
0 0.7740384615384616 0.025240384615384616 0.05048076923076923 0.05048076923076923
0 0.8221153846153846 0.02403846153846154 0.05048076923076923 0.04807692307692308
0 0.8725961538461539 0.02403846153846154 0.05048076923076923 0.04807692307692308
0 0.9242788461538461 0.02283653846153846 0.05048076923076923 0.04567307692307692
0 0.9747596153846154 0.021634615384615384 0.05048076923076923 0.04326923076923077
0 0.5024038461538461 0.003605769230769231 0.04807692307692308 0.007211538461538462
0 0.28365384615384615 0.5264423076923077 0.17668269230769232 0.17668269230769232
0 0.8786057692307693 0.8786057692307693 0.24278846153846154 0.24278846153846154
0 0.5372596153846154 0.6478365384615384 0.15985576923076922 0.41947115384615385
0 0.7463942307692307 0.6346153846153846 0.28365384615384615 0.39302884615384615
0 0.9423076923076923 0.6334134615384616 0.11538461538461539 0.390625
0 0.6141826923076923 0.8846153846153846 0.3076923076923077 0.22956730769230768