0 0.27283653846153844 0.38822115384615385 0.0985576923076923 0.12259615384615384
0 0.4423076923076923 0.38221153846153844 0.09615384615384616 0.1346153846153846
0 0.18269230769230768 0.33774038461538464 0.09615384615384616 0.1466346153846154
0 0.3557692307692308 0.31850961538461536 0.0985576923076923 0.15144230769230768
0 0.5360576923076923 0.2860576923076923 0.10336538461538461 0.15384615384615385
0 0.265625 0.2536057692307692 0.10096153846153846 0.14182692307692307
0 0.4375 0.23317307692307693 0.10096153846153846 0.14423076923076922
0 0.5949519230769231 0.20552884615384615 0.04567307692307692 0.15144230769230768
0 0.07572115384615384 0.18990384615384615 0.15144230769230768 0.3798076923076923
0 0.3473557692307692 0.16826923076923078 0.09615384615384616 0.1466346153846154
0 0.5216346153846154 0.15625 0.0985576923076923 0.13701923076923078
0 0.25600961538461536 0.11538461538461539 0.09615384615384616 0.13701923076923078
0 0.4338942307692308 0.09735576923076923 0.09615384615384616 0.1346153846153846
0 0.5913461538461539 0.06490384615384616 0.052884615384615384 0.12980769230769232
0 0.17067307692307693 0.0625 0.09615384615384616 0.125
0 0.3485576923076923 0.04927884615384615 0.09615384615384616 0.0985576923076923
0 0.515625 0.04567307692307692 0.0985576923076923 0.09134615384615384
0 0.2608173076923077 0.02283653846153846 0.0985576923076923 0.04567307692307692
0 0.42908653846153844 0.013221153846153846 0.0985576923076923 0.026442307692307692
0 0.921875 0.20192307692307693 0.15625 0.3076923076923077
0 0.8245192307692307 0.3798076923076923 0.20673076923076922 0.13942307692307693
0 0.875 0.0673076923076923 0.20673076923076922 0.1346153846153846
0 0.7692307692307693 0.2403846153846154 0.18028846153846154 0.25721153846153844
0 0.7007211538461539 0.09014423076923077 0.15625 0.18028846153846154
0 0.6454326923076923 0.2608173076923077 0.055288461538461536 0.21394230769230768
0 0.6802884615384616 0.38822115384615385 0.125 0.12259615384615384
0 0.27524038461538464 0.7247596153846154 0.5504807692307693 0.5504807692307693
0 0.9290865384615384 0.7692307692307693 0.14182692307692307 0.21153846153846154