0 0.2980769230769231 0.2704326923076923 0.21875 0.421875
0 0.019230769230769232 0.2644230769230769 0.037259615384615384 0.3641826923076923
0 0.4675480769230769 0.05048076923076923 0.1466346153846154 0.10096153846153846
0 0.47115384615384615 0.6177884615384616 0.14423076923076922 0.2668269230769231
0 0.10336538461538461 0.5949519230769231 0.20552884615384615 0.3125
0 0.9807692307692307 0.4170673076923077 0.037259615384615384 0.47115384615384615
0 0.2127403846153846 0.9639423076923077 0.13581730769230768 0.07211538461538461
0 0.0829326923076923 0.9639423076923077 0.12860576923076922 0.07211538461538461
0 0.38822115384615385 0.9242788461538461 0.13221153846153846 0.15144230769230768
0 0.5168269230769231 0.8725961538461539 0.05048076923076923 0.18389423076923078
0 0.039663461538461536 0.8521634615384616 0.07932692307692307 0.20432692307692307
0 0.2644230769230769 0.8521634615384616 0.15504807692307693 0.20072115384615385
0 0.4074519230769231 0.7980769230769231 0.1310096153846154 0.09375
0 0.14182692307692307 0.7788461538461539 0.15504807692307693 0.056490384615384616
0 0.9314903846153846 0.9735576923076923 0.06129807692307692 0.052884615384615384
0 0.9783653846153846 0.9699519230769231 0.038461538461538464 0.06009615384615385
0 0.9567307692307693 0.9206730769230769 0.05889423076923077 0.07451923076923077
0 0.9915865384615384 0.9146634615384616 0.015625 0.07451923076923077
0 0.8173076923076923 0.9795673076923077 0.06129807692307692 0.039663461538461536
0 0.9014423076923077 0.9278846153846154 0.05889423076923077 0.07451923076923077
0 0.703125 0.9867788461538461 0.05889423076923077 0.026442307692307692
0 0.8737980769230769 0.9783653846153846 0.05889423076923077 0.04326923076923077
0 0.7548076923076923 0.8810096153846154 0.05889423076923077 0.07451923076923077
0 0.6466346153846154 0.9903846153846154 0.05889423076923077 0.019230769230769232
0 0.7295673076923077 0.9471153846153846 0.05889423076923077 0.07451923076923077
0 0.7860576923076923 0.9411057692307693 0.05889423076923077 0.078125
0 0.7596153846153846 0.9831730769230769 0.0625 0.03365384615384615
0 0.84375 0.9338942307692307 0.05889423076923077 0.078125
0 0.8689903846153846 0.8701923076923077 0.05889423076923077 0.07211538461538461
0 0.9254807692307693 0.8641826923076923 0.05889423076923077 0.07451923076923077
0 0.6442307692307693 0.8954326923076923 0.05889423076923077 0.07451923076923077
0 0.9759615384615384 0.8557692307692307 0.04807692307692308 0.07451923076923077
0 0.7007211538461539 0.8894230769230769 0.056490384615384616 0.07451923076923077
0 0.6706730769230769 0.8317307692307693 0.056490384615384616 0.07211538461538461
0 0.5661057692307693 0.9651442307692307 0.04567307692307692 0.06971153846153846
0 0.8125 0.8762019230769231 0.05889423076923077 0.07451923076923077
0 0.5504807692307693 0.9134615384615384 0.015625 0.07211538461538461
0 0.6177884615384616 0.9615384615384616 0.05889423076923077 0.07451923076923077
0 0.6165865384615384 0.8401442307692307 0.05889423076923077 0.07211538461538461
0 0.9495192307692307 0.8004807692307693 0.056490384615384616 0.07211538461538461
0 0.5637019230769231 0.8521634615384616 0.04326923076923077 0.07211538461538461
0 0.8942307692307693 0.8076923076923077 0.056490384615384616 0.07211538461538461
0 0.7271634615384616 0.8245192307692307 0.056490384615384616 0.07211538461538461
0 0.9879807692307693 0.7932692307692307 0.02403846153846154 0.07211538461538461
0 0.7824519230769231 0.8197115384615384 0.056490384615384616 0.07211538461538461
0 0.5877403846153846 0.9038461538461539 0.056490384615384616 0.07211538461538461
0 0.8377403846153846 0.8137019230769231 0.056490384615384616 0.07211538461538461
0 0.6742788461538461 0.953125 0.05889423076923077 0.078125