0 0.3245192307692308 0.2980769230769231 0.057692307692307696 0.09014423076923077
0 0.04567307692307692 0.296875 0.055288461538461536 0.0829326923076923
0 0.515625 0.29447115384615385 0.05048076923076923 0.08533653846153846
0 0.4206730769230769 0.2932692307692308 0.057692307692307696 0.08774038461538461
0 0.2127403846153846 0.28365384615384615 0.06009615384615385 0.09254807692307693
0 0.11177884615384616 0.27524038461538464 0.06009615384615385 0.08774038461538461
0 0.3737980769230769 0.24519230769230768 0.055288461538461536 0.08533653846153846
0 0.2692307692307692 0.2403846153846154 0.06009615384615385 0.08774038461538461
0 0.4675480769230769 0.23918269230769232 0.05048076923076923 0.07572115384615384
0 0.07091346153846154 0.23076923076923078 0.057692307692307696 0.08533653846153846
0 0.17908653846153846 0.22355769230769232 0.052884615384615384 0.078125
0 0.5216346153846154 0.20552884615384615 0.037259615384615384 0.08533653846153846
0 0.32211538461538464 0.203125 0.06009615384615385 0.08774038461538461
0 0.421875 0.20192307692307693 0.055288461538461536 0.078125
0 0.21754807692307693 0.18990384615384615 0.06009615384615385 0.08774038461538461
0 0.1310096153846154 0.18509615384615385 0.052884615384615384 0.08052884615384616
0 0.46875 0.16105769230769232 0.055288461538461536 0.078125
0 0.2764423076923077 0.14783653846153846 0.055288461538461536 0.08052884615384616
0 0.07692307692307693 0.14423076923076922 0.057692307692307696 0.0829326923076923
0 0.1778846153846154 0.14302884615384615 0.055288461538461536 0.078125
0 0.009615384615384616 0.1310096153846154 0.019230769230769232 0.08413461538461539
0 0.5132211538461539 0.12139423076923077 0.052884615384615384 0.078125
0 0.4206730769230769 0.11899038461538461 0.057692307692307696 0.08533653846153846
0 0.3269230769230769 0.11177884615384616 0.057692307692307696 0.078125
0 0.22355769230769232 0.10216346153846154 0.06009615384615385 0.08052884615384616
0 0.13581730769230768 0.09975961538461539 0.055288461538461536 0.08052884615384616
0 0.05048076923076923 0.09375 0.055288461538461536 0.078125
0 0.4723557692307692 0.078125 0.057692307692307696 0.078125
0 0.3713942307692308 0.07451923076923077 0.057692307692307696 0.08774038461538461
0 0.009615384615384616 0.0733173076923077 0.019230769230769232 0.05048076923076923
0 0.27884615384615385 0.0673076923076923 0.055288461538461536 0.078125
0 0.1814903846153846 0.05889423076923077 0.055288461538461536 0.0829326923076923
0 0.10817307692307693 0.056490384615384616 0.05048076923076923 0.0733173076923077
0 0.03365384615384615 0.04567307692307692 0.05048076923076923 0.0673076923076923
0 0.5192307692307693 0.039663461538461536 0.04326923076923077 0.07932692307692307
0 0.4230769230769231 0.037259615384615384 0.057692307692307696 0.07451923076923077
0 0.32572115384615385 0.03365384615384615 0.057692307692307696 0.0673076923076923
0 0.23918269230769232 0.030048076923076924 0.05048076923076923 0.06009615384615385
0 0.08413461538461539 0.025240384615384616 0.04807692307692308 0.05048076923076923
0 0.13701923076923078 0.026442307692307692 0.052884615384615384 0.052884615384615384
0 0.013221153846153846 0.021634615384615384 0.026442307692307692 0.04326923076923077
0 0.4735576923076923 0.015625 0.057692307692307696 0.030048076923076924
0 0.2800480769230769 0.010817307692307692 0.055288461538461536 0.021634615384615384
0 0.37259615384615385 0.013221153846153846 0.057692307692307696 0.026442307692307692
0 0.037259615384615384 0.004807692307692308 0.05048076923076923 0.009615384615384616
0 0.17548076923076922 0.003605769230769231 0.055288461538461536 0.007211538461538462
0 0.3233173076923077 0.3581730769230769 0.057692307692307696 0.02283653846153846
0 0.4206730769230769 0.3557692307692308 0.057692307692307696 0.027644230769230768
0 0.5096153846153846 0.3581730769230769 0.055288461538461536 0.02283653846153846
0 0.21153846153846154 0.3485576923076923 0.06009615384615385 0.04326923076923077
0 0.07932692307692307 0.33413461538461536 0.057692307692307696 0.07091346153846154
0 0.008413461538461538 0.33052884615384615 0.016826923076923076 0.07451923076923077
0 0.37259615384615385 0.33052884615384615 0.052884615384615384 0.078125
0 0.4699519230769231 0.33052884615384615 0.055288461538461536 0.078125
0 0.26802884615384615 0.3233173076923077 0.057692307692307696 0.08533653846153846
0 0.16346153846153846 0.31850961538461536 0.06009615384615385 0.09014423076923077
0 0.984375 0.08413461538461539 0.030048076923076924 0.16826923076923078
0 0.9122596153846154 0.0673076923076923 0.1658653846153846 0.1346153846153846
0 0.7223557692307693 0.040865384615384616 0.19951923076923078 0.08173076923076923
0 0.46274038461538464 0.8028846153846154 0.09014423076923077 0.1310096153846154
0 0.3701923076923077 0.8016826923076923 0.08774038461538461 0.12620192307692307
0 0.2800480769230769 0.8016826923076923 0.08774038461538461 0.12620192307692307
0 0.5240384615384616 0.8016826923076923 0.03245192307692308 0.1310096153846154
0 0.1875 0.8016826923076923 0.08774038461538461 0.12860576923076922
0 0.09495192307692307 0.7992788461538461 0.09014423076923077 0.13341346153846154
0 0.026442307692307692 0.7944711538461539 0.052884615384615384 0.12620192307692307
0 0.41586538461538464 0.6923076923076923 0.09014423076923077 0.13581730769230768
0 0.32572115384615385 0.6899038461538461 0.08533653846153846 0.13341346153846154
0 0.234375 0.6899038461538461 0.08533653846153846 0.12860576923076922
0 0.5036057692307693 0.6887019230769231 0.0733173076923077 0.1310096153846154
0 0.14182692307692307 0.6862980769230769 0.08774038461538461 0.1310096153846154
0 0.051682692307692304 0.6850961538461539 0.08774038461538461 0.12620192307692307
0 0.46274038461538464 0.578125 0.08774038461538461 0.1310096153846154
0 0.5264423076923077 0.5769230769230769 0.027644230769230768 0.13341346153846154
0 0.2824519230769231 0.5769230769230769 0.09014423076923077 0.12860576923076922
0 0.3713942307692308 0.5757211538461539 0.08774038461538461 0.12620192307692307
0 0.09975961538461539 0.5733173076923077 0.08774038461538461 0.12620192307692307
0 0.18870192307692307 0.5721153846153846 0.09014423076923077 0.13341346153846154
0 0.027644230769230768 0.5721153846153846 0.055288461538461536 0.12860576923076922
0 0.5024038461538461 0.4639423076923077 0.07572115384615384 0.13341346153846154
0 0.3293269230769231 0.4639423076923077 0.08533653846153846 0.1310096153846154
0 0.41586538461538464 0.46274038461538464 0.08774038461538461 0.1310096153846154
0 0.14423076923076922 0.45913461538461536 0.08533653846153846 0.13341346153846154
0 0.234375 0.4567307692307692 0.09014423076923077 0.12860576923076922
0 0.051682692307692304 0.4567307692307692 0.09014423076923077 0.12860576923076922
0 0.46033653846153844 0.9819711538461539 0.09014423076923077 0.03485576923076923
0 0.36658653846153844 0.9819711538461539 0.09014423076923077 0.03485576923076923
0 0.27524038461538464 0.9807692307692307 0.08774038461538461 0.037259615384615384
0 0.18629807692307693 0.9795673076923077 0.08533653846153846 0.039663461538461536
0 0.09375 0.9795673076923077 0.08774038461538461 0.039663461538461536
0 0.3713942307692308 0.3918269230769231 0.08533653846153846 0.04567307692307692
0 0.4639423076923077 0.3918269230769231 0.08774038461538461 0.04567307692307692
0 0.2824519230769231 0.3894230769230769 0.08774038461538461 0.039663461538461536
0 0.18870192307692307 0.3894230769230769 0.09014423076923077 0.039663461538461536
0 0.09975961538461539 0.3894230769230769 0.08774038461538461 0.039663461538461536
0 0.026442307692307692 0.3894230769230769 0.052884615384615384 0.039663461538461536
0 0.02403846153846154 0.9783653846153846 0.04807692307692308 0.04326923076923077
0 0.32572115384615385 0.9170673076923077 0.08774038461538461 0.1310096153846154
0 0.5012019230769231 0.9158653846153846 0.078125 0.12860576923076922
0 0.13942307692307693 0.9158653846153846 0.08774038461538461 0.1310096153846154
0 0.23076923076923078 0.9146634615384616 0.08774038461538461 0.12860576923076922
0 0.41586538461538464 0.9134615384615384 0.08533653846153846 0.13341346153846154
0 0.051682692307692304 0.9086538461538461 0.0829326923076923 0.12860576923076922
0 0.9831730769230769 0.7211538461538461 0.03245192307692308 0.29086538461538464
0 0.8846153846153846 0.703125 0.1658653846153846 0.296875
0 0.7199519230769231 0.6850961538461539 0.16346153846153846 0.296875
0 0.5889423076923077 0.6658653846153846 0.0985576923076923 0.296875
0 0.9483173076923077 0.48677884615384615 0.10336538461538461 0.23317307692307693
0 0.8149038461538461 0.47716346153846156 0.16346153846153846 0.21634615384615385
0 0.6478365384615384 0.4699519230769231 0.1658653846153846 0.20072115384615385