0 0.06129807692307692 0.39783653846153844 0.12139423076923077 0.203125
0 0.30528846153846156 0.390625 0.1346153846153846 0.2091346153846154
0 0.5612980769230769 0.38461538461538464 0.12740384615384615 0.203125
0 0.18509615384615385 0.37740384615384615 0.10576923076923077 0.14783653846153846
0 0.4098557692307692 0.3701923076923077 0.10576923076923077 0.16105769230769232
0 0.6153846153846154 0.3641826923076923 0.018028846153846152 0.16105769230769232
0 0.013221153846153846 0.23798076923076922 0.026442307692307692 0.20673076923076922
0 0.4699519230769231 0.23317307692307693 0.13701923076923078 0.21394230769230768
0 0.21394230769230768 0.2283653846153846 0.13701923076923078 0.21394230769230768
0 0.5865384615384616 0.21514423076923078 0.07692307692307693 0.16105769230769232
0 0.10697115384615384 0.2127403846153846 0.10096153846153846 0.16947115384615385
0 0.3425480769230769 0.21153846153846154 0.10817307692307693 0.16346153846153846
0 0.5564903846153846 0.09014423076923077 0.1346153846153846 0.18028846153846154
0 0.4074519230769231 0.07572115384615384 0.10096153846153846 0.1502403846153846
0 0.17427884615384615 0.0733173076923077 0.10576923076923077 0.14543269230769232
0 0.6141826923076923 0.07451923076923077 0.021634615384615384 0.14783653846153846
0 0.054086538461538464 0.08052884615384616 0.10817307692307693 0.16105769230769232
0 0.296875 0.07932692307692307 0.13701923076923078 0.15865384615384615
0 0.020432692307692308 0.4987980769230769 0.039663461538461536 0.055288461538461536
0 0.22716346153846154 0.49759615384615385 0.13701923076923078 0.057692307692307696
0 0.4879807692307692 0.4951923076923077 0.1346153846153846 0.06370192307692307
0 0.35336538461538464 0.484375 0.10817307692307693 0.08413461538461539
0 0.11899038461538461 0.4831730769230769 0.10576923076923077 0.08774038461538461
0 0.5817307692307693 0.4855769230769231 0.08413461538461539 0.08173076923076923
0 0.9326923076923077 0.390625 0.11057692307692307 0.1935096153846154
0 0.6610576923076923 0.3329326923076923 0.07451923076923077 0.21634615384615385
0 0.8389423076923077 0.3317307692307692 0.18509615384615385 0.2776442307692308
0 0.8689903846153846 0.17548076923076922 0.12980769230769232 0.16706730769230768
0 0.7211538461538461 0.15264423076923078 0.12980769230769232 0.19831730769230768
0 0.6598557692307693 0.10336538461538461 0.07091346153846154 0.20673076923076922
0 0.9771634615384616 0.046875 0.04447115384615385 0.09254807692307693
0 0.9242788461538461 0.028846153846153848 0.1502403846153846 0.057692307692307696
0 0.6875 0.47475961538461536 0.12740384615384615 0.10336538461538461
0 0.5817307692307693 0.9783653846153846 0.08413461538461539 0.042067307692307696
0 0.49158653846153844 0.9735576923076923 0.09495192307692307 0.052884615384615384
0 0.2091346153846154 0.9471153846153846 0.09495192307692307 0.10576923076923077
0 0.5612980769230769 0.9110576923076923 0.09495192307692307 0.1141826923076923
0 0.4387019230769231 0.9002403846153846 0.09495192307692307 0.11658653846153846
0 0.15384615384615385 0.8509615384615384 0.09735576923076923 0.11658653846153846
0 0.35336538461538464 0.8317307692307693 0.10096153846153846 0.11899038461538461
0 0.055288461538461536 0.828125 0.09495192307692307 0.11658653846153846
0 0.24759615384615385 0.8269230769230769 0.09735576923076923 0.11658653846153846
0 0.5084134615384616 0.8161057692307693 0.10096153846153846 0.11658653846153846
0 0.5925480769230769 0.8125 0.06370192307692307 0.11057692307692307
0 0.15745192307692307 0.7199519230769231 0.09735576923076923 0.11658653846153846
0 0.3581730769230769 0.7115384615384616 0.10096153846153846 0.11658653846153846
0 0.06129807692307692 0.7115384615384616 0.09254807692307693 0.1141826923076923
0 0.46153846153846156 0.7115384615384616 0.09735576923076923 0.11658653846153846
0 0.5649038461538461 0.7103365384615384 0.10096153846153846 0.11658653846153846
0 0.2548076923076923 0.7091346153846154 0.09735576923076923 0.11658653846153846
0 0.5961538461538461 0.6141826923076923 0.055288461538461536 0.11658653846153846
0 0.40865384615384615 0.609375 0.10096153846153846 0.12139423076923077
0 0.10096153846153846 0.6081730769230769 0.09495192307692307 0.11899038461538461
0 0.5144230769230769 0.6081730769230769 0.10096153846153846 0.11899038461538461
0 0.20072115384615385 0.6081730769230769 0.09735576923076923 0.11899038461538461
0 0.025240384615384616 0.6057692307692307 0.05048076923076923 0.11658653846153846
0 0.30288461538461536 0.6045673076923077 0.10096153846153846 0.12139423076923077
0 0.5697115384615384 0.5480769230769231 0.09735576923076923 0.042067307692307696
0 0.46153846153846156 0.5480769230769231 0.09735576923076923 0.042067307692307696
0 0.3581730769230769 0.5480769230769231 0.09735576923076923 0.042067307692307696
0 0.15504807692307693 0.546875 0.09254807692307693 0.039663461538461536
0 0.05048076923076923 0.5444711538461539 0.09495192307692307 0.037259615384615384
0 0.2536057692307692 0.5432692307692307 0.10096153846153846 0.03485576923076923
0 0.6454326923076923 0.6923076923076923 0.042067307692307696 0.140625
0 0.9326923076923077 0.6862980769230769 0.1346153846153846 0.1346153846153846
0 0.7403846153846154 0.6682692307692307 0.13701923076923078 0.13221153846153846
0 0.6814903846153846 0.5913461538461539 0.1141826923076923 0.12379807692307693
0 0.8473557692307693 0.5889423076923077 0.1346153846153846 0.12379807692307693
0 0.9579326923076923 0.5793269230769231 0.08413461538461539 0.10576923076923077