0 0.09615384615384616 0.4879807692307692 0.15865384615384615 0.2283653846153846
0 0.25961538461538464 0.4639423076923077 0.15384615384615385 0.2283653846153846
0 0.390625 0.4375 0.09495192307692307 0.22355769230769232
0 0.17668269230769232 0.24759615384615385 0.15144230769230768 0.22355769230769232
0 0.05048076923076923 0.22115384615384615 0.10096153846153846 0.23557692307692307
0 0.34134615384615385 0.21394230769230768 0.15625 0.21875
0 0.3870192307692308 0.0733173076923077 0.10216346153846154 0.1466346153846154
0 0.25961538461538464 0.06610576923076923 0.15144230769230768 0.13221153846153846
0 0.1045673076923077 0.0625 0.15865384615384615 0.12379807692307693
0 0.6574519230769231 0.48677884615384615 0.28125 0.21634615384615385
0 0.8822115384615384 0.3894230769230769 0.23557692307692307 0.22115384615384615
0 0.6826923076923077 0.27524038461538464 0.27403846153846156 0.19951923076923078
0 0.8966346153846154 0.18028846153846154 0.20673076923076922 0.1971153846153846
0 0.6766826923076923 0.08533653846153846 0.2620192307692308 0.17067307692307693
0 0.8930288461538461 0.042067307692307696 0.21394230769230768 0.08413461538461539
0 0.6454326923076923 0.6153846153846154 0.2956730769230769 0.042067307692307696
0 0.8762019230769231 0.5697115384615384 0.24759615384615385 0.1346153846153846
0 0.25961538461538464 0.8653846153846154 0.07451923076923077 0.1466346153846154
0 0.3293269230769231 0.8581730769230769 0.07211538461538461 0.14903846153846154
0 0.4014423076923077 0.8509615384615384 0.07211538461538461 0.14423076923076922
0 0.006009615384615385 0.7524038461538461 0.01201923076923077 0.15625
0 0.052884615384615384 0.7475961538461539 0.07932692307692307 0.15625
0 0.12980769230769232 0.7415865384615384 0.07932692307692307 0.14903846153846154
0 0.20552884615384615 0.7355769230769231 0.07451923076923077 0.15144230769230768
0 0.2776442307692308 0.7283653846153846 0.07451923076923077 0.1466346153846154
0 0.3485576923076923 0.7247596153846154 0.06971153846153846 0.14423076923076922
0 0.4074519230769231 0.7199519230769231 0.06009615384615385 0.14182692307692307
0 0.16706730769230768 0.65625 0.06490384615384616 0.039663461538461536
0 0.296875 0.6550480769230769 0.07211538461538461 0.037259615384615384
0 0.22956730769230768 0.6550480769230769 0.07211538461538461 0.037259615384615384
0 0.36538461538461536 0.6538461538461539 0.06971153846153846 0.03485576923076923
0 0.07211538461538461 0.9747596153846154 0.08413461538461539 0.04927884615384615
0 0.1622596153846154 0.9699519230769231 0.07932692307692307 0.06009615384615385
0 0.23798076923076922 0.9639423076923077 0.07692307692307693 0.07211538461538461
0 0.3088942307692308 0.9603365384615384 0.07451923076923077 0.07932692307692307
0 0.3786057692307692 0.9543269230769231 0.07451923076923077 0.09134615384615384
0 0.036057692307692304 0.8930288461538461 0.07211538461538461 0.15865384615384615
0 0.1141826923076923 0.8846153846153846 0.07692307692307693 0.15865384615384615
0 0.18629807692307693 0.8713942307692307 0.07692307692307693 0.15384615384615385
0 0.9230769230769231 0.9651442307692307 0.15384615384615385 0.06971153846153846
0 0.5432692307692307 0.9603365384615384 0.1971153846153846 0.07932692307692307
0 0.75 0.9567307692307693 0.19110576923076922 0.08653846153846154
0 0.9182692307692307 0.7896634615384616 0.16346153846153846 0.27163461538461536
0 0.5420673076923077 0.7776442307692307 0.1935096153846154 0.27403846153846156
0 0.7439903846153846 0.7668269230769231 0.1935096153846154 0.2608173076923077