0 0.5841346153846154 0.21754807692307693 0.05889423076923077 0.109375
0 0.6514423076923077 0.23798076923076922 0.06370192307692307 0.09495192307692307
0 0.7235576923076923 0.24278846153846154 0.06610576923076923 0.109375
0 0.7920673076923077 0.2536057692307692 0.06370192307692307 0.10697115384615384
0 0.8545673076923077 0.27283653846153844 0.06610576923076923 0.11177884615384616
0 0.9399038461538461 0.2848557692307692 0.06610576923076923 0.11778846153846154
0 0.9879807692307693 0.296875 0.02283653846153846 0.1201923076923077
0 0.5745192307692307 0.33052884615384615 0.06129807692307692 0.109375
0 0.6466346153846154 0.3449519230769231 0.06370192307692307 0.10697115384615384
0 0.7223557692307693 0.3557692307692308 0.06610576923076923 0.11177884615384616
0 0.7980769230769231 0.3629807692307692 0.06370192307692307 0.11538461538461539
0 0.8605769230769231 0.3918269230769231 0.07091346153846154 0.11778846153846154
0 0.9338942307692307 0.4050480769230769 0.07091346153846154 0.11778846153846154
0 0.9867788461538461 0.4170673076923077 0.025240384615384616 0.125
0 0.6586538461538461 0.02283653846153846 0.08653846153846154 0.04567307692307692
0 0.03245192307692308 0.42788461538461536 0.06370192307692307 0.3449519230769231
0 0.5709134615384616 0.4375 0.056490384615384616 0.10697115384615384
0 0.8245192307692307 0.026442307692307692 0.09615384615384616 0.052884615384615384
0 0.6286057692307693 0.4543269230769231 0.06129807692307692 0.109375
0 0.9206730769230769 0.026442307692307692 0.10576923076923077 0.052884615384615384
0 0.6947115384615384 0.4723557692307692 0.06129807692307692 0.109375
0 0.7620192307692307 0.49038461538461536 0.06610576923076923 0.11538461538461539
0 0.16706730769230768 0.5 0.1814903846153846 0.35697115384615385
0 0.8317307692307693 0.5060096153846154 0.06850961538461539 0.11538461538461539
0 0.9098557692307693 0.5216346153846154 0.06370192307692307 0.11177884615384616
0 0.9675480769230769 0.5444711538461539 0.06370192307692307 0.11538461538461539
0 0.5661057692307693 0.5540865384615384 0.06129807692307692 0.11177884615384616
0 0.6298076923076923 0.5697115384615384 0.05889423076923077 0.109375
0 0.7019230769230769 0.5841346153846154 0.06129807692307692 0.11177884615384616
0 0.765625 0.6069711538461539 0.06610576923076923 0.11177884615384616
0 0.8389423076923077 0.625 0.06610576923076923 0.11538461538461539
0 0.9086538461538461 0.6466346153846154 0.06610576923076923 0.1201923076923077
0 0.9747596153846154 0.6706730769230769 0.05048076923076923 0.12259615384615384
0 0.4495192307692308 0.6754807692307693 0.05889423076923077 0.109375
0 0.421875 0.04807692307692308 0.07932692307692307 0.09615384615384616
0 0.23677884615384615 0.04447115384615385 0.06129807692307692 0.0889423076923077
0 0.515625 0.6935096153846154 0.05889423076923077 0.10697115384615384
0 0.578125 0.7199519230769231 0.05889423076923077 0.109375
0 0.29447115384615385 0.04567307692307692 0.06850961538461539 0.09134615384615384
0 0.6454326923076923 0.734375 0.06129807692307692 0.11177884615384616
0 0.07211538461538461 0.734375 0.14423076923076922 0.33413461538461536
0 0.7055288461538461 0.7680288461538461 0.06610576923076923 0.11177884615384616
0 0.4567307692307692 0.7860576923076923 0.05889423076923077 0.10697115384615384
0 0.7728365384615384 0.7944711538461539 0.06610576923076923 0.11177884615384616
0 0.5240384615384616 0.8028846153846154 0.05889423076923077 0.10697115384615384
0 0.8425480769230769 0.8197115384615384 0.06850961538461539 0.11778846153846154
0 0.5817307692307693 0.8317307692307693 0.06129807692307692 0.10697115384615384
0 0.9278846153846154 0.8473557692307693 0.07091346153846154 0.11778846153846154
0 0.6442307692307693 0.8521634615384616 0.05889423076923077 0.10697115384615384
0 0.5745192307692307 0.057692307692307696 0.08173076923076923 0.11538461538461539
0 0.9831730769230769 0.8713942307692307 0.03365384615384615 0.1201923076923077
0 0.7055288461538461 0.8798076923076923 0.06129807692307692 0.109375
0 0.46033653846153844 0.8870192307692307 0.054086538461538464 0.1045673076923077
0 0.5240384615384616 0.9122596153846154 0.056490384615384616 0.10697115384615384
0 0.7728365384615384 0.9122596153846154 0.06370192307692307 0.11177884615384616
0 0.17548076923076922 0.9338942307692307 0.16826923076923078 0.13221153846153846
0 0.8401442307692307 0.9399038461538461 0.06850961538461539 0.11778846153846154
0 0.5769230769230769 0.9459134615384616 0.05889423076923077 0.10697115384615384
0 0.921875 0.9543269230769231 0.07451923076923077 0.09134615384615384
0 0.6490384615384616 0.9555288461538461 0.05889423076923077 0.0889423076923077
0 0.9783653846153846 0.9639423076923077 0.04326923076923077 0.07091346153846154
0 0.46033653846153844 0.9699519230769231 0.055288461538461536 0.06009615384615385
0 0.7019230769230769 0.9699519230769231 0.0625 0.06009615384615385
0 0.5240384615384616 0.9783653846153846 0.05889423076923077 0.04326923076923077
0 0.35096153846153844 0.06610576923076923 0.07932692307692307 0.13221153846153846
0 0.7259615384615384 0.0889423076923077 0.09134615384615384 0.15504807692307693
0 0.04567307692307692 0.12379807692307693 0.09134615384615384 0.24759615384615385
0 0.4951923076923077 0.0985576923076923 0.07932692307692307 0.14783653846153846
0 0.6442307692307693 0.12259615384615384 0.0889423076923077 0.15264423076923078
0 0.18028846153846154 0.14903846153846154 0.1814903846153846 0.2980769230769231
0 0.8185096153846154 0.1310096153846154 0.09134615384615384 0.15504807692307693
0 0.9122596153846154 0.13221153846153846 0.09975961538461539 0.15865384615384615
0 0.052884615384615384 0.9014423076923077 0.1045673076923077 0.19591346153846154