0 0.07692307692307693 0.5612980769230769 0.07211538461538461 0.27163461538461536
0 0.052884615384615384 0.0889423076923077 0.1045673076923077 0.17668269230769232
0 0.056490384615384616 0.7067307692307693 0.11298076923076923 0.06370192307692307
0 0.39903846153846156 0.6598557692307693 0.06971153846153846 0.11778846153846154
0 0.24519230769230768 0.6370192307692307 0.06610576923076923 0.11538461538461539
0 0.48677884615384615 0.6213942307692307 0.06370192307692307 0.10817307692307693
0 0.9086538461538461 0.6165865384615384 0.06370192307692307 0.11057692307692307
0 0.14182692307692307 0.6129807692307693 0.05889423076923077 0.12860576923076922
0 0.5612980769230769 0.6105769230769231 0.06370192307692307 0.10817307692307693
0 0.6274038461538461 0.6033653846153846 0.06370192307692307 0.09975961538461539
0 0.3317307692307692 0.5913461538461539 0.07932692307692307 0.13581730769230768
0 0.765625 0.5649038461538461 0.07932692307692307 0.12620192307692307
0 0.8449519230769231 0.5540865384615384 0.07211538461538461 0.09254807692307693
0 0.96875 0.5456730769230769 0.06129807692307692 0.13341346153846154
0 0.5192307692307693 0.5384615384615384 0.07451923076923077 0.11778846153846154
0 0.6814903846153846 0.5360576923076923 0.08173076923076923 0.1310096153846154
0 0.6045673076923077 0.5240384615384616 0.06971153846153846 0.11778846153846154
0 0.44350961538461536 0.5180288461538461 0.07451923076923077 0.12620192307692307
0 0.1778846153846154 0.5024038461538461 0.07692307692307693 0.13822115384615385
0 0.12620192307692307 0.4951923076923077 0.025240384615384616 0.13341346153846154
0 0.29086538461538464 0.46875 0.07932692307692307 0.13581730769230768
0 0.8581730769230769 0.46033653846153844 0.09014423076923077 0.14302884615384615
0 0.4831730769230769 0.45072115384615385 0.08173076923076923 0.13341346153846154
0 0.7451923076923077 0.44711538461538464 0.08413461538461539 0.12860576923076922
0 0.9903846153846154 0.43990384615384615 0.019230769230769232 0.14903846153846154
0 0.6478365384615384 0.43028846153846156 0.06971153846153846 0.11538461538461539
0 0.5625 0.42908653846153844 0.07211538461538461 0.11538461538461539
0 0.40865384615384615 0.41466346153846156 0.07211538461538461 0.11538461538461539
0 0.9387019230769231 0.40384615384615385 0.07932692307692307 0.12259615384615384
0 0.23918269230769232 0.38341346153846156 0.07211538461538461 0.12860576923076922
0 0.7007211538461539 0.35216346153846156 0.09014423076923077 0.1466346153846154
0 0.7764423076923077 0.34615384615384615 0.06610576923076923 0.11057692307692307
0 0.609375 0.33413461538461536 0.08173076923076923 0.13581730769230768
0 0.45552884615384615 0.32211538461538464 0.06971153846153846 0.11298076923076923
0 0.35216346153846156 0.32211538461538464 0.08413461538461539 0.13581730769230768
0 0.53125 0.32091346153846156 0.07932692307692307 0.12620192307692307
0 0.8653846153846154 0.3161057692307692 0.08774038461538461 0.140625
0 0.9891826923076923 0.31490384615384615 0.020432692307692308 0.09735576923076923
0 0.14903846153846154 0.27283653846153844 0.07211538461538461 0.1310096153846154
0 0.23317307692307693 0.2548076923076923 0.07932692307692307 0.13581730769230768
0 0.7536057692307693 0.2512019230769231 0.07692307692307693 0.12259615384615384
0 0.9795673076923077 0.22956730769230768 0.040865384615384616 0.09014423076923077
0 0.9242788461538461 0.2283653846153846 0.08173076923076923 0.13581730769230768
0 0.6646634615384616 0.22235576923076922 0.09254807692307693 0.14903846153846154
0 0.4098557692307692 0.21875 0.07692307692307693 0.1310096153846154
0 0.4891826923076923 0.21153846153846154 0.08173076923076923 0.13822115384615385
0 0.8125 0.21033653846153846 0.07211538461538461 0.11057692307692307
0 0.5745192307692307 0.20793269230769232 0.08413461538461539 0.13822115384615385
0 0.30649038461538464 0.1971153846153846 0.08774038461538461 0.1466346153846154
0 0.1658653846153846 0.14182692307692307 0.08173076923076923 0.140625
0 0.25 0.12860576923076922 0.07211538461538461 0.1201923076923077
0 0.7271634615384616 0.12259615384615384 0.08774038461538461 0.140625
0 0.8653846153846154 0.12259615384615384 0.08173076923076923 0.13581730769230768
0 0.9711538461538461 0.11538461538461539 0.057692307692307696 0.1346153846153846
0 0.36778846153846156 0.10096153846153846 0.07211538461538461 0.11778846153846154
0 0.4543269230769231 0.09975961538461539 0.06971153846153846 0.11298076923076923
0 0.6117788461538461 0.09254807692307693 0.07451923076923077 0.1201923076923077
0 0.5276442307692307 0.09014423076923077 0.06971153846153846 0.11538461538461539
0 0.8112980769230769 0.078125 0.07932692307692307 0.12259615384615384
0 0.17307692307692307 0.04326923076923077 0.0673076923076923 0.08653846153846154
0 0.31009615384615385 0.05048076923076923 0.08173076923076923 0.09975961538461539
0 0.9290865384615384 0.038461538461538464 0.09014423076923077 0.07692307692307693
0 0.6766826923076923 0.036057692307692304 0.09254807692307693 0.07211538461538461
0 0.8317307692307693 0.026442307692307692 0.07211538461538461 0.052884615384615384
0 0.9879807692307693 0.03365384615384615 0.02283653846153846 0.06610576923076923
0 0.4110576923076923 0.030048076923076924 0.07932692307692307 0.05889423076923077
0 0.7560096153846154 0.02403846153846154 0.06971153846153846 0.04807692307692308
0 0.5733173076923077 0.02403846153846154 0.07451923076923077 0.04807692307692308
0 0.4831730769230769 0.018028846153846152 0.07451923076923077 0.036057692307692304
0 0.17908653846153846 0.71875 0.08173076923076923 0.038461538461538464
0 0.1310096153846154 0.6887019230769231 0.036057692307692304 0.09975961538461539
0 0.3004807692307692 0.6766826923076923 0.07692307692307693 0.12259615384615384
0 0.7175480769230769 0.6778846153846154 0.06971153846153846 0.11057692307692307
0 0.8233173076923077 0.9399038461538461 0.06129807692307692 0.1201923076923077
0 0.7487980769230769 0.9182692307692307 0.06610576923076923 0.13581730769230768
0 0.6694711538461539 0.8629807692307693 0.07211538461538461 0.13581730769230768