0 0.014423076923076924 0.12259615384615384 0.028846153846153848 0.24519230769230768
0 0.15264423076923078 0.13581730769230768 0.23317307692307693 0.27163461538461536
0 0.31850961538461536 0.02403846153846154 0.03245192307692308 0.04807692307692308
0 0.36538461538461536 0.02403846153846154 0.056490384615384616 0.04807692307692308
0 0.5444711538461539 0.02403846153846154 0.056490384615384616 0.04807692307692308
0 0.6694711538461539 0.025240384615384616 0.06129807692307692 0.05048076923076923
0 0.42427884615384615 0.025240384615384616 0.056490384615384616 0.05048076923076923
0 0.4807692307692308 0.025240384615384616 0.05889423076923077 0.05048076923076923
0 0.6033653846153846 0.026442307692307692 0.06129807692307692 0.052884615384615384
0 0.7872596153846154 0.07572115384615384 0.05889423076923077 0.0985576923076923
0 0.8485576923076923 0.08052884615384616 0.06129807692307692 0.10216346153846154
0 0.9122596153846154 0.08052884615384616 0.06370192307692307 0.10216346153846154
0 0.9711538461538461 0.07932692307692307 0.057692307692307696 0.10096153846153846
0 0.33774038461538464 0.0829326923076923 0.056490384615384616 0.09615384615384616
0 0.3942307692307692 0.08413461538461539 0.056490384615384616 0.09615384615384616
0 0.4543269230769231 0.08533653846153846 0.05889423076923077 0.09615384615384616
0 0.5132211538461539 0.08653846153846154 0.05889423076923077 0.0985576923076923
0 0.5733173076923077 0.08774038461538461 0.05889423076923077 0.0985576923076923
0 0.6382211538461539 0.09014423076923077 0.06129807692307692 0.0985576923076923
0 0.8161057692307693 0.16466346153846154 0.06129807692307692 0.0985576923076923
0 0.31971153846153844 0.16466346153846154 0.03485576923076923 0.09375
0 0.8786057692307693 0.16826923076923078 0.06129807692307692 0.0985576923076923
0 0.36778846153846156 0.16947115384615385 0.056490384615384616 0.09615384615384616
0 0.42427884615384615 0.16947115384615385 0.056490384615384616 0.09615384615384616
0 0.9447115384615384 0.16947115384615385 0.06129807692307692 0.10216346153846154
0 0.4831730769230769 0.17067307692307693 0.056490384615384616 0.09615384615384616
0 0.9879807692307693 0.171875 0.02403846153846154 0.1045673076923077
0 0.5408653846153846 0.17427884615384615 0.06129807692307692 0.10216346153846154
0 0.6021634615384616 0.17548076923076922 0.05889423076923077 0.0985576923076923
0 0.6706730769230769 0.1778846153846154 0.06370192307692307 0.0985576923076923
0 0.7788461538461539 0.24639423076923078 0.05889423076923077 0.09615384615384616
0 0.3329326923076923 0.25240384615384615 0.056490384615384616 0.09615384615384616
0 0.8461538461538461 0.25240384615384615 0.06129807692307692 0.1045673076923077
0 0.4519230769230769 0.2536057692307692 0.056490384615384616 0.09615384615384616
0 0.39302884615384615 0.2548076923076923 0.056490384615384616 0.09615384615384616
0 0.9098557692307693 0.25721153846153844 0.0673076923076923 0.10216346153846154
0 0.5108173076923077 0.25721153846153844 0.05889423076923077 0.0985576923076923
0 0.5733173076923077 0.25961538461538464 0.06129807692307692 0.10216346153846154
0 0.9711538461538461 0.25961538461538464 0.057692307692307696 0.10576923076923077
0 0.6334134615384616 0.2620192307692308 0.06129807692307692 0.10216346153846154
0 0.31850961538461536 0.32211538461538464 0.03245192307692308 0.078125
0 0.8185096153846154 0.3245192307692308 0.05889423076923077 0.07211538461538461
0 0.359375 0.3245192307692308 0.056490384615384616 0.07211538461538461
0 0.8786057692307693 0.32572115384615385 0.06129807692307692 0.06971153846153846
0 0.9423076923076923 0.328125 0.0673076923076923 0.0673076923076923
0 0.42427884615384615 0.3293269230769231 0.056490384615384616 0.06370192307692307
0 0.4795673076923077 0.3293269230769231 0.056490384615384616 0.06370192307692307
0 0.5396634615384616 0.33052884615384615 0.05889423076923077 0.06129807692307692
0 0.6646634615384616 0.33052884615384615 0.06129807692307692 0.06129807692307692
0 0.6033653846153846 0.3329326923076923 0.06129807692307692 0.056490384615384616
0 0.9879807692307693 0.33413461538461536 0.02403846153846154 0.052884615384615384
0 0.13341346153846154 0.5168269230769231 0.2512019230769231 0.3125
0 0.21514423076923078 0.7992788461538461 0.17427884615384615 0.32572115384615385
0 0.05889423076923077 0.8233173076923077 0.11778846153846154 0.32091346153846156
0 0.14182692307692307 0.9639423076923077 0.2091346153846154 0.07211538461538461