0 0.27163461538461536 0.052884615384615384 0.1346153846153846 0.1045673076923077
0 0.13942307692307693 0.05048076923076923 0.12139423076923077 0.09975961538461539
0 0.030048076923076924 0.055288461538461536 0.06009615384615385 0.11057692307692307
0 0.07451923076923077 0.15625 0.109375 0.14182692307692307
0 0.20072115384615385 0.16706730769230768 0.13221153846153846 0.17067307692307693
0 0.33413461538461536 0.16826923076923078 0.12379807692307693 0.15144230769230768
0 0.025240384615384616 0.29447115384615385 0.05048076923076923 0.17067307692307693
0 0.26802884615384615 0.30408653846153844 0.11658653846153846 0.14423076923076922
0 0.3954326923076923 0.30528846153846156 0.11899038461538461 0.1466346153846154
0 0.12980769230769232 0.3137019230769231 0.11899038461538461 0.1466346153846154
0 0.9350961538461539 0.04326923076923077 0.12980769230769232 0.08533653846153846
0 0.7728365384615384 0.06490384615384616 0.19951923076923078 0.12980769230769232
0 0.6153846153846154 0.051682692307692304 0.12980769230769232 0.10216346153846154
0 0.7824519230769231 0.2283653846153846 0.14182692307692307 0.21754807692307693
0 0.5096153846153846 0.234375 0.03365384615384615 0.234375
0 0.6045673076923077 0.2403846153846154 0.18990384615384615 0.2776442307692308
0 0.9362980769230769 0.46033653846153844 0.12740384615384615 0.19230769230769232
0 0.6225961538461539 0.45913461538461536 0.14423076923076922 0.19471153846153846
0 0.7788461538461539 0.45552884615384615 0.1875 0.19951923076923078
0 0.515625 0.4519230769230769 0.046875 0.20673076923076922
0 0.9254807692307693 0.23197115384615385 0.14903846153846154 0.2932692307692308
0 0.051682692307692304 0.6706730769230769 0.10216346153846154 0.22956730769230768
0 0.2692307692307692 0.7043269230769231 0.3389423076923077 0.2980769230769231
0 0.6514423076923077 0.6370192307692307 0.21514423076923078 0.16105769230769232
0 0.8713942307692307 0.6394230769230769 0.2127403846153846 0.1658653846153846
0 0.7548076923076923 0.8317307692307693 0.20432692307692307 0.31009615384615385
0 0.9290865384615384 0.8365384615384616 0.14182692307692307 0.26802884615384615
0 0.5673076923076923 0.8473557692307693 0.14903846153846154 0.265625