0 0.5288461538461539 0.10697115384615384 0.0625 0.21394230769230768
0 0.4254807692307692 0.09735576923076923 0.14903846153846154 0.1935096153846154
0 0.24879807692307693 0.109375 0.17548076923076922 0.21875
0 0.12259615384615384 0.10096153846153846 0.109375 0.20192307692307693
0 0.27283653846153844 0.32572115384615385 0.13822115384615385 0.21754807692307693
0 0.5384615384615384 0.33653846153846156 0.04447115384615385 0.2439903846153846
0 0.42788461538461536 0.33413461538461536 0.19591346153846154 0.2692307692307692
0 0.0985576923076923 0.3473557692307692 0.15985576923076922 0.2439903846153846
0 0.9086538461538461 0.07091346153846154 0.18269230769230768 0.14182692307692307
0 0.7163461538461539 0.0733173076923077 0.18028846153846154 0.1466346153846154
0 0.9543269230769231 0.24639423076923078 0.09134615384615384 0.2932692307692308
0 0.6370192307692307 0.24759615384615385 0.15504807692307693 0.30649038461538464
0 0.8137019230769231 0.24879807692307693 0.1778846153846154 0.2956730769230769
0 0.71875 0.4110576923076923 0.17548076923076922 0.11538461538461539
0 0.9002403846153846 0.4110576923076923 0.1778846153846154 0.11538461538461539
0 0.45552884615384615 0.9507211538461539 0.2091346153846154 0.0985576923076923
0 0.7800480769230769 0.734375 0.43990384615384615 0.53125