0 0.18269230769230768 0.2403846153846154 0.20793269230769232 0.3076923076923077
0 0.4543269230769231 0.2439903846153846 0.2536057692307692 0.41586538461538464
0 0.042067307692307696 0.29447115384615385 0.08413461538461539 0.4266826923076923
0 0.40625 0.4855769230769231 0.19230769230769232 0.16947115384615385
0 0.21514423076923078 0.5132211538461539 0.27884615384615385 0.11658653846153846
0 0.037259615384615384 0.5144230769230769 0.0733173076923077 0.1141826923076923
0 0.19951923076923078 0.039663461538461536 0.2920673076923077 0.078125
0 0.40625 0.020432692307692308 0.1778846153846154 0.040865384615384616
0 0.7355769230769231 0.2980769230769231 0.1346153846153846 0.19230769230769232
0 0.5973557692307693 0.33052884615384615 0.03245192307692308 0.19831730769230768
0 0.9050480769230769 0.4519230769230769 0.12379807692307693 0.17548076923076922
0 0.6466346153846154 0.46153846153846156 0.13221153846153846 0.21875
0 0.7824519230769231 0.5060096153846154 0.12379807692307693 0.12980769230769232
0 0.5276442307692307 0.6225961538461539 0.10697115384615384 0.1045673076923077
0 0.5120192307692307 0.8137019230769231 0.13942307692307693 0.2668269230769231
0 0.5036057692307693 0.9747596153846154 0.15504807692307693 0.05048076923076923
0 0.734375 0.8485576923076923 0.28725961538461536 0.3016826923076923