0 0.4362980769230769 0.25961538461538464 0.140625 0.21394230769230768
0 0.78125 0.27524038461538464 0.14302884615384615 0.20793269230769232
0 0.2956730769230769 0.30408653846153844 0.140625 0.20552884615384615
0 0.546875 0.34615384615384615 0.13581730769230768 0.203125
0 0.890625 0.3473557692307692 0.13822115384615385 0.18990384615384615
0 0.13822115384615385 0.375 0.13581730769230768 0.203125
0 0.4098557692307692 0.39903846153846156 0.13822115384615385 0.18990384615384615
0 0.75 0.4254807692307692 0.13822115384615385 0.19230769230769232
0 0.2764423076923077 0.43990384615384615 0.13581730769230768 0.18269230769230768
0 0.15144230769230768 0.5132211538461539 0.13822115384615385 0.14543269230769232
0 0.9579326923076923 0.5576923076923077 0.0829326923076923 0.21394230769230768
0 0.625 0.5769230769230769 0.14302884615384615 0.21153846153846154
0 0.8473557692307693 0.6141826923076923 0.14302884615384615 0.21153846153846154
0 0.48197115384615385 0.6177884615384616 0.140625 0.20552884615384615
0 0.34134615384615385 0.6538461538461539 0.140625 0.21153846153846154
0 0.8413461538461539 0.06370192307692307 0.140625 0.12740384615384615
0 0.5841346153846154 0.7067307692307693 0.13822115384615385 0.18990384615384615
0 0.9387019230769231 0.7175480769230769 0.12259615384615384 0.12740384615384615
0 0.7211538461538461 0.7307692307692307 0.14302884615384615 0.21153846153846154
0 0.35697115384615385 0.06850961538461539 0.13221153846153846 0.13701923076923078
0 0.44471153846153844 0.7560096153846154 0.13822115384615385 0.19471153846153846
0 0.21394230769230768 0.7620192307692307 0.14302884615384615 0.21153846153846154
0 0.06850961538461539 0.7932692307692307 0.13701923076923078 0.21634615384615385
0 0.8317307692307693 0.8112980769230769 0.13822115384615385 0.203125
0 0.6923076923076923 0.8461538461538461 0.14302884615384615 0.18269230769230768
0 0.32211538461538464 0.8461538461538461 0.13581730769230768 0.20552884615384615
0 0.055288461538461536 0.9026442307692307 0.109375 0.18509615384615385
0 0.1778846153846154 0.9050480769230769 0.14302884615384615 0.18990384615384615
0 0.9735576923076923 0.8990384615384616 0.04807692307692308 0.20192307692307693
0 0.5060096153846154 0.9447115384615384 0.14783653846153846 0.109375
0 0.9170673076923077 0.9783653846153846 0.1466346153846154 0.04326923076923077
0 0.7716346153846154 0.9819711538461539 0.14783653846153846 0.036057692307692304
0 0.23076923076923078 0.09495192307692307 0.13822115384615385 0.18990384615384615
0 0.7019230769230769 0.0985576923076923 0.14423076923076922 0.1971153846153846
0 0.5564903846153846 0.1466346153846154 0.14302884615384615 0.21153846153846154
0 0.9290865384615384 0.23076923076923078 0.14182692307692307 0.21153846153846154
0 0.6598557692307693 0.23918269230769232 0.125 0.19831730769230768
0 0.04567307692307692 0.24519230769230768 0.09134615384615384 0.21394230769230768
0 0.025240384615384616 0.0673076923076923 0.05048076923076923 0.1346153846153846
0 0.12379807692307693 0.03125 0.13221153846153846 0.0625
0 0.4831730769230769 0.026442307692307692 0.13822115384615385 0.051682692307692304
0 0.042067307692307696 0.4110576923076923 0.0829326923076923 0.16706730769230768
0 0.984375 0.30288461538461536 0.03125 0.15865384615384615