0 0.5048076923076923 0.2764423076923077 0.10336538461538461 0.15384615384615385
0 0.4026442307692308 0.27884615384615385 0.10096153846153846 0.15625
0 0.016826923076923076 0.2848557692307692 0.03365384615384615 0.15625
0 0.6141826923076923 0.28725961538461536 0.09615384615384616 0.15625
0 0.29447115384615385 0.28966346153846156 0.10336538461538461 0.15865384615384615
0 0.19230769230769232 0.2920673076923077 0.10096153846153846 0.16105769230769232
0 0.0889423076923077 0.29447115384615385 0.10096153846153846 0.15865384615384615
0 0.5528846153846154 0.41466346153846156 0.09615384615384616 0.15384615384615385
0 0.45552884615384615 0.4170673076923077 0.0985576923076923 0.15384615384615385
0 0.3557692307692308 0.4206730769230769 0.10096153846153846 0.15384615384615385
0 0.6370192307692307 0.4206730769230769 0.056490384615384616 0.14903846153846154
0 0.04447115384615385 0.43028846153846156 0.0889423076923077 0.15384615384615385
0 0.25 0.43509615384615385 0.10096153846153846 0.15384615384615385
0 0.1466346153846154 0.4362980769230769 0.0985576923076923 0.15144230769230768
0 0.5048076923076923 0.49278846153846156 0.0985576923076923 0.039663461538461536
0 0.4050480769230769 0.49278846153846156 0.09615384615384616 0.039663461538461536
0 0.6069711538461539 0.4951923076923077 0.09375 0.03485576923076923
0 0.5036057692307693 0.036057692307692304 0.10697115384615384 0.07211538461538461
0 0.39663461538461536 0.03485576923076923 0.10336538461538461 0.06971153846153846
0 0.6105769230769231 0.040865384615384616 0.10096153846153846 0.08173076923076923
0 0.014423076923076924 0.040865384615384616 0.028846153846153848 0.08173076923076923
0 0.29086538461538464 0.04326923076923077 0.10697115384615384 0.08653846153846154
0 0.18389423076923078 0.04447115384615385 0.10096153846153846 0.0889423076923077
0 0.07932692307692307 0.04567307692307692 0.10336538461538461 0.09134615384615384
0 0.34975961538461536 0.13822115384615385 0.10336538461538461 0.16105769230769232
0 0.5564903846153846 0.140625 0.10096153846153846 0.16105769230769232
0 0.4543269230769231 0.140625 0.10096153846153846 0.16105769230769232
0 0.038461538461538464 0.14423076923076922 0.07692307692307693 0.16105769230769232
0 0.640625 0.15144230769230768 0.04927884615384615 0.15865384615384615
0 0.24158653846153846 0.15144230769230768 0.10697115384615384 0.15865384615384615
0 0.13581730769230768 0.15384615384615385 0.10336538461538461 0.16105769230769232
0 0.8485576923076923 0.06610576923076923 0.05889423076923077 0.08173076923076923
0 0.7884615384615384 0.31850961538461536 0.056490384615384616 0.07211538461538461
0 0.6838942307692307 0.18870192307692307 0.037259615384615384 0.07932692307692307
0 0.734375 0.3161057692307692 0.056490384615384616 0.07211538461538461
0 0.7331730769230769 0.19230769230769232 0.05889423076923077 0.07692307692307693
0 0.8413461538461539 0.31850961538461536 0.056490384615384616 0.07211538461538461
0 0.8197115384615384 0.1310096153846154 0.05889423076923077 0.07932692307692307
0 0.703125 0.125 0.05889423076923077 0.07932692307692307
0 0.8161057692307693 0.25721153846153844 0.056490384615384616 0.07451923076923077
0 0.7896634615384616 0.19471153846153846 0.056490384615384616 0.07692307692307693
0 0.90625 0.06850961538461539 0.05889423076923077 0.08173076923076923
0 0.7608173076923077 0.25600961538461536 0.056490384615384616 0.07451923076923077
0 0.8665865384615384 0.3762019230769231 0.054086538461538464 0.07211538461538461
0 0.8449519230769231 0.1971153846153846 0.056490384615384616 0.07692307692307693
0 0.8942307692307693 0.32091346153846156 0.054086538461538464 0.07211538461538461
0 0.9783653846153846 0.13701923076923078 0.042067307692307696 0.07692307692307693
0 0.8713942307692307 0.25961538461538464 0.056490384615384616 0.07451923076923077
0 0.9302884615384616 0.13701923076923078 0.056490384615384616 0.07692307692307693
0 0.7908653846153846 0.06129807692307692 0.06129807692307692 0.08413461538461539
0 0.8197115384615384 0.016826923076923076 0.0625 0.03365384615384615
0 0.9002403846153846 0.19951923076923078 0.056490384615384616 0.07692307692307693
0 0.9242788461538461 0.2608173076923077 0.056490384615384616 0.07451923076923077
0 0.7608173076923077 0.12860576923076922 0.05889423076923077 0.07932692307692307
0 0.671875 0.37259615384615385 0.01201923076923077 0.07211538461538461
0 0.9555288461538461 0.20192307692307693 0.056490384615384616 0.07451923076923077
0 0.7596153846153846 0.014423076923076924 0.0625 0.028846153846153848
0 0.6850961538461539 0.3137019230769231 0.039663461538461536 0.07211538461538461
0 0.9903846153846154 0.203125 0.019230769230769232 0.07451923076923077
0 0.7055288461538461 0.2536057692307692 0.05889423076923077 0.07451923076923077
0 0.7319711538461539 0.057692307692307696 0.06129807692307692 0.08173076923076923
0 0.8100961538461539 0.4831730769230769 0.051682692307692304 0.05889423076923077
0 0.7596153846153846 0.375 0.056490384615384616 0.07211538461538461
0 0.6838942307692307 0.052884615384615384 0.037259615384615384 0.08173076923076923
0 0.7331730769230769 0.43149038461538464 0.056490384615384616 0.07211538461538461
0 0.9483173076923077 0.32211538461538464 0.054086538461538464 0.07211538461538461
0 0.8137019230769231 0.3762019230769231 0.054086538461538464 0.07211538461538461
0 0.6983173076923077 0.013221153846153846 0.06009615384615385 0.026442307692307692
0 0.7860576923076923 0.4326923076923077 0.054086538461538464 0.06971153846153846
0 0.9182692307692307 0.37740384615384615 0.054086538461538464 0.06971153846153846
0 0.8629807692307693 0.4831730769230769 0.051682692307692304 0.05889423076923077
0 0.8774038461538461 0.019230769230769232 0.057692307692307696 0.038461538461538464
0 0.9747596153846154 0.26322115384615385 0.04927884615384615 0.07211538461538461
0 0.9855769230769231 0.32211538461538464 0.028846153846153848 0.07211538461538461
0 0.8389423076923077 0.4326923076923077 0.054086538461538464 0.06971153846153846
0 0.9387019230769231 0.021634615384615384 0.05889423076923077 0.042067307692307696
0 0.8894230769230769 0.4326923076923077 0.051682692307692304 0.0673076923076923
0 0.6850961538461539 0.43028846153846156 0.039663461538461536 0.06971153846153846
0 0.875 0.13341346153846154 0.05889423076923077 0.07932692307692307
0 0.9819711538461539 0.021634615384615384 0.036057692307692304 0.04326923076923077
0 0.9699519230769231 0.3786057692307692 0.054086538461538464 0.06971153846153846
0 0.9122596153846154 0.484375 0.051682692307692304 0.056490384615384616
0 0.7055288461538461 0.3737980769230769 0.056490384615384616 0.07211538461538461
0 0.7055288461538461 0.4831730769230769 0.054086538461538464 0.05889423076923077
0 0.9411057692307693 0.4338942307692308 0.051682692307692304 0.06971153846153846
0 0.9819711538461539 0.4326923076923077 0.036057692307692304 0.0673076923076923
0 0.7572115384615384 0.484375 0.054086538461538464 0.056490384615384616
0 0.9951923076923077 0.07211538461538461 0.009615384615384616 0.07932692307692307
0 0.9615384615384616 0.484375 0.051682692307692304 0.056490384615384616
0 0.9627403846153846 0.07211538461538461 0.05889423076923077 0.08173076923076923
0 0.9939903846153846 0.484375 0.01201923076923077 0.056490384615384616
0 0.030048076923076924 0.5384615384615384 0.054086538461538464 0.051682692307692304
0 0.08173076923076923 0.5384615384615384 0.054086538461538464 0.051682692307692304
0 0.13341346153846154 0.5396634615384616 0.054086538461538464 0.054086538461538464
0 0.18629807692307693 0.5396634615384616 0.051682692307692304 0.054086538461538464
0 0.23677884615384615 0.5396634615384616 0.051682692307692304 0.054086538461538464
0 0.28846153846153844 0.5396634615384616 0.051682692307692304 0.054086538461538464
0 0.3401442307692308 0.5396634615384616 0.051682692307692304 0.054086538461538464
0 0.3894230769230769 0.5396634615384616 0.051682692307692304 0.054086538461538464
0 0.44350961538461536 0.5396634615384616 0.054086538461538464 0.054086538461538464
0 0.49399038461538464 0.5408653846153846 0.051682692307692304 0.056490384615384616
0 0.5456730769230769 0.5408653846153846 0.051682692307692304 0.056490384615384616
0 0.5973557692307693 0.5420673076923077 0.051682692307692304 0.05889423076923077
0 0.6442307692307693 0.5432692307692307 0.042067307692307696 0.06129807692307692
0 0.015625 0.5841346153846154 0.03125 0.07211538461538461
0 0.057692307692307696 0.5877403846153846 0.054086538461538464 0.07211538461538461
0 0.11057692307692307 0.5889423076923077 0.054086538461538464 0.07211538461538461
0 0.16105769230769232 0.5889423076923077 0.054086538461538464 0.07211538461538461
0 0.21153846153846154 0.5901442307692307 0.051682692307692304 0.06971153846153846
0 0.2620192307692308 0.5901442307692307 0.051682692307692304 0.06971153846153846
0 0.3641826923076923 0.5901442307692307 0.051682692307692304 0.0673076923076923
0 0.3137019230769231 0.5901442307692307 0.051682692307692304 0.06971153846153846
0 0.41466346153846156 0.5901442307692307 0.051682692307692304 0.06971153846153846
0 0.4651442307692308 0.5913461538461539 0.051682692307692304 0.06971153846153846
0 0.5168269230769231 0.5925480769230769 0.051682692307692304 0.06971153846153846
0 0.5685096153846154 0.59375 0.051682692307692304 0.0673076923076923
0 0.6201923076923077 0.5949519230769231 0.051682692307692304 0.06971153846153846
0 0.03365384615384615 0.6442307692307693 0.054086538461538464 0.07211538461538461
0 0.08413461538461539 0.6466346153846154 0.051682692307692304 0.07211538461538461
0 0.1346153846153846 0.6478365384615384 0.051682692307692304 0.06971153846153846
0 0.18509615384615385 0.6478365384615384 0.051682692307692304 0.06971153846153846
0 0.23677884615384615 0.6478365384615384 0.051682692307692304 0.06971153846153846
0 0.2860576923076923 0.6478365384615384 0.051682692307692304 0.06971153846153846
0 0.33653846153846156 0.6478365384615384 0.051682692307692304 0.06971153846153846
0 0.3858173076923077 0.6478365384615384 0.051682692307692304 0.06971153846153846
0 0.4362980769230769 0.6478365384615384 0.051682692307692304 0.0673076923076923
0 0.4879807692307692 0.6478365384615384 0.051682692307692304 0.0673076923076923
0 0.5384615384615384 0.6502403846153846 0.051682692307692304 0.0673076923076923
0 0.5877403846153846 0.6502403846153846 0.04927884615384615 0.0673076923076923
0 0.6394230769230769 0.6526442307692307 0.051682692307692304 0.0673076923076923
0 0.16105769230769232 0.7019230769230769 0.051682692307692304 0.06971153846153846
0 0.21033653846153846 0.7019230769230769 0.051682692307692304 0.06971153846153846
0 0.25961538461538464 0.7019230769230769 0.04927884615384615 0.06971153846153846
0 0.11057692307692307 0.703125 0.051682692307692304 0.07211538461538461
0 0.015625 0.703125 0.03125 0.06971153846153846
0 0.05889423076923077 0.703125 0.051682692307692304 0.07211538461538461
0 0.5084134615384616 0.703125 0.051682692307692304 0.0673076923076923
0 0.31009615384615385 0.703125 0.051682692307692304 0.0673076923076923
0 0.4098557692307692 0.703125 0.051682692307692304 0.0673076923076923
0 0.45913461538461536 0.703125 0.051682692307692304 0.0673076923076923
0 0.3605769230769231 0.7043269230769231 0.051682692307692304 0.06971153846153846
0 0.5588942307692307 0.7043269230769231 0.051682692307692304 0.0673076923076923
0 0.609375 0.7043269230769231 0.04927884615384615 0.0673076923076923
0 0.5300480769230769 0.7572115384615384 0.04927884615384615 0.0673076923076923
0 0.1346153846153846 0.7572115384615384 0.051682692307692304 0.06971153846153846
0 0.23557692307692307 0.7572115384615384 0.051682692307692304 0.06971153846153846
0 0.18389423076923078 0.7572115384615384 0.051682692307692304 0.06971153846153846
0 0.2848557692307692 0.7572115384615384 0.051682692307692304 0.06971153846153846
0 0.48197115384615385 0.7572115384615384 0.04927884615384615 0.06971153846153846
0 0.6310096153846154 0.7572115384615384 0.046875 0.0673076923076923
0 0.03365384615384615 0.7584134615384616 0.051682692307692304 0.0673076923076923
0 0.4326923076923077 0.7584134615384616 0.051682692307692304 0.0673076923076923
0 0.38341346153846156 0.7584134615384616 0.051682692307692304 0.0673076923076923
0 0.5805288461538461 0.7584134615384616 0.051682692307692304 0.0673076923076923
0 0.08413461538461539 0.7584134615384616 0.051682692307692304 0.06971153846153846
0 0.33413461538461536 0.7584134615384616 0.051682692307692304 0.0673076923076923
0 0.5516826923076923 0.8100961538461539 0.04927884615384615 0.06490384615384616
0 0.6021634615384616 0.8100961538461539 0.051682692307692304 0.06129807692307692
0 0.5036057692307693 0.8112980769230769 0.04927884615384615 0.0673076923076923
0 0.25841346153846156 0.8112980769230769 0.04927884615384615 0.0673076923076923
0 0.4543269230769231 0.8112980769230769 0.04927884615384615 0.06490384615384616
0 0.40625 0.8112980769230769 0.04927884615384615 0.0673076923076923
0 0.2091346153846154 0.8112980769230769 0.051682692307692304 0.0673076923076923
0 0.15985576923076922 0.8112980769230769 0.04927884615384615 0.06971153846153846
0 0.3581730769230769 0.8137019230769231 0.051682692307692304 0.0673076923076923
0 0.11057692307692307 0.8137019230769231 0.051682692307692304 0.0673076923076923
0 0.3076923076923077 0.8137019230769231 0.051682692307692304 0.0673076923076923
0 0.016826923076923076 0.8137019230769231 0.03365384615384615 0.06971153846153846
0 0.05889423076923077 0.8149038461538461 0.051682692307692304 0.0673076923076923
0 0.6274038461538461 0.8605769230769231 0.04927884615384615 0.06971153846153846
0 0.5745192307692307 0.8617788461538461 0.051682692307692304 0.06129807692307692
0 0.5252403846153846 0.8641826923076923 0.04927884615384615 0.06490384615384616
0 0.47596153846153844 0.8653846153846154 0.04927884615384615 0.0673076923076923
0 0.42788461538461536 0.8653846153846154 0.04927884615384615 0.0673076923076923
0 0.3798076923076923 0.8665865384615384 0.04927884615384615 0.0673076923076923
0 0.3317307692307692 0.8665865384615384 0.04927884615384615 0.0673076923076923
0 0.234375 0.8665865384615384 0.04927884615384615 0.0673076923076923
0 0.2824519230769231 0.8665865384615384 0.04927884615384615 0.0673076923076923
0 0.18389423076923078 0.8677884615384616 0.04927884615384615 0.06971153846153846
0 0.08533653846153846 0.8677884615384616 0.04927884615384615 0.0673076923076923
0 0.1346153846153846 0.8677884615384616 0.051682692307692304 0.06971153846153846
0 0.03485576923076923 0.8701923076923077 0.051682692307692304 0.0673076923076923
0 0.5973557692307693 0.9098557692307693 0.04927884615384615 0.06129807692307692
0 0.546875 0.9146634615384616 0.04927884615384615 0.06129807692307692
0 0.5 0.9170673076923077 0.046875 0.06490384615384616
0 0.45072115384615385 0.9182692307692307 0.04927884615384615 0.0673076923076923
0 0.30528846153846156 0.9194711538461539 0.04927884615384615 0.06490384615384616
0 0.35336538461538464 0.9194711538461539 0.04927884615384615 0.0673076923076923
0 0.40384615384615385 0.9194711538461539 0.04927884615384615 0.0673076923076923
0 0.25721153846153844 0.9194711538461539 0.04927884615384615 0.06490384615384616
0 0.2091346153846154 0.9194711538461539 0.04927884615384615 0.06490384615384616
0 0.06129807692307692 0.9206730769230769 0.04927884615384615 0.06490384615384616
0 0.11057692307692307 0.9206730769230769 0.04927884615384615 0.0673076923076923
0 0.016826923076923076 0.9206730769230769 0.03365384615384615 0.0625
0 0.15985576923076922 0.921875 0.04927884615384615 0.06490384615384616
0 0.6189903846153846 0.9567307692307693 0.04447115384615385 0.06129807692307692
0 0.5721153846153846 0.9603365384615384 0.04927884615384615 0.06129807692307692
0 0.5216346153846154 0.9675480769230769 0.04927884615384615 0.06129807692307692
0 0.328125 0.96875 0.046875 0.06129807692307692
0 0.42427884615384615 0.96875 0.046875 0.06129807692307692
0 0.3762019230769231 0.96875 0.04927884615384615 0.06129807692307692
0 0.2800480769230769 0.96875 0.04927884615384615 0.06129807692307692
0 0.4723557692307692 0.96875 0.04927884615384615 0.06129807692307692
0 0.23197115384615385 0.96875 0.046875 0.06129807692307692
0 0.18269230769230768 0.9699519230769231 0.04927884615384615 0.05889423076923077
0 0.006009615384615385 0.9699519230769231 0.01201923076923077 0.05889423076923077
0 0.037259615384615384 0.9699519230769231 0.04927884615384615 0.05889423076923077
0 0.08653846153846154 0.9699519230769231 0.04927884615384615 0.05889423076923077
0 0.13341346153846154 0.9699519230769231 0.04927884615384615 0.05889423076923077
0 0.9783653846153846 0.6935096153846154 0.042067307692307696 0.296875
0 0.8028846153846154 0.7139423076923077 0.19110576923076922 0.3269230769230769
0 0.9483173076923077 0.921875 0.10336538461538461 0.15625
0 0.8677884615384616 0.9302884615384616 0.12620192307692307 0.13822115384615385