0 0.11658653846153846 0.42788461538461536 0.11658653846153846 0.14903846153846154
0 0.22716346153846154 0.4254807692307692 0.12860576923076922 0.18629807692307693
0 0.6069711538461539 0.4230769230769231 0.12620192307692307 0.18629807692307693
0 0.734375 0.4230769230769231 0.12379807692307693 0.18389423076923078
0 0.4795673076923077 0.4230769230769231 0.12139423076923077 0.18389423076923078
0 0.028846153846153848 0.4182692307692308 0.057692307692307696 0.15865384615384615
0 0.35697115384615385 0.4170673076923077 0.11899038461538461 0.1814903846153846
0 0.7944711538461539 0.2668269230769231 0.09375 0.18990384615384615
0 0.6814903846153846 0.26322115384615385 0.1310096153846154 0.19471153846153846
0 0.5408653846153846 0.2608173076923077 0.12379807692307693 0.18389423076923078
0 0.11177884615384616 0.25961538461538464 0.15144230769230768 0.22716346153846154
0 0.4182692307692308 0.25961538461538464 0.12139423076923077 0.18389423076923078
0 0.2956730769230769 0.25841346153846156 0.12139423076923077 0.18389423076923078
0 0.026442307692307692 0.25721153846153844 0.052884615384615384 0.20192307692307693
0 0.22956730769230768 0.0985576923076923 0.12379807692307693 0.18629807692307693
0 0.3545673076923077 0.09735576923076923 0.1141826923076923 0.17668269230769232
0 0.7487980769230769 0.09975961538461539 0.13942307692307693 0.19951923076923078
0 0.8293269230769231 0.09735576923076923 0.02283653846153846 0.19471153846153846
0 0.6105769230769231 0.09134615384615384 0.11658653846153846 0.1814903846153846
0 0.4831730769230769 0.09495192307692307 0.13341346153846154 0.18990384615384615
0 0.06129807692307692 0.08774038461538461 0.12259615384615384 0.17548076923076922
0 0.1778846153846154 0.010817307692307692 0.12980769230769232 0.021634615384615384
0 0.5528846153846154 0.003605769230769231 0.12620192307692307 0.007211538461538462
0 0.2848557692307692 0.5384615384615384 0.13581730769230768 0.06009615384615385
0 0.046875 0.5336538461538461 0.09375 0.06850961538461539
0 0.6790865384615384 0.5324519230769231 0.12620192307692307 0.07091346153846154
0 0.1658653846153846 0.5300480769230769 0.11899038461538461 0.07572115384615384
0 0.7920673076923077 0.5300480769230769 0.0985576923076923 0.07572115384615384
0 0.4206730769230769 0.5288461538461539 0.12379807692307693 0.078125
0 0.5444711538461539 0.5288461538461539 0.12379807692307693 0.078125
0 0.9206730769230769 0.47596153846153844 0.15865384615384615 0.18389423076923078
0 0.9603365384615384 0.28125 0.078125 0.2704326923076923
0 0.8810096153846154 0.2800480769230769 0.08052884615384616 0.27283653846153844
0 0.9230769230769231 0.0889423076923077 0.15384615384615385 0.17668269230769232
0 0.7548076923076923 0.9819711538461539 0.10096153846153846 0.03485576923076923
0 0.30649038461538464 0.9326923076923077 0.07091346153846154 0.10336538461538461
0 0.020432692307692308 0.8978365384615384 0.040865384615384616 0.13942307692307693
0 0.12860576923076922 0.8918269230769231 0.078125 0.14423076923076922
0 0.25240384615384615 0.7247596153846154 0.09134615384615384 0.14903846153846154
0 0.6598557692307693 0.6382211538461539 0.10817307692307693 0.13942307692307693
0 0.7752403846153846 0.6442307692307693 0.1310096153846154 0.15144230769230768
0 0.7776442307692307 0.5841346153846154 0.12620192307692307 0.03245192307692308
0 0.9855769230769231 0.9867788461538461 0.027644230769230768 0.025240384615384616
0 0.9459134615384616 0.9879807692307693 0.06009615384615385 0.02403846153846154
0 0.8774038461538461 0.9879807692307693 0.07211538461538461 0.02403846153846154
0 0.9050480769230769 0.9387019230769231 0.06850961538461539 0.10576923076923077
0 0.9747596153846154 0.9362980769230769 0.05048076923076923 0.10096153846153846
0 0.8557692307692307 0.9338942307692307 0.030048076923076924 0.10576923076923077
0 0.9459134615384616 0.8485576923076923 0.06610576923076923 0.10336538461538461
0 0.8774038461538461 0.8461538461538461 0.06850961538461539 0.10096153846153846
0 0.9867788461538461 0.84375 0.025240384615384616 0.10576923076923077
0 0.9747596153846154 0.7572115384615384 0.05048076923076923 0.10096153846153846
0 0.9086538461538461 0.7536057692307693 0.07091346153846154 0.10576923076923077
0 0.8557692307692307 0.7524038461538461 0.030048076923076924 0.10576923076923077
0 0.9891826923076923 0.6610576923076923 0.021634615384615384 0.10576923076923077
0 0.9435096153846154 0.6610576923076923 0.07091346153846154 0.10817307692307693
0 0.8725961538461539 0.65625 0.06370192307692307 0.10576923076923077
0 0.9735576923076923 0.5985576923076923 0.052884615384615384 0.06009615384615385
0 0.9158653846153846 0.5985576923076923 0.06850961538461539 0.06009615384615385
0 0.8581730769230769 0.59375 0.03485576923076923 0.05048076923076923