0 0.06129807692307692 0.4170673076923077 0.12259615384615384 0.28725961538461536
0 0.3473557692307692 0.41466346153846156 0.0985576923076923 0.28725961538461536
0 0.21514423076923078 0.41586538461538464 0.17307692307692307 0.2848557692307692
0 0.12860576923076922 0.17067307692307693 0.17307692307692307 0.28725961538461536
0 0.020432692307692308 0.16346153846153846 0.039663461538461536 0.2848557692307692
0 0.30408653846153844 0.16346153846153846 0.17067307692307693 0.28966346153846156
0 0.21394230769230768 0.03245192307692308 0.17307692307692307 0.06370192307692307
0 0.06370192307692307 0.030048076923076924 0.12740384615384615 0.06009615384615385
0 0.3485576923076923 0.027644230769230768 0.09615384615384616 0.055288461538461536
0 0.018028846153846152 0.625 0.036057692307692304 0.20192307692307693
0 0.125 0.6213942307692307 0.16466346153846154 0.21033653846153846
0 0.2920673076923077 0.6213942307692307 0.16466346153846154 0.21033653846153846
0 0.7800480769230769 0.39663461538461536 0.20793269230769232 0.23918269230769232
0 0.9158653846153846 0.2920673076923077 0.16706730769230768 0.22355769230769232
0 0.6141826923076923 0.25240384615384615 0.20432692307692307 0.22355769230769232
0 0.4639423076923077 0.3713942307692308 0.13581730769230768 0.24158653846153846
0 0.9110576923076923 0.1346153846153846 0.17307692307692307 0.15745192307692307
0 0.7716346153846154 0.20793269230769232 0.17548076923076922 0.18629807692307693
0 0.4675480769230769 0.19230769230769232 0.14302884615384615 0.18870192307692307
0 0.9074519230769231 0.030048076923076924 0.15144230769230768 0.06009615384615385
0 0.7668269230769231 0.0625 0.17307692307692307 0.125
0 0.6298076923076923 0.01201923076923077 0.14302884615384615 0.02403846153846154
0 0.6237980769230769 0.09134615384615384 0.18028846153846154 0.16466346153846154
0 0.48197115384615385 0.052884615384615384 0.1658653846153846 0.10576923076923077
0 0.16105769230769232 0.8870192307692307 0.23677884615384615 0.22596153846153846
0 0.06610576923076923 0.8329326923076923 0.13221153846153846 0.21394230769230768
0 0.3629807692307692 0.8173076923076923 0.06610576923076923 0.18389423076923078
0 0.6959134615384616 0.7824519230769231 0.08774038461538461 0.11177884615384616
0 0.5204326923076923 0.7800480769230769 0.0829326923076923 0.109375
0 0.8762019230769231 0.7800480769230769 0.08774038461538461 0.109375
0 0.6081730769230769 0.7800480769230769 0.08774038461538461 0.109375
0 0.7872596153846154 0.7788461538461539 0.08533653846153846 0.10697115384615384
0 0.9615384615384616 0.7800480769230769 0.07692307692307693 0.109375
0 0.5709134615384616 0.8858173076923077 0.08774038461538461 0.17067307692307693
0 0.6598557692307693 0.8858173076923077 0.08533653846153846 0.16706730769230768
0 0.921875 0.8858173076923077 0.08533653846153846 0.17067307692307693
0 0.7463942307692307 0.8858173076923077 0.08774038461538461 0.17067307692307693
0 0.8329326923076923 0.8858173076923077 0.08533653846153846 0.16706730769230768
0 0.9819711538461539 0.8834134615384616 0.036057692307692304 0.17067307692307693