0 0.7319711538461539 0.36658653846153844 0.15384615384615385 0.21153846153846154
0 0.039663461538461536 0.7548076923076923 0.07932692307692307 0.27884615384615385
0 0.16105769230769232 0.7379807692307693 0.15865384615384615 0.28365384615384615
0 0.28966346153846156 0.7199519230769231 0.0985576923076923 0.28125
0 0.0733173076923077 0.6105769230769231 0.1466346153846154 0.0625
0 0.9651442307692307 0.7752403846153846 0.06971153846153846 0.17548076923076922
0 0.8653846153846154 0.7728365384615384 0.1201923076923077 0.16346153846153846
0 0.7259615384615384 0.7632211538461539 0.12740384615384615 0.1658653846153846
0 0.6334134615384616 0.6502403846153846 0.12259615384615384 0.14182692307692307
0 0.8016826923076923 0.6430288461538461 0.10817307692307693 0.12740384615384615
0 0.9254807692307693 0.6442307692307693 0.12980769230769232 0.12980769230769232