0 0.22235576923076922 0.15384615384615385 0.2668269230769231 0.3076923076923077
0 0.04567307692307692 0.15865384615384615 0.09014423076923077 0.3161057692307692
0 0.30288461538461536 0.4206730769230769 0.13822115384615385 0.34615384615384615
0 0.11298076923076923 0.4423076923076923 0.22596153846153846 0.3701923076923077
0 0.23557692307692307 0.5985576923076923 0.22596153846153846 0.10096153846153846
0 0.6899038461538461 0.1622596153846154 0.27403846153846156 0.3245192307692308
0 0.8990384615384616 0.1346153846153846 0.17067307692307693 0.26802884615384615
0 0.4735576923076923 0.140625 0.20192307692307693 0.28125
0 0.3954326923076923 0.4206730769230769 0.04567307692307692 0.2980769230769231
0 0.5300480769230769 0.4411057692307692 0.27884615384615385 0.41466346153846156
0 0.9254807692307693 0.4423076923076923 0.14903846153846154 0.41225961538461536
0 0.6887019230769231 0.5961538461538461 0.27163461538461536 0.10697115384615384
0 0.5216346153846154 0.010817307692307692 0.28725961538461536 0.021634615384615384
0 0.7632211538461539 0.41947115384615385 0.20192307692307693 0.30528846153846156
0 0.4651442307692308 0.5985576923076923 0.18629807692307693 0.10096153846153846
0 0.0985576923076923 0.7512019230769231 0.19110576923076922 0.20432692307692307
0 0.30408653846153844 0.796875 0.13581730769230768 0.26802884615384615
0 0.18990384615384615 0.9326923076923077 0.1971153846153846 0.1346153846153846
0 0.04807692307692308 0.9375 0.09615384615384616 0.125
0 0.45913461538461536 0.6730769230769231 0.1201923076923077 0.04807692307692308
0 0.6995192307692307 0.671875 0.11658653846153846 0.04567307692307692
0 0.9254807692307693 0.671875 0.11177884615384616 0.04567307692307692
0 0.8125 0.671875 0.1141826923076923 0.04567307692307692
0 0.5769230769230769 0.6742788461538461 0.12259615384615384 0.05048076923076923
0 0.7572115384615384 0.7596153846153846 0.109375 0.18028846153846154
0 0.6418269230769231 0.7620192307692307 0.11177884615384616 0.19471153846153846
0 0.8677884615384616 0.7620192307692307 0.11177884615384616 0.18629807692307693
0 0.9615384615384616 0.7632211538461539 0.07692307692307693 0.18629807692307693
0 0.4170673076923077 0.7668269230769231 0.09014423076923077 0.19471153846153846
0 0.5240384615384616 0.7680288461538461 0.1201923076923077 0.1971153846153846
0 0.9194711538461539 0.9110576923076923 0.10697115384615384 0.1778846153846154
0 0.9855769230769231 0.9122596153846154 0.028846153846153848 0.17548076923076922
0 0.8088942307692307 0.9134615384615384 0.10697115384615384 0.17307692307692307
0 0.7007211538461539 0.9146634615384616 0.109375 0.17067307692307693
0 0.5877403846153846 0.9170673076923077 0.11177884615384616 0.16466346153846154
0 0.39302884615384615 0.9170673076923077 0.042067307692307696 0.16466346153846154
0 0.4699519230769231 0.9194711538461539 0.11778846153846154 0.16105769230769232
0 0.8617788461538461 0.9927884615384616 0.10697115384615384 0.013221153846153846