0 0.4338942307692308 0.2692307692307692 0.13701923076923078 0.18269230769230768
0 0.2980769230769231 0.27163461538461536 0.125 0.16947115384615385
0 0.15264423076923078 0.28125 0.13221153846153846 0.17307692307692307
0 0.06009615384615385 0.4074519230769231 0.1201923076923077 0.16466346153846154
0 0.23076923076923078 0.41225961538461536 0.11298076923076923 0.14543269230769232
0 0.3605769230769231 0.41225961538461536 0.1346153846153846 0.15504807692307693
0 0.4963942307692308 0.4182692307692308 0.12740384615384615 0.14302884615384615
0 0.8918269230769231 0.3245192307692308 0.21634615384615385 0.3269230769230769
0 0.5793269230769231 0.8173076923076923 0.22235576923076922 0.36538461538461536
0 0.36538461538461536 0.6430288461538461 0.2247596153846154 0.30528846153846156
0 0.36778846153846156 0.8858173076923077 0.21995192307692307 0.22716346153846154
0 0.05048076923076923 0.9819711538461539 0.09975961538461539 0.03485576923076923
0 0.04567307692307692 0.8161057692307693 0.09134615384615384 0.31490384615384615
0 0.11778846153846154 0.6742788461538461 0.17548076923076922 0.36778846153846156
0 0.17548076923076922 0.9338942307692307 0.16947115384615385 0.13221153846153846
0 0.5829326923076923 0.5889423076923077 0.21514423076923078 0.1971153846153846
0 0.9855769230769231 0.6021634615384616 0.028846153846153848 0.15625
0 0.8581730769230769 0.6189903846153846 0.10216346153846154 0.13942307692307693
0 0.7391826923076923 0.6274038461538461 0.09735576923076923 0.17548076923076922
0 0.9423076923076923 0.7572115384615384 0.10216346153846154 0.14783653846153846
0 0.9867788461538461 0.8028846153846154 0.026442307692307692 0.17307692307692307
0 0.8269230769230769 0.8185096153846154 0.11538461538461539 0.16706730769230768
0 0.90625 0.9242788461538461 0.1201923076923077 0.15144230769230768
0 0.7367788461538461 0.9158653846153846 0.09254807692307693 0.16706730769230768
0 0.9795673076923077 0.9495192307692307 0.039663461538461536 0.09975961538461539
0 0.9314903846153846 0.5216346153846154 0.12259615384615384 0.0625