0 0.4110576923076923 0.41586538461538464 0.09495192307692307 0.28365384615384615
0 0.2403846153846154 0.3942307692307692 0.19471153846153846 0.2920673076923077
0 0.15264423076923078 0.18629807692307693 0.16346153846153846 0.23197115384615385
0 0.37740384615384615 0.1466346153846154 0.16105769230769232 0.2920673076923077
0 0.055288461538461536 0.140625 0.11057692307692307 0.28125
0 0.5865384615384616 0.5516826923076923 0.10216346153846154 0.15264423076923078
0 0.4879807692307692 0.5432692307692307 0.06009615384615385 0.1502403846153846
0 0.8161057692307693 0.5432692307692307 0.09495192307692307 0.15264423076923078
0 0.7487980769230769 0.43149038461538464 0.09975961538461539 0.1502403846153846
0 0.5336538461538461 0.42427884615384615 0.10216346153846154 0.15264423076923078
0 0.6442307692307693 0.421875 0.09975961538461539 0.14783653846153846
0 0.9615384615384616 0.41346153846153844 0.07572115384615384 0.14783653846153846
0 0.8665865384615384 0.4110576923076923 0.09735576923076923 0.15264423076923078
0 0.8004807692307693 0.29927884615384615 0.09975961538461539 0.1502403846153846
0 0.6983173076923077 0.296875 0.09975961538461539 0.14783653846153846
0 0.5925480769230769 0.2956730769230769 0.09975961538461539 0.14783653846153846
0 0.4951923076923077 0.2932692307692308 0.0733173076923077 0.1502403846153846
0 0.9206730769230769 0.2824519230769231 0.09735576923076923 0.1502403846153846
0 0.9903846153846154 0.2776442307692308 0.018028846153846152 0.1502403846153846
0 0.6442307692307693 0.17067307692307693 0.09735576923076923 0.14783653846153846
0 0.8557692307692307 0.17067307692307693 0.09735576923076923 0.1502403846153846
0 0.5384615384615384 0.16706730769230768 0.10576923076923077 0.1502403846153846
0 0.7463942307692307 0.1658653846153846 0.10216346153846154 0.15264423076923078
0 0.9603365384615384 0.15144230769230768 0.07932692307692307 0.1502403846153846
0 0.49038461538461536 0.05889423076923077 0.0673076923076923 0.11778846153846154
0 0.59375 0.057692307692307696 0.10216346153846154 0.11538461538461539
0 0.8016826923076923 0.056490384615384616 0.09735576923076923 0.11298076923076923
0 0.9026442307692307 0.056490384615384616 0.09975961538461539 0.11298076923076923
0 0.6947115384615384 0.056490384615384616 0.09975961538461539 0.11298076923076923
0 0.9879807692307693 0.04927884615384615 0.02403846153846154 0.09735576923076923
0 0.5252403846153846 0.6129807692307693 0.10216346153846154 0.037259615384615384
0 0.04326923076923077 0.8942307692307693 0.08653846153846154 0.21033653846153846
0 0.06129807692307692 0.7067307692307693 0.12259615384615384 0.15384615384615385
0 0.9375 0.9807692307692307 0.125 0.038461538461538464
0 0.7391826923076923 0.7884615384615384 0.21634615384615385 0.3137019230769231
0 0.5240384615384616 0.8149038461538461 0.1310096153846154 0.36538461538461536
0 0.9194711538461539 0.7908653846153846 0.16105769230769232 0.31850961538461536
0 0.7199519230769231 0.9759615384615384 0.30288461538461536 0.046875