0 0.24278846153846154 0.19591346153846154 0.24158653846153846 0.3293269230769231
0 0.4014423076923077 0.19471153846153846 0.09014423076923077 0.28725961538461536
0 0.49038461538461536 0.1346153846153846 0.08774038461538461 0.26802884615384615
0 0.6129807692307693 0.12379807692307693 0.15865384615384615 0.24759615384615385
0 0.7752403846153846 0.11658653846153846 0.16105769230769232 0.23317307692307693
0 0.9278846153846154 0.10697115384615384 0.14423076923076922 0.21394230769230768
0 0.2932692307692308 0.9350961538461539 0.051682692307692304 0.09254807692307693
0 0.13701923076923078 0.9110576923076923 0.06610576923076923 0.11658653846153846
0 0.23677884615384615 0.8870192307692307 0.054086538461538464 0.09975961538461539
0 0.35697115384615385 0.8834134615384616 0.056490384615384616 0.09975961538461539
0 0.4326923076923077 0.8834134615384616 0.026442307692307692 0.10216346153846154
0 0.07572115384615384 0.8822115384615384 0.056490384615384616 0.09975961538461539
0 0.021634615384615384 0.8774038461538461 0.04326923076923077 0.08653846153846154
0 0.2980769230769231 0.8401442307692307 0.05889423076923077 0.09735576923076923
0 0.11899038461538461 0.8269230769230769 0.056490384615384616 0.09735576923076923
0 0.40024038461538464 0.8185096153846154 0.054086538461538464 0.09735576923076923
0 0.18389423076923078 0.8137019230769231 0.05889423076923077 0.1045673076923077
0 0.25240384615384615 0.7860576923076923 0.054086538461538464 0.09735576923076923
0 0.019230769230769232 0.7776442307692307 0.038461538461538464 0.11177884615384616
0 0.34615384615384615 0.7776442307692307 0.056490384615384616 0.10216346153846154
0 0.15745192307692307 0.7427884615384616 0.054086538461538464 0.09735576923076923
0 0.42908653846153844 0.7391826923076923 0.03365384615384615 0.09735576923076923
0 0.09495192307692307 0.7391826923076923 0.056490384615384616 0.09975961538461539
0 0.2980769230769231 0.7247596153846154 0.054086538461538464 0.09495192307692307
0 0.21033653846153846 0.7067307692307693 0.056490384615384616 0.09495192307692307
0 0.38341346153846156 0.7043269230769231 0.056490384615384616 0.09735576923076923
0 0.25841346153846156 0.6610576923076923 0.054086538461538464 0.09495192307692307
0 0.41466346153846156 0.6165865384615384 0.054086538461538464 0.09735576923076923
0 0.33533653846153844 0.6021634615384616 0.06610576923076923 0.11177884615384616
0 0.29086538461538464 0.5877403846153846 0.04927884615384615 0.09254807692307693
0 0.36778846153846156 0.5552884615384616 0.054086538461538464 0.09735576923076923
0 0.4326923076923077 0.5372596153846154 0.026442307692307692 0.09495192307692307
0 0.32572115384615385 0.4987980769230769 0.054086538461538464 0.09254807692307693
0 0.08653846153846154 0.5048076923076923 0.17307692307692307 0.28725961538461536
0 0.20192307692307693 0.43990384615384615 0.07572115384615384 0.12980769230769232
0 0.3954326923076923 0.4411057692307692 0.10216346153846154 0.16105769230769232
0 0.3125 0.40625 0.04927884615384615 0.09014423076923077
0 0.2548076923076923 0.4050480769230769 0.06610576923076923 0.08774038461538461
0 0.06610576923076923 0.3858173076923077 0.13221153846153846 0.04927884615384615
0 0.21514423076923078 0.38341346153846156 0.15625 0.04447115384615385
0 0.14182692307692307 0.9939903846153846 0.05889423076923077 0.01201923076923077
0 0.43509615384615385 0.9699519230769231 0.019230769230769232 0.06009615384615385
0 0.013221153846153846 0.9615384615384616 0.026442307692307692 0.07692307692307693
0 0.3389423076923077 0.9651442307692307 0.057692307692307696 0.06971153846153846
0 0.20432692307692307 0.9615384615384616 0.057692307692307696 0.07692307692307693
0 0.11177884615384616 0.9579326923076923 0.055288461538461536 0.08413461538461539
0 0.40384615384615385 0.9495192307692307 0.05889423076923077 0.09975961538461539
0 0.7175480769230769 0.9855769230769231 0.08774038461538461 0.028846153846153848
0 0.8629807692307693 0.9771634615384616 0.08653846153846154 0.04567307692307692
0 0.5420673076923077 0.9663461538461539 0.08413461538461539 0.0673076923076923
0 0.7884615384615384 0.9411057692307693 0.08533653846153846 0.11658653846153846
0 0.9459134615384616 0.9254807692307693 0.09014423076923077 0.1346153846153846
0 0.6274038461538461 0.921875 0.09254807692307693 0.12980769230769232
0 0.7151442307692307 0.8822115384615384 0.09254807692307693 0.13701923076923078
0 0.8617788461538461 0.8713942307692307 0.09254807692307693 0.13701923076923078
0 0.5552884615384616 0.8449519230769231 0.09254807692307693 0.1346153846153846
0 0.6442307692307693 0.8004807692307693 0.09735576923076923 0.12980769230769232
0 0.9302884615384616 0.7848557692307693 0.09254807692307693 0.1346153846153846
0 0.7319711538461539 0.7572115384615384 0.09254807692307693 0.13701923076923078
0 0.49038461538461536 0.7548076923076923 0.08774038461538461 0.1346153846153846
0 0.8425480769230769 0.7439903846153846 0.09495192307692307 0.1346153846153846
0 0.5757211538461539 0.7139423076923077 0.09014423076923077 0.1346153846153846
0 0.9747596153846154 0.7115384615384616 0.05048076923076923 0.13942307692307693
0 0.6598557692307693 0.6838942307692307 0.09254807692307693 0.13701923076923078
0 0.453125 0.6742788461538461 0.014423076923076924 0.09975961538461539
0 0.9110576923076923 0.6574519230769231 0.09254807692307693 0.13942307692307693
0 0.5048076923076923 0.6286057692307693 0.09495192307692307 0.13942307692307693
0 0.7836538461538461 0.6021634615384616 0.06610576923076923 0.10216346153846154
0 0.5925480769230769 0.5841346153846154 0.09254807692307693 0.13942307692307693
0 0.8401442307692307 0.5673076923076923 0.07091346153846154 0.1045673076923077
0 0.45913461538461536 0.5612980769230769 0.02403846153846154 0.10216346153846154
0 0.96875 0.5576923076923077 0.0625 0.10096153846153846
0 0.71875 0.5456730769230769 0.08533653846153846 0.12379807692307693
0 0.9110576923076923 0.5192307692307693 0.06850961538461539 0.10216346153846154
0 0.9627403846153846 0.4495192307692308 0.07091346153846154 0.09495192307692307
0 0.6778846153846154 0.4483173076923077 0.06850961538461539 0.10216346153846154
0 0.5348557692307693 0.44591346153846156 0.06850961538461539 0.09975961538461539
0 0.75 0.44350961538461536 0.07091346153846154 0.10216346153846154
0 0.8197115384615384 0.44350961538461536 0.07091346153846154 0.10216346153846154
0 0.4735576923076923 0.4411057692307692 0.054086538461538464 0.10216346153846154
0 0.609375 0.4266826923076923 0.07091346153846154 0.10216346153846154
0 0.8966346153846154 0.41225961538461536 0.06850961538461539 0.10216346153846154
0 0.9663461538461539 0.40865384615384615 0.03365384615384615 0.04927884615384615
0 0.9891826923076923 0.38822115384615385 0.021634615384615384 0.04927884615384615
0 0.9110576923076923 0.3798076923076923 0.03125 0.036057692307692304
0 0.9447115384615384 0.3786057692307692 0.03125 0.03365384615384615
0 0.6394230769230769 0.3870192307692308 0.06850961538461539 0.051682692307692304
0 0.7115384615384616 0.3858173076923077 0.07091346153846154 0.04927884615384615
0 0.5709134615384616 0.3858173076923077 0.06850961538461539 0.04927884615384615
0 0.5024038461538461 0.38461538461538464 0.06850961538461539 0.046875
0 0.8497596153846154 0.38341346153846156 0.07091346153846154 0.04447115384615385
0 0.78125 0.38341346153846156 0.07091346153846154 0.04447115384615385
0 0.9759615384615384 0.36899038461538464 0.03365384615384615 0.016826923076923076