0 0.5540865384615384 0.04807692307692308 0.19471153846153846 0.09615384615384616
0 0.32211538461538464 0.23197115384615385 0.21514423076923078 0.22716346153846154
0 0.08653846153846154 0.20552884615384615 0.17307692307692307 0.2800480769230769
0 0.5360576923076923 0.22956730769230768 0.23076923076923078 0.23317307692307693
0 0.30288461538461536 0.055288461538461536 0.3004807692307692 0.109375
0 0.09014423076923077 0.03485576923076923 0.18028846153846154 0.06971153846153846
0 0.8257211538461539 0.04927884615384615 0.22355769230769232 0.0985576923076923
0 0.6862980769230769 0.03125 0.06850961538461539 0.0625
0 0.9591346153846154 0.03125 0.08173076923076923 0.0625
0 0.71875 0.14302884615384615 0.13341346153846154 0.20432692307692307
0 0.9783653846153846 0.14903846153846154 0.04326923076923077 0.20192307692307693
0 0.890625 0.1814903846153846 0.18629807692307693 0.27524038461538464
0 0.0625 0.5757211538461539 0.125 0.23317307692307693
0 0.5012019230769231 0.5925480769230769 0.2956730769230769 0.22716346153846154
0 0.23317307692307693 0.6947115384615384 0.30649038461538464 0.23317307692307693
0 0.054086538461538464 0.796875 0.10697115384615384 0.21153846153846154
0 0.47475961538461536 0.8149038461538461 0.28846153846153844 0.2091346153846154
0 0.2127403846153846 0.9038461538461539 0.29086538461538464 0.19230769230769232
0 0.056490384615384616 0.953125 0.11298076923076923 0.09375
0 0.47716346153846156 0.9615384615384616 0.27524038461538464 0.07572115384615384
0 0.04567307692307692 0.39783653846153844 0.09134615384615384 0.1045673076923077
0 0.5048076923076923 0.41225961538461536 0.2932692307692308 0.13341346153846154
0 0.234375 0.46033653846153844 0.3269230769230769 0.23076923076923078
0 0.8713942307692307 0.43149038461538464 0.08653846153846154 0.17307692307692307
0 0.6935096153846154 0.43149038461538464 0.08413461538461539 0.16706730769230768
0 0.9579326923076923 0.43028846153846156 0.08413461538461539 0.17067307692307693
0 0.78125 0.4326923076923077 0.08413461538461539 0.16706730769230768
0 0.7355769230769231 0.5625 0.08173076923076923 0.16466346153846154
0 0.9747596153846154 0.5637019230769231 0.04927884615384615 0.15504807692307693
0 0.8233173076923077 0.5649038461538461 0.08413461538461539 0.1622596153846154
0 0.9098557692307693 0.5673076923076923 0.08653846153846154 0.16466346153846154
0 0.671875 0.5673076923076923 0.039663461538461536 0.16466346153846154
0 0.6935096153846154 0.7007211538461539 0.08413461538461539 0.17067307692307693
0 0.8689903846153846 0.7019230769230769 0.08413461538461539 0.16706730769230768
0 0.9579326923076923 0.7055288461538461 0.08413461538461539 0.17067307692307693
0 0.7836538461538461 0.7055288461538461 0.0889423076923077 0.17067307692307693
0 0.9759615384615384 0.3641826923076923 0.046875 0.036057692307692304
0 0.9086538461538461 0.3629807692307692 0.08413461538461539 0.03365384615384615
0 0.8233173076923077 0.3641826923076923 0.08653846153846154 0.036057692307692304
0 0.7379807692307693 0.3629807692307692 0.08413461538461539 0.03365384615384615