0 0.3269230769230769 0.24759615384615385 0.08653846153846154 0.3425480769230769
0 0.16706730769230768 0.31971153846153844 0.20793269230769232 0.3076923076923077
0 0.03245192307692308 0.34615384615384615 0.06490384615384616 0.375
0 0.12139423076923077 0.6262019230769231 0.24278846153846154 0.27163461538461536
0 0.12860576923076922 0.0889423076923077 0.25600961538461536 0.1778846153846154
0 0.49399038461538464 0.30288461538461536 0.1622596153846154 0.22355769230769232
0 0.33653846153846156 0.7932692307692307 0.052884615384615384 0.06370192307692307
0 0.2824519230769231 0.7932692307692307 0.052884615384615384 0.06370192307692307
0 0.2283653846153846 0.7944711538461539 0.055288461538461536 0.06610576923076923
0 0.17668269230769232 0.7944711538461539 0.052884615384615384 0.06610576923076923
0 0.12620192307692307 0.7944711538461539 0.052884615384615384 0.06610576923076923
0 0.07211538461538461 0.7944711538461539 0.052884615384615384 0.06610576923076923
0 0.02283653846153846 0.7944711538461539 0.04567307692307692 0.06610576923076923
0 0.3088942307692308 0.8485576923076923 0.052884615384615384 0.0733173076923077
0 0.35096153846153844 0.8473557692307693 0.038461538461538464 0.07091346153846154
0 0.0985576923076923 0.8485576923076923 0.052884615384615384 0.06850961538461539
0 0.04807692307692308 0.8485576923076923 0.052884615384615384 0.07091346153846154
0 0.01201923076923077 0.8473557692307693 0.02283653846153846 0.07091346153846154
0 0.15144230769230768 0.8497596153846154 0.052884615384615384 0.0733173076923077
0 0.25600961538461536 0.8497596153846154 0.052884615384615384 0.07091346153846154
0 0.203125 0.8497596153846154 0.052884615384615384 0.0733173076923077
0 0.12620192307692307 0.90625 0.052884615384615384 0.07091346153846154
0 0.02403846153846154 0.90625 0.04807692307692308 0.07091346153846154
0 0.07451923076923077 0.90625 0.05048076923076923 0.07091346153846154
0 0.33413461538461536 0.90625 0.052884615384615384 0.07091346153846154
0 0.28125 0.9074519230769231 0.052884615384615384 0.06850961538461539
0 0.22956730769230768 0.9074519230769231 0.052884615384615384 0.06850961538461539
0 0.3641826923076923 0.90625 0.013221153846153846 0.07091346153846154
0 0.1778846153846154 0.9074519230769231 0.052884615384615384 0.07091346153846154
0 0.01201923076923077 0.9603365384615384 0.02283653846153846 0.06850961538461539
0 0.04927884615384615 0.9615384615384616 0.052884615384615384 0.06850961538461539
0 0.09975961538461539 0.9615384615384616 0.05048076923076923 0.06850961538461539
0 0.15144230769230768 0.9627403846153846 0.052884615384615384 0.06850961538461539
0 0.30528846153846156 0.9627403846153846 0.05048076923076923 0.07091346153846154
0 0.2536057692307692 0.9639423076923077 0.052884615384615384 0.07091346153846154
0 0.203125 0.9639423076923077 0.052884615384615384 0.06850961538461539
0 0.34975961538461536 0.9627403846153846 0.040865384615384616 0.06850961538461539
0 0.02403846153846154 0.9903846153846154 0.04807692307692308 0.019230769230769232
0 0.0733173076923077 0.9903846153846154 0.05048076923076923 0.019230769230769232
0 0.17427884615384615 0.9915865384615384 0.05048076923076923 0.016826923076923076
0 0.12379807692307693 0.9903846153846154 0.05048076923076923 0.019230769230769232
0 0.33052884615384615 0.9915865384615384 0.05048076923076923 0.016826923076923076
0 0.36177884615384615 0.9927884615384616 0.016826923076923076 0.014423076923076924
0 0.2776442307692308 0.9927884615384616 0.05048076923076923 0.014423076923076924
0 0.22596153846153846 0.9927884615384616 0.052884615384615384 0.014423076923076924