0 0.28365384615384615 0.15144230769230768 0.234375 0.30288461538461536
0 0.08173076923076923 0.1346153846153846 0.16346153846153846 0.2692307692307692
0 0.47716346153846156 0.12740384615384615 0.16947115384615385 0.2536057692307692
0 0.5949519230769231 0.10697115384615384 0.06490384615384616 0.21394230769230768
0 0.8233173076923077 0.3088942307692308 0.14423076923076922 0.2439903846153846
0 0.6057692307692307 0.2403846153846154 0.08653846153846154 0.14182692307692307
0 0.7848557692307693 0.171875 0.1045673076923077 0.13221153846153846
0 0.8028846153846154 0.042067307692307696 0.12980769230769232 0.08413461538461539
0 0.9747596153846154 0.08533653846153846 0.04567307692307692 0.17067307692307693
0 0.9651442307692307 0.24759615384615385 0.06971153846153846 0.13701923076923078
0 0.9795673076923077 0.3581730769230769 0.039663461538461536 0.15865384615384615
0 0.5504807692307693 0.984375 0.019230769230769232 0.03125
0 0.5336538461538461 0.984375 0.019230769230769232 0.03125
0 0.5144230769230769 0.9831730769230769 0.02403846153846154 0.03365384615384615
0 0.3401442307692308 0.9807692307692307 0.027644230769230768 0.037259615384615384
0 0.4951923076923077 0.9831730769230769 0.02403846153846154 0.03365384615384615
0 0.47475961538461536 0.9819711538461539 0.021634615384615384 0.036057692307692304
0 0.3641826923076923 0.9807692307692307 0.02283653846153846 0.037259615384615384
0 0.40865384615384615 0.9819711538461539 0.02403846153846154 0.036057692307692304
0 0.2848557692307692 0.9807692307692307 0.027644230769230768 0.037259615384615384
0 0.4326923076923077 0.9819711538461539 0.02403846153846154 0.036057692307692304
0 0.3125 0.9807692307692307 0.027644230769230768 0.037259615384615384
0 0.25600961538461536 0.9807692307692307 0.030048076923076924 0.037259615384615384
0 0.22956730769230768 0.9807692307692307 0.027644230769230768 0.037259615384615384
0 0.4543269230769231 0.9807692307692307 0.02283653846153846 0.037259615384615384
0 0.38822115384615385 0.9807692307692307 0.025240384615384616 0.037259615384615384
0 0.008413461538461538 0.9771634615384616 0.016826923076923076 0.04447115384615385
0 0.20192307692307693 0.9795673076923077 0.030048076923076924 0.039663461538461536
0 0.07211538461538461 0.9783653846153846 0.03485576923076923 0.042067307692307696
0 0.038461538461538464 0.9771634615384616 0.037259615384615384 0.04447115384615385
0 0.13822115384615385 0.9771634615384616 0.03245192307692308 0.04447115384615385
0 0.17307692307692307 0.9771634615384616 0.03245192307692308 0.04447115384615385
0 0.10697115384615384 0.9771634615384616 0.03485576923076923 0.04447115384615385
0 0.5600961538461539 0.8942307692307693 0.004807692307692308 0.0625
0 0.5492788461538461 0.8942307692307693 0.016826923076923076 0.0625
0 0.5324519230769231 0.8930288461538461 0.016826923076923076 0.057692307692307696
0 0.5144230769230769 0.890625 0.02283653846153846 0.057692307692307696
0 0.49158653846153844 0.8858173076923077 0.020432692307692308 0.06009615384615385
0 0.4699519230769231 0.8858173076923077 0.020432692307692308 0.06009615384615385
0 0.45072115384615385 0.8822115384615384 0.02283653846153846 0.06009615384615385
0 0.4266826923076923 0.8798076923076923 0.02283653846153846 0.0625
0 0.40384615384615385 0.8774038461538461 0.02283653846153846 0.0625
0 0.38100961538461536 0.8762019230769231 0.027644230769230768 0.0625
0 0.3545673076923077 0.8725961538461539 0.025240384615384616 0.0625
0 0.33052884615384615 0.8713942307692307 0.027644230769230768 0.0625
0 0.30528846153846156 0.8689903846153846 0.025240384615384616 0.0673076923076923
0 0.27884615384615385 0.8665865384615384 0.027644230769230768 0.0673076923076923
0 0.2512019230769231 0.8641826923076923 0.027644230769230768 0.06971153846153846
0 0.22355769230769232 0.8605769230769231 0.030048076923076924 0.0673076923076923
0 0.19230769230769232 0.859375 0.030048076923076924 0.06971153846153846
0 0.16346153846153846 0.8581730769230769 0.030048076923076924 0.07211538461538461
0 0.1310096153846154 0.8533653846153846 0.030048076923076924 0.07211538461538461
0 0.09975961538461539 0.8521634615384616 0.03245192307692308 0.07451923076923077
0 0.06490384615384616 0.8485576923076923 0.037259615384615384 0.07692307692307693
0 0.027644230769230768 0.8473557692307693 0.037259615384615384 0.07692307692307693
0 0.003605769230769231 0.8413461538461539 0.007211538461538462 0.07932692307692307
0 0.5384615384615384 0.7896634615384616 0.020432692307692308 0.051682692307692304
0 0.5204326923076923 0.7860576923076923 0.016826923076923076 0.055288461538461536
0 0.5036057692307693 0.78125 0.016826923076923076 0.057692307692307696
0 0.4855769230769231 0.7776442307692307 0.020432692307692308 0.057692307692307696
0 0.4651442307692308 0.7752403846153846 0.020432692307692308 0.0625
0 0.44350961538461536 0.7692307692307693 0.02283653846153846 0.057692307692307696
0 0.421875 0.7644230769230769 0.02283653846153846 0.06009615384615385
0 0.40024038461538464 0.7620192307692307 0.02283653846153846 0.06009615384615385
0 0.3786057692307692 0.7584134615384616 0.02283653846153846 0.06009615384615385
0 0.3545673076923077 0.7536057692307693 0.025240384615384616 0.06490384615384616
0 0.328125 0.75 0.027644230769230768 0.0625
0 0.3004807692307692 0.7463942307692307 0.025240384615384616 0.06490384615384616
0 0.27524038461538464 0.7415865384615384 0.027644230769230768 0.0673076923076923
0 0.24759615384615385 0.7355769230769231 0.027644230769230768 0.06971153846153846
0 0.21995192307692307 0.7307692307692307 0.030048076923076924 0.06971153846153846
0 0.19110576923076922 0.7283653846153846 0.027644230769230768 0.0673076923076923
0 0.1622596153846154 0.7211538461538461 0.030048076923076924 0.07211538461538461
0 0.1310096153846154 0.7163461538461539 0.03245192307692308 0.07451923076923077
0 0.09735576923076923 0.7127403846153846 0.03245192307692308 0.07211538461538461
0 0.06370192307692307 0.7067307692307693 0.03245192307692308 0.07451923076923077
0 0.028846153846153848 0.6995192307692307 0.037259615384615384 0.07692307692307693
0 0.004807692307692308 0.6911057692307693 0.009615384615384616 0.07932692307692307
0 0.5564903846153846 0.6850961538461539 0.01201923076923077 0.057692307692307696
0 0.5396634615384616 0.6802884615384616 0.016826923076923076 0.055288461538461536
0 0.5216346153846154 0.6766826923076923 0.016826923076923076 0.057692307692307696
0 0.5024038461538461 0.671875 0.020432692307692308 0.057692307692307696
0 0.4831730769230769 0.6670673076923077 0.020432692307692308 0.057692307692307696
0 0.46274038461538464 0.6598557692307693 0.020432692307692308 0.06009615384615385
0 0.4411057692307692 0.6538461538461539 0.02283653846153846 0.06009615384615385
0 0.4206730769230769 0.6490384615384616 0.02283653846153846 0.06009615384615385
0 0.39783653846153844 0.6442307692307693 0.02283653846153846 0.0625
0 0.3737980769230769 0.6394230769230769 0.025240384615384616 0.0625
0 0.35096153846153844 0.6346153846153846 0.025240384615384616 0.0625
0 0.32572115384615385 0.6286057692307693 0.027644230769230768 0.0625
0 0.2980769230769231 0.6213942307692307 0.025240384615384616 0.0673076923076923
0 0.27283653846153844 0.6153846153846154 0.027644230769230768 0.06490384615384616
0 0.2439903846153846 0.609375 0.030048076923076924 0.0673076923076923
0 0.21514423076923078 0.6009615384615384 0.030048076923076924 0.0673076923076923
0 0.18509615384615385 0.5961538461538461 0.030048076923076924 0.0673076923076923
0 0.15504807692307693 0.5865384615384616 0.03245192307692308 0.06971153846153846
0 0.12259615384615384 0.5793269230769231 0.03245192307692308 0.07211538461538461
0 0.09014423076923077 0.5697115384615384 0.03485576923076923 0.07211538461538461
0 0.057692307692307696 0.5625 0.03485576923076923 0.07692307692307693
0 0.021634615384615384 0.5504807692307693 0.037259615384615384 0.07692307692307693
0 0.9747596153846154 0.8149038461538461 0.04927884615384615 0.13221153846153846
0 0.8629807692307693 0.8149038461538461 0.18389423076923078 0.13221153846153846
0 0.6790865384615384 0.8125 0.19110576923076922 0.13701923076923078
0 0.9519230769230769 0.6862980769230769 0.09615384615384616 0.13701923076923078
0 0.8161057692307693 0.6875 0.18870192307692307 0.13701923076923078
0 0.6418269230769231 0.6850961538461539 0.15865384615384615 0.13701923076923078
0 0.9795673076923077 0.5564903846153846 0.039663461538461536 0.1466346153846154
0 0.8617788461538461 0.5516826923076923 0.1971153846153846 0.14903846153846154
0 0.6694711538461539 0.5432692307692307 0.1971153846153846 0.14903846153846154
0 0.8209134615384616 0.9362980769230769 0.17908653846153846 0.12740384615384615
0 0.953125 0.9362980769230769 0.09375 0.12740384615384615
0 0.6466346153846154 0.9350961538461539 0.16947115384615385 0.12980769230769232