0 0.6911057692307693 0.4879807692307692 0.08413461538461539 0.04927884615384615
0 0.33774038461538464 0.49399038461538464 0.09134615384615384 0.037259615384615384
0 0.5408653846153846 0.4723557692307692 0.13581730769230768 0.07932692307692307
0 0.18990384615384615 0.4567307692307692 0.07692307692307693 0.109375
0 0.007211538461538462 0.421875 0.014423076923076924 0.10697115384615384
0 0.3918269230769231 0.375 0.13581730769230768 0.18028846153846154
0 0.22596153846153846 0.33774038461538464 0.12139423076923077 0.15865384615384615
0 0.34134615384615385 0.3161057692307692 0.10096153846153846 0.12860576923076922
0 0.019230769230769232 0.2848557692307692 0.038461538461538464 0.13701923076923078
0 0.6298076923076923 0.203125 0.1778846153846154 0.19831730769230768
0 0.17067307692307693 0.18509615384615385 0.10697115384615384 0.140625
0 0.4639423076923077 0.125 0.16105769230769232 0.19110576923076922
0 0.2608173076923077 0.09615384615384616 0.10336538461538461 0.1310096153846154
0 0.037259615384615384 0.09375 0.07451923076923077 0.15865384615384615
0 0.5012019230769231 0.03485576923076923 0.12620192307692307 0.06971153846153846
0 0.6490384615384616 0.036057692307692304 0.16826923076923078 0.07211538461538461
0 0.3581730769230769 0.030048076923076924 0.1466346153846154 0.05889423076923077
0 0.19591346153846154 0.014423076923076924 0.10336538461538461 0.028846153846153848
0 0.7139423076923077 0.15384615384615385 0.037259615384615384 0.16346153846153846
0 0.8665865384615384 0.44591346153846156 0.2668269230769231 0.13341346153846154
0 0.9387019230769231 0.3088942307692308 0.12259615384615384 0.20432692307692307
0 0.8052884615384616 0.30408653846153844 0.1466346153846154 0.2127403846153846
0 0.8665865384615384 0.12860576923076922 0.2668269230769231 0.203125
0 0.9519230769230769 0.03245192307692308 0.09615384615384616 0.06490384615384616
0 0.7980769230769231 0.028846153846153848 0.1310096153846154 0.056490384615384616
0 0.35096153846153844 0.9615384615384616 0.23317307692307693 0.07692307692307693
0 0.5817307692307693 0.9603365384615384 0.22716346153846154 0.07932692307692307
0 0.11899038461538461 0.9615384615384616 0.23317307692307693 0.07692307692307693
0 0.057692307692307696 0.796875 0.11538461538461539 0.34375
0 0.6598557692307693 0.7980769230769231 0.1466346153846154 0.35336538461538464
0 0.23197115384615385 0.7980769230769231 0.23557692307692307 0.34375
0 0.4639423076923077 0.796875 0.23557692307692307 0.35096153846153844
0 0.34375 0.5901442307692307 0.24278846153846154 0.15625
0 0.5889423076923077 0.5901442307692307 0.25240384615384615 0.15625
0 0.11298076923076923 0.5901442307692307 0.2247596153846154 0.15625
0 0.8413461538461539 0.8774038461538461 0.21754807692307693 0.24519230769230768
0 0.8257211538461539 0.640625 0.17548076923076922 0.25721153846153844