0 0.1201923076923077 0.08173076923076923 0.11778846153846154 0.16346153846153846
0 0.3173076923076923 0.0829326923076923 0.06850961538461539 0.1658653846153846
0 0.03485576923076923 0.08653846153846154 0.06850961538461539 0.12740384615384615
0 0.22235576923076922 0.09735576923076923 0.09735576923076923 0.1346153846153846
0 0.039663461538461536 0.22596153846153846 0.07932692307692307 0.17067307692307693
0 0.12139423076923077 0.24278846153846154 0.09495192307692307 0.14543269230769232
0 0.31490384615384615 0.24759615384615385 0.07451923076923077 0.14302884615384615
0 0.03365384615384615 0.38221153846153844 0.06610576923076923 0.14302884615384615
0 0.12379807692307693 0.3918269230769231 0.12259615384615384 0.17307692307692307
0 0.22596153846153846 0.40024038461538464 0.09735576923076923 0.14783653846153846
0 0.31850961538461536 0.4074519230769231 0.06610576923076923 0.17548076923076922
0 0.037259615384615384 0.49399038461538464 0.07451923076923077 0.07932692307692307
0 0.12259615384615384 0.5048076923076923 0.09735576923076923 0.056490384615384616
0 0.31850961538461536 0.5096153846153846 0.06610576923076923 0.04567307692307692
0 0.23798076923076922 0.5060096153846154 0.1201923076923077 0.054086538461538464
0 0.22716346153846154 0.003605769230769231 0.11778846153846154 0.007211538461538462
0 0.3112980769230769 0.008413461538461538 0.07932692307692307 0.016826923076923076
0 0.6923076923076923 0.039663461538461536 0.140625 0.07932692307692307
0 0.5540865384615384 0.037259615384615384 0.12740384615384615 0.07451923076923077
0 0.41225961538461536 0.04326923076923077 0.1201923076923077 0.08653846153846154
0 0.4855769230769231 0.13221153846153846 0.11538461538461539 0.14783653846153846
0 0.6189903846153846 0.14423076923076922 0.13822115384615385 0.17908653846153846
0 0.7572115384615384 0.14543269230769232 0.12980769230769232 0.15865384615384615
0 0.4074519230769231 0.2776442307692308 0.109375 0.17908653846153846
0 0.6887019230769231 0.28725961538461536 0.12259615384615384 0.1502403846153846
0 0.8209134615384616 0.28846153846153844 0.125 0.15264423076923078
0 0.5432692307692307 0.296875 0.125 0.15264423076923078
0 0.8557692307692307 0.5564903846153846 0.09495192307692307 0.04567307692307692
0 0.6225961538461539 0.5685096153846154 0.09134615384615384 0.07091346153846154
0 0.47115384615384615 0.5793269230769231 0.09975961538461539 0.09134615384615384
0 0.7512019230769231 0.5973557692307693 0.09495192307692307 0.12740384615384615
0 0.9230769230769231 0.609375 0.09735576923076923 0.15264423076923078
0 0.42427884615384615 0.6454326923076923 0.09134615384615384 0.15865384615384615
0 0.6646634615384616 0.6526442307692307 0.09495192307692307 0.15865384615384615
0 0.8425480769230769 0.6971153846153846 0.10216346153846154 0.15865384615384615
0 0.578125 0.7067307692307693 0.09134615384615384 0.15504807692307693
0 0.96875 0.7235576923076923 0.0625 0.15865384615384615
0 0.7487980769230769 0.7403846153846154 0.09134615384615384 0.15264423076923078
0 0.48677884615384615 0.7704326923076923 0.09735576923076923 0.15865384615384615
0 0.3942307692307692 0.7932692307692307 0.08413461538461539 0.15264423076923078
0 0.6574519230769231 0.8100961538461539 0.09735576923076923 0.1502403846153846
0 0.9086538461538461 0.8137019230769231 0.09975961538461539 0.16346153846153846
0 0.45072115384615385 0.9050480769230769 0.06370192307692307 0.1346153846153846
0 0.5168269230769231 0.9110576923076923 0.09495192307692307 0.16105769230769232
0 0.8413461538461539 0.9134615384615384 0.09134615384615384 0.15504807692307693
0 0.9543269230769231 0.9194711538461539 0.0889423076923077 0.13822115384615385
0 0.7055288461538461 0.921875 0.09975961538461539 0.15504807692307693