0 0.5384615384615384 0.3088942307692308 0.046875 0.15384615384615385
0 0.3858173076923077 0.3112980769230769 0.07932692307692307 0.16105769230769232
0 0.4855769230769231 0.3161057692307692 0.07451923076923077 0.15865384615384615
0 0.4098557692307692 0.11057692307692307 0.07692307692307693 0.1658653846153846
0 0.4879807692307692 0.11658653846153846 0.07451923076923077 0.1658653846153846
0 0.5432692307692307 0.11899038461538461 0.037259615384615384 0.15865384615384615
0 0.7379807692307693 0.015625 0.09615384615384616 0.03125
0 0.984375 0.04326923076923077 0.03125 0.08653846153846154
0 0.9158653846153846 0.16947115384615385 0.08653846153846154 0.20072115384615385
0 0.7463942307692307 0.17427884615384615 0.10697115384615384 0.21514423076923078
0 0.5949519230769231 0.17548076923076922 0.0673076923076923 0.203125
0 0.8473557692307693 0.30649038461538464 0.08413461538461539 0.11658653846153846
0 0.9675480769230769 0.33774038461538464 0.06490384615384616 0.1466346153846154
0 0.6274038461538461 0.35216346153846156 0.12139423076923077 0.11658653846153846
0 0.234375 0.8473557692307693 0.11899038461538461 0.18269230769230768
0 0.025240384615384616 0.8485576923076923 0.04927884615384615 0.1778846153846154
0 0.10697115384615384 0.8509615384615384 0.1141826923076923 0.18509615384615385
0 0.17307692307692307 0.9579326923076923 0.11899038461538461 0.08413461538461539
0 0.056490384615384616 0.9603365384615384 0.11298076923076923 0.07932692307692307
0 1 0.8921156442307693 0.7646507860576922 0.7498685240384616 0.7159486201923078 0.7557200216346154 0.6985549903846154 0.8347152572115385 0.717687985576923 0.9371164927884615 0.7698688822115384 0.9195619975961539 0.9753477283653846 1 1 1 1 0.8921156442307693
0 0.9324165144230769 1 0.7611720625 0.9371164927884615 0.7107305336538462 0.9283392451923077 0.6533315504807693 0.9400422403846154 0.6473907187500001 1 0.9324165144230769 1
0 1 0.8086888990384615 0.7020337163461539 0.6035810480769231 0.6550709134615385 0.6620960360576924 0.6637677283653846 0.7557200216346154 0.6968156274038461 0.7557200216346154 0.7211667115384616 0.7206110264423077 1 0.8764515913461538 1 0.8086888990384615
0 0.6538461538461539 0.5372596153846154 0.0985576923076923 0.18870192307692307
0 0.5889423076923077 0.5588942307692307 0.054086538461538464 0.18269230769230768
0 0.6428953701923077 0.69720503125 0.6411560096153845 0.6386900432692308 0.6237623774038461 0.6299127956730769 0.5976719278846153 0.6299127956730769 0.5767995745192308 0.6503930384615385 0.5663633942307692 0.7235367740384615 0.5872357500000001 0.7615715216346154 0.6063687427884615 0.7849775144230768 0.6255017403846155 0.7557200216346154 0.6428953701923077 0.7352397716346153 0.6428953701923077 0.69720503125
0 0.6829007235576923 0.8727500024038461 0.681161358173077 0.8259380096153847 0.674203908653846 0.7908290192307692 0.6498528245192308 0.7791260168269231 0.6307198293269232 0.7849775144230768 0.6150655625 0.8230122596153847 0.6150655625 0.8961559975961539 0.6324591899038462 0.9137104975961539 0.6550709134615385 0.9137104975961539 0.6724645456730769 0.9078590000000001 0.6829007235576923 0.8727500024038461
0 0.5976719278846153 0.884453 0.5889751129807692 0.7996062668269232 0.5618811874999999 0.7948916971153845 0.5618811874999999 0.9316025817307693 0.5802783004807692 0.9254134951923076 0.5976719278846153 0.884453
0 0.6411560096153845 1 0.6411560096153845 0.9927057331730769 0.6411560096153845 0.9575967427884616 0.6202836514423077 0.9371164927884615 0.5907144783653846 0.9429679903846153 0.5663633942307692 0.9751512379807692 0.5643489423076923 1 0.6411560096153845 1