0 0.4987980769230769 0.18990384615384615 0.09615384615384616 0.18990384615384615
0 0.5973557692307693 0.20072115384615385 0.07211538461538461 0.1875
0 0.46274038461538464 0.35216346153846156 0.11177884615384616 0.20552884615384615
0 0.5661057692307693 0.37259615384615385 0.09134615384615384 0.19230769230769232
0 0.6069711538461539 0.5432692307692307 0.052884615384615384 0.1875
0 0.5084134615384616 0.5444711538461539 0.09615384615384616 0.18990384615384615
0 0.45072115384615385 0.04447115384615385 0.11538461538461539 0.08774038461538461
0 0.5637019230769231 0.06009615384615385 0.09134615384615384 0.1201923076923077
0 0.6213942307692307 0.06850961538461539 0.02403846153846154 0.13581730769230768
0 0.703125 0.31971153846153844 0.13942307692307693 0.21634615384615385
0 0.8569711538461539 0.3762019230769231 0.15504807692307693 0.2091346153846154
0 0.9603365384615384 0.3954326923076923 0.07932692307692307 0.2091346153846154
0 0.10216346153846154 0.9170673076923077 0.203125 0.1658653846153846
0 0.4254807692307692 0.9435096153846154 0.4170673076923077 0.11177884615384616
0 0.7355769230769231 0.9399038461538461 0.203125 0.1201923076923077
0 0.9182692307692307 0.9435096153846154 0.16346153846153846 0.11177884615384616