0 0.056490384615384616 0.40024038461538464 0.07211538461538461 0.10576923076923077
0 0.09375 0.484375 0.0625 0.0889423076923077
0 0.028846153846153848 0.484375 0.057692307692307696 0.0889423076923077
0 0.22355769230769232 0.48197115384615385 0.0673076923076923 0.09375
0 0.15865384615384615 0.484375 0.0625 0.0889423076923077
0 0.26802884615384615 0.4879807692307692 0.021634615384615384 0.08173076923076923
0 0.7127403846153846 0.10096153846153846 0.14182692307692307 0.1466346153846154
0 0.9146634615384616 0.021634615384615384 0.07932692307692307 0.04326923076923077
0 0.9627403846153846 0.036057692307692304 0.06490384615384616 0.07211538461538461
0 0.8509615384615384 0.21634615384615385 0.08653846153846154 0.125
0 0.9543269230769231 0.2283653846153846 0.08653846153846154 0.125
0 0.7752403846153846 0.34615384615384615 0.14182692307692307 0.1466346153846154
0 0.6466346153846154 0.34615384615384615 0.125 0.1346153846153846
0 0.5456730769230769 0.3449519230769231 0.10096153846153846 0.125
0 0.4543269230769231 0.33533653846153844 0.09134615384615384 0.11538461538461539
0 0.390625 0.3329326923076923 0.09375 0.11778846153846154
0 0.32091346153846156 0.3317307692307692 0.07451923076923077 0.10096153846153846
0 0.2920673076923077 0.32572115384615385 0.026442307692307692 0.09375
0 0.8509615384615384 0.46274038461538464 0.08653846153846154 0.13221153846153846
0 0.9302884615384616 0.45913461538461536 0.0673076923076923 0.1201923076923077
0 0.9759615384615384 0.4495192307692308 0.04807692307692308 0.11057692307692307
0 0.6742788461538461 0.5144230769230769 0.12259615384615384 0.028846153846153848
0 0.5588942307692307 0.5072115384615384 0.10817307692307693 0.04326923076923077
0 0.46033653846153844 0.5 0.0985576923076923 0.057692307692307696
0 0.3858173076923077 0.4987980769230769 0.07932692307692307 0.06009615384615385
0 0.31490384615384615 0.49038461538461536 0.07211538461538461 0.07692307692307693
0 0.39903846153846156 0.140625 0.08413461538461539 0.12259615384615384
0 0.328125 0.15144230769230768 0.06009615384615385 0.11057692307692307
0 0.28966346153846156 0.15865384615384615 0.021634615384615384 0.10096153846153846
0 0.5829326923076923 0.11778846153846154 0.11538461538461539 0.14423076923076922
0 0.48197115384615385 0.12980769230769232 0.09615384615384616 0.12259615384615384
0 0.06490384615384616 0.6598557692307693 0.09615384615384616 0.15384615384615385
0 0.23197115384615385 0.7235576923076923 0.0889423076923077 0.13942307692307693
0 0.14302884615384615 0.7548076923076923 0.07692307692307693 0.11778846153846154
0 0.25841346153846156 0.8485576923076923 0.040865384615384616 0.10576923076923077
0 0.06850961538461539 0.8822115384615384 0.07451923076923077 0.10336538461538461
0 0.0829326923076923 0.9735576923076923 0.09375 0.052884615384615384
0 0.26322115384615385 0.5829326923076923 0.03125 0.10817307692307693
0 0.18509615384615385 0.5985576923076923 0.08173076923076923 0.12740384615384615
0 0.026442307692307692 0.9699519230769231 0.052884615384615384 0.06009615384615385
0 0.8533653846153846 0.5829326923076923 0.11057692307692307 0.10817307692307693
0 0.6730769230769231 0.7151442307692307 0.12740384615384615 0.21634615384615385
0 0.8149038461538461 0.7151442307692307 0.11538461538461539 0.20432692307692307
0 0.9699519230769231 0.71875 0.06009615384615385 0.21634615384615385
0 0.5733173076923077 0.8834134615384616 0.1201923076923077 0.19471153846153846
0 0.8689903846153846 0.8882211538461539 0.10817307692307693 0.19471153846153846
0 0.7512019230769231 0.8978365384615384 0.12259615384615384 0.20432692307692307