0 0.10817307692307693 0.12620192307692307 0.21634615384615385 0.21634615384615385
0 0.31850961538461536 0.22235576923076922 0.2692307692307692 0.22115384615384615
0 0.11778846153846154 0.33533653846153844 0.23557692307692307 0.19951923076923078
0 0.3317307692307692 0.4170673076923077 0.24158653846153846 0.171875
0 0.11298076923076923 0.47115384615384615 0.22596153846153846 0.0625
0 0.3125 0.055288461538461536 0.28125 0.109375
0 0.9435096153846154 0.003605769230769231 0.03245192307692308 0.007211538461538462
0 0.9122596153846154 0.003605769230769231 0.03245192307692308 0.007211538461538462
0 0.8810096153846154 0.004807692307692308 0.03485576923076923 0.009615384615384616
0 0.8497596153846154 0.006009615384615385 0.03245192307692308 0.01201923076923077
0 0.8173076923076923 0.006009615384615385 0.03245192307692308 0.01201923076923077
0 0.7872596153846154 0.006009615384615385 0.03245192307692308 0.01201923076923077
0 0.7548076923076923 0.007211538461538462 0.03245192307692308 0.014423076923076924
0 0.7223557692307693 0.007211538461538462 0.03245192307692308 0.014423076923076924
0 0.6899038461538461 0.007211538461538462 0.03245192307692308 0.014423076923076924
0 0.6586538461538461 0.008413461538461538 0.03485576923076923 0.016826923076923076
0 0.6274038461538461 0.009615384615384616 0.03365384615384615 0.019230769230769232
0 0.5949519230769231 0.009615384615384616 0.03125 0.019230769230769232
0 0.5612980769230769 0.010817307692307692 0.036057692307692304 0.021634615384615384
0 0.5288461538461539 0.010817307692307692 0.03365384615384615 0.021634615384615384
0 0.4963942307692308 0.010817307692307692 0.036057692307692304 0.021634615384615384
0 0.46634615384615385 0.010817307692307692 0.028846153846153848 0.021634615384615384
0 0.9855769230769231 0.019230769230769232 0.028846153846153848 0.038461538461538464
0 0.9579326923076923 0.021634615384615384 0.030048076923076924 0.042067307692307696
0 0.9278846153846154 0.02283653846153846 0.03245192307692308 0.04447115384615385
0 0.8966346153846154 0.02403846153846154 0.03245192307692308 0.04447115384615385
0 0.8653846153846154 0.025240384615384616 0.03245192307692308 0.042067307692307696
0 0.8329326923076923 0.026442307692307692 0.03245192307692308 0.04447115384615385
0 0.8016826923076923 0.027644230769230768 0.03485576923076923 0.04447115384615385
0 0.7716346153846154 0.028846153846153848 0.03245192307692308 0.04447115384615385
0 0.7391826923076923 0.030048076923076924 0.03245192307692308 0.04447115384615385
0 0.7079326923076923 0.03125 0.03245192307692308 0.04447115384615385
0 0.6766826923076923 0.03245192307692308 0.03245192307692308 0.04447115384615385
0 0.6442307692307693 0.03245192307692308 0.03245192307692308 0.04447115384615385
0 0.6117788461538461 0.03365384615384615 0.03245192307692308 0.042067307692307696
0 0.5805288461538461 0.03485576923076923 0.03485576923076923 0.04447115384615385
0 0.5480769230769231 0.036057692307692304 0.03245192307692308 0.04447115384615385
0 0.515625 0.036057692307692304 0.03245192307692308 0.04447115384615385
0 0.484375 0.037259615384615384 0.03485576923076923 0.042067307692307696
0 0.45913461538461536 0.037259615384615384 0.01201923076923077 0.04447115384615385
0 0.9939903846153846 0.052884615384615384 0.01201923076923077 0.042067307692307696
0 0.9723557692307693 0.055288461538461536 0.03245192307692308 0.042067307692307696
0 0.9399038461538461 0.056490384615384616 0.03245192307692308 0.04447115384615385
0 0.9086538461538461 0.057692307692307696 0.03245192307692308 0.04447115384615385
0 0.8798076923076923 0.05889423076923077 0.03245192307692308 0.04447115384615385
0 0.8485576923076923 0.06009615384615385 0.03245192307692308 0.04447115384615385
0 0.8173076923076923 0.06129807692307692 0.03245192307692308 0.042067307692307696
0 0.7860576923076923 0.06370192307692307 0.03245192307692308 0.039663461538461536
0 0.7548076923076923 0.06490384615384616 0.03245192307692308 0.04447115384615385
0 0.7235576923076923 0.06610576923076923 0.03245192307692308 0.04447115384615385
0 0.6923076923076923 0.06610576923076923 0.03245192307692308 0.04447115384615385
0 0.6598557692307693 0.0673076923076923 0.03245192307692308 0.04447115384615385
0 0.6298076923076923 0.06850961538461539 0.03485576923076923 0.04447115384615385
0 0.5985576923076923 0.06971153846153846 0.03245192307692308 0.04447115384615385
0 0.5661057692307693 0.06971153846153846 0.03245192307692308 0.042067307692307696
0 0.5336538461538461 0.07091346153846154 0.03245192307692308 0.04447115384615385
0 0.5024038461538461 0.07211538461538461 0.03485576923076923 0.04447115384615385
0 0.46875 0.07211538461538461 0.03245192307692308 0.04447115384615385
0 0.984375 0.08653846153846154 0.03125 0.04326923076923077
0 0.9567307692307693 0.09014423076923077 0.030048076923076924 0.042067307692307696
0 0.9254807692307693 0.09134615384615384 0.03245192307692308 0.042067307692307696
0 0.8942307692307693 0.09375 0.030048076923076924 0.039663461538461536
0 0.8629807692307693 0.09375 0.03245192307692308 0.042067307692307696
0 0.8317307692307693 0.09615384615384616 0.03245192307692308 0.042067307692307696
0 0.8004807692307693 0.09735576923076923 0.03245192307692308 0.039663461538461536
0 0.7716346153846154 0.0985576923076923 0.03485576923076923 0.042067307692307696
0 0.7391826923076923 0.09975961538461539 0.03245192307692308 0.04447115384615385
0 0.7091346153846154 0.10096153846153846 0.03245192307692308 0.042067307692307696
0 0.6766826923076923 0.10096153846153846 0.03245192307692308 0.042067307692307696
0 0.6454326923076923 0.10216346153846154 0.03245192307692308 0.042067307692307696
0 0.6141826923076923 0.10336538461538461 0.03245192307692308 0.04447115384615385
0 0.5829326923076923 0.1045673076923077 0.03485576923076923 0.042067307692307696
0 0.5504807692307693 0.10576923076923077 0.03485576923076923 0.04447115384615385
0 0.5204326923076923 0.10576923076923077 0.03245192307692308 0.04447115384615385
0 0.4879807692307692 0.10697115384615384 0.03485576923076923 0.042067307692307696
0 0.46274038461538464 0.10817307692307693 0.020432692307692308 0.042067307692307696
0 0.9915865384615384 0.1201923076923077 0.016826923076923076 0.042067307692307696
0 0.9699519230769231 0.12259615384615384 0.03245192307692308 0.042067307692307696
0 0.9387019230769231 0.12379807692307693 0.03245192307692308 0.042067307692307696
0 0.9086538461538461 0.12620192307692307 0.03245192307692308 0.042067307692307696
0 0.8786057692307693 0.12740384615384615 0.030048076923076924 0.042067307692307696
0 0.8473557692307693 0.12860576923076922 0.03245192307692308 0.042067307692307696
0 0.8173076923076923 0.12980769230769232 0.030048076923076924 0.042067307692307696
0 0.7860576923076923 0.13221153846153846 0.03245192307692308 0.039663461538461536
0 0.7548076923076923 0.13341346153846154 0.03245192307692308 0.042067307692307696
0 0.7223557692307693 0.13341346153846154 0.03245192307692308 0.042067307692307696
0 0.6923076923076923 0.1346153846153846 0.03245192307692308 0.039663461538461536
0 0.6622596153846154 0.13581730769230768 0.03245192307692308 0.04447115384615385
0 0.6310096153846154 0.13701923076923078 0.03245192307692308 0.042067307692307696
0 0.5997596153846154 0.13822115384615385 0.03245192307692308 0.04447115384615385
0 0.5685096153846154 0.13942307692307693 0.03245192307692308 0.04447115384615385
0 0.5360576923076923 0.14182692307692307 0.03485576923076923 0.042067307692307696
0 0.4735576923076923 0.14182692307692307 0.03485576923076923 0.042067307692307696
0 0.5048076923076923 0.14302884615384615 0.03485576923076923 0.042067307692307696
0 0.9831730769230769 0.15625 0.030048076923076924 0.042067307692307696
0 0.953125 0.15625 0.030048076923076924 0.042067307692307696
0 0.9230769230769231 0.15865384615384615 0.030048076923076924 0.042067307692307696
0 0.8918269230769231 0.15865384615384615 0.030048076923076924 0.042067307692307696
0 0.8617788461538461 0.15985576923076922 0.030048076923076924 0.042067307692307696
0 0.8305288461538461 0.1622596153846154 0.03245192307692308 0.042067307692307696
0 0.8004807692307693 0.16466346153846154 0.03245192307692308 0.039663461538461536
0 0.7704326923076923 0.1658653846153846 0.03245192307692308 0.039663461538461536
0 0.7391826923076923 0.16706730769230768 0.03245192307692308 0.039663461538461536
0 0.7079326923076923 0.16826923076923078 0.03245192307692308 0.039663461538461536
0 0.6778846153846154 0.16947115384615385 0.03245192307692308 0.039663461538461536
0 0.6466346153846154 0.17067307692307693 0.03245192307692308 0.042067307692307696
0 0.6153846153846154 0.17067307692307693 0.03245192307692308 0.039663461538461536
0 0.5841346153846154 0.171875 0.03245192307692308 0.042067307692307696
0 0.5516826923076923 0.17427884615384615 0.03245192307692308 0.042067307692307696
0 0.5216346153846154 0.17427884615384615 0.03245192307692308 0.042067307692307696
0 0.49038461538461536 0.17548076923076922 0.03245192307692308 0.042067307692307696
0 0.4639423076923077 0.17548076923076922 0.02283653846153846 0.042067307692307696
0 0.9891826923076923 0.18629807692307693 0.021634615384615384 0.040865384615384616
0 0.9663461538461539 0.18990384615384615 0.03245192307692308 0.042067307692307696
0 0.9362980769230769 0.18990384615384615 0.03245192307692308 0.042067307692307696
0 0.9050480769230769 0.19110576923076922 0.03245192307692308 0.042067307692307696
0 0.8762019230769231 0.19230769230769232 0.03245192307692308 0.042067307692307696
0 0.8461538461538461 0.19471153846153846 0.03245192307692308 0.042067307692307696
0 0.8161057692307693 0.1971153846153846 0.03245192307692308 0.039663461538461536
0 0.7848557692307693 0.19831730769230768 0.03245192307692308 0.039663461538461536
0 0.7536057692307693 0.19951923076923078 0.03245192307692308 0.042067307692307696
0 0.7235576923076923 0.20072115384615385 0.03245192307692308 0.042067307692307696
0 0.6935096153846154 0.20192307692307693 0.03245192307692308 0.042067307692307696
0 0.6634615384615384 0.203125 0.03245192307692308 0.039663461538461536
0 0.6322115384615384 0.203125 0.03245192307692308 0.039663461538461536
0 0.6021634615384616 0.20552884615384615 0.03245192307692308 0.042067307692307696
0 0.5697115384615384 0.20552884615384615 0.03245192307692308 0.042067307692307696
0 0.5396634615384616 0.20673076923076922 0.03245192307692308 0.042067307692307696
0 0.5072115384615384 0.20793269230769232 0.03245192307692308 0.042067307692307696
0 0.47716346153846156 0.21033653846153846 0.03245192307692308 0.042067307692307696
0 0.4579326923076923 0.2091346153846154 0.009615384615384616 0.039663461538461536
0 0.9963942307692307 0.21754807692307693 0.007211538461538462 0.042067307692307696
0 0.9783653846153846 0.21995192307692307 0.030048076923076924 0.042067307692307696
0 0.9507211538461539 0.22115384615384615 0.030048076923076924 0.042067307692307696
0 0.8894230769230769 0.22355769230769232 0.030048076923076924 0.042067307692307696
0 0.9206730769230769 0.2247596153846154 0.030048076923076924 0.042067307692307696
0 0.859375 0.22596153846153846 0.030048076923076924 0.042067307692307696
0 0.8293269230769231 0.22716346153846154 0.030048076923076924 0.042067307692307696
0 0.7992788461538461 0.2283653846153846 0.03245192307692308 0.039663461538461536
0 0.7692307692307693 0.23076923076923078 0.03245192307692308 0.042067307692307696
0 0.7391826923076923 0.23317307692307693 0.03245192307692308 0.042067307692307696
0 0.7091346153846154 0.23557692307692307 0.03245192307692308 0.039663461538461536
0 0.6790865384615384 0.23557692307692307 0.03245192307692308 0.039663461538461536
0 0.6490384615384616 0.23677884615384615 0.03245192307692308 0.042067307692307696
0 0.6165865384615384 0.23677884615384615 0.03245192307692308 0.042067307692307696
0 0.5853365384615384 0.23798076923076922 0.03245192307692308 0.042067307692307696
0 0.5564903846153846 0.2403846153846154 0.03245192307692308 0.042067307692307696
0 0.5252403846153846 0.24158653846153846 0.03245192307692308 0.042067307692307696
0 0.49399038461538464 0.24278846153846154 0.03245192307692308 0.042067307692307696
0 0.4651442307692308 0.24158653846153846 0.025240384615384616 0.039663461538461536
0 0.9879807692307693 0.2512019230769231 0.02403846153846154 0.040865384615384616
0 0.9627403846153846 0.2548076923076923 0.030048076923076924 0.042067307692307696
0 0.9338942307692307 0.25600961538461536 0.030048076923076924 0.042067307692307696
0 0.9038461538461539 0.25721153846153844 0.030048076923076924 0.042067307692307696
0 0.8737980769230769 0.25841346153846156 0.030048076923076924 0.042067307692307696
0 0.8449519230769231 0.25961538461538464 0.030048076923076924 0.042067307692307696
0 0.8137019230769231 0.2608173076923077 0.03245192307692308 0.042067307692307696
0 0.7536057692307693 0.26322115384615385 0.03245192307692308 0.042067307692307696
0 0.7848557692307693 0.26322115384615385 0.03245192307692308 0.042067307692307696
0 0.7235576923076923 0.265625 0.03245192307692308 0.042067307692307696
0 0.6935096153846154 0.2692307692307692 0.03245192307692308 0.042067307692307696
0 0.6646634615384616 0.2692307692307692 0.03245192307692308 0.042067307692307696
0 0.6346153846153846 0.2704326923076923 0.03245192307692308 0.042067307692307696
0 0.6033653846153846 0.27163461538461536 0.03245192307692308 0.042067307692307696
0 0.5733173076923077 0.27283653846153844 0.03245192307692308 0.042067307692307696
0 0.5420673076923077 0.27403846153846156 0.03245192307692308 0.042067307692307696
0 0.5096153846153846 0.27524038461538464 0.03245192307692308 0.042067307692307696
0 0.4807692307692308 0.2764423076923077 0.03245192307692308 0.042067307692307696
0 0.45913461538461536 0.2764423076923077 0.01201923076923077 0.039663461538461536
0 0.2668269230769231 0.6430288461538461 0.14182692307692307 0.28125
0 0.33413461538461536 0.8966346153846154 0.13221153846153846 0.20673076923076922
0 0.390625 0.6911057692307693 0.11177884615384616 0.25841346153846156
0 0.4230769230769231 0.9302884615384616 0.06009615384615385 0.13942307692307693
0 0.8617788461538461 0.8221153846153846 0.24639423076923078 0.3557692307692308
0 0.96875 0.8870192307692307 0.0625 0.22596153846153846
0 0.5288461538461539 0.9302884615384616 0.15144230769230768 0.13942307692307693