0 0.2824519230769231 0.0625 0.1045673076923077 0.125
0 0.09615384615384616 0.07091346153846154 0.10096153846153846 0.14182692307692307
0 0.2692307692307692 0.24879807692307693 0.1045673076923077 0.18269230769230768
0 0.10576923076923077 0.25 0.09975961538461539 0.18269230769230768
0 0.01201923076923077 0.39903846153846156 0.02403846153846154 0.11538461538461539
0 0.23557692307692307 0.4266826923076923 0.1045673076923077 0.0625
0 0.05048076923076923 0.4338942307692308 0.09975961538461539 0.04807692307692308
0 0.5997596153846154 0.038461538461538464 0.11057692307692307 0.07692307692307693
0 0.4987980769230769 0.04567307692307692 0.07451923076923077 0.09134615384615384
0 0.7175480769230769 0.04807692307692308 0.125 0.09495192307692307
0 0.8341346153846154 0.040865384615384616 0.10576923076923077 0.08173076923076923
0 0.9314903846153846 0.04807692307692308 0.10697115384615384 0.09495192307692307
0 0.7896634615384616 0.15745192307692307 0.125 0.18990384615384615
0 0.5480769230769231 0.15865384615384615 0.125 0.1875
0 0.9014423076923077 0.1622596153846154 0.1045673076923077 0.15504807692307693
0 0.6682692307692307 0.1622596153846154 0.11057692307692307 0.15985576923076922
0 0.9795673076923077 0.18269230769230768 0.039663461538461536 0.18509615384615385
0 0.9050480769230769 0.33413461538461536 0.12259615384615384 0.18509615384615385
0 0.47596153846153844 0.33413461538461536 0.027644230769230768 0.19230769230769232
0 0.5456730769230769 0.33774038461538464 0.11538461538461539 0.16706730769230768
0 0.7920673076923077 0.3389423076923077 0.11298076923076923 0.1622596153846154
0 0.6682692307692307 0.34134615384615385 0.12740384615384615 0.19230769230769232
0 0.984375 0.3557692307692308 0.03125 0.15865384615384615
0 0.8040865384615384 0.4387019230769231 0.12740384615384615 0.037259615384615384
0 0.18629807692307693 0.65625 0.09975961538461539 0.15745192307692307
0 0.2824519230769231 0.65625 0.09495192307692307 0.1502403846153846
0 0.36899038461538464 0.6610576923076923 0.08774038461538461 0.13942307692307693
0 0.4375 0.6598557692307693 0.05048076923076923 0.1346153846153846
0 0.23677884615384615 0.7728365384615384 0.09014423076923077 0.14302884615384615
0 0.4519230769230769 0.7728365384615384 0.020432692307692308 0.1346153846153846
0 0.31971153846153844 0.7752403846153846 0.08774038461538461 0.14302884615384615
0 0.40384615384615385 0.7764423076923077 0.08533653846153846 0.13221153846153846
0 0.1466346153846154 0.7776442307692307 0.09495192307692307 0.15264423076923078
0 0.007211538461538462 0.8353365384615384 0.014423076923076924 0.14543269230769232
0 0.2668269230769231 0.8822115384615384 0.08774038461538461 0.13701923076923078
0 0.4338942307692308 0.8810096153846154 0.057692307692307696 0.12740384615384615
0 0.3629807692307692 0.8846153846153846 0.09735576923076923 0.13701923076923078
0 0.18629807692307693 0.8990384615384616 0.09735576923076923 0.14783653846153846
0 0.036057692307692304 0.9375 0.07211538461538461 0.125
0 0.40024038461538464 0.9615384615384616 0.08533653846153846 0.07692307692307693
0 0.31490384615384615 0.9651442307692307 0.09014423076923077 0.06971153846153846
0 0.22596153846153846 0.9675480769230769 0.09254807692307693 0.06490384615384616
0 0.23557692307692307 0.5360576923076923 0.09975961538461539 0.1502403846153846
0 0.33052884615384615 0.5384615384615384 0.09254807692307693 0.14543269230769232
0 0.41586538461538464 0.5432692307692307 0.08774038461538461 0.14302884615384615
0 0.8173076923076923 0.4891826923076923 0.12980769230769232 0.0625
0 0.6911057692307693 0.49158653846153844 0.11298076923076923 0.0673076923076923
0 0.5697115384615384 0.5012019230769231 0.1045673076923077 0.08774038461538461
0 0.4891826923076923 0.5036057692307693 0.052884615384615384 0.09254807692307693
0 0.7992788461538461 0.5997596153846154 0.14543269230769232 0.18028846153846154
0 0.6538461538461539 0.6045673076923077 0.12259615384615384 0.17548076923076922
0 0.5384615384615384 0.6213942307692307 0.10697115384615384 0.16466346153846154
0 0.47836538461538464 0.6346153846153846 0.03245192307692308 0.15504807692307693
0 0.8233173076923077 0.7848557692307693 0.14543269230769232 0.18028846153846154
0 0.6826923076923077 0.7908653846153846 0.125 0.17548076923076922
0 0.5576923076923077 0.7944711538461539 0.11298076923076923 0.16947115384615385
0 0.4807692307692308 0.8028846153846154 0.037259615384615384 0.15985576923076922
0 0.5192307692307693 0.9387019230769231 0.11298076923076923 0.12259615384615384
0 0.7860576923076923 0.9362980769230769 0.15264423076923078 0.12740384615384615
0 0.6454326923076923 0.9387019230769231 0.12980769230769232 0.12259615384615384