0 0.4963942307692308 0.25721153846153844 0.13701923076923078 0.2127403846153846
0 0.23197115384615385 0.2512019230769231 0.1346153846153846 0.20673076923076922
0 0.03245192307692308 0.2403846153846154 0.06490384615384616 0.09975961538461539
0 0.3894230769230769 0.23677884615384615 0.10697115384615384 0.16346153846153846
0 0.14543269230769232 0.23076923076923078 0.0889423076923077 0.16346153846153846
0 0.07211538461538461 0.15625 0.07211538461538461 0.11057692307692307
0 0.020432692307692308 0.1502403846153846 0.040865384615384616 0.07572115384615384
0 0.328125 0.10216346153846154 0.13942307692307693 0.20432692307692307
0 0.546875 0.10096153846153846 0.056490384615384616 0.20192307692307693
0 0.19951923076923078 0.08052884615384616 0.10216346153846154 0.16105769230769232
0 0.4579326923076923 0.07932692307692307 0.11057692307692307 0.15865384615384615
0 0.03125 0.06971153846153846 0.06129807692307692 0.10697115384615384
0 0.10216346153846154 0.06370192307692307 0.04807692307692308 0.08052884615384616
0 0.019230769230769232 0.01201923076923077 0.037259615384615384 0.02403846153846154
0 0.06850961538461539 0.020432692307692308 0.07211538461538461 0.040865384615384616
0 0.23798076923076922 0.021634615384615384 0.13701923076923078 0.04326923076923077
0 0.5048076923076923 0.010817307692307692 0.13942307692307693 0.021634615384615384
0 0.3076923076923077 0.3737980769230769 0.13701923076923078 0.08653846153846154
0 0.44471153846153844 0.3629807692307692 0.11057692307692307 0.10697115384615384
0 0.20793269230769232 0.3641826923076923 0.09975961538461539 0.1045673076923077
0 0.9807692307692307 0.35096153846153844 0.037259615384615384 0.078125
0 0.9362980769230769 0.34975961538461536 0.06129807692307692 0.0829326923076923
0 0.8774038461538461 0.3485576923076923 0.05889423076923077 0.08052884615384616
0 0.8197115384615384 0.3473557692307692 0.06129807692307692 0.0829326923076923
0 0.7608173076923077 0.3449519230769231 0.06129807692307692 0.08052884615384616
0 0.7019230769230769 0.34375 0.05889423076923077 0.08052884615384616
0 0.6454326923076923 0.34375 0.05889423076923077 0.0829326923076923
0 0.5949519230769231 0.34134615384615385 0.040865384615384616 0.08052884615384616
0 0.9951923076923077 0.28365384615384615 0.009615384615384616 0.08173076923076923
0 0.9651442307692307 0.28365384615384615 0.06129807692307692 0.08052884615384616
0 0.9050480769230769 0.2824519230769231 0.06129807692307692 0.08052884615384616
0 0.8473557692307693 0.28125 0.05889423076923077 0.08052884615384616
0 0.7872596153846154 0.2800480769230769 0.06129807692307692 0.08052884615384616
0 0.7295673076923077 0.2776442307692308 0.05889423076923077 0.08052884615384616
0 0.671875 0.2764423076923077 0.05889423076923077 0.08052884615384616
0 0.6153846153846154 0.27524038461538464 0.05889423076923077 0.078125
0 0.9795673076923077 0.21754807692307693 0.040865384615384616 0.08052884615384616
0 0.9314903846153846 0.21634615384615385 0.05889423076923077 0.08052884615384616
0 0.8737980769230769 0.21514423076923078 0.05889423076923077 0.078125
0 0.8161057692307693 0.21394230769230768 0.05889423076923077 0.078125
0 0.7572115384615384 0.2127403846153846 0.05889423076923077 0.078125
0 0.7007211538461539 0.2127403846153846 0.05889423076923077 0.078125
0 0.6442307692307693 0.21153846153846154 0.05889423076923077 0.078125
0 0.5949519230769231 0.21153846153846154 0.040865384615384616 0.078125
0 0.9915865384615384 0.15144230769230768 0.015625 0.078125
0 0.9579326923076923 0.1502403846153846 0.06129807692307692 0.078125
0 0.8990384615384616 0.1502403846153846 0.05889423076923077 0.078125
0 0.8413461538461539 0.1502403846153846 0.05889423076923077 0.078125
0 0.7848557692307693 0.1502403846153846 0.05889423076923077 0.078125
0 0.7271634615384616 0.14903846153846154 0.05889423076923077 0.078125
0 0.6706730769230769 0.14783653846153846 0.05889423076923077 0.078125
0 0.6153846153846154 0.14783653846153846 0.05889423076923077 0.078125
0 0.5817307692307693 0.14543269230769232 0.013221153846153846 0.07572115384615384
0 0.9759615384615384 0.08774038461538461 0.04807692307692308 0.078125
0 0.9242788461538461 0.08774038461538461 0.05889423076923077 0.078125
0 0.8677884615384616 0.08774038461538461 0.05889423076923077 0.07572115384615384
0 0.8112980769230769 0.08774038461538461 0.05889423076923077 0.078125
0 0.7536057692307693 0.08774038461538461 0.05889423076923077 0.078125
0 0.6995192307692307 0.08653846153846154 0.05889423076923077 0.078125
0 0.6442307692307693 0.08413461538461539 0.056490384615384616 0.07572115384615384
0 0.5949519230769231 0.0829326923076923 0.040865384615384616 0.07572115384615384
0 0.9891826923076923 0.03245192307692308 0.021634615384615384 0.06490384615384616
0 0.9495192307692307 0.03125 0.05889423076923077 0.06129807692307692
0 0.8365384615384616 0.03245192307692308 0.05889423076923077 0.06490384615384616
0 0.8930288461538461 0.03125 0.05889423076923077 0.06129807692307692
0 0.6141826923076923 0.03125 0.056490384615384616 0.06129807692307692
0 0.5817307692307693 0.03125 0.013221153846153846 0.06129807692307692
0 0.6706730769230769 0.03125 0.056490384615384616 0.06129807692307692
0 0.78125 0.03125 0.056490384615384616 0.06129807692307692
0 0.7247596153846154 0.03125 0.056490384615384616 0.06129807692307692
0 0.96875 0.39783653846153844 0.06129807692307692 0.037259615384615384
0 0.9098557692307693 0.39663461538461536 0.06129807692307692 0.040865384615384616
0 0.8497596153846154 0.3954326923076923 0.05889423076923077 0.04326923076923077
0 0.7920673076923077 0.3954326923076923 0.06129807692307692 0.04326923076923077
0 0.7307692307692307 0.3942307692307692 0.05889423076923077 0.04567307692307692
0 0.671875 0.3942307692307692 0.05889423076923077 0.04567307692307692
0 0.6141826923076923 0.39302884615384615 0.06129807692307692 0.04807692307692308
0 0.078125 0.9338942307692307 0.15625 0.13221153846153846
0 0.4699519230769231 0.9074519230769231 0.18870192307692307 0.18509615384615385
0 0.25240384615384615 0.8401442307692307 0.21995192307692307 0.31971153846153844
0 0.14903846153846154 0.7848557692307693 0.1502403846153846 0.25841346153846156
0 0.515625 0.765625 0.11778846153846154 0.25841346153846156
0 0.390625 0.5252403846153846 0.23918269230769232 0.21754807692307693
0 0.09134615384615384 0.5 0.12379807692307693 0.16706730769230768
0 0.018028846153846152 0.5048076923076923 0.03485576923076923 0.1778846153846154
0 0.24879807692307693 0.4411057692307692 0.2283653846153846 0.04807692307692308
0 0.8341346153846154 0.6971153846153846 0.33052884615384615 0.5612980769230769