0 0.09014423076923077 0.09975961538461539 0.18028846153846154 0.19831730769230768
0 0.3016826923076923 0.054086538461538464 0.21153846153846154 0.10817307692307693
0 0.12740384615384615 0.3473557692307692 0.19831730769230768 0.3016826923076923
0 0.328125 0.29086538461538464 0.23918269230769232 0.3918269230769231
0 0.390625 0.4855769230769231 0.11538461538461539 0.07451923076923077
0 0.8581730769230769 0.4855769230769231 0.10817307692307693 0.07451923076923077
0 0.6766826923076923 0.4807692307692308 0.10576923076923077 0.08533653846153846
0 0.9507211538461539 0.453125 0.09735576923076923 0.13942307692307693
0 0.7716346153846154 0.43990384615384615 0.10576923076923077 0.15745192307692307
0 0.5769230769230769 0.40625 0.11298076923076923 0.1622596153846154
0 0.8677884615384616 0.3713942307692308 0.10817307692307693 0.15504807692307693
0 0.6826923076923077 0.34975961538461536 0.10817307692307693 0.15504807692307693
0 0.49399038461538464 0.32211538461538464 0.09014423076923077 0.15985576923076922
0 0.9555288461538461 0.30408653846153844 0.0889423076923077 0.15144230769230768
0 0.7800480769230769 0.28365384615384615 0.10576923076923077 0.15504807692307693
0 0.5925480769230769 0.2692307692307692 0.10576923076923077 0.1466346153846154
0 0.8762019230769231 0.22596153846153846 0.10576923076923077 0.1466346153846154
0 0.6862980769230769 0.20673076923076922 0.10576923076923077 0.14182692307692307
0 0.4987980769230769 0.16346153846153846 0.10096153846153846 0.15264423076923078
0 0.9567307692307693 0.15625 0.08653846153846154 0.14903846153846154
0 0.7800480769230769 0.13701923076923078 0.10576923076923077 0.14182692307692307
0 0.5997596153846154 0.12740384615384615 0.10576923076923077 0.14182692307692307
0 0.8725961538461539 0.07572115384615384 0.10336538461538461 0.1466346153846154
0 0.6923076923076923 0.06490384615384616 0.10576923076923077 0.12860576923076922
0 0.953125 0.04326923076923077 0.0889423076923077 0.08653846153846154
0 0.7848557692307693 0.03365384615384615 0.10576923076923077 0.0673076923076923
0 0.6057692307692307 0.028846153846153848 0.10336538461538461 0.056490384615384616
0 0.08653846153846154 0.8365384615384616 0.16706730769230768 0.25721153846153844
0 0.7728365384615384 0.9314903846153846 0.06490384615384616 0.1346153846153846
0 0.9098557692307693 0.9254807692307693 0.07211538461538461 0.14903846153846154
0 0.8377403846153846 0.9278846153846154 0.0673076923076923 0.14423076923076922
0 0.7115384615384616 0.9254807692307693 0.06129807692307692 0.13701923076923078
0 0.59375 0.921875 0.056490384615384616 0.12620192307692307
0 0.6502403846153846 0.921875 0.056490384615384616 0.1310096153846154
0 0.5396634615384616 0.9182692307692307 0.051682692307692304 0.12379807692307693
0 0.4891826923076923 0.9158653846153846 0.04927884615384615 0.11899038461538461
0 0.9399038461538461 0.8088942307692307 0.07211538461538461 0.1622596153846154
0 0.4639423076923077 0.8064903846153846 0.03125 0.12860576923076922
0 0.6129807692307693 0.8076923076923077 0.056490384615384616 0.14182692307692307
0 0.671875 0.8064903846153846 0.05889423076923077 0.14182692307692307
0 0.5060096153846154 0.8064903846153846 0.051682692307692304 0.1346153846153846
0 0.5576923076923077 0.8064903846153846 0.054086538461538464 0.1346153846153846
0 0.7860576923076923 0.8052884615384616 0.0673076923076923 0.15504807692307693
0 0.8605769230769231 0.8052884615384616 0.07211538461538461 0.15985576923076922
0 0.7319711538461539 0.8052884615384616 0.056490384615384616 0.15264423076923078
0 0.4567307692307692 0.7091346153846154 0.015625 0.11298076923076923
0 0.4879807692307692 0.7019230769230769 0.04927884615384615 0.10817307692307693
0 0.5396634615384616 0.6995192307692307 0.054086538461538464 0.11057692307692307
0 0.5925480769230769 0.6983173076923077 0.054086538461538464 0.11298076923076923
0 0.6502403846153846 0.6947115384615384 0.056490384615384616 0.11298076923076923
0 0.71875 0.6935096153846154 0.051682692307692304 0.10817307692307693
0 0.8401442307692307 0.6862980769230769 0.0673076923076923 0.1310096153846154
0 0.7728365384615384 0.6850961538461539 0.06490384615384616 0.1346153846153846
0 0.9158653846153846 0.6790865384615384 0.05889423076923077 0.1346153846153846
0 0.9735576923076923 0.6778846153846154 0.052884615384615384 0.15865384615384615
0 0.4639423076923077 0.6021634615384616 0.03125 0.1310096153846154
0 0.5048076923076923 0.5961538461538461 0.051682692307692304 0.13701923076923078
0 0.5576923076923077 0.5901442307692307 0.054086538461538464 0.1346153846153846
0 0.6141826923076923 0.5889423076923077 0.05889423076923077 0.1310096153846154
0 0.6658653846153846 0.5865384615384616 0.054086538461538464 0.12620192307692307
0 0.7199519230769231 0.5853365384615384 0.06490384615384616 0.12379807692307693
0 0.796875 0.5841346153846154 0.06129807692307692 0.12139423076923077
0 0.8557692307692307 0.5793269230769231 0.07211538461538461 0.11298076923076923
0 0.9399038461538461 0.5769230769230769 0.07451923076923077 0.10817307692307693
0 0.9891826923076923 0.5745192307692307 0.020432692307692308 0.10336538461538461