0 0.38221153846153844 0.3485576923076923 0.08413461538461539 0.33533653846153844
0 0.2439903846153846 0.3269230769230769 0.19591346153846154 0.3401442307692308
0 0.07091346153846154 0.32572115384615385 0.14182692307692307 0.3581730769230769
0 0.35096153846153844 0.10336538461538461 0.1466346153846154 0.20673076923076922
0 0.171875 0.10096153846153846 0.17067307692307693 0.20192307692307693
0 0.036057692307692304 0.09134615384615384 0.07211538461538461 0.18269230769230768
0 0.140625 0.47115384615384615 0.18629807692307693 0.0889423076923077
0 0.3425480769230769 0.46875 0.1622596153846154 0.09375
0 0.8185096153846154 0.30528846153846156 0.1935096153846154 0.3137019230769231
0 0.9591346153846154 0.30288461538461536 0.08173076923076923 0.3269230769230769
0 0.6129807692307693 0.2980769230769231 0.19951923076923078 0.32211538461538464
0 0.4651442307692308 0.28966346153846156 0.08173076923076923 0.3269230769230769
0 0.71875 0.08774038461538461 0.18028846153846154 0.17548076923076922
0 0.9098557692307693 0.09134615384615384 0.18028846153846154 0.18269230769230768
0 0.515625 0.08533653846153846 0.18269230769230768 0.17067307692307693
0 0.9098557692307693 0.4651442307692308 0.18028846153846154 0.10216346153846154
0 0.5120192307692307 0.46033653846153844 0.17548076923076922 0.109375
0 0.7115384615384616 0.46033653846153844 0.2091346153846154 0.109375
0 0.22235576923076922 0.8786057692307693 0.11778846153846154 0.16706730769230768
0 0.3545673076923077 0.8581730769230769 0.13581730769230768 0.1935096153846154
0 0.08653846153846154 0.8269230769230769 0.14182692307692307 0.19951923076923078
0 0.3473557692307692 0.7043269230769231 0.109375 0.14423076923076922
0 0.1045673076923077 0.6911057692307693 0.11538461538461539 0.13822115384615385
0 0.23076923076923078 0.6730769230769231 0.13341346153846154 0.18870192307692307
0 0.23076923076923078 0.5576923076923077 0.109375 0.08413461538461539
0 0.34975961538461536 0.5552884615384616 0.12860576923076922 0.078125
0 0.10697115384615384 0.5396634615384616 0.13581730769230768 0.046875
0 0.9134615384615384 0.7199519230769231 0.15504807692307693 0.23076923076923078
0 0.5144230769230769 0.703125 0.1778846153846154 0.2439903846153846
0 0.7379807692307693 0.6574519230769231 0.17307692307692307 0.24879807692307693