0 0.2091346153846154 0.33533653846153844 0.10336538461538461 0.140625
0 0.32091346153846156 0.3269230769230769 0.078125 0.10096153846153846
0 0.4170673076923077 0.3088942307692308 0.08052884615384616 0.10576923076923077
0 0.12860576923076922 0.2668269230769231 0.078125 0.10576923076923077
0 0.2704326923076923 0.2439903846153846 0.0829326923076923 0.11298076923076923
0 0.3641826923076923 0.22355769230769232 0.07572115384615384 0.11057692307692307
0 0.43149038461538464 0.2127403846153846 0.052884615384615384 0.11298076923076923
0 0.19110576923076922 0.20552884615384615 0.0829326923076923 0.10817307692307693
0 0.09134615384615384 0.1658653846153846 0.08052884615384616 0.10576923076923077
0 0.30288461538461536 0.14302884615384615 0.08774038461538461 0.1201923076923077
0 0.21754807692307693 0.109375 0.0829326923076923 0.11538461538461539
0 0.1466346153846154 0.078125 0.0733173076923077 0.10576923076923077
0 0.030048076923076924 0.02283653846153846 0.06009615384615385 0.04567307692307692
0 0.30408653846153844 0.020432692307692308 0.08533653846153846 0.039663461538461536
0 0.22235576923076922 0.019230769230769232 0.078125 0.037259615384615384
0 0.3798076923076923 0.40865384615384615 0.08052884615384616 0.0985576923076923
0 0.2860576923076923 0.4074519230769231 0.078125 0.0985576923076923
0 0.9867788461538461 0.4338942307692308 0.026442307692307692 0.06971153846153846
0 0.9507211538461539 0.43509615384615385 0.052884615384615384 0.07091346153846154
0 0.9002403846153846 0.43509615384615385 0.052884615384615384 0.07091346153846154
0 0.8509615384615384 0.4338942307692308 0.052884615384615384 0.0733173076923077
0 0.7992788461538461 0.4338942307692308 0.052884615384615384 0.07091346153846154
0 0.49038461538461536 0.4338942307692308 0.055288461538461536 0.07572115384615384
0 0.7487980769230769 0.4326923076923077 0.052884615384615384 0.0733173076923077
0 0.5432692307692307 0.4326923076923077 0.052884615384615384 0.0733173076923077
0 0.6971153846153846 0.43149038461538464 0.052884615384615384 0.0733173076923077
0 0.59375 0.43149038461538464 0.052884615384615384 0.0733173076923077
0 0.6454326923076923 0.43149038461538464 0.052884615384615384 0.0733173076923077
0 0.9975961538461539 0.3762019230769231 0.004807692307692308 0.0673076923076923
0 0.9711538461538461 0.37740384615384615 0.052884615384615384 0.07091346153846154
0 0.921875 0.3762019230769231 0.05048076923076923 0.07091346153846154
0 0.8725961538461539 0.3737980769230769 0.052884615384615384 0.07091346153846154
0 0.8233173076923077 0.37259615384615385 0.05048076923076923 0.07091346153846154
0 0.7716346153846154 0.37259615384615385 0.052884615384615384 0.07091346153846154
0 0.4735576923076923 0.3701923076923077 0.03245192307692308 0.0733173076923077
0 0.7211538461538461 0.3713942307692308 0.052884615384615384 0.07091346153846154
0 0.6706730769230769 0.3713942307692308 0.052884615384615384 0.0733173076923077
0 0.5180288461538461 0.3701923076923077 0.055288461538461536 0.0733173076923077
0 0.6201923076923077 0.3701923076923077 0.052884615384615384 0.0733173076923077
0 0.5685096153846154 0.3701923076923077 0.052884615384615384 0.0733173076923077
0 0.9831730769230769 0.3173076923076923 0.03245192307692308 0.0673076923076923
0 0.9435096153846154 0.3173076923076923 0.05048076923076923 0.07091346153846154
0 0.8942307692307693 0.3161057692307692 0.05048076923076923 0.07091346153846154
0 0.8449519230769231 0.31490384615384615 0.052884615384615384 0.07091346153846154
0 0.7956730769230769 0.31490384615384615 0.052884615384615384 0.07091346153846154
0 0.7451923076923077 0.3137019230769231 0.052884615384615384 0.07091346153846154
0 0.6947115384615384 0.3125 0.052884615384615384 0.07091346153846154
0 0.6442307692307693 0.3125 0.05048076923076923 0.07091346153846154
0 0.59375 0.3112980769230769 0.052884615384615384 0.07091346153846154
0 0.5444711538461539 0.3112980769230769 0.052884615384615384 0.07091346153846154
0 0.49278846153846156 0.3112980769230769 0.052884615384615384 0.07091346153846154
0 0.9939903846153846 0.2608173076923077 0.01201923076923077 0.06490384615384616
0 0.9651442307692307 0.2620192307692308 0.05048076923076923 0.06490384615384616
0 0.9158653846153846 0.25961538461538464 0.05048076923076923 0.0673076923076923
0 0.8677884615384616 0.25841346153846156 0.05048076923076923 0.0673076923076923
0 0.8185096153846154 0.25721153846153844 0.052884615384615384 0.0673076923076923
0 0.7680288461538461 0.25721153846153844 0.052884615384615384 0.0673076923076923
0 0.71875 0.25600961538461536 0.05048076923076923 0.0673076923076923
0 0.6682692307692307 0.25600961538461536 0.05048076923076923 0.0673076923076923
0 0.6189903846153846 0.2548076923076923 0.05048076923076923 0.0673076923076923
0 0.5685096153846154 0.2536057692307692 0.052884615384615384 0.0673076923076923
0 0.5192307692307693 0.2536057692307692 0.052884615384615384 0.0673076923076923
0 0.47475961538461536 0.2512019230769231 0.03485576923076923 0.07091346153846154
0 0.9795673076923077 0.20552884615384615 0.039663461538461536 0.06490384615384616
0 0.9375 0.20552884615384615 0.05048076923076923 0.0673076923076923
0 0.8894230769230769 0.20432692307692307 0.05048076923076923 0.0673076923076923
0 0.8401442307692307 0.20192307692307693 0.05048076923076923 0.0673076923076923
0 0.7896634615384616 0.20192307692307693 0.05048076923076923 0.0673076923076923
0 0.7415865384615384 0.20072115384615385 0.05048076923076923 0.0673076923076923
0 0.6923076923076923 0.19951923076923078 0.05048076923076923 0.0673076923076923
0 0.6430288461538461 0.19951923076923078 0.05048076923076923 0.0673076923076923
0 0.59375 0.1971153846153846 0.05048076923076923 0.0673076923076923
0 0.5456730769230769 0.1971153846153846 0.052884615384615384 0.07091346153846154
0 0.4951923076923077 0.19591346153846154 0.052884615384615384 0.07091346153846154
0 0.9879807692307693 0.15144230769230768 0.02403846153846154 0.0673076923076923
0 0.9567307692307693 0.15144230769230768 0.05048076923076923 0.0673076923076923
0 0.9098557692307693 0.1502403846153846 0.04807692307692308 0.06490384615384616
0 0.8617788461538461 0.14903846153846154 0.05048076923076923 0.06490384615384616
0 0.8125 0.14783653846153846 0.05048076923076923 0.0673076923076923
0 0.765625 0.14543269230769232 0.05048076923076923 0.0673076923076923
0 0.7163461538461539 0.14543269230769232 0.05048076923076923 0.0673076923076923
0 0.6670673076923077 0.14423076923076922 0.05048076923076923 0.0673076923076923
0 0.6189903846153846 0.14423076923076922 0.05048076923076923 0.0673076923076923
0 0.5709134615384616 0.14182692307692307 0.05048076923076923 0.0673076923076923
0 0.5216346153846154 0.140625 0.052884615384615384 0.0673076923076923
0 0.47596153846153844 0.13942307692307693 0.037259615384615384 0.0673076923076923
0 0.9759615384615384 0.09975961538461539 0.04567307692307692 0.06490384615384616
0 0.9290865384615384 0.0985576923076923 0.04807692307692308 0.0625
0 0.8834134615384616 0.09495192307692307 0.04807692307692308 0.06490384615384616
0 0.8353365384615384 0.09375 0.05048076923076923 0.06490384615384616
0 0.7872596153846154 0.09254807692307693 0.05048076923076923 0.06490384615384616
0 0.7391826923076923 0.09134615384615384 0.05048076923076923 0.06490384615384616
0 0.6911057692307693 0.09134615384615384 0.05048076923076923 0.06490384615384616
0 0.6430288461538461 0.09014423076923077 0.05048076923076923 0.0673076923076923
0 0.5949519230769231 0.0889423076923077 0.05048076923076923 0.06490384615384616
0 0.546875 0.08653846153846154 0.05048076923076923 0.06490384615384616
0 0.4963942307692308 0.08533653846153846 0.05048076923076923 0.0673076923076923
0 0.4651442307692308 0.08052884615384616 0.015625 0.06490384615384616
0 0.9855769230769231 0.04807692307692308 0.028846153846153848 0.0625
0 0.9495192307692307 0.046875 0.04807692307692308 0.06490384615384616
0 0.9050480769230769 0.04447115384615385 0.04807692307692308 0.06490384615384616
0 0.8569711538461539 0.040865384615384616 0.05048076923076923 0.06490384615384616
0 0.8088942307692307 0.039663461538461536 0.04807692307692308 0.06490384615384616
0 0.7608173076923077 0.038461538461538464 0.05048076923076923 0.06490384615384616
0 0.7139423076923077 0.038461538461538464 0.05048076923076923 0.06490384615384616
0 0.6670673076923077 0.036057692307692304 0.05048076923076923 0.06490384615384616
0 0.6189903846153846 0.03485576923076923 0.05048076923076923 0.06490384615384616
0 0.5709134615384616 0.03365384615384615 0.05048076923076923 0.0625
0 0.5228365384615384 0.03245192307692308 0.05048076923076923 0.06490384615384616
0 0.47716346153846156 0.030048076923076924 0.039663461538461536 0.06009615384615385
0 0.96875 0.01201923076923077 0.04326923076923077 0.02403846153846154
0 0.9242788461538461 0.010817307692307692 0.04567307692307692 0.021634615384615384
0 0.8774038461538461 0.009615384615384616 0.04807692307692308 0.019230769230769232
0 0.8293269230769231 0.009615384615384616 0.04807692307692308 0.019230769230769232
0 0.78125 0.009615384615384616 0.04807692307692308 0.019230769230769232
0 0.7379807692307693 0.008413461538461538 0.04807692307692308 0.016826923076923076
0 0.6899038461538461 0.007211538461538462 0.04807692307692308 0.014423076923076924
0 0.6418269230769231 0.006009615384615385 0.04807692307692308 0.01201923076923077
0 0.5925480769230769 0.006009615384615385 0.05048076923076923 0.01201923076923077
0 0.5456730769230769 0.006009615384615385 0.05048076923076923 0.01201923076923077
0 0.49759615384615385 0.004807692307692308 0.05048076923076923 0.009615384615384616
0 0.4879807692307692 0.5516826923076923 0.055288461538461536 0.052884615384615384
0 0.5396634615384616 0.5492788461538461 0.055288461538461536 0.057692307692307696
0 0.5925480769230769 0.5480769230769231 0.055288461538461536 0.06009615384615385
0 0.9891826923076923 0.5480769230769231 0.021634615384615384 0.057692307692307696
0 0.8557692307692307 0.5492788461538461 0.052884615384615384 0.057692307692307696
0 0.8052884615384616 0.5492788461538461 0.052884615384615384 0.057692307692307696
0 0.6466346153846154 0.5492788461538461 0.052884615384615384 0.057692307692307696
0 0.9555288461538461 0.5492788461538461 0.052884615384615384 0.057692307692307696
0 0.90625 0.5492788461538461 0.052884615384615384 0.057692307692307696
0 0.7512019230769231 0.5480769230769231 0.055288461538461536 0.06009615384615385
0 0.6995192307692307 0.5480769230769231 0.052884615384615384 0.06009615384615385
0 0.4735576923076923 0.5 0.03245192307692308 0.07572115384615384
0 0.9759615384615384 0.4963942307692308 0.04807692307692308 0.0733173076923077
0 0.515625 0.4963942307692308 0.055288461538461536 0.07572115384615384
0 0.9290865384615384 0.4951923076923077 0.052884615384615384 0.0733173076923077
0 0.8798076923076923 0.4951923076923077 0.055288461538461536 0.0733173076923077
0 0.828125 0.49399038461538464 0.052884615384615384 0.0733173076923077
0 0.5673076923076923 0.49399038461538464 0.052884615384615384 0.07572115384615384
0 0.7764423076923077 0.49399038461538464 0.052884615384615384 0.0733173076923077
0 0.7235576923076923 0.49399038461538464 0.052884615384615384 0.07572115384615384
0 0.6201923076923077 0.49399038461538464 0.052884615384615384 0.07572115384615384
0 0.671875 0.49399038461538464 0.052884615384615384 0.07572115384615384
0 0.03125 0.6766826923076923 0.0625 0.19831730769230768
0 0.17908653846153846 0.6634615384615384 0.21875 0.17067307692307693
0 0.3918269230769231 0.6622596153846154 0.1310096153846154 0.16826923076923078
0 0.7884615384615384 0.6887019230769231 0.21153846153846154 0.22115384615384615
0 0.9459134615384616 0.6838942307692307 0.10817307692307693 0.21153846153846154
0 0.5913461538461539 0.6790865384615384 0.18870192307692307 0.203125
0 0.6935096153846154 0.8798076923076923 0.18509615384615385 0.2403846153846154
0 0.8930288461538461 0.8737980769230769 0.21394230769230768 0.2512019230769231
0 0.5288461538461539 0.8701923076923077 0.14302884615384615 0.25841346153846156