0 0.2644230769230769 0.38822115384615385 0.21514423076923078 0.3293269230769231
0 0.6814903846153846 0.3942307692307692 0.21995192307692307 0.3269230769230769
0 0.47115384615384615 0.3954326923076923 0.20673076923076922 0.3112980769230769
0 0.078125 0.39663461538461536 0.15625 0.28846153846153844
0 0.8882211538461539 0.39903846153846156 0.19591346153846154 0.3004807692307692
0 0.03125 0.6514423076923077 0.0625 0.30408653846153844
0 0.37740384615384615 0.65625 0.19110576923076922 0.30649038461538464
0 0.7884615384615384 0.6598557692307693 0.20432692307692307 0.31971153846153844
0 0.17067307692307693 0.6646634615384616 0.21754807692307693 0.3293269230769231
0 0.9423076923076923 0.6730769230769231 0.11538461538461539 0.3401442307692308
0 0.5793269230769231 0.6754807692307693 0.21514423076923078 0.33774038461538464
0 0.2920673076923077 0.8846153846153846 0.21754807692307693 0.23076923076923078
0 0.7079326923076923 0.8954326923076923 0.22716346153846154 0.2091346153846154
0 0.09134615384615384 0.8954326923076923 0.18269230769230768 0.2091346153846154
0 0.5 0.8990384615384616 0.1935096153846154 0.20192307692307693
0 0.9098557692307693 0.9098557692307693 0.18028846153846154 0.18028846153846154
0 0.3629807692307692 0.12980769230769232 0.20192307692307693 0.25961538461538464
0 0.78125 0.13341346153846154 0.19110576923076922 0.2668269230769231
0 0.5745192307692307 0.140625 0.22235576923076922 0.2800480769230769
0 0.9399038461538461 0.14543269230769232 0.1201923076923077 0.29086538461538464
0 0.15625 0.14543269230769232 0.20673076923076922 0.29086538461538464
0 0.02403846153846154 0.15144230769230768 0.04807692307692308 0.30288461538461536