0 0.8473557692307693 0.09014423076923077 0.19110576923076922 0.18028846153846154
0 0.47716346153846156 0.08653846153846154 0.18269230769230768 0.17307692307692307
0 0.9579326923076923 0.056490384615384616 0.08413461538461539 0.11298076923076923
0 0.6694711538461539 0.051682692307692304 0.13581730769230768 0.10336538461538461
0 0.9194711538461539 0.18389423076923078 0.16105769230769232 0.0673076923076923
0 0.5733173076923077 0.18028846153846154 0.19591346153846154 0.07451923076923077
0 0.7463942307692307 0.15865384615384615 0.1466346153846154 0.11899038461538461
0 0.4326923076923077 0.15144230769230768 0.09375 0.13341346153846154
0 0.056490384615384616 0.703125 0.11298076923076923 0.12740384615384615
0 0.29086538461538464 0.6947115384615384 0.1466346153846154 0.1310096153846154
0 0.1814903846153846 0.6346153846153846 0.13822115384615385 0.12139423076923077
0 0.3173076923076923 0.5877403846153846 0.12860576923076922 0.10336538461538461
0 0.08533653846153846 0.5865384615384616 0.12860576923076922 0.10697115384615384
0 0.21514423076923078 0.53125 0.13341346153846154 0.0985576923076923
0 0.028846153846153848 0.5264423076923077 0.056490384615384616 0.10697115384615384
0 0.3269230769230769 0.484375 0.11899038461538461 0.10096153846153846
0 0.1201923076923077 0.4831730769230769 0.12379807692307693 0.09615384615384616
0 0.234375 0.43509615384615385 0.12139423076923077 0.09375
0 0.038461538461538464 0.390625 0.07692307692307693 0.0985576923076923
0 0.13942307692307693 0.3737980769230769 0.1141826923076923 0.0889423076923077
0 0.3329326923076923 0.3605769230769231 0.10697115384615384 0.09134615384615384
0 0.24639423076923078 0.31971153846153844 0.1141826923076923 0.08653846153846154
0 0.9519230769230769 0.9134615384615384 0.09615384615384616 0.17307692307692307
0 0.9579326923076923 0.7043269230769231 0.08413461538461539 0.18028846153846154
0 0.9747596153846154 0.46634615384615385 0.04927884615384615 0.18028846153846154