0 0.1658653846153846 0.21754807692307693 0.3317307692307692 0.43509615384615385
0 0.9711538461538461 0.0985576923076923 0.057692307692307696 0.1971153846153846
0 0.8221153846153846 0.0985576923076923 0.24519230769230768 0.1971153846153846
0 0.7295673076923077 0.3329326923076923 0.17067307692307693 0.38221153846153844
0 0.9110576923076923 0.33413461538461536 0.1778846153846154 0.3798076923076923
0 0.9747596153846154 0.5348557692307693 0.05048076923076923 0.12860576923076922
0 0.8161057692307693 0.5360576923076923 0.27283653846153844 0.12620192307692307
0 0.28125 0.6310096153846154 0.11778846153846154 0.06370192307692307
0 0.39783653846153844 0.6310096153846154 0.11778846153846154 0.06370192307692307
0 0.5168269230769231 0.6322115384615384 0.11538461538461539 0.0673076923076923
0 0.6117788461538461 0.6334134615384616 0.06370192307692307 0.06971153846153846
0 0.051682692307692304 0.6322115384615384 0.10336538461538461 0.0673076923076923
0 0.16346153846153846 0.6334134615384616 0.11778846153846154 0.06971153846153846
0 0.21875 0.7271634615384616 0.11177884615384616 0.17067307692307693
0 0.3401442307692308 0.7271634615384616 0.11778846153846154 0.17067307692307693
0 0.45913461538461536 0.7283653846153846 0.11538461538461539 0.17067307692307693
0 0.5745192307692307 0.7295673076923077 0.11778846153846154 0.17067307692307693
0 0.021634615384615384 0.7283653846153846 0.04326923076923077 0.17427884615384615
0 0.10216346153846154 0.7331730769230769 0.11778846153846154 0.17067307692307693
0 0.39663461538461536 0.8762019230769231 0.11778846153846154 0.17427884615384615
0 0.5168269230769231 0.8762019230769231 0.11177884615384616 0.17067307692307693
0 0.27884615384615385 0.8762019230769231 0.11538461538461539 0.17067307692307693
0 0.609375 0.8762019230769231 0.06971153846153846 0.17427884615384615
0 0.15985576923076922 0.8786057692307693 0.11778846153846154 0.17067307692307693
0 0.04927884615384615 0.8810096153846154 0.0985576923076923 0.16826923076923078
0 0.019230769230769232 0.96875 0.037259615384615384 0.06129807692307692
0 0.09735576923076923 0.9699519230769231 0.11778846153846154 0.06009615384615385
0 0.5733173076923077 0.9699519230769231 0.11778846153846154 0.06009615384615385
0 0.33413461538461536 0.9711538461538461 0.11538461538461539 0.057692307692307696
0 0.453125 0.9711538461538461 0.11778846153846154 0.057692307692307696
0 0.22115384615384615 0.9711538461538461 0.11538461538461539 0.057692307692307696
0 0.7992788461538461 0.8629807692307693 0.1466346153846154 0.27403846153846156