0 0.41466346153846156 0.5288461538461539 0.12139423076923077 0.1875
0 0.7884615384615384 0.5288461538461539 0.11658653846153846 0.18028846153846154
0 0.6634615384615384 0.53125 0.11899038461538461 0.18269230769230768
0 0.5456730769230769 0.5324519230769231 0.11658653846153846 0.18990384615384615
0 0.9194711538461539 0.5348557692307693 0.11899038461538461 0.18269230769230768
0 0.8389423076923077 0.6838942307692307 0.12139423076923077 0.17548076923076922
0 0.7175480769230769 0.6887019230769231 0.11658653846153846 0.1778846153846154
0 0.47596153846153844 0.6899038461538461 0.12139423076923077 0.18028846153846154
0 0.5985576923076923 0.6959134615384616 0.12139423076923077 0.18028846153846154
0 0.890625 0.8425480769230769 0.1141826923076923 0.1778846153846154
0 0.7728365384615384 0.8461538461538461 0.11658653846153846 0.18269230769230768
0 0.6514423076923077 0.8485576923076923 0.11899038461538461 0.17307692307692307
0 0.5300480769230769 0.8557692307692307 0.11899038461538461 0.1778846153846154
0 0.40625 0.8605769230769231 0.11899038461538461 0.18028846153846154