0 0.4182692307692308 0.039663461538461536 0.07692307692307693 0.07932692307692307
0 0.31850961538461536 0.04927884615384615 0.0829326923076923 0.09735576923076923
0 0.23677884615384615 0.10336538461538461 0.07211538461538461 0.09735576923076923
0 0.4639423076923077 0.11177884615384616 0.07211538461538461 0.11298076923076923
0 0.375 0.13221153846153846 0.07451923076923077 0.11057692307692307
0 0.28846153846153844 0.14423076923076922 0.09014423076923077 0.11298076923076923
0 0.4362980769230769 0.2127403846153846 0.08774038461538461 0.1201923076923077
0 0.49038461538461536 0.24519230769230768 0.020432692307692308 0.11538461538461539
0 0.17427884615384615 0.2548076923076923 0.09014423076923077 0.11298076923076923
0 0.07692307692307693 0.2956730769230769 0.09254807692307693 0.11538461538461539
0 0.43509615384615385 0.375 0.08533653846153846 0.12259615384615384
0 0.4891826923076923 0.3762019230769231 0.02283653846153846 0.12259615384615384
0 0.35216346153846156 0.41947115384615385 0.10216346153846154 0.13701923076923078
0 0.23317307692307693 0.42788461538461536 0.10216346153846154 0.14302884615384615
0 0.11538461538461539 0.4699519230769231 0.12980769230769232 0.09495192307692307
0 0.4519230769230769 0.48677884615384615 0.09014423076923077 0.0625
0 0.30288461538461536 0.49759615384615385 0.09975961538461539 0.039663461538461536
0 0.1466346153846154 0.16706730769230768 0.07451923076923077 0.07451923076923077
0 0.19230769230769232 0.07692307692307693 0.0625 0.08774038461538461
0 0.8197115384615384 0.3125 0.28966346153846156 0.4098557692307692
0 0.38822115384615385 0.9855769230769231 0.06490384615384616 0.028846153846153848
0 0.46033653846153844 0.9867788461538461 0.06490384615384616 0.026442307692307692
0 0.5528846153846154 0.6490384615384616 0.1045673076923077 0.23798076923076922
0 0.7091346153846154 0.7139423076923077 0.19951923076923078 0.25961538461538464
0 0.9074519230769231 0.8016826923076923 0.18509615384615385 0.2824519230769231