0 0.13942307692307693 0.4495192307692308 0.109375 0.12259615384615384
0 0.051682692307692304 0.41586538461538464 0.10336538461538461 0.18389423076923078
0 0.26322115384615385 0.4026442307692308 0.12259615384615384 0.1778846153846154
0 0.17668269230769232 0.27403846153846156 0.12740384615384615 0.19110576923076922
0 0.3954326923076923 0.25841346153846156 0.17067307692307693 0.2608173076923077
0 0.06129807692307692 0.21153846153846154 0.12259615384615384 0.20432692307692307
0 0.6117788461538461 0.4855769230769231 0.09014423076923077 0.05048076923076923
0 0.6995192307692307 0.4831730769230769 0.08533653846153846 0.055288461538461536
0 0.7824519230769231 0.48197115384615385 0.08533653846153846 0.05889423076923077
0 0.8617788461538461 0.47716346153846156 0.07932692307692307 0.06610576923076923
0 0.9387019230769231 0.47475961538461536 0.07932692307692307 0.07211538461538461
0 0.9891826923076923 0.4735576923076923 0.021634615384615384 0.07451923076923077
0 0.5805288461538461 0.3894230769230769 0.05048076923076923 0.17307692307692307
0 0.6466346153846154 0.3894230769230769 0.09254807692307693 0.16706730769230768
0 0.8221153846153846 0.38461538461538464 0.06971153846153846 0.15985576923076922
0 0.9615384615384616 0.38221153846153844 0.07692307692307693 0.15745192307692307
0 0.8894230769230769 0.38221153846153844 0.07692307692307693 0.15985576923076922
0 0.7824519230769231 0.3581730769230769 0.09014423076923077 0.16706730769230768
0 0.9038461538461539 0.2512019230769231 0.07692307692307693 0.140625
0 0.9723557692307693 0.24639423076923078 0.055288461538461536 0.1466346153846154
0 0.8449519230769231 0.24759615384615385 0.055288461538461536 0.15745192307692307
0 0.6754807692307693 0.24158653846153846 0.09014423076923077 0.16466346153846154
0 0.5949519230769231 0.23317307692307693 0.07692307692307693 0.16706730769230768
0 0.7920673076923077 0.21754807692307693 0.09014423076923077 0.1622596153846154
0 0.9867788461538461 0.11177884615384616 0.026442307692307692 0.14302884615384615
0 0.9362980769230769 0.10817307692307693 0.07932692307692307 0.14903846153846154
0 0.8581730769230769 0.10817307692307693 0.07692307692307693 0.15144230769230768
0 0.6959134615384616 0.09495192307692307 0.08533653846153846 0.15985576923076922
0 0.6105769230769231 0.09495192307692307 0.08774038461538461 0.16466346153846154
0 0.7800480769230769 0.09014423076923077 0.08533653846153846 0.12980769230769232
0 0.875 0.02403846153846154 0.07932692307692307 0.04807692307692308
0 0.7992788461538461 0.020432692307692308 0.0829326923076923 0.039663461538461536
0 0.9699519230769231 0.015625 0.06009615384615385 0.03125
0 0.7127403846153846 0.018028846153846152 0.08413461538461539 0.036057692307692304
0 0.6370192307692307 0.014423076923076924 0.08774038461538461 0.028846153846153848
0 0.578125 0.01201923076923077 0.04567307692307692 0.02403846153846154
0 0.11778846153846154 0.6322115384615384 0.17067307692307693 0.234375
0 0.7319711538461539 0.875 0.1622596153846154 0.24759615384615385
0 0.6009615384615384 0.8701923076923077 0.09014423076923077 0.23918269230769232
0 0.9795673076923077 0.8617788461538461 0.039663461538461536 0.23918269230769232
0 0.8149038461538461 0.6634615384615384 0.15985576923076922 0.24519230769230768
0 0.6514423076923077 0.6634615384615384 0.15985576923076922 0.24519230769230768
0 0.9435096153846154 0.6538461538461539 0.11298076923076923 0.23557692307692307
0 0.7295673076923077 0.5420673076923077 0.1622596153846154 0.06370192307692307