0 0.05889423076923077 0.25240384615384615 0.11778846153846154 0.17307692307692307
0 0.19591346153846154 0.2536057692307692 0.14302884615384615 0.17548076923076922
0 0.34134615384615385 0.25841346153846156 0.1502403846153846 0.17548076923076922
0 0.484375 0.25721153846153844 0.12259615384615384 0.18870192307692307
0 0.13341346153846154 0.36778846153846156 0.12980769230769232 0.09735576923076923
0 0.026442307692307692 0.36538461538461536 0.052884615384615384 0.10096153846153846
0 0.26802884615384615 0.3701923076923077 0.13822115384615385 0.09134615384615384
0 0.41346153846153844 0.37259615384615385 0.15264423076923078 0.08653846153846154
0 0.4326923076923077 0.09615384615384616 0.17067307692307693 0.19110576923076922
0 0.26322115384615385 0.09495192307692307 0.15865384615384615 0.18870192307692307
0 0.010817307692307692 0.09014423076923077 0.021634615384615384 0.18028846153846154
0 0.10096153846153846 0.09615384615384616 0.15504807692307693 0.19110576923076922
0 0.6117788461538461 0.15384615384615385 0.13221153846153846 0.3076923076923077
0 0.7223557692307693 0.15745192307692307 0.14543269230769232 0.3088942307692308
0 0.9447115384615384 0.171875 0.10576923076923077 0.34375
0 0.6574519230769231 0.375 0.1346153846153846 0.08173076923076923
0 0.8870192307692307 0.37740384615384615 0.19591346153846154 0.07692307692307693
0 0.9266826923076923 0.006009615384615385 0.1466346153846154 0.01201923076923077
0 0.484375 0.7475961538461539 0.12259615384615384 0.234375
0 0.13942307692307693 0.8653846153846154 0.17307692307692307 0.2692307692307692
0 0.3737980769230769 0.8810096153846154 0.140625 0.23677884615384615
0 0.27884615384615385 0.9194711538461539 0.1502403846153846 0.16105769230769232
0 0.4879807692307692 0.96875 0.11538461538461539 0.0625
0 0.11298076923076923 0.5060096153846154 0.1814903846153846 0.1814903846153846
0 0.3545673076923077 0.6129807692307693 0.1346153846153846 0.25
0 0.040865384615384616 0.6550480769230769 0.08173076923076923 0.3004807692307692
0 0.2283653846153846 0.7007211538461539 0.15865384615384615 0.25961538461538464
0 0.796875 0.4543269230769231 0.1045673076923077 0.07692307692307693
0 0.6021634615384616 0.5 0.11177884615384616 0.16826923076923078
0 0.9663461538461539 0.5204326923076923 0.06610576923076923 0.15865384615384615
0 0.8461538461538461 0.5216346153846154 0.13221153846153846 0.1814903846153846
0 0.6514423076923077 0.6622596153846154 0.125 0.15865384615384615
0 0.7824519230769231 0.6706730769230769 0.12980769230769232 0.1658653846153846
0 0.9194711538461539 0.6706730769230769 0.12740384615384615 0.16826923076923078
0 0.9711538461538461 0.8329326923076923 0.057692307692307696 0.18028846153846154
0 0.7536057692307693 0.8341346153846154 0.12980769230769232 0.16105769230769232
0 0.8834134615384616 0.8365384615384616 0.125 0.16826923076923078
0 0.6069711538461539 0.8545673076923077 0.12259615384615384 0.17307692307692307
0 0.5805288461538461 0.9447115384615384 0.06850961538461539 0.109375
0 0.9411057692307693 0.9519230769230769 0.11778846153846154 0.09615384615384616
0 0.6514423076923077 0.9723557692307693 0.1346153846153846 0.055288461538461536
0 0.7920673076923077 0.9819711538461539 0.14543269230769232 0.036057692307692304
0 0.9411057692307693 0.4326923076923077 0.030048076923076924 0.03365384615384615
0 0.9795673076923077 0.43028846153846156 0.030048076923076924 0.027644230769230768