0 0.057692307692307696 0.4050480769230769 0.11538461538461539 0.27524038461538464
0 0.33052884615384615 0.4026442307692308 0.09495192307692307 0.27524038461538464
0 0.20432692307692307 0.40384615384615385 0.1658653846153846 0.27283653846153844
0 0.12139423076923077 0.16826923076923078 0.1658653846153846 0.27524038461538464
0 0.018028846153846152 0.1622596153846154 0.036057692307692304 0.27283653846153844
0 0.28966346153846156 0.1622596153846154 0.16346153846153846 0.2776442307692308
0 0.203125 0.03365384615384615 0.1658653846153846 0.06610576923076923
0 0.06009615384615385 0.03245192307692308 0.1201923076923077 0.06370192307692307
0 0.3317307692307692 0.028846153846153848 0.09134615384615384 0.057692307692307696
0 0.016826923076923076 0.6045673076923077 0.03365384615384615 0.1935096153846154
0 0.11778846153846154 0.6009615384615384 0.15865384615384615 0.20192307692307693
0 0.2776442307692308 0.6009615384615384 0.15865384615384615 0.20192307692307693
0 0.7463942307692307 0.38461538461538464 0.19951923076923078 0.22956730769230768
0 0.8882211538461539 0.2860576923076923 0.18389423076923078 0.21394230769230768
0 0.5865384615384616 0.24759615384615385 0.19591346153846154 0.21394230769230768
0 0.4423076923076923 0.3605769230769231 0.12980769230769232 0.23197115384615385
0 0.8713942307692307 0.13341346153846154 0.1658653846153846 0.1502403846153846
0 0.7367788461538461 0.20432692307692307 0.16826923076923078 0.17908653846153846
0 0.44591346153846156 0.18990384615384615 0.13822115384615385 0.1814903846153846
0 0.8689903846153846 0.03245192307692308 0.14543269230769232 0.06370192307692307
0 0.7331730769230769 0.0625 0.1658653846153846 0.125
0 0.6021634615384616 0.014423076923076924 0.13822115384615385 0.027644230769230768
0 0.5961538461538461 0.09254807692307693 0.17307692307692307 0.15865384615384615
0 0.46033653846153844 0.054086538461538464 0.16105769230769232 0.10697115384615384
0 0.9723557692307693 0.1875 0.055288461538461536 0.16826923076923078
0 0.9663461538461539 0.055288461538461536 0.06610576923076923 0.109375
0 0.15144230769230768 0.8737980769230769 0.22716346153846154 0.25240384615384615
0 0.0625 0.8052884615384616 0.125 0.20673076923076922
0 0.34615384615384615 0.7896634615384616 0.06370192307692307 0.17548076923076922
0 0.6646634615384616 0.7548076923076923 0.08413461538461539 0.10697115384615384
0 0.9831730769230769 0.7536057692307693 0.03365384615384615 0.1045673076923077
0 0.4963942307692308 0.7536057692307693 0.07932692307692307 0.1045673076923077
0 0.8377403846153846 0.7536057692307693 0.08413461538461539 0.1045673076923077
0 0.5805288461538461 0.7536057692307693 0.08413461538461539 0.1045673076923077
0 0.7524038461538461 0.7524038461538461 0.08173076923076923 0.10216346153846154
0 0.9242788461538461 0.7536057692307693 0.08413461538461539 0.1045673076923077
0 0.5444711538461539 0.8545673076923077 0.08413461538461539 0.16346153846153846
0 0.6298076923076923 0.8545673076923077 0.08173076923076923 0.16105769230769232
0 0.8810096153846154 0.8545673076923077 0.08173076923076923 0.16346153846153846
0 0.7127403846153846 0.8545673076923077 0.08413461538461539 0.16346153846153846
0 0.7956730769230769 0.8545673076923077 0.08173076923076923 0.16105769230769232
0 0.9615384615384616 0.8521634615384616 0.07692307692307693 0.16346153846153846