0 0.027644230769230768 0.31850961538461536 0.055288461538461536 0.11778846153846154
0 0.30649038461538464 0.3112980769230769 0.18389423076923078 0.13221153846153846
0 0.4675480769230769 0.3269230769230769 0.12980769230769232 0.10216346153846154
0 0.1778846153846154 0.3173076923076923 0.1201923076923077 0.1201923076923077
0 0.038461538461538464 0.1502403846153846 0.07692307692307693 0.19951923076923078
0 0.31850961538461536 0.14903846153846154 0.12259615384615384 0.19951923076923078
0 0.4651442307692308 0.14423076923076922 0.1814903846153846 0.27283653846153844
0 0.13942307692307693 0.13822115384615385 0.17908653846153846 0.26322115384615385
0 0.18990384615384615 0.020432692307692308 0.125 0.040865384615384616
0 0.47716346153846156 0.013221153846153846 0.12740384615384615 0.025240384615384616
0 0.8377403846153846 0.3088942307692308 0.140625 0.13822115384615385
0 0.9639423076923077 0.31009615384615385 0.07091346153846154 0.1346153846153846
0 0.6862980769230769 0.296875 0.15865384615384615 0.16105769230769232
0 0.9266826923076923 0.13942307692307693 0.1466346153846154 0.20673076923076922
0 0.609375 0.12259615384615384 0.10697115384615384 0.21995192307692307
0 0.7584134615384616 0.11057692307692307 0.18990384615384615 0.22115384615384615
0 0.4699519230769231 0.8389423076923077 0.17307692307692307 0.32091346153846156
0 0.296875 0.8461538461538461 0.18990384615384615 0.3076923076923077
0 0.11778846153846154 0.8401442307692307 0.18870192307692307 0.31850961538461536
0 0.016826923076923076 0.84375 0.03365384615384615 0.3125
0 0.07091346153846154 0.5 0.14182692307692307 0.24519230769230768
0 0.5228365384615384 0.49158653846153844 0.06610576923076923 0.22716346153846154
0 0.4050480769230769 0.48677884615384615 0.18870192307692307 0.21995192307692307
0 0.22115384615384615 0.49759615384615385 0.1814903846153846 0.2403846153846154
0 0.8629807692307693 0.546875 0.21394230769230768 0.33653846153846156
0 0.9855769230769231 0.5444711538461539 0.027644230769230768 0.3293269230769231
0 0.6490384615384616 0.5408653846153846 0.18629807692307693 0.3269230769230769
0 0.9338942307692307 0.90625 0.13221153846153846 0.1875
0 0.7668269230769231 0.9014423076923077 0.20192307692307693 0.19591346153846154
0 0.609375 0.8966346153846154 0.10697115384615384 0.20673076923076922