0 0.8473557692307693 0.0829326923076923 0.20192307692307693 0.16466346153846154
0 0.4543269230769231 0.078125 0.19230769230769232 0.15625
0 0.9591346153846154 0.046875 0.08173076923076923 0.09375
0 0.6586538461538461 0.042067307692307696 0.14423076923076922 0.08413461538461539
0 0.9182692307692307 0.16826923076923078 0.1622596153846154 0.07091346153846154
0 0.5564903846153846 0.16466346153846154 0.20673076923076922 0.078125
0 0.7391826923076923 0.14182692307692307 0.15504807692307693 0.12620192307692307
0 0.40865384615384615 0.13341346153846154 0.09975961538461539 0.14182692307692307
0 0.03485576923076923 0.7175480769230769 0.06971153846153846 0.13221153846153846
0 0.25841346153846156 0.7079326923076923 0.15504807692307693 0.13822115384615385
0 0.14302884615384615 0.6454326923076923 0.1466346153846154 0.12860576923076922
0 0.2848557692307692 0.5949519230769231 0.13581730769230768 0.109375
0 0.054086538461538464 0.5925480769230769 0.10697115384615384 0.11298076923076923
0 0.1778846153846154 0.5348557692307693 0.14182692307692307 0.1045673076923077
0 0.2956730769230769 0.4855769230769231 0.12620192307692307 0.10697115384615384
0 0.07692307692307693 0.484375 0.1310096153846154 0.10216346153846154
0 0.1971153846153846 0.43509615384615385 0.12860576923076922 0.09975961538461539
0 0.015625 0.3870192307692308 0.03125 0.1045673076923077
0 0.0985576923076923 0.36899038461538464 0.1201923076923077 0.09375
0 0.30288461538461536 0.3545673076923077 0.11298076923076923 0.09735576923076923
0 0.21033653846153846 0.3112980769230769 0.1201923076923077 0.09134615384615384
0 0.953125 0.9242788461538461 0.09375 0.15144230769230768
0 0.9591346153846154 0.71875 0.08173076923076923 0.19110576923076922
0 0.9771634615384616 0.4675480769230769 0.04447115384615385 0.19110576923076922