0 0.040865384615384616 0.06850961538461539 0.08173076923076923 0.13701923076923078
0 0.16826923076923078 0.0733173076923077 0.16826923076923078 0.1466346153846154
0 0.3401442307692308 0.0733173076923077 0.17067307692307693 0.1466346153846154
0 0.5096153846153846 0.0733173076923077 0.16826923076923078 0.1466346153846154
0 0.5709134615384616 0.2548076923076923 0.12620192307692307 0.25841346153846156
0 0.42788461538461536 0.25841346153846156 0.1658653846153846 0.25240384615384615
0 0.0829326923076923 0.25961538461538464 0.1658653846153846 0.2548076923076923
0 0.2548076923076923 0.2668269230769231 0.16826923076923078 0.25240384615384615
0 0.36658653846153844 0.6826923076923077 0.07932692307692307 0.11538461538461539
0 0.036057692307692304 0.7692307692307693 0.07091346153846154 0.11298076923076923
0 0.32572115384615385 0.7764423076923077 0.06850961538461539 0.09975961538461539
0 0.39903846153846156 0.7764423076923077 0.06850961538461539 0.09975961538461539
0 0.18269230769230768 0.7776442307692307 0.0733173076923077 0.11298076923076923
0 0.2548076923076923 0.7788461538461539 0.06850961538461539 0.10216346153846154
0 0.47836538461538464 0.78125 0.07572115384615384 0.11538461538461539
0 0.11057692307692307 0.7860576923076923 0.0733173076923077 0.10216346153846154
0 0.5685096153846154 0.8004807692307693 0.07932692307692307 0.11538461538461539
0 0.14302884615384615 0.8665865384615384 0.06610576923076923 0.09975961538461539
0 0.07211538461538461 0.8846153846153846 0.07572115384615384 0.11057692307692307
0 0.44471153846153844 0.8942307692307693 0.06610576923076923 0.10576923076923077
0 0.29927884615384615 0.9014423076923077 0.07932692307692307 0.11538461538461539
0 0.5961538461538461 0.9038461538461539 0.0733173076923077 0.10576923076923077
0 0.5228365384615384 0.9038461538461539 0.07091346153846154 0.10576923076923077
0 0.015625 0.9182692307692307 0.03125 0.11057692307692307
0 0.22235576923076922 0.9278846153846154 0.08173076923076923 0.12139423076923077
0 0.3942307692307692 0.9471153846153846 0.0889423076923077 0.10576923076923077
0 0.7608173076923077 0.7175480769230769 0.25240384615384615 0.46033653846153844
0 0.9447115384615384 0.7211538461538461 0.11057692307692307 0.484375
0 0.8665865384615384 0.9495192307692307 0.265625 0.09975961538461539
0 0.9507211538461539 0.46033653846153844 0.09735576923076923 0.1310096153846154