0 0.02283653846153846 0.421875 0.04447115384615385 0.11538461538461539
0 0.046875 0.5144230769230769 0.06850961538461539 0.09735576923076923
0 0.18870192307692307 0.5120192307692307 0.0733173076923077 0.10216346153846154
0 0.11778846153846154 0.5144230769230769 0.06850961538461539 0.09735576923076923
0 0.23677884615384615 0.5180288461538461 0.02403846153846154 0.0889423076923077
0 0.7211538461538461 0.09735576923076923 0.15504807692307693 0.15985576923076922
0 0.9411057692307693 0.016826923076923076 0.08653846153846154 0.03365384615384615
0 0.9783653846153846 0.03245192307692308 0.04326923076923077 0.06490384615384616
0 0.8713942307692307 0.22235576923076922 0.09375 0.13581730769230768
0 0.96875 0.23557692307692307 0.0625 0.13581730769230768
0 0.7896634615384616 0.3641826923076923 0.15504807692307693 0.15985576923076922
0 0.6490384615384616 0.3641826923076923 0.13581730769230768 0.1466346153846154
0 0.5396634615384616 0.3629807692307692 0.109375 0.13581730769230768
0 0.43990384615384615 0.35216346153846156 0.09975961538461539 0.12620192307692307
0 0.3701923076923077 0.34975961538461536 0.10216346153846154 0.12860576923076922
0 0.29447115384615385 0.3485576923076923 0.08173076923076923 0.109375
0 0.26322115384615385 0.34134615384615385 0.028846153846153848 0.10216346153846154
0 0.8713942307692307 0.49038461538461536 0.09375 0.14423076923076922
0 0.9579326923076923 0.48677884615384615 0.0733173076923077 0.1310096153846154
0 0.9903846153846154 0.47596153846153844 0.018028846153846152 0.1201923076923077
0 0.6790865384615384 0.546875 0.13341346153846154 0.03125
0 0.5540865384615384 0.5396634615384616 0.11778846153846154 0.046875
0 0.44591346153846156 0.53125 0.10697115384615384 0.0625
0 0.36538461538461536 0.5300480769230769 0.08653846153846154 0.06490384615384616
0 0.28846153846153844 0.5204326923076923 0.078125 0.08413461538461539
0 0.3798076923076923 0.140625 0.09134615384615384 0.13341346153846154
0 0.30288461538461536 0.15144230769230768 0.06490384615384616 0.1201923076923077
0 0.2608173076923077 0.15985576923076922 0.02403846153846154 0.109375
0 0.5793269230769231 0.11538461538461539 0.12620192307692307 0.15745192307692307
0 0.4699519230769231 0.12860576923076922 0.1045673076923077 0.13341346153846154
0 0.03365384615384615 0.703125 0.0673076923076923 0.1658653846153846
0 0.1971153846153846 0.7752403846153846 0.09735576923076923 0.15144230769230768
0 0.10096153846153846 0.8088942307692307 0.08413461538461539 0.12860576923076922
0 0.22596153846153846 0.9110576923076923 0.04447115384615385 0.11538461538461539
0 0.030048076923076924 0.9447115384615384 0.06009615384615385 0.109375
0 0.23197115384615385 0.6213942307692307 0.03365384615384615 0.11778846153846154
0 0.1466346153846154 0.6382211538461539 0.0889423076923077 0.13822115384615385
0 0.8737980769230769 0.6213942307692307 0.1201923076923077 0.11778846153846154
0 0.6778846153846154 0.765625 0.13822115384615385 0.23557692307692307
0 0.8329326923076923 0.765625 0.12620192307692307 0.22235576923076922
0 0.984375 0.7692307692307693 0.03125 0.23557692307692307
0 0.5673076923076923 0.9206730769230769 0.12980769230769232 0.15865384615384615
0 0.8918269230769231 0.9242788461538461 0.11778846153846154 0.15144230769230768
0 0.7632211538461539 0.9266826923076923 0.13341346153846154 0.1466346153846154