0 0.38341346153846156 0.29086538461538464 0.0733173076923077 0.1502403846153846
0 0.4110576923076923 0.16466346153846154 0.04927884615384615 0.14783653846153846
0 0.3473557692307692 0.15865384615384615 0.0733173076923077 0.14783653846153846
0 0.42788461538461536 0.056490384615384616 0.016826923076923076 0.11298076923076923
0 0.38341346153846156 0.052884615384615384 0.07091346153846154 0.10576923076923077
0 0.3088942307692308 0.05048076923076923 0.07091346153846154 0.10096153846153846
0 0.4110576923076923 0.41346153846153844 0.04927884615384615 0.14302884615384615
0 0.8834134615384616 0.06850961538461539 0.10336538461538461 0.13701923076923078
0 0.9663461538461539 0.07692307692307693 0.06610576923076923 0.15264423076923078
0 0.6442307692307693 0.06610576923076923 0.10576923076923077 0.13221153846153846
0 0.5120192307692307 0.07211538461538461 0.13942307692307693 0.14423076923076922
0 0.7584134615384616 0.07211538461538461 0.1466346153846154 0.14423076923076922
0 0.9735576923076923 0.39783653846153844 0.051682692307692304 0.17427884615384615
0 0.7728365384615384 0.39903846153846156 0.15264423076923078 0.171875
0 0.5276442307692307 0.39903846153846156 0.13822115384615385 0.171875
0 0.8954326923076923 0.40625 0.10576923076923077 0.15745192307692307
0 0.6550480769230769 0.4074519230769231 0.10817307692307693 0.15504807692307693
0 0.0829326923076923 0.7860576923076923 0.1658653846153846 0.42788461538461536
0 0.4951923076923077 0.8545673076923077 0.11778846153846154 0.29086538461538464