0 0.051682692307692304 0.36899038461538464 0.10336538461538461 0.18028846153846154
0 0.19471153846153846 0.3641826923076923 0.1875 0.18990384615384615
0 0.38461538461538464 0.3605769230769231 0.18269230769230768 0.1971153846153846
0 0.546875 0.3581730769230769 0.14182692307692307 0.20192307692307693
0 0.10216346153846154 0.17067307692307693 0.18269230769230768 0.27884615384615385
0 0.28846153846153844 0.16466346153846154 0.18509615384615385 0.28125
0 0.47596153846153844 0.16105769230769232 0.18509615384615385 0.28125
0 0.8389423076923077 0.44711538461538464 0.08173076923076923 0.02403846153846154
0 0.7512019230769231 0.4387019230769231 0.09375 0.040865384615384616
0 0.9771634615384616 0.35216346153846156 0.04567307692307692 0.12259615384615384
0 0.9134615384615384 0.33774038461538464 0.09134615384615384 0.14182692307692307
0 0.7331730769230769 0.3269230769230769 0.07932692307692307 0.125
0 0.65625 0.3112980769230769 0.07692307692307693 0.14182692307692307
0 0.8173076923076923 0.3076923076923077 0.09375 0.14182692307692307
0 0.9050480769230769 0.21995192307692307 0.08173076923076923 0.11298076923076923
0 0.9735576923076923 0.20432692307692307 0.052884615384615384 0.13942307692307693
0 0.6538461538461539 0.1935096153846154 0.07211538461538461 0.10817307692307693
0 0.8233173076923077 0.1935096153846154 0.08413461538461539 0.11538461538461539
0 0.7355769230769231 0.1814903846153846 0.09615384615384616 0.14182692307692307
0 0.9747596153846154 0.08774038461538461 0.05048076923076923 0.11298076923076923
0 0.9086538461538461 0.07692307692307693 0.09134615384615384 0.1466346153846154
0 0.734375 0.0673076923076923 0.07932692307692307 0.1201923076923077
0 0.6550480769230769 0.06370192307692307 0.07451923076923077 0.12740384615384615
0 0.8149038461538461 0.057692307692307696 0.09134615384615384 0.11538461538461539
0 0.53125 0.5733173076923077 0.17307692307692307 0.2283653846153846
0 0.8233173076923077 0.9951923076923077 0.03125 0.009615384615384616
0 0.8521634615384616 0.9927884615384616 0.03125 0.014423076923076924
0 0.8798076923076923 0.9915865384615384 0.028846153846153848 0.016826923076923076
0 0.9098557692307693 0.9903846153846154 0.03125 0.019230769230769232
0 0.6262019230769231 0.9867788461538461 0.016826923076923076 0.026442307692307692
0 0.6490384615384616 0.984375 0.03365384615384615 0.03125
0 0.6802884615384616 0.9831730769230769 0.03365384615384615 0.03365384615384615
0 0.7115384615384616 0.9831730769230769 0.03365384615384615 0.03365384615384615
0 0.7415865384615384 0.9795673076923077 0.03125 0.040865384615384616
0 0.7728365384615384 0.9783653846153846 0.03125 0.04326923076923077
0 0.8016826923076923 0.9771634615384616 0.03125 0.04567307692307692
0 0.8317307692307693 0.9747596153846154 0.03125 0.04567307692307692
0 0.8605769230769231 0.9723557692307693 0.028846153846153848 0.04807692307692308
0 0.8894230769230769 0.9699519230769231 0.028846153846153848 0.04326923076923077
0 0.9170673076923077 0.9663461538461539 0.03125 0.040865384615384616
0 0.6322115384615384 0.9567307692307693 0.028846153846153848 0.04807692307692308
0 0.6610576923076923 0.9543269230769231 0.03365384615384615 0.04567307692307692
0 0.6923076923076923 0.9519230769230769 0.03125 0.04326923076923077
0 0.7235576923076923 0.9495192307692307 0.03125 0.04807692307692308
0 0.7536057692307693 0.9459134615384616 0.03125 0.04807692307692308
0 0.7824519230769231 0.9435096153846154 0.028846153846153848 0.04567307692307692
0 0.8125 0.9399038461538461 0.03125 0.04567307692307692
0 0.8413461538461539 0.9375 0.03125 0.04567307692307692
0 0.8701923076923077 0.9338942307692307 0.03125 0.04326923076923077
0 0.8978365384615384 0.9314903846153846 0.03125 0.04326923076923077
0 0.6213942307692307 0.921875 0.007211538461538462 0.04567307692307692
0 0.6418269230769231 0.9194711538461539 0.03365384615384615 0.04567307692307692
0 0.671875 0.9170673076923077 0.03365384615384615 0.04567307692307692
0 0.703125 0.9146634615384616 0.03125 0.04326923076923077
0 0.7331730769230769 0.9122596153846154 0.03125 0.04326923076923077
0 0.7620192307692307 0.9098557692307693 0.03125 0.04326923076923077
0 0.7920673076923077 0.90625 0.03125 0.04567307692307692
0 0.8209134615384616 0.9038461538461539 0.03125 0.04326923076923077
0 0.8497596153846154 0.9014423076923077 0.03125 0.04567307692307692
0 0.8774038461538461 0.8978365384615384 0.028846153846153848 0.04326923076923077
0 0.90625 0.8954326923076923 0.03125 0.040865384615384616
0 0.6274038461538461 0.8858173076923077 0.019230769230769232 0.04567307692307692
0 0.6526442307692307 0.8834134615384616 0.03125 0.04326923076923077
0 0.6826923076923077 0.8798076923076923 0.03125 0.04326923076923077
0 0.7139423076923077 0.8774038461538461 0.03125 0.04326923076923077
0 0.7427884615384616 0.8762019230769231 0.03125 0.04326923076923077
0 0.7716346153846154 0.8737980769230769 0.03125 0.04326923076923077
0 0.8004807692307693 0.8713942307692307 0.03125 0.04326923076923077
0 0.8293269230769231 0.8677884615384616 0.028846153846153848 0.04326923076923077
0 0.8581730769230769 0.8641826923076923 0.028846153846153848 0.04326923076923077
0 0.8870192307692307 0.8617788461538461 0.03125 0.04326923076923077
0 0.6334134615384616 0.8497596153846154 0.03125 0.04326923076923077
0 0.6634615384615384 0.8473557692307693 0.03125 0.04326923076923077
0 0.6935096153846154 0.8449519230769231 0.03125 0.04326923076923077
0 0.7235576923076923 0.8425480769230769 0.03125 0.04326923076923077
0 0.7524038461538461 0.8401442307692307 0.03125 0.04326923076923077
0 0.78125 0.8377403846153846 0.028846153846153848 0.04326923076923077
0 0.8100961538461539 0.8353365384615384 0.028846153846153848 0.04326923076923077
0 0.8389423076923077 0.8317307692307693 0.03125 0.040865384615384616
0 0.8665865384615384 0.8293269230769231 0.028846153846153848 0.04326923076923077
0 0.8930288461538461 0.828125 0.026442307692307692 0.040865384615384616
0 0.6237980769230769 0.8149038461538461 0.01201923076923077 0.04326923076923077
0 0.6442307692307693 0.8137019230769231 0.03125 0.04326923076923077
0 0.6754807692307693 0.8112980769230769 0.03125 0.04326923076923077
0 0.7043269230769231 0.8088942307692307 0.028846153846153848 0.04326923076923077
0 0.7331730769230769 0.8076923076923077 0.028846153846153848 0.04326923076923077
0 0.7620192307692307 0.8052884615384616 0.028846153846153848 0.04326923076923077
0 0.7908653846153846 0.8028846153846154 0.03125 0.04326923076923077
0 0.8185096153846154 0.8016826923076923 0.028846153846153848 0.04326923076923077
0 0.8461538461538461 0.7980769230769231 0.03125 0.038461538461538464
0 0.875 0.796875 0.028846153846153848 0.04326923076923077
0 0.6286057692307693 0.7800480769230769 0.021634615384615384 0.040865384615384616
0 0.6550480769230769 0.7788461538461539 0.03125 0.040865384615384616
0 0.6850961538461539 0.7788461538461539 0.028846153846153848 0.04326923076923077
0 0.7427884615384616 0.7728365384615384 0.028846153846153848 0.04326923076923077
0 0.7139423076923077 0.7728365384615384 0.028846153846153848 0.04326923076923077
0 0.7716346153846154 0.7704326923076923 0.028846153846153848 0.04326923076923077
0 0.7992788461538461 0.7692307692307693 0.028846153846153848 0.040865384615384616
0 0.8257211538461539 0.7668269230769231 0.028846153846153848 0.038461538461538464
0 0.8557692307692307 0.765625 0.028846153846153848 0.040865384615384616
0 0.8834134615384616 0.7644230769230769 0.028846153846153848 0.040865384615384616
0 0.6370192307692307 0.7463942307692307 0.03125 0.040865384615384616
0 0.6658653846153846 0.7451923076923077 0.03125 0.04326923076923077
0 0.6959134615384616 0.7427884615384616 0.03125 0.040865384615384616
0 0.7235576923076923 0.7415865384615384 0.028846153846153848 0.040865384615384616
0 0.7524038461538461 0.7391826923076923 0.028846153846153848 0.038461538461538464
0 0.78125 0.7367788461538461 0.03125 0.038461538461538464
0 0.8365384615384616 0.734375 0.028846153846153848 0.04326923076923077
0 0.8088942307692307 0.734375 0.03125 0.038461538461538464
0 0.8653846153846154 0.7331730769230769 0.028846153846153848 0.038461538461538464
0 0.625 0.7127403846153846 0.014423076923076924 0.040865384615384616
0 0.6478365384615384 0.7127403846153846 0.03125 0.04326923076923077
0 0.6766826923076923 0.7115384615384616 0.03125 0.040865384615384616
0 0.7067307692307693 0.7091346153846154 0.03125 0.040865384615384616
0 0.734375 0.7079326923076923 0.028846153846153848 0.040865384615384616
0 0.7620192307692307 0.7067307692307693 0.028846153846153848 0.040865384615384616
0 0.7908653846153846 0.7043269230769231 0.03125 0.040865384615384616
0 0.8185096153846154 0.703125 0.03125 0.04326923076923077
0 0.8725961538461539 0.7019230769230769 0.026442307692307692 0.038461538461538464
0 0.8461538461538461 0.7019230769230769 0.028846153846153848 0.040865384615384616
0 0.6586538461538461 0.6790865384615384 0.028846153846153848 0.04326923076923077
0 0.6310096153846154 0.6778846153846154 0.026442307692307692 0.038461538461538464
0 0.6875 0.6778846153846154 0.03125 0.04326923076923077
0 0.7163461538461539 0.6766826923076923 0.03125 0.040865384615384616
0 0.7439903846153846 0.6742788461538461 0.028846153846153848 0.040865384615384616
0 0.7728365384615384 0.671875 0.028846153846153848 0.036057692307692304
0 0.7992788461538461 0.671875 0.028846153846153848 0.040865384615384616
0 0.8557692307692307 0.6694711538461539 0.026442307692307692 0.038461538461538464
0 0.8305288461538461 0.6694711538461539 0.028846153846153848 0.040865384615384616
0 0.6225961538461539 0.6454326923076923 0.009615384615384616 0.040865384615384616
0 0.6430288461538461 0.6454326923076923 0.03365384615384615 0.04326923076923077
0 0.671875 0.6442307692307693 0.03365384615384615 0.04326923076923077
0 0.7259615384615384 0.6430288461538461 0.03125 0.040865384615384616
0 0.8617788461538461 0.6418269230769231 0.026442307692307692 0.038461538461538464
0 0.6995192307692307 0.640625 0.03125 0.040865384615384616
0 0.7536057692307693 0.640625 0.03125 0.040865384615384616
0 0.7824519230769231 0.640625 0.03125 0.040865384615384616
0 0.8100961538461539 0.6394230769230769 0.028846153846153848 0.038461538461538464
0 0.8365384615384616 0.6394230769230769 0.028846153846153848 0.038461538461538464