0 0.17908653846153846 0.04807692307692308 0.13942307692307693 0.09615384615384616
0 0.046875 0.04567307692307692 0.09375 0.09134615384615384
0 0.03485576923076923 0.19591346153846154 0.06850961538461539 0.33052884615384615
0 0.13701923076923078 0.2127403846153846 0.1466346153846154 0.22596153846153846
0 0.06490384615384616 0.4026442307692308 0.12980769230769232 0.19831730769230768
0 0.19951923076923078 0.4170673076923077 0.0985576923076923 0.23076923076923078
0 0.8365384615384616 0.1502403846153846 0.25600961538461536 0.15504807692307693
0 0.42788461538461536 0.16706730769230768 0.2620192307692308 0.16706730769230768
0 0.3088942307692308 0.22596153846153846 0.11899038461538461 0.12139423076923077
0 0.5901442307692307 0.33052884615384615 0.3329326923076923 0.22596153846153846
0 0.36778846153846156 0.38822115384615385 0.23798076923076922 0.17307692307692307
0 0.9038461538461539 0.39302884615384615 0.19230769230769232 0.17307692307692307
0 0.31971153846153844 0.4675480769230769 0.14182692307692307 0.13221153846153846
0 0.8269230769230769 0.46875 0.3449519230769231 0.12980769230769232
0 0.5721153846153846 0.5060096153846154 0.2620192307692308 0.052884615384615384
0 0.9855769230769231 0.042067307692307696 0.027644230769230768 0.08413461538461539
0 0.6778846153846154 0.054086538461538464 0.2644230769230769 0.10817307692307693
0 0.32211538461538464 0.0625 0.1466346153846154 0.12379807692307693
0 0.9170673076923077 0.07211538461538461 0.16466346153846154 0.1141826923076923
0 0.6658653846153846 0.19471153846153846 0.18509615384615385 0.11177884615384616
0 0.5180288461538461 0.08173076923076923 0.1778846153846154 0.10096153846153846
0 0.5973557692307693 0.765625 0.5649038461538461 0.46875