0 0.24158653846153846 0.17668269230769232 0.22716346153846154 0.3449519230769231
0 0.0625 0.4170673076923077 0.125 0.28966346153846156
0 0.21153846153846154 0.4987980769230769 0.1875 0.24278846153846154
0 0.6490384615384616 0.23557692307692307 0.07451923076923077 0.11538461538461539
0 0.5661057692307693 0.29927884615384615 0.07692307692307693 0.11538461538461539
0 0.6177884615384616 0.3233173076923077 0.06490384615384616 0.11057692307692307
0 0.7884615384615384 0.3545673076923077 0.055288461538461536 0.0829326923076923
0 0.5492788461538461 0.3798076923076923 0.07211538461538461 0.10697115384615384
0 0.6875 0.39783653846153844 0.07451923076923077 0.11778846153846154
0 0.4855769230769231 0.4098557692307692 0.06009615384615385 0.09495192307692307
0 0.7704326923076923 0.4098557692307692 0.0625 0.09735576923076923
0 0.8221153846153846 0.4254807692307692 0.057692307692307696 0.09014423076923077
0 0.4326923076923077 0.4254807692307692 0.030048076923076924 0.11057692307692307
0 0.9230769230769231 0.4879807692307692 0.06009615384615385 0.09254807692307693
0 0.9771634615384616 0.49278846153846156 0.04447115384615385 0.09495192307692307
0 0.71875 0.5024038461538461 0.0625 0.09975961538461539
0 0.6418269230769231 0.5024038461538461 0.0625 0.09735576923076923
0 0.5757211538461539 0.5324519230769231 0.0625 0.09735576923076923
0 0.5048076923076923 0.5360576923076923 0.0625 0.09495192307692307
0 0.6742788461538461 0.5721153846153846 0.06490384615384616 0.09495192307692307
0 0.8930288461538461 0.5733173076923077 0.06009615384615385 0.09254807692307693
0 0.8341346153846154 0.5757211538461539 0.0625 0.08774038461538461
0 0.44591346153846156 0.5757211538461539 0.057692307692307696 0.08774038461538461
0 0.9579326923076923 0.5805288461538461 0.06009615384615385 0.08052884615384616
0 0.7512019230769231 0.5829326923076923 0.0625 0.07451923076923077
0 0.5492788461538461 0.59375 0.0625 0.052884615384615384
0 0.4795673076923077 0.5973557692307693 0.06009615384615385 0.04447115384615385
0 0.03125 0.6706730769230769 0.0625 0.10216346153846154
0 0.13701923076923078 0.6790865384615384 0.1502403846153846 0.11778846153846154
0 0.29447115384615385 0.6838942307692307 0.15504807692307693 0.12740384615384615
0 0.06490384615384616 0.7800480769230769 0.12980769230769232 0.14543269230769232
0 0.20793269230769232 0.7908653846153846 0.14302884615384615 0.15745192307692307
0 0.35336538461538464 0.8149038461538461 0.12740384615384615 0.16466346153846154
0 0.027644230769230768 0.9074519230769231 0.055288461538461536 0.14543269230769232
0 0.12860576923076922 0.9146634615384616 0.13701923076923078 0.14302884615384615
0 0.26802884615384615 0.9278846153846154 0.1466346153846154 0.14423076923076922
0 0.39302884615384615 0.9447115384615384 0.05048076923076923 0.11057692307692307
0 0.06009615384615385 0.9927884615384616 0.1201923076923077 0.014423076923076924
0 0.18629807692307693 0.9927884615384616 0.13701923076923078 0.014423076923076924
0 0.32211538461538464 0.9939903846153846 0.1346153846153846 0.01201923076923077
0 0.4026442307692308 0.6875 0.030048076923076924 0.1346153846153846
0 0.8173076923076923 0.8100961538461539 0.03245192307692308 0.04447115384615385
0 0.7872596153846154 0.8100961538461539 0.03245192307692308 0.04447115384615385
0 0.7560096153846154 0.8112980769230769 0.03245192307692308 0.04807692307692308
0 0.8810096153846154 0.8112980769230769 0.03245192307692308 0.04807692307692308
0 0.8485576923076923 0.8112980769230769 0.03245192307692308 0.04447115384615385
0 0.9122596153846154 0.8112980769230769 0.03245192307692308 0.04807692307692308
0 0.9435096153846154 0.8112980769230769 0.03245192307692308 0.04807692307692308
0 0.9747596153846154 0.8125 0.03245192307692308 0.04447115384615385
0 0.9939903846153846 0.8112980769230769 0.01201923076923077 0.042067307692307696
0 0.7247596153846154 0.8125 0.03485576923076923 0.04447115384615385
0 0.6923076923076923 0.8137019230769231 0.03245192307692308 0.04807692307692308
0 0.6610576923076923 0.8137019230769231 0.03245192307692308 0.04807692307692308
0 0.4723557692307692 0.8137019230769231 0.03245192307692308 0.04807692307692308
0 0.43990384615384615 0.8137019230769231 0.03245192307692308 0.04807692307692308
0 0.5985576923076923 0.8137019230769231 0.03245192307692308 0.04447115384615385
0 0.5673076923076923 0.8137019230769231 0.03485576923076923 0.04807692307692308
0 0.6298076923076923 0.8149038461538461 0.03245192307692308 0.04447115384615385
0 0.5360576923076923 0.8149038461538461 0.03245192307692308 0.04447115384615385
0 0.5036057692307693 0.8149038461538461 0.03245192307692308 0.04447115384615385
0 0.8317307692307693 0.8461538461538461 0.03245192307692308 0.04807692307692308
0 0.8629807692307693 0.8461538461538461 0.03245192307692308 0.04807692307692308
0 0.8004807692307693 0.8473557692307693 0.030048076923076924 0.04447115384615385
0 0.8942307692307693 0.8473557692307693 0.03245192307692308 0.04447115384615385
0 0.7692307692307693 0.8473557692307693 0.03245192307692308 0.04447115384615385
0 0.9567307692307693 0.8473557692307693 0.030048076923076924 0.04447115384615385
0 0.9254807692307693 0.8473557692307693 0.03245192307692308 0.04447115384615385
0 0.984375 0.8461538461538461 0.03125 0.04326923076923077
0 0.7379807692307693 0.8485576923076923 0.030048076923076924 0.04447115384615385
0 0.7079326923076923 0.8497596153846154 0.03245192307692308 0.04447115384615385
0 0.6754807692307693 0.8497596153846154 0.03245192307692308 0.04447115384615385
0 0.6454326923076923 0.8509615384615384 0.03245192307692308 0.04447115384615385
0 0.6141826923076923 0.8509615384615384 0.03245192307692308 0.04447115384615385
0 0.5829326923076923 0.8509615384615384 0.03245192307692308 0.04447115384615385
0 0.5516826923076923 0.8509615384615384 0.030048076923076924 0.04447115384615385
0 0.5204326923076923 0.8509615384615384 0.03245192307692308 0.04447115384615385
0 0.4891826923076923 0.8509615384615384 0.03245192307692308 0.04447115384615385
0 0.4579326923076923 0.8509615384615384 0.03245192307692308 0.04807692307692308
0 0.42908653846153844 0.8497596153846154 0.02283653846153846 0.04447115384615385
0 0.8449519230769231 0.8822115384615384 0.03245192307692308 0.04447115384615385
0 0.90625 0.8822115384615384 0.03245192307692308 0.04447115384615385
0 0.875 0.8822115384615384 0.03245192307692308 0.042067307692307696
0 0.8137019230769231 0.8822115384615384 0.03245192307692308 0.042067307692307696
0 0.7824519230769231 0.8834134615384616 0.03245192307692308 0.04447115384615385
0 0.96875 0.8834134615384616 0.03245192307692308 0.04447115384615385
0 0.9387019230769231 0.8834134615384616 0.03245192307692308 0.042067307692307696
0 0.9903846153846154 0.8810096153846154 0.019230769230769232 0.04567307692307692
0 0.7512019230769231 0.8846153846153846 0.03245192307692308 0.04447115384615385
0 0.7199519230769231 0.8846153846153846 0.03245192307692308 0.04447115384615385
0 0.6887019230769231 0.8858173076923077 0.03245192307692308 0.04447115384615385
0 0.6586538461538461 0.8858173076923077 0.03245192307692308 0.04447115384615385
0 0.6274038461538461 0.8858173076923077 0.03245192307692308 0.04447115384615385
0 0.5973557692307693 0.8858173076923077 0.03245192307692308 0.04447115384615385
0 0.5661057692307693 0.8870192307692307 0.030048076923076924 0.04447115384615385
0 0.5348557692307693 0.8870192307692307 0.030048076923076924 0.04447115384615385
0 0.5048076923076923 0.8870192307692307 0.030048076923076924 0.04447115384615385
0 0.4735576923076923 0.8870192307692307 0.03245192307692308 0.04447115384615385
0 0.4230769230769231 0.8870192307692307 0.009615384615384616 0.04447115384615385
0 0.4423076923076923 0.8870192307692307 0.03245192307692308 0.04447115384615385
0 0.9182692307692307 0.9170673076923077 0.030048076923076924 0.042067307692307696
0 0.8870192307692307 0.9170673076923077 0.03245192307692308 0.04447115384615385
0 0.8569711538461539 0.9170673076923077 0.030048076923076924 0.04447115384615385
0 0.8257211538461539 0.9170673076923077 0.03245192307692308 0.04447115384615385
0 0.7956730769230769 0.9182692307692307 0.03245192307692308 0.04447115384615385
0 0.9495192307692307 0.9182692307692307 0.03245192307692308 0.04447115384615385
0 0.9795673076923077 0.9182692307692307 0.030048076923076924 0.042067307692307696
0 0.7644230769230769 0.9194711538461539 0.03245192307692308 0.04447115384615385
0 0.7331730769230769 0.9194711538461539 0.03245192307692308 0.042067307692307696
0 0.7019230769230769 0.9206730769230769 0.03245192307692308 0.04447115384615385
0 0.6730769230769231 0.9206730769230769 0.03245192307692308 0.042067307692307696
0 0.6430288461538461 0.9206730769230769 0.03245192307692308 0.042067307692307696
0 0.6117788461538461 0.9206730769230769 0.03245192307692308 0.042067307692307696
0 0.5817307692307693 0.9206730769230769 0.030048076923076924 0.042067307692307696
0 0.5504807692307693 0.9230769230769231 0.030048076923076924 0.042067307692307696
0 0.5204326923076923 0.9230769230769231 0.030048076923076924 0.042067307692307696
0 0.4891826923076923 0.9230769230769231 0.03245192307692308 0.042067307692307696
0 0.43028846153846156 0.9206730769230769 0.025240384615384616 0.042067307692307696
0 0.4579326923076923 0.9230769230769231 0.03245192307692308 0.042067307692307696
0 0.9302884615384616 0.9519230769230769 0.03245192307692308 0.039663461538461536
0 0.9002403846153846 0.9519230769230769 0.030048076923076924 0.042067307692307696
0 0.9603365384615384 0.9519230769230769 0.030048076923076924 0.039663461538461536
0 0.8701923076923077 0.9519230769230769 0.030048076923076924 0.042067307692307696
0 0.8389423076923077 0.9519230769230769 0.03245192307692308 0.042067307692307696
0 0.8088942307692307 0.9543269230769231 0.03245192307692308 0.042067307692307696
0 0.9855769230769231 0.953125 0.028846153846153848 0.040865384615384616
0 0.7788461538461539 0.9543269230769231 0.03245192307692308 0.04447115384615385
0 0.7475961538461539 0.9555288461538461 0.03245192307692308 0.042067307692307696
0 0.7163461538461539 0.9555288461538461 0.03245192307692308 0.042067307692307696
0 0.6862980769230769 0.9555288461538461 0.030048076923076924 0.042067307692307696
0 0.65625 0.9567307692307693 0.030048076923076924 0.042067307692307696
0 0.625 0.9567307692307693 0.03245192307692308 0.042067307692307696
0 0.5961538461538461 0.9567307692307693 0.030048076923076924 0.042067307692307696
0 0.5649038461538461 0.9567307692307693 0.030048076923076924 0.042067307692307696
0 0.5348557692307693 0.9567307692307693 0.030048076923076924 0.042067307692307696
0 0.5048076923076923 0.9567307692307693 0.030048076923076924 0.042067307692307696
0 0.4735576923076923 0.9579326923076923 0.03245192307692308 0.042067307692307696
0 0.4423076923076923 0.9579326923076923 0.03245192307692308 0.042067307692307696
0 0.4230769230769231 0.9567307692307693 0.009615384615384616 0.042067307692307696
0 0.9711538461538461 0.9807692307692307 0.03245192307692308 0.037259615384615384
0 0.9399038461538461 0.9819711538461539 0.030048076923076924 0.03485576923076923
0 0.9110576923076923 0.9819711538461539 0.03245192307692308 0.03485576923076923
0 0.8798076923076923 0.9819711538461539 0.030048076923076924 0.03485576923076923
0 0.8509615384615384 0.9819711538461539 0.03245192307692308 0.03485576923076923
0 0.8197115384615384 0.9819711538461539 0.030048076923076924 0.03485576923076923
0 0.7908653846153846 0.9819711538461539 0.03245192307692308 0.03485576923076923
0 0.7608173076923077 0.9831730769230769 0.03245192307692308 0.03245192307692308
0 0.7283653846153846 0.9831730769230769 0.03245192307692308 0.03245192307692308
0 0.6694711538461539 0.9831730769230769 0.030048076923076924 0.03245192307692308
0 0.6995192307692307 0.9831730769230769 0.030048076923076924 0.03245192307692308
0 0.6394230769230769 0.9831730769230769 0.030048076923076924 0.03245192307692308
0 0.6105769230769231 0.9831730769230769 0.030048076923076924 0.03245192307692308
0 0.5793269230769231 0.984375 0.028846153846153848 0.03125
0 0.5492788461538461 0.984375 0.03125 0.03125
0 0.5192307692307693 0.984375 0.028846153846153848 0.03125
0 0.4891826923076923 0.984375 0.03125 0.03125
0 0.4579326923076923 0.984375 0.03125 0.03125
0 0.42908653846153844 0.984375 0.026442307692307692 0.03125
0 0.8353365384615384 0.7728365384615384 0.03245192307692308 0.04807692307692308
0 0.8677884615384616 0.7728365384615384 0.03245192307692308 0.04807692307692308
0 0.8052884615384616 0.7728365384615384 0.03245192307692308 0.04807692307692308
0 0.7728365384615384 0.7740384615384616 0.03245192307692308 0.04447115384615385
0 0.9002403846153846 0.7740384615384616 0.030048076923076924 0.04447115384615385
0 0.7415865384615384 0.7740384615384616 0.03245192307692308 0.04447115384615385
0 0.9314903846153846 0.7740384615384616 0.03245192307692308 0.04807692307692308
0 0.9627403846153846 0.7752403846153846 0.030048076923076924 0.04447115384615385
0 0.7103365384615384 0.7764423076923077 0.03245192307692308 0.04447115384615385
0 0.4567307692307692 0.7764423076923077 0.03245192307692308 0.04807692307692308
0 0.42908653846153844 0.7764423076923077 0.02283653846153846 0.04807692307692308
0 0.6790865384615384 0.7764423076923077 0.03245192307692308 0.04447115384615385
0 0.9867788461538461 0.7764423076923077 0.026442307692307692 0.04807692307692308