0 0.3798076923076923 0.5 0.05889423076923077 0.021634615384615384
0 0.2776442307692308 0.4951923076923077 0.06129807692307692 0.03245192307692308
0 0.02283653846153846 0.47596153846153844 0.04567307692307692 0.06971153846153846
0 0.484375 0.47596153846153844 0.05889423076923077 0.06971153846153846
0 0.1778846153846154 0.47475961538461536 0.05889423076923077 0.07211538461538461
0 0.5516826923076923 0.4735576923076923 0.06129807692307692 0.07451923076923077
0 0.3329326923076923 0.46634615384615385 0.05889423076923077 0.08774038461538461
0 0.09495192307692307 0.4639423076923077 0.06129807692307692 0.09254807692307693
0 0.42788461538461536 0.4579326923076923 0.06129807692307692 0.10336538461538461
0 0.23918269230769232 0.4543269230769231 0.06129807692307692 0.10697115384615384
0 0.01201923076923077 0.41466346153846156 0.02403846153846154 0.10096153846153846
0 0.375 0.4074519230769231 0.05889423076923077 0.10336538461538461
0 0.14903846153846154 0.4014423076923077 0.06129807692307692 0.10336538461538461
0 0.0625 0.38341346153846156 0.06129807692307692 0.10096153846153846
0 0.20432692307692307 0.359375 0.05889423076923077 0.10697115384615384
0 0.29086538461538464 0.3425480769230769 0.07211538461538461 0.12259615384615384
0 0.3389423076923077 0.3269230769230769 0.052884615384615384 0.10096153846153846
0 0.10336538461538461 0.30288461538461536 0.06129807692307692 0.10697115384615384
0 0.2548076923076923 0.29086538461538464 0.05889423076923077 0.10697115384615384
0 0.16706730769230768 0.27403846153846156 0.06129807692307692 0.10336538461538461
0 0.3016826923076923 0.22956730769230768 0.05889423076923077 0.10096153846153846
0 0.5276442307692307 0.2127403846153846 0.125 0.36177884615384615
0 0.016826923076923076 0.19230769230769232 0.03365384615384615 0.125
0 0.4362980769230769 0.1658653846153846 0.0829326923076923 0.140625
0 0.22596153846153846 0.16105769230769232 0.11177884615384616 0.19110576923076922
0 0.31490384615384615 0.12740384615384615 0.052884615384615384 0.10336538461538461
0 0.37740384615384615 0.1141826923076923 0.07211538461538461 0.125
0 0.010817307692307692 0.10336538461538461 0.021634615384615384 0.20673076923076922
0 0.0829326923076923 0.09975961538461539 0.12259615384615384 0.19951923076923078
0 0.5504807692307693 0.06610576923076923 0.07692307692307693 0.13221153846153846
0 0.4230769230769231 0.06370192307692307 0.17067307692307693 0.12740384615384615
0 0.171875 0.05048076923076923 0.109375 0.10096153846153846
0 0.28365384615384615 0.018028846153846152 0.1201923076923077 0.036057692307692304
0 0.6298076923076923 0.22115384615384615 0.07932692307692307 0.18028846153846154
0 0.7584134615384616 0.21153846153846154 0.140625 0.18389423076923078
0 0.8581730769230769 0.0829326923076923 0.13581730769230768 0.16466346153846154
0 0.6742788461538461 0.07451923076923077 0.1201923076923077 0.14903846153846154
0 0.7740384615384616 0.007211538461538462 0.14903846153846154 0.013221153846153846
0 0.41947115384615385 0.9699519230769231 0.07451923076923077 0.06009615384615385
0 0.039663461538461536 0.9435096153846154 0.07932692307692307 0.11298076923076923
0 0.19831730769230768 0.9423076923076923 0.07211538461538461 0.1141826923076923
0 0.30408653846153844 0.9375 0.08774038461538461 0.125
0 0.11778846153846154 0.9387019230769231 0.0829326923076923 0.12259615384615384
0 0.5180288461538461 0.8966346153846154 0.0829326923076923 0.13581730769230768
0 0.5757211538461539 0.8894230769230769 0.028846153846153848 0.1141826923076923
0 0.42788461538461536 0.8762019230769231 0.0829326923076923 0.140625
0 0.014423076923076924 0.8401442307692307 0.028846153846153848 0.15384615384615385
0 0.24519230769230768 0.8389423076923077 0.07932692307692307 0.13581730769230768
0 0.1622596153846154 0.8305288461538461 0.08533653846153846 0.14302884615384615
0 0.07451923076923077 0.8269230769230769 0.08774038461538461 0.14302884615384615
0 0.35216346153846156 0.8161057692307693 0.09014423076923077 0.15144230769230768
0 0.4987980769230769 0.7596153846153846 0.08533653846153846 0.1466346153846154
0 0.4110576923076923 0.7451923076923077 0.07451923076923077 0.125
0 0.28846153846153844 0.7163461538461539 0.07451923076923077 0.12259615384615384
0 0.19951923076923078 0.7151442307692307 0.07211538461538461 0.11658653846153846
0 0.037259615384615384 0.7055288461538461 0.07451923076923077 0.125
0 0.12259615384615384 0.7043269230769231 0.07211538461538461 0.1201923076923077
0 0.5709134615384616 0.6742788461538461 0.039663461538461536 0.1141826923076923
0 0.4879807692307692 0.6502403846153846 0.06971153846153846 0.10697115384615384
0 0.3485576923076923 0.6478365384615384 0.08533653846153846 0.13581730769230768
0 0.008413461538461538 0.6129807692307693 0.015625 0.1466346153846154
0 0.24158653846153846 0.609375 0.0829326923076923 0.12980769230769232
0 0.07451923076923077 0.6033653846153846 0.07692307692307693 0.1201923076923077
0 0.16706730769230768 0.5889423076923077 0.07692307692307693 0.1201923076923077
0 0.5480769230769231 0.5721153846153846 0.06610576923076923 0.1141826923076923
0 0.3112980769230769 0.5492788461538461 0.07451923076923077 0.07692307692307693
0 0.390625 0.5492788461538461 0.06971153846153846 0.07692307692307693
0 0.11778846153846154 0.5336538461538461 0.07692307692307693 0.04567307692307692
0 0.030048076923076924 0.5348557692307693 0.06009615384615385 0.05048076923076923
0 0.203125 0.5240384615384616 0.07692307692307693 0.026442307692307692
0 0.8641826923076923 0.9879807692307693 0.05889423076923077 0.02403846153846154
0 0.6526442307692307 0.9855769230769231 0.06129807692307692 0.028846153846153848
0 0.7608173076923077 0.9855769230769231 0.05889423076923077 0.028846153846153848
0 0.9146634615384616 0.96875 0.06009615384615385 0.0625
0 0.8088942307692307 0.9627403846153846 0.06370192307692307 0.07451923076923077
0 0.7151442307692307 0.9615384615384616 0.05889423076923077 0.07692307692307693
0 0.625 0.9603365384615384 0.05889423076923077 0.07932692307692307
0 0.9651442307692307 0.9399038461538461 0.06129807692307692 0.09254807692307693
0 0.8665865384615384 0.9338942307692307 0.05889423076923077 0.0829326923076923
0 0.7632211538461539 0.9242788461538461 0.05889423076923077 0.08774038461538461
0 0.6862980769230769 0.921875 0.052884615384615384 0.07692307692307693
0 0.6117788461538461 0.9086538461538461 0.042067307692307696 0.07211538461538461
0 0.9158653846153846 0.8894230769230769 0.06129807692307692 0.08774038461538461
0 0.8257211538461539 0.8846153846153846 0.052884615384615384 0.0829326923076923
0 0.6610576923076923 0.8786057692307693 0.05048076923076923 0.07211538461538461
0 0.7163461538461539 0.8762019230769231 0.055288461538461536 0.0829326923076923
0 0.5961538461538461 0.8737980769230769 0.010817307692307692 0.06610576923076923
0 0.8701923076923077 0.8461538461538461 0.05889423076923077 0.0829326923076923
0 0.9663461538461539 0.8461538461538461 0.06129807692307692 0.09014423076923077
0 0.6141826923076923 0.8341346153846154 0.04807692307692308 0.07692307692307693
0 0.7596153846153846 0.828125 0.05889423076923077 0.08533653846153846
0 0.8269230769230769 0.8028846153846154 0.055288461538461536 0.08533653846153846
0 0.9194711538461539 0.8016826923076923 0.05889423076923077 0.07932692307692307
0 0.6586538461538461 0.7980769230769231 0.055288461538461536 0.07451923076923077
0 0.703125 0.7620192307692307 0.052884615384615384 0.07692307692307693
0 0.9699519230769231 0.7596153846153846 0.06009615384615385 0.08653846153846154
0 0.6105769230769231 0.7512019230769231 0.039663461538461536 0.07692307692307693
0 0.8677884615384616 0.7512019230769231 0.06129807692307692 0.08774038461538461
0 0.7632211538461539 0.7403846153846154 0.055288461538461536 0.0829326923076923
0 0.6598557692307693 0.7151442307692307 0.05048076923076923 0.07692307692307693
0 0.921875 0.7127403846153846 0.06129807692307692 0.09014423076923077
0 0.8197115384615384 0.6995192307692307 0.055288461538461536 0.07932692307692307
0 0.7043269230769231 0.6790865384615384 0.052884615384615384 0.07692307692307693
0 0.6237980769230769 0.6754807692307693 0.05048076923076923 0.07211538461538461
0 0.9735576923076923 0.6694711538461539 0.052884615384615384 0.0829326923076923
0 0.7788461538461539 0.6646634615384616 0.052884615384615384 0.07692307692307693
0 0.8713942307692307 0.6598557692307693 0.05889423076923077 0.08533653846153846
0 0.5985576923076923 0.6454326923076923 0.015625 0.07211538461538461
0 0.6670673076923077 0.6370192307692307 0.04807692307692308 0.07451923076923077
0 0.9266826923076923 0.6262019230769231 0.05889423076923077 0.07932692307692307
0 0.8245192307692307 0.6129807692307693 0.05889423076923077 0.0829326923076923
0 0.7127403846153846 0.6009615384615384 0.05048076923076923 0.07451923076923077
0 0.6334134615384616 0.5997596153846154 0.052884615384615384 0.07451923076923077
0 0.6069711538461539 0.5793269230769231 0.03245192307692308 0.07451923076923077
0 0.8774038461538461 0.5793269230769231 0.06129807692307692 0.07692307692307693
0 0.8786057692307693 0.578125 0.055288461538461536 0.07932692307692307
0 0.9735576923076923 0.5757211538461539 0.052884615384615384 0.08774038461538461
0 0.7752403846153846 0.5661057692307693 0.05889423076923077 0.08533653846153846
0 0.6850961538461539 0.5661057692307693 0.04807692307692308 0.06610576923076923
0 0.9290865384615384 0.546875 0.055288461538461536 0.07211538461538461
0 0.8257211538461539 0.5372596153846154 0.055288461538461536 0.052884615384615384
0 0.6334134615384616 0.5336538461538461 0.04807692307692308 0.04567307692307692
0 0.7151442307692307 0.5288461538461539 0.052884615384615384 0.037259615384615384
0 0.8798076923076923 0.5216346153846154 0.05889423076923077 0.021634615384615384
0 0.6802884615384616 0.5180288461538461 0.04807692307692308 0.015625