0 0.5300480769230769 0.296875 0.12379807692307693 0.19230769230769232
0 0.2920673076923077 0.2920673076923077 0.12139423076923077 0.18629807692307693
0 0.010817307692307692 0.2860576923076923 0.021634615384615384 0.09254807692307693
0 0.11057692307692307 0.28365384615384615 0.06009615384615385 0.09014423076923077
0 0.4338942307692308 0.27884615384615385 0.09735576923076923 0.14783653846153846
0 0.21394230769230768 0.27403846153846156 0.08052884615384616 0.14783653846153846
0 0.07091346153846154 0.2704326923076923 0.040865384615384616 0.07572115384615384
0 0.030048076923076924 0.21394230769230768 0.06009615384615385 0.09735576923076923
0 0.14783653846153846 0.20673076923076922 0.06610576923076923 0.09975961538461539
0 0.0985576923076923 0.203125 0.04326923076923077 0.06850961538461539
0 0.3798076923076923 0.15264423076923078 0.12620192307692307 0.1971153846153846
0 0.5769230769230769 0.14903846153846154 0.05048076923076923 0.1971153846153846
0 0.2620192307692308 0.13701923076923078 0.09254807692307693 0.14783653846153846
0 0.4963942307692308 0.13341346153846154 0.09975961538461539 0.1502403846153846
0 0.013221153846153846 0.13221153846153846 0.026442307692307692 0.09495192307692307
0 0.10817307692307693 0.12980769230769232 0.06009615384615385 0.09735576923076923
0 0.06850961538461539 0.12740384615384615 0.040865384615384616 0.07572115384615384
0 0.17427884615384615 0.12259615384615384 0.04326923076923077 0.0733173076923077
0 0.03365384615384615 0.054086538461538464 0.0673076923076923 0.0985576923076923
0 0.09735576923076923 0.052884615384615384 0.038461538461538464 0.07091346153846154
0 0.14423076923076922 0.05048076923076923 0.0673076923076923 0.10096153846153846
0 0.2956730769230769 0.051682692307692304 0.125 0.10336538461538461
0 0.43509615384615385 0.038461538461538464 0.09134615384615384 0.07692307692307693
0 0.21394230769230768 0.037259615384615384 0.08173076923076923 0.07451923076923077
0 0.5372596153846154 0.042067307692307696 0.12740384615384615 0.08413461538461539
0 0.06610576923076923 0.008413461538461538 0.04326923076923077 0.016826923076923076
0 0.171875 0.008413461538461538 0.03365384615384615 0.016826923076923076
0 0.10697115384615384 0.010817307692307692 0.06370192307692307 0.021634615384615384
0 0.3605769230769231 0.4026442307692308 0.12379807692307693 0.078125
0 0.484375 0.39302884615384615 0.09975961538461539 0.09735576923076923
0 0.2704326923076923 0.3942307692307692 0.09014423076923077 0.09495192307692307
0 0.9759615384615384 0.38221153846153844 0.04807692307692308 0.07091346153846154
0 0.9278846153846154 0.38100961538461536 0.055288461538461536 0.07572115384615384
0 0.875 0.3798076923076923 0.052884615384615384 0.0733173076923077
0 0.8233173076923077 0.3786057692307692 0.055288461538461536 0.07572115384615384
0 0.7692307692307693 0.37740384615384615 0.055288461538461536 0.0733173076923077
0 0.7163461538461539 0.3762019230769231 0.052884615384615384 0.0733173076923077
0 0.6646634615384616 0.3762019230769231 0.052884615384615384 0.07572115384615384
0 0.6201923076923077 0.3737980769230769 0.036057692307692304 0.0733173076923077
0 0.9891826923076923 0.3233173076923077 0.021634615384615384 0.0733173076923077
0 0.9543269230769231 0.32211538461538464 0.055288461538461536 0.0733173076923077
0 0.8990384615384616 0.32091346153846156 0.055288461538461536 0.0733173076923077
0 0.8473557692307693 0.31971153846153844 0.052884615384615384 0.0733173076923077
0 0.7932692307692307 0.31850961538461536 0.055288461538461536 0.0733173076923077
0 0.7415865384615384 0.3173076923076923 0.052884615384615384 0.0733173076923077
0 0.6899038461538461 0.3161057692307692 0.052884615384615384 0.0733173076923077
0 0.6382211538461539 0.31490384615384615 0.052884615384615384 0.07091346153846154
0 0.9747596153846154 0.2620192307692308 0.05048076923076923 0.0733173076923077
0 0.9230769230769231 0.2608173076923077 0.052884615384615384 0.0733173076923077
0 0.8713942307692307 0.25961538461538464 0.052884615384615384 0.07091346153846154
0 0.8197115384615384 0.25841346153846156 0.052884615384615384 0.07091346153846154
0 0.765625 0.25721153846153844 0.052884615384615384 0.07091346153846154
0 0.7151442307692307 0.25721153846153844 0.052884615384615384 0.07091346153846154
0 0.6634615384615384 0.25600961538461536 0.052884615384615384 0.07091346153846154
0 0.6201923076923077 0.25600961538461536 0.036057692307692304 0.07091346153846154
0 0.9855769230769231 0.203125 0.028846153846153848 0.07091346153846154
0 0.9483173076923077 0.20192307692307693 0.055288461538461536 0.07091346153846154
0 0.8942307692307693 0.20192307692307693 0.052884615384615384 0.07091346153846154
0 0.8425480769230769 0.20192307692307693 0.052884615384615384 0.07091346153846154
0 0.7908653846153846 0.20192307692307693 0.052884615384615384 0.07091346153846154
0 0.7391826923076923 0.20072115384615385 0.052884615384615384 0.07091346153846154
0 0.6887019230769231 0.19951923076923078 0.052884615384615384 0.07091346153846154
0 0.6382211538461539 0.19951923076923078 0.052884615384615384 0.07091346153846154
0 0.6081730769230769 0.1971153846153846 0.01201923076923077 0.06850961538461539
0 0.9963942307692307 0.14543269230769232 0.007211538461538462 0.06850961538461539
0 0.9699519230769231 0.14543269230769232 0.052884615384615384 0.07091346153846154
0 0.9170673076923077 0.14423076923076922 0.052884615384615384 0.07091346153846154
0 0.8665865384615384 0.14423076923076922 0.052884615384615384 0.06850961538461539
0 0.8161057692307693 0.14423076923076922 0.052884615384615384 0.07091346153846154
0 0.7632211538461539 0.14423076923076922 0.052884615384615384 0.07091346153846154
0 0.7139423076923077 0.14302884615384615 0.052884615384615384 0.07091346153846154
0 0.6634615384615384 0.14182692307692307 0.05048076923076923 0.06850961538461539
0 0.6201923076923077 0.140625 0.036057692307692304 0.06850961538461539
0 0.9831730769230769 0.09014423076923077 0.03365384615384615 0.06850961538461539
0 0.9411057692307693 0.0889423076923077 0.052884615384615384 0.06850961538461539
0 0.8389423076923077 0.0889423076923077 0.052884615384615384 0.07091346153846154
0 0.8894230769230769 0.0889423076923077 0.052884615384615384 0.06850961538461539
0 0.6382211538461539 0.0889423076923077 0.05048076923076923 0.06850961538461539
0 0.6081730769230769 0.08774038461538461 0.01201923076923077 0.06850961538461539
0 0.6887019230769231 0.08774038461538461 0.05048076923076923 0.07091346153846154
0 0.7884615384615384 0.08774038461538461 0.05048076923076923 0.06850961538461539
0 0.7379807692307693 0.08774038461538461 0.05048076923076923 0.07091346153846154
0 0.9939903846153846 0.03485576923076923 0.01201923076923077 0.06610576923076923
0 0.6622596153846154 0.03365384615384615 0.05048076923076923 0.0673076923076923
0 0.6189903846153846 0.03365384615384615 0.036057692307692304 0.0673076923076923
0 0.9639423076923077 0.03365384615384615 0.052884615384615384 0.0673076923076923
0 0.8617788461538461 0.03365384615384615 0.05048076923076923 0.0673076923076923
0 0.8137019230769231 0.03245192307692308 0.05048076923076923 0.06490384615384616
0 0.7632211538461539 0.03245192307692308 0.05048076923076923 0.06490384615384616
0 0.9110576923076923 0.03245192307692308 0.052884615384615384 0.06490384615384616
0 0.7127403846153846 0.03245192307692308 0.05048076923076923 0.06490384615384616
0 0.9807692307692307 0.006009615384615385 0.038461538461538464 0.01201923076923077
0 0.6382211538461539 0.006009615384615385 0.04807692307692308 0.01201923076923077
0 0.8353365384615384 0.006009615384615385 0.04807692307692308 0.01201923076923077
0 0.7848557692307693 0.006009615384615385 0.05048076923076923 0.01201923076923077
0 0.9579326923076923 0.42427884615384615 0.055288461538461536 0.03365384615384615
0 0.9038461538461539 0.4230769230769231 0.055288461538461536 0.036057692307692304
0 0.8497596153846154 0.421875 0.052884615384615384 0.038461538461538464
0 0.796875 0.421875 0.055288461538461536 0.038461538461538464
0 0.7427884615384616 0.4206730769230769 0.052884615384615384 0.040865384615384616
0 0.6899038461538461 0.4206730769230769 0.052884615384615384 0.040865384615384616
0 0.6370192307692307 0.41947115384615385 0.055288461538461536 0.04326923076923077
0 0.140625 0.9242788461538461 0.16466346153846154 0.1502403846153846
0 0.5072115384615384 0.9002403846153846 0.16947115384615385 0.19951923076923078
0 0.3112980769230769 0.8317307692307693 0.19951923076923078 0.3004807692307692
0 0.21754807692307693 0.7740384615384616 0.13581730769230768 0.23317307692307693
0 0.5480769230769231 0.7572115384615384 0.10697115384615384 0.23317307692307693
0 0.43509615384615385 0.5396634615384616 0.21634615384615385 0.1971153846153846
0 0.16466346153846154 0.5168269230769231 0.11177884615384616 0.1502403846153846
0 0.056490384615384616 0.5204326923076923 0.11298076923076923 0.16105769230769232
0 0.30649038461538464 0.4639423076923077 0.20673076923076922 0.04326923076923077
0 0.8425480769230769 0.6959134615384616 0.31490384615384615 0.5072115384615384