0 0.390625 0.22716346153846154 0.13822115384615385 0.20432692307692307
0 0.234375 0.21394230769230768 0.15865384615384615 0.22956730769230768
0 0.07572115384615384 0.19110576923076922 0.1502403846153846 0.22956730769230768
0 0.037259615384615384 0.06129807692307692 0.07451923076923077 0.12259615384615384
0 0.31971153846153844 0.055288461538461536 0.15504807692307693 0.109375
0 0.42788461538461536 0.04567307692307692 0.06370192307692307 0.09134615384615384
0 0.15144230769230768 0.037259615384615384 0.16105769230769232 0.07451923076923077
0 0.5336538461538461 0.1935096153846154 0.10697115384615384 0.18629807692307693
0 0.021634615384615384 0.7379807692307693 0.04326923076923077 0.22235576923076922
0 0.4387019230769231 0.6514423076923077 0.040865384615384616 0.19591346153846154
0 0.36658653846153844 0.6514423076923077 0.1045673076923077 0.20192307692307693
0 0.19471153846153846 0.6189903846153846 0.109375 0.2091346153846154
0 0.08413461538461539 0.6117788461538461 0.11778846153846154 0.21394230769230768
0 0.2536057692307692 0.46634615384615385 0.11177884615384616 0.20432692307692307
0 0.40024038461538464 0.4326923076923077 0.11177884615384616 0.20673076923076922
0 0.04447115384615385 0.4230769230769231 0.0889423076923077 0.18870192307692307
0 0.3137019230769231 0.35096153846153844 0.10697115384615384 0.04326923076923077
0 0.21033653846153846 0.8341346153846154 0.11177884615384616 0.21634615384615385
0 0.09615384615384616 0.8329326923076923 0.11538461538461539 0.22235576923076922
0 0.4182692307692308 0.8317307692307693 0.08173076923076923 0.20432692307692307
0 0.3269230769230769 0.8149038461538461 0.109375 0.21394230769230768
0 0.7295673076923077 0.6838942307692307 0.17908653846153846 0.24759615384615385
0 0.8173076923076923 0.4579326923076923 0.18629807692307693 0.25
0 0.5588942307692307 0.7355769230769231 0.17307692307692307 0.23677884615384615
0 0.6442307692307693 0.5192307692307693 0.17908653846153846 0.234375
0 0.5084134615384616 0.5697115384615384 0.09975961538461539 0.22716346153846154
0 0.5661057692307693 0.39663461538461536 0.16346153846153846 0.1346153846153846
0 0.7295673076923077 0.375 0.17908653846153846 0.09134615384615384
0 0.640625 0.8942307692307693 0.17307692307692307 0.21153846153846154