0 0.39663461538461536 0.10216346153846154 0.09975961538461539 0.13221153846153846
0 0.5649038461538461 0.0625 0.07572115384615384 0.12379807692307693
0 0.20793269230769232 0.040865384615384616 0.11298076923076923 0.08173076923076923
0 0.3485576923076923 0.04807692307692308 0.12740384615384615 0.09495192307692307
0 0.25721153846153844 0.09615384615384616 0.026442307692307692 0.036057692307692304
0 0.22235576923076922 0.10216346153846154 0.028846153846153848 0.04447115384615385
0 0.15865384615384615 0.08653846153846154 0.028846153846153848 0.036057692307692304
0 0.12860576923076922 0.027644230769230768 0.026442307692307692 0.036057692307692304
0 0.11177884615384616 0.009615384615384616 0.028846153846153848 0.019230769230769232
0 0.04447115384615385 0.003605769230769231 0.028846153846153848 0.007211538461538462
0 0.15264423076923078 0.051682692307692304 0.019230769230769232 0.03125
0 0.5240384615384616 0.7728365384615384 0.15625 0.21514423076923078
0 0.6322115384615384 0.8028846153846154 0.05889423076923077 0.34134615384615385
0 0.65625 0.49038461538461536 0.10697115384615384 0.23918269230769232