0 0.1346153846153846 0.055288461538461536 0.13942307692307693 0.11057692307692307
0 0.025240384615384616 0.052884615384615384 0.05048076923076923 0.10576923076923077
0 0.013221153846153846 0.21033653846153846 0.025240384615384616 0.33052884615384615
0 0.09375 0.2283653846153846 0.1466346153846154 0.22596153846153846
0 0.04326923076923077 0.41586538461538464 0.08653846153846154 0.19831730769230768
0 0.15625 0.4326923076923077 0.0985576923076923 0.23076923076923078
0 0.7932692307692307 0.16466346153846154 0.25600961538461536 0.15504807692307693
0 0.38461538461538464 0.18269230769230768 0.2620192307692308 0.16706730769230768
0 0.9807692307692307 0.23317307692307693 0.038461538461538464 0.13221153846153846
0 0.265625 0.24158653846153846 0.11899038461538461 0.12139423076923077
0 0.546875 0.3449519230769231 0.3329326923076923 0.22596153846153846
0 0.45072115384615385 0.004807692307692308 0.25600961538461536 0.009615384615384616
0 0.3245192307692308 0.40384615384615385 0.23798076923076922 0.17307692307692307
0 0.8822115384615384 0.40865384615384615 0.23557692307692307 0.17307692307692307
0 0.2764423076923077 0.48197115384615385 0.14182692307692307 0.13221153846153846
0 0.7908653846153846 0.4831730769230769 0.3581730769230769 0.12980769230769232
0 0.5288461538461539 0.5216346153846154 0.2620192307692308 0.052884615384615384
0 0.9639423076923077 0.04927884615384615 0.07091346153846154 0.0985576923076923
0 0.6346153846153846 0.0625 0.2644230769230769 0.12379807692307693
0 0.27884615384615385 0.06971153846153846 0.1466346153846154 0.13942307692307693
0 0.8894230769230769 0.0889423076923077 0.19591346153846154 0.1141826923076923
0 0.6225961538461539 0.2091346153846154 0.18509615384615385 0.11177884615384616
0 0.47475961538461536 0.09615384615384616 0.1778846153846154 0.10096153846153846
0 0.5552884615384616 0.7740384615384616 0.5637019230769231 0.4519230769230769