0 0.2283653846153846 0.33533653846153844 0.15264423076923078 0.1875
0 0.07451923076923077 0.33413461538461536 0.14903846153846154 0.1875
0 0.3629807692307692 0.33413461538461536 0.12740384615384615 0.18990384615384615
0 0.40024038461538464 0.15745192307692307 0.052884615384615384 0.2283653846153846
0 0.1502403846153846 0.15625 0.15504807692307693 0.23557692307692307
0 0.03485576923076923 0.15264423076923078 0.06850961538461539 0.23798076923076922
0 0.8990384615384616 0.21875 0.052884615384615384 0.05889423076923077
0 0.24158653846153846 0.8966346153846154 0.109375 0.1622596153846154
0 0.04447115384615385 0.8870192307692307 0.0889423076923077 0.17548076923076922
0 0.12980769230769232 0.8786057692307693 0.09134615384615384 0.12740384615384615
0 0.31971153846153844 0.8701923076923077 0.08173076923076923 0.12139423076923077
0 0.33774038461538464 0.7427884615384616 0.1045673076923077 0.1622596153846154
0 0.13221153846153846 0.7403846153846154 0.11899038461538461 0.16947115384615385
0 0.22716346153846154 0.7355769230769231 0.08173076923076923 0.1346153846153846
0 0.039663461538461536 0.7223557692307693 0.078125 0.14423076923076922
0 0.3245192307692308 0.5901442307692307 0.078125 0.1346153846153846
0 0.24158653846153846 0.5877403846153846 0.109375 0.16706730769230768
0 0.1310096153846154 0.5829326923076923 0.09134615384615384 0.14182692307692307
0 0.04447115384615385 0.5733173076923077 0.0889423076923077 0.17307692307692307
0 0.3401442307692308 0.47596153846153844 0.11177884615384616 0.09375
0 0.22956730769230768 0.46875 0.0889423076923077 0.078125
0 0.1346153846153846 0.4699519230769231 0.11177884615384616 0.08173076923076923
0 0.038461538461538464 0.45913461538461536 0.07572115384615384 0.06129807692307692
0 0.1346153846153846 0.9831730769230769 0.11177884615384616 0.03245192307692308
0 0.33774038461538464 0.9807692307692307 0.10697115384615384 0.038461538461538464
0 0.039663461538461536 0.9783653846153846 0.078125 0.04326923076923077
0 0.22115384615384615 0.9771634615384616 0.08653846153846154 0.04567307692307692
0 0.4543269230769231 0.9831730769230769 0.055288461538461536 0.03245192307692308
0 0.9795673076923077 0.9819711538461539 0.040865384615384616 0.036057692307692304
0 0.8918269230769231 0.9819711538461539 0.04807692307692308 0.036057692307692304
0 0.6033653846153846 0.984375 0.04326923076923077 0.030048076923076924
0 0.8004807692307693 0.9795673076923077 0.04807692307692308 0.040865384615384616
0 0.6971153846153846 0.9819711538461539 0.04326923076923077 0.036057692307692304
0 0.5048076923076923 0.9831730769230769 0.04567307692307692 0.03245192307692308
0 0.6117788461538461 0.9387019230769231 0.055288461538461536 0.08413461538461539
0 0.7103365384615384 0.9362980769230769 0.055288461538461536 0.08413461538461539
0 0.5072115384615384 0.9362980769230769 0.05889423076923077 0.08413461538461539
0 0.8473557692307693 0.9314903846153846 0.04807692307692308 0.078125
0 0.9375 0.9314903846153846 0.04807692307692308 0.07572115384615384
0 0.6526442307692307 0.9254807692307693 0.04326923076923077 0.06370192307692307
0 0.5540865384615384 0.9230769230769231 0.04326923076923077 0.052884615384615384
0 0.7451923076923077 0.921875 0.038461538461538464 0.06370192307692307
0 0.45913461538461536 0.9194711538461539 0.04326923076923077 0.052884615384615384
0 0.7848557692307693 0.9158653846153846 0.038461538461538464 0.05048076923076923
0 0.7620192307692307 0.8653846153846154 0.052884615384615384 0.08173076923076923
0 0.6610576923076923 0.8641826923076923 0.052884615384615384 0.08173076923076923
0 0.5612980769230769 0.8629807692307693 0.05889423076923077 0.08653846153846154
0 0.8930288461538461 0.8629807692307693 0.04807692307692308 0.078125
0 0.8052884615384616 0.8605769230769231 0.04567307692307692 0.07572115384615384
0 0.9771634615384616 0.859375 0.04567307692307692 0.0733173076923077
0 0.4567307692307692 0.8581730769230769 0.05889423076923077 0.08413461538461539
0 0.6045673076923077 0.8533653846153846 0.040865384615384616 0.06129807692307692
0 0.7007211538461539 0.8533653846153846 0.038461538461538464 0.06129807692307692
0 0.8305288461538461 0.8485576923076923 0.03245192307692308 0.06370192307692307
0 0.5084134615384616 0.8485576923076923 0.04326923076923077 0.05889423076923077
0 0.7103365384615384 0.7896634615384616 0.052884615384615384 0.078125
0 0.6129807692307693 0.7860576923076923 0.052884615384615384 0.08173076923076923
0 0.5096153846153846 0.78125 0.05889423076923077 0.08653846153846154
0 0.7487980769230769 0.78125 0.036057692307692304 0.06610576923076923
0 0.9026442307692307 0.7800480769230769 0.04807692307692308 0.078125
0 0.9819711538461539 0.7788461538461539 0.036057692307692304 0.07572115384615384
0 0.4326923076923077 0.7776442307692307 0.013221153846153846 0.08413461538461539
0 0.6538461538461539 0.7776442307692307 0.040865384615384616 0.06610576923076923
0 0.5588942307692307 0.7752403846153846 0.040865384615384616 0.06850961538461539
0 0.8329326923076923 0.7740384615384616 0.040865384615384616 0.06129807692307692
0 0.46274038461538464 0.7716346153846154 0.040865384615384616 0.06610576923076923
0 0.8641826923076923 0.7139423076923077 0.05048076923076923 0.078125
0 0.9639423076923077 0.7127403846153846 0.05048076923076923 0.078125
0 0.71875 0.6971153846153846 0.052884615384615384 0.078125
0 0.7536057692307693 0.6959134615384616 0.030048076923076924 0.06610576923076923
0 0.6586538461538461 0.6947115384615384 0.038461538461538464 0.06370192307692307
0 0.6153846153846154 0.6947115384615384 0.05889423076923077 0.08413461538461539
0 0.5625 0.6911057692307693 0.040865384615384616 0.06370192307692307
0 0.5168269230769231 0.6899038461538461 0.05889423076923077 0.08653846153846154
0 0.46875 0.6875 0.04326923076923077 0.06370192307692307
0 0.4362980769230769 0.6850961538461539 0.020432692307692308 0.08653846153846154
0 0.90625 0.6430288461538461 0.04807692307692308 0.078125
0 0.9831730769230769 0.6418269230769231 0.03245192307692308 0.07572115384615384
0 0.8341346153846154 0.640625 0.040865384615384616 0.06129807692307692
0 0.7716346153846154 0.6237980769230769 0.052884615384615384 0.08413461538461539
0 0.6129807692307693 0.6225961538461539 0.040865384615384616 0.05889423076923077
0 0.671875 0.6225961538461539 0.055288461538461536 0.078125
0 0.7067307692307693 0.6213942307692307 0.038461538461538464 0.06129807692307692
0 0.5673076923076923 0.6189903846153846 0.055288461538461536 0.0889423076923077
0 0.5168269230769231 0.6165865384615384 0.040865384615384616 0.06370192307692307
0 0.4326923076923077 0.6129807692307693 0.013221153846153846 0.05889423076923077
0 0.46875 0.6129807692307693 0.06129807692307692 0.08653846153846154
0 0.9471153846153846 0.5709134615384616 0.04567307692307692 0.078125
0 0.8581730769230769 0.5709134615384616 0.04807692307692308 0.078125
0 0.6177884615384616 0.5492788461538461 0.055288461538461536 0.08173076923076923
0 0.5649038461538461 0.5480769230769231 0.040865384615384616 0.06129807692307692
0 0.6670673076923077 0.5456730769230769 0.04567307692307692 0.06610576923076923
0 0.7283653846153846 0.5456730769230769 0.055288461538461536 0.08173076923076923
0 0.46875 0.5432692307692307 0.04326923076923077 0.05889423076923077
0 0.5180288461538461 0.5408653846153846 0.05889423076923077 0.08653846153846154
0 0.43509615384615385 0.5360576923076923 0.018028846153846152 0.08173076923076923
0 0.8341346153846154 0.5084134615384616 0.040865384615384616 0.06129807692307692
0 0.9795673076923077 0.5024038461538461 0.040865384615384616 0.07572115384615384
0 0.9014423076923077 0.5012019230769231 0.04567307692307692 0.07572115384615384
0 0.7091346153846154 0.4831730769230769 0.038461538461538464 0.06370192307692307
0 0.7740384615384616 0.47475961538461536 0.052884615384615384 0.08173076923076923
0 0.6189903846153846 0.47475961538461536 0.04567307692307692 0.06850961538461539
0 0.515625 0.4735576923076923 0.04326923076923077 0.05889423076923077
0 0.4338942307692308 0.47115384615384615 0.015625 0.05889423076923077
0 0.5661057692307693 0.4699519230769231 0.055288461538461536 0.08173076923076923
0 0.4639423076923077 0.4675480769230769 0.055288461538461536 0.07572115384615384
0 0.6778846153846154 0.4651442307692308 0.055288461538461536 0.0733173076923077
0 0.8677884615384616 0.4483173076923077 0.030048076923076924 0.038461538461538464
0 0.9375 0.44471153846153844 0.04807692307692308 0.030048076923076924
0 0.8461538461538461 0.4423076923076923 0.04807692307692308 0.027644230769230768
0 0.7548076923076923 0.4375 0.038461538461538464 0.018028846153846152
0 0.6598557692307693 0.9879807692307693 0.055288461538461536 0.02283653846153846
0 0.5588942307692307 0.9855769230769231 0.055288461538461536 0.027644230769230768
0 0.7584134615384616 0.9855769230769231 0.055288461538461536 0.027644230769230768