0 0.5072115384615384 0.1814903846153846 0.11177884615384616 0.16706730769230768
0 0.6213942307692307 0.20072115384615385 0.09134615384615384 0.12980769230769232
0 0.4266826923076923 0.20793269230769232 0.0829326923076923 0.125
0 0.40865384615384615 0.3401442307692308 0.10697115384615384 0.16706730769230768
0 0.6117788461538461 0.3425480769230769 0.109375 0.17427884615384615
0 0.5216346153846154 0.34615384615384615 0.0829326923076923 0.13822115384615385
0 0.421875 0.4963942307692308 0.08052884615384616 0.13822115384615385
0 0.5072115384615384 0.4987980769230769 0.11177884615384616 0.171875
0 0.6201923076923077 0.5024038461538461 0.09375 0.14543269230769232
0 0.40625 0.6502403846153846 0.1141826923076923 0.171875
0 0.5192307692307693 0.6550480769230769 0.09134615384615384 0.14783653846153846
0 0.6129807692307693 0.6670673076923077 0.10697115384615384 0.18269230769230768
0 0.6117788461538461 0.055288461538461536 0.109375 0.109375
0 0.40625 0.056490384615384616 0.109375 0.11177884615384616
0 0.5276442307692307 0.06129807692307692 0.0889423076923077 0.12259615384615384
0 0.7091346153846154 0.38461538461538464 0.08653846153846154 0.21634615384615385
0 0.8341346153846154 0.26802884615384615 0.20072115384615385 0.23918269230769232
0 0.9387019230769231 0.3605769230769231 0.12259615384615384 0.21153846153846154
0 0.8028846153846154 0.44350961538461536 0.15625 0.18509615384615385
0 0.9194711538461539 0.5300480769230769 0.16105769230769232 0.18028846153846154
0 0.9855769230769231 0.6081730769230769 0.028846153846153848 0.15865384615384615
0 0.6862980769230769 0.6766826923076923 0.038461538461538464 0.13581730769230768
0 0.6995192307692307 0.5420673076923077 0.06490384615384616 0.16105769230769232
0 0.78125 0.6081730769230769 0.16346153846153846 0.16105769230769232
0 0.7704326923076923 0.7752403846153846 0.16105769230769232 0.10096153846153846
0 0.9026442307692307 0.6923076923076923 0.15865384615384615 0.171875
0 0.9711538461538461 0.7680288461538461 0.057692307692307696 0.1141826923076923
0 0.21995192307692307 0.9314903846153846 0.1658653846153846 0.13701923076923078
0 0.7175480769230769 0.8377403846153846 0.03365384615384615 0.02403846153846154
0 0.7512019230769231 0.8377403846153846 0.03365384615384615 0.02403846153846154
0 0.7824519230769231 0.8377403846153846 0.03365384615384615 0.02403846153846154
0 0.6838942307692307 0.8377403846153846 0.03365384615384615 0.02403846153846154
0 0.8161057692307693 0.8377403846153846 0.03365384615384615 0.02403846153846154
0 0.8497596153846154 0.8377403846153846 0.03365384615384615 0.02403846153846154
0 0.8846153846153846 0.8389423076923077 0.03365384615384615 0.026442307692307692
0 0.9182692307692307 0.8389423076923077 0.03365384615384615 0.026442307692307692
0 0.9519230769230769 0.8389423076923077 0.03365384615384615 0.026442307692307692
0 0.984375 0.8401442307692307 0.03125 0.028846153846153848
0 0.7367788461538461 0.8629807692307693 0.03365384615384615 0.046875
0 0.703125 0.8629807692307693 0.03365384615384615 0.046875
0 0.7692307692307693 0.8629807692307693 0.036057692307692304 0.04927884615384615
0 0.8028846153846154 0.8641826923076923 0.03365384615384615 0.046875
0 0.8377403846153846 0.8641826923076923 0.03365384615384615 0.046875
0 0.8701923076923077 0.8653846153846154 0.036057692307692304 0.04927884615384615
0 0.9038461538461539 0.8677884615384616 0.03365384615384615 0.046875
0 0.9375 0.8677884615384616 0.03365384615384615 0.046875
0 0.9711538461538461 0.8689903846153846 0.03365384615384615 0.046875
0 0.9927884615384616 0.8689903846153846 0.014423076923076924 0.04567307692307692
0 0.6899038461538461 0.9014423076923077 0.03125 0.04447115384615385
0 0.7223557692307693 0.9014423076923077 0.03365384615384615 0.046875
0 0.7548076923076923 0.9014423076923077 0.03365384615384615 0.046875
0 0.7884615384615384 0.9026442307692307 0.036057692307692304 0.046875
0 0.8233173076923077 0.9026442307692307 0.03365384615384615 0.046875
0 0.8557692307692307 0.9038461538461539 0.036057692307692304 0.046875
0 0.8894230769230769 0.9038461538461539 0.03365384615384615 0.046875
0 0.921875 0.9050480769230769 0.036057692307692304 0.046875
0 0.9555288461538461 0.90625 0.036057692307692304 0.046875
0 0.9855769230769231 0.90625 0.028846153846153848 0.046875
0 0.7091346153846154 0.9375 0.03365384615384615 0.046875
0 0.7427884615384616 0.9387019230769231 0.03365384615384615 0.046875
0 0.7752403846153846 0.9387019230769231 0.03365384615384615 0.046875
0 0.8076923076923077 0.9399038461538461 0.03365384615384615 0.046875
0 0.8413461538461539 0.9399038461538461 0.03365384615384615 0.046875
0 0.8737980769230769 0.9411057692307693 0.03365384615384615 0.046875
0 0.9074519230769231 0.9423076923076923 0.03365384615384615 0.046875
0 0.9411057692307693 0.9435096153846154 0.036057692307692304 0.046875
0 0.9735576923076923 0.9435096153846154 0.03365384615384615 0.046875
0 0.9939903846153846 0.9435096153846154 0.01201923076923077 0.04567307692307692
0 0.6971153846153846 0.9735576923076923 0.03125 0.046875
0 0.7283653846153846 0.9735576923076923 0.03365384615384615 0.04447115384615385
0 0.7608173076923077 0.9747596153846154 0.03125 0.046875
0 0.7944711538461539 0.9759615384615384 0.03365384615384615 0.046875
0 0.8269230769230769 0.9759615384615384 0.03365384615384615 0.046875
0 0.8581730769230769 0.9759615384615384 0.03365384615384615 0.046875
0 0.8918269230769231 0.9771634615384616 0.03365384615384615 0.04567307692307692
0 0.9567307692307693 0.9771634615384616 0.03365384615384615 0.04567307692307692
0 0.9254807692307693 0.9771634615384616 0.03365384615384615 0.04567307692307692
0 0.9867788461538461 0.9783653846153846 0.026442307692307692 0.04326923076923077
0 0.7139423076923077 0.9927884615384616 0.03365384615384615 0.014423076923076924
0 0.7451923076923077 0.9939903846153846 0.03365384615384615 0.01201923076923077
0 0.7764423076923077 0.9939903846153846 0.03365384615384615 0.01201923076923077
0 0.8100961538461539 0.9939903846153846 0.03365384615384615 0.01201923076923077
0 0.875 0.9939903846153846 0.03365384615384615 0.01201923076923077