0 0.19591346153846154 0.3137019230769231 0.1778846153846154 0.2644230769230769
0 0.47475961538461536 0.3161057692307692 0.09375 0.25961538461538464
0 0.35336538461538464 0.3016826923076923 0.12620192307692307 0.18269230769230768
0 0.07211538461538461 0.29447115384615385 0.11658653846153846 0.20072115384615385
0 0.20793269230769232 0.09134615384615384 0.11899038461538461 0.18269230769230768
0 0.47716346153846156 0.0889423076923077 0.0889423076923077 0.1778846153846154
0 0.35096153846153844 0.10817307692307693 0.1778846153846154 0.21514423076923078
0 0.05889423076923077 0.10096153846153846 0.11778846153846154 0.20192307692307693
0 0.6201923076923077 0.22235576923076922 0.1971153846153846 0.44471153846153844
0 0.052884615384615384 0.7668269230769231 0.10576923076923077 0.2403846153846154
0 0.20072115384615385 0.6694711538461539 0.1141826923076923 0.23076923076923078
0 0.0733173076923077 0.5408653846153846 0.11658653846153846 0.19110576923076922
0 0.24639423076923078 0.5396634615384616 0.12620192307692307 0.18870192307692307
0 0.013221153846153846 0.5276442307692307 0.026442307692307692 0.1658653846153846
0 0.8521634615384616 0.5492788461538461 0.17548076923076922 0.20793269230769232
0 0.5913461538461539 0.5697115384615384 0.13822115384615385 0.24759615384615385
0 0.5600961538461539 0.859375 0.07692307692307693 0.2668269230769231
0 0.7668269230769231 0.8269230769230769 0.1658653846153846 0.25240384615384615
0 0.9519230769230769 0.796875 0.09615384615384616 0.23317307692307693
0 0.984375 0.5348557692307693 0.03125 0.18028846153846154