0 0.30288461538461536 0.054086538461538464 0.1346153846153846 0.10817307692307693
0 0.4423076923076923 0.06490384615384616 0.13701923076923078 0.12980769230769232
0 0.15745192307692307 0.07692307692307693 0.1346153846153846 0.15384615384615385
0 0.018028846153846152 0.1466346153846154 0.036057692307692304 0.20192307692307693
0 0.5600961538461539 0.1875 0.1346153846153846 0.21153846153846154
0 0.10216346153846154 0.20192307692307693 0.09495192307692307 0.13701923076923078
0 0.27283653846153844 0.2091346153846154 0.1346153846153846 0.203125
0 0.42427884615384615 0.234375 0.13701923076923078 0.20072115384615385
0 0.18629807692307693 0.359375 0.09254807692307693 0.13701923076923078
0 0.5084134615384616 0.3605769230769231 0.09735576923076923 0.14302884615384615
0 0.0733173076923077 0.37259615384615385 0.13221153846153846 0.19831730769230768
0 0.28966346153846156 0.39663461538461536 0.09495192307692307 0.14302884615384615
0 0.39903846153846156 0.41586538461538464 0.09254807692307693 0.14543269230769232
0 0.5901442307692307 0.43509615384615385 0.07451923076923077 0.1346153846153846
0 0.21394230769230768 0.4951923076923077 0.09254807692307693 0.140625
0 0.33052884615384615 0.5276442307692307 0.09254807692307693 0.13701923076923078
0 0.09615384615384616 0.5516826923076923 0.09735576923076923 0.140625
0 0.48197115384615385 0.546875 0.14302884615384615 0.2091346153846154
0 0.609375 0.5709134615384616 0.03485576923076923 0.14302884615384615
0 0.38341346153846156 0.6069711538461539 0.10096153846153846 0.08774038461538461
0 0.13341346153846154 0.6274038461538461 0.09254807692307693 0.04807692307692308
0 0.25240384615384615 0.6021634615384616 0.1346153846153846 0.09735576923076923
0 0.7175480769230769 0.016826923076923076 0.04567307692307692 0.03365384615384615
0 0.7932692307692307 0.014423076923076924 0.037259615384615384 0.028846153846153848
0 0.6646634615384616 0.018028846153846152 0.05048076923076923 0.036057692307692304
0 0.9891826923076923 0.013221153846153846 0.021634615384615384 0.026442307692307692
0 0.9206730769230769 0.02283653846153846 0.037259615384615384 0.04447115384615385
0 0.9603365384615384 0.028846153846153848 0.04807692307692308 0.057692307692307696
0 0.7524038461538461 0.03365384615384615 0.05048076923076923 0.06610576923076923
0 0.9903846153846154 0.052884615384615384 0.018028846153846152 0.07451923076923077
0 0.890625 0.057692307692307696 0.05048076923076923 0.07451923076923077
0 0.7115384615384616 0.057692307692307696 0.037259615384615384 0.042067307692307696
0 0.8064903846153846 0.06009615384615385 0.037259615384615384 0.055288461538461536
0 0.6442307692307693 0.06370192307692307 0.03485576923076923 0.07451923076923077
0 0.8401442307692307 0.07932692307692307 0.04807692307692308 0.07091346153846154
0 0.9326923076923077 0.0829326923076923 0.052884615384615384 0.07451923076923077
0 0.7271634615384616 0.09615384615384616 0.04807692307692308 0.07451923076923077
0 0.9759615384615384 0.09975961538461539 0.028846153846153848 0.039663461538461536
0 0.7836538461538461 0.10336538461538461 0.037259615384615384 0.055288461538461536
0 0.6826923076923077 0.11298076923076923 0.04807692307692308 0.07451923076923077
0 0.6346153846153846 0.11899038461538461 0.015625 0.052884615384615384
0 0.9915865384615384 0.11778846153846154 0.015625 0.039663461538461536
0 0.8810096153846154 0.1201923076923077 0.028846153846153848 0.037259615384615384
0 0.9098557692307693 0.1346153846153846 0.028846153846153848 0.04807692307692308
0 0.8100961538461539 0.140625 0.04807692307692308 0.06850961538461539
0 0.9723557692307693 0.140625 0.03125 0.04447115384615385
0 0.6550480769230769 0.14302884615384615 0.037259615384615384 0.055288461538461536
0 0.8569711538461539 0.14783653846153846 0.028846153846153848 0.042067307692307696
0 0.7572115384615384 0.15504807692307693 0.04807692307692308 0.07091346153846154
0 0.9423076923076923 0.15625 0.039663461538461536 0.052884615384615384
0 0.7151442307692307 0.16947115384615385 0.04807692307692308 0.07091346153846154
0 0.9867788461538461 0.17067307692307693 0.026442307692307692 0.07091346153846154
0 0.6802884615384616 0.17307692307692307 0.03125 0.04447115384615385
0 0.8822115384615384 0.17427884615384615 0.05048076923076923 0.07451923076923077
0 0.6358173076923077 0.17427884615384615 0.018028846153846152 0.057692307692307696
0 0.9230769230769231 0.203125 0.02403846153846154 0.04447115384615385
0 0.6490384615384616 0.20673076923076922 0.028846153846153848 0.04447115384615385
0 0.9567307692307693 0.2091346153846154 0.05048076923076923 0.07451923076923077
0 0.7848557692307693 0.22596153846153846 0.07692307692307693 0.1141826923076923
0 0.9038461538461539 0.22956730769230768 0.03125 0.042067307692307696
0 0.8545673076923077 0.23317307692307693 0.04807692307692308 0.07451923076923077
0 0.9951923076923077 0.23677884615384615 0.009615384615384616 0.07451923076923077
0 0.6742788461538461 0.24879807692307693 0.07451923076923077 0.11658653846153846
0 0.9831730769230769 0.26322115384615385 0.028846153846153848 0.04807692307692308
0 0.9098557692307693 0.27283653846153844 0.026442307692307692 0.042067307692307696
0 0.7572115384615384 0.2776442307692308 0.037259615384615384 0.05048076923076923
0 0.9423076923076923 0.28125 0.05048076923076923 0.07451923076923077
0 0.8846153846153846 0.28846153846153844 0.028846153846153848 0.042067307692307696
0 0.9927884615384616 0.29927884615384615 0.013221153846153846 0.037259615384615384
0 0.8377403846153846 0.3016826923076923 0.04807692307692308 0.07091346153846154
0 0.796875 0.3137019230769231 0.037259615384615384 0.057692307692307696
0 0.90625 0.3293269230769231 0.05048076923076923 0.06850961538461539
0 0.7608173076923077 0.33052884615384615 0.037259615384615384 0.05048076923076923
0 0.6358173076923077 0.33774038461538464 0.018028846153846152 0.05048076923076923
0 0.9879807692307693 0.3389423076923077 0.02403846153846154 0.042067307692307696
0 0.7079326923076923 0.34134615384615385 0.05048076923076923 0.07091346153846154
0 0.8197115384615384 0.3545673076923077 0.039663461538461536 0.052884615384615384
0 0.9495192307692307 0.3557692307692308 0.04807692307692308 0.07091346153846154
0 0.8569711538461539 0.36538461538461536 0.028846153846153848 0.042067307692307696
0 0.8858173076923077 0.36899038461538464 0.028846153846153848 0.042067307692307696
0 0.6887019230769231 0.38341346153846156 0.037259615384615384 0.055288461538461536
0 0.9855769230769231 0.38461538461538464 0.028846153846153848 0.042067307692307696
0 0.7740384615384616 0.3918269230769231 0.04807692307692308 0.07091346153846154
0 0.7295673076923077 0.39302884615384615 0.028846153846153848 0.037259615384615384
0 0.6418269230769231 0.39783653846153844 0.028846153846153848 0.07091346153846154
0 0.9134615384615384 0.40024038461538464 0.05048076923076923 0.07091346153846154
0 0.8245192307692307 0.4098557692307692 0.039663461538461536 0.055288461538461536
0 0.8641826923076923 0.41586538461538464 0.039663461538461536 0.055288461538461536
0 0.9579326923076923 0.4182692307692308 0.039663461538461536 0.055288461538461536
0 0.9867788461538461 0.4387019230769231 0.026442307692307692 0.06850961538461539
0 0.8016826923076923 0.4519230769230769 0.037259615384615384 0.057692307692307696
0 0.9663461538461539 0.4579326923076923 0.026442307692307692 0.042067307692307696
0 0.9314903846153846 0.4579326923076923 0.039663461538461536 0.055288461538461536
0 0.8365384615384616 0.47115384615384615 0.04807692307692308 0.06850961538461539
0 0.6310096153846154 0.4723557692307692 0.008413461538461538 0.07091346153846154
0 0.6706730769230769 0.47475961538461536 0.07451923076923077 0.11057692307692307
0 0.8834134615384616 0.47716346153846156 0.05048076923076923 0.07451923076923077
0 0.9867788461538461 0.49038461538461536 0.026442307692307692 0.039663461538461536
0 0.796875 0.49158653846153844 0.028846153846153848 0.037259615384615384
0 0.7379807692307693 0.5096153846153846 0.04807692307692308 0.07451923076923077
0 0.8269230769230769 0.5264423076923077 0.03485576923076923 0.055288461538461536
0 0.8641826923076923 0.5384615384615384 0.04447115384615385 0.07091346153846154
0 0.6466346153846154 0.5408653846153846 0.039663461538461536 0.06610576923076923
0 0.6947115384615384 0.546875 0.037259615384615384 0.052884615384615384
0 0.9182692307692307 0.5576923076923077 0.07451923076923077 0.11658653846153846
0 0.9783653846153846 0.5661057692307693 0.042067307692307696 0.07451923076923077
0 0.7632211538461539 0.59375 0.07692307692307693 0.1141826923076923
0 0.8798076923076923 0.609375 0.05048076923076923 0.07091346153846154
0 0.6899038461538461 0.6153846153846154 0.04807692307692308 0.07091346153846154
0 0.6586538461538461 0.6225961538461539 0.03125 0.055288461538461536
0 0.9639423076923077 0.6370192307692307 0.02403846153846154 0.026442307692307692
0 0.6454326923076923 0.6370192307692307 0.03125 0.026442307692307692
0 0.9266826923076923 0.6322115384615384 0.05048076923076923 0.037259615384615384
0 0.8161057692307693 0.6358173076923077 0.07692307692307693 0.028846153846153848
0 0.8401442307692307 0.014423076923076924 0.07692307692307693 0.028846153846153848
0 0.06850961538461539 0.9194711538461539 0.13701923076923078 0.16105769230769232
0 0.265625 0.9242788461538461 0.2512019230769231 0.1502403846153846
0 0.515625 0.9230769230769231 0.22235576923076922 0.15384615384615385
0 0.41586538461538464 0.7704326923076923 0.27524038461538464 0.23798076923076922
0 0.13942307692307693 0.7800480769230769 0.24639423076923078 0.25961538461538464
0 0.8317307692307693 0.6790865384615384 0.08774038461538461 0.055288461538461536
0 0.9230769230769231 0.6899038461538461 0.10576923076923077 0.07932692307692307
0 0.7379807692307693 0.6887019230769231 0.10096153846153846 0.07692307692307693
0 0.6550480769230769 0.6899038461538461 0.055288461538461536 0.07932692307692307
0 0.6730769230769231 0.8076923076923077 0.09014423076923077 0.1346153846153846
0 0.8581730769230769 0.8293269230769231 0.08774038461538461 0.1346153846153846
0 0.9495192307692307 0.8473557692307693 0.10096153846153846 0.1502403846153846
0 0.7620192307692307 0.8521634615384616 0.10096153846153846 0.15384615384615385
0 0.7668269230769231 0.9555288461538461 0.08653846153846154 0.0889423076923077
0 0.9555288461538461 0.9555288461538461 0.0889423076923077 0.0889423076923077
0 0.6730769230769231 0.9495192307692307 0.09254807692307693 0.10096153846153846
0 0.8569711538461539 0.9555288461538461 0.10336538461538461 0.0889423076923077