0 0.46033653846153844 0.046875 0.06490384615384616 0.09375
0 0.38341346153846156 0.09134615384615384 0.1310096153846154 0.1814903846153846
0 0.19110576923076922 0.109375 0.140625 0.21754807692307693
0 0.056490384615384616 0.1310096153846154 0.11298076923076923 0.2512019230769231
0 0.40384615384615385 0.19831730769230768 0.1201923076923077 0.1814903846153846
0 0.28365384615384615 0.23076923076923078 0.12620192307692307 0.11778846153846154
0 0.12980769230769232 0.2548076923076923 0.16105769230769232 0.06971153846153846
0 0.8798076923076923 0.14543269230769232 0.21033653846153846 0.28966346153846156
0 0.9903846153846154 0.14423076923076922 0.019230769230769232 0.28846153846153844
0 0.6778846153846154 0.14543269230769232 0.19230769230769232 0.28966346153846156
0 0.5372596153846154 0.14543269230769232 0.08413461538461539 0.28966346153846156
0 0.9350961538461539 0.016826923076923076 0.12980769230769232 0.03365384615384615
0 0.5805288461538461 0.02403846153846154 0.17548076923076922 0.04807692307692308
0 0.7836538461538461 0.027644230769230768 0.17307692307692307 0.055288461538461536
0 0.026442307692307692 0.390625 0.052884615384615384 0.16105769230769232
0 0.44711538461538464 0.3894230769230769 0.09495192307692307 0.16466346153846154
0 0.22596153846153846 0.390625 0.11057692307692307 0.16706730769230768
0 0.11298076923076923 0.3918269230769231 0.11298076923076923 0.16105769230769232
0 0.3389423076923077 0.39302884615384615 0.11298076923076923 0.16706730769230768
0 0.16947115384615385 0.5336538461538461 0.11057692307692307 0.16706730769230768
0 0.39302884615384615 0.5336538461538461 0.11057692307692307 0.16466346153846154
0 0.2800480769230769 0.5348557692307693 0.11057692307692307 0.16706730769230768
0 0.057692307692307696 0.5360576923076923 0.11057692307692307 0.16706730769230768
0 0.4735576923076923 0.5348557692307693 0.04326923076923077 0.16105769230769232
0 0.44350961538461536 0.671875 0.10216346153846154 0.16466346153846154
0 0.11057692307692307 0.6754807692307693 0.11057692307692307 0.16466346153846154
0 0.2247596153846154 0.6754807692307693 0.11057692307692307 0.16466346153846154
0 0.026442307692307692 0.6730769230769231 0.052884615384615384 0.16346153846153846
0 0.33533653846153844 0.6766826923076923 0.11298076923076923 0.16706730769230768
0 0.3894230769230769 0.8149038461538461 0.10817307692307693 0.16466346153846154
0 0.4723557692307692 0.8149038461538461 0.04567307692307692 0.16466346153846154
0 0.052884615384615384 0.8161057692307693 0.1045673076923077 0.16706730769230768
0 0.16706730769230768 0.8185096153846154 0.11057692307692307 0.16706730769230768
0 0.2764423076923077 0.8209134615384616 0.11298076923076923 0.16466346153846154
0 0.4423076923076923 0.9362980769230769 0.10096153846153846 0.12740384615384615
0 0.02403846153846154 0.9362980769230769 0.04807692307692308 0.12740384615384615
0 0.3329326923076923 0.9387019230769231 0.11298076923076923 0.12259615384615384
0 0.10817307692307693 0.9399038461538461 0.11298076923076923 0.1201923076923077
0 0.21875 0.9411057692307693 0.11057692307692307 0.11778846153846154
0 0.16947115384615385 0.31009615384615385 0.10817307692307693 0.040865384615384616
0 0.057692307692307696 0.31009615384615385 0.11057692307692307 0.040865384615384616
0 0.39663461538461536 0.3112980769230769 0.11057692307692307 0.04326923076923077
0 0.28365384615384615 0.3112980769230769 0.11057692307692307 0.04326923076923077
0 0.7475961538461539 0.6875 0.21033653846153846 0.4050480769230769
0 0.9206730769230769 0.9242788461538461 0.15865384615384615 0.15144230769230768
0 0.5829326923076923 0.953125 0.18028846153846154 0.09375
0 0.921875 0.3858173076923077 0.15625 0.19230769230769232
0 0.5769230769230769 0.40625 0.16466346153846154 0.23317307692307693