0 0.027644230769230768 0.3329326923076923 0.055288461538461536 0.41586538461538464
0 0.9098557692307693 0.3545673076923077 0.12259615384615384 0.17668269230769232
0 0.7824519230769231 0.35216346153846156 0.13581730769230768 0.19831730769230768
0 0.671875 0.3425480769230769 0.0673076923076923 0.17668269230769232
0 0.9663461538461539 0.20072115384615385 0.0673076923076923 0.1814903846153846
0 0.859375 0.19471153846153846 0.13581730769230768 0.19471153846153846
0 0.7247596153846154 0.19230769230769232 0.1201923076923077 0.16826923076923078
0 0.9651442307692307 0.051682692307692304 0.06971153846153846 0.10336538461538461
0 0.7331730769230769 0.051682692307692304 0.13942307692307693 0.10336538461538461
0 0.859375 0.038461538461538464 0.11778846153846154 0.07692307692307693
0 0.7752403846153846 0.5012019230769231 0.11778846153846154 0.0829326923076923
0 0.9074519230769231 0.49759615384615385 0.13581730769230768 0.09134615384615384
0 0.6754807692307693 0.49038461538461536 0.07211538461538461 0.1045673076923077
0 0.6502403846153846 0.16346153846153846 0.021634615384615384 0.19831730769230768
0 0.6526442307692307 0.038461538461538464 0.026442307692307692 0.07692307692307693
0 0.1935096153846154 0.7716346153846154 0.13581730769230768 0.20072115384615385
0 0.3245192307692308 0.7608173076923077 0.1201923076923077 0.17427884615384615
0 0.06129807692307692 0.7548076923076923 0.12259615384615384 0.18990384615384615
0 0.4567307692307692 0.7524038461538461 0.13942307692307693 0.20072115384615385
0 0.5841346153846154 0.7463942307692307 0.109375 0.17067307692307693
0 0.25961538461538464 0.6262019230769231 0.13341346153846154 0.1658653846153846
0 0.3918269230769231 0.6165865384615384 0.1201923076923077 0.1466346153846154
0 0.5216346153846154 0.6141826923076923 0.13942307692307693 0.14182692307692307
0 0.12740384615384615 0.6141826923076923 0.13581730769230768 0.14182692307692307
0 0.027644230769230768 0.6069711538461539 0.055288461538461536 0.13221153846153846
0 0.6165865384615384 0.6057692307692307 0.04567307692307692 0.12620192307692307
0 0.19951923076923078 0.9399038461538461 0.1201923076923077 0.1201923076923077
0 0.33052884615384615 0.9266826923076923 0.14182692307692307 0.1466346153846154
0 0.5817307692307693 0.9242788461538461 0.11057692307692307 0.15144230769230768
0 0.4651442307692308 0.9278846153846154 0.11778846153846154 0.14423076923076922
0 0.056490384615384616 0.9290865384615384 0.11177884615384616 0.14182692307692307
0 0.8653846153846154 0.6430288461538461 0.17427884615384615 0.20072115384615385
0 0.9771634615384616 0.6430288461538461 0.04567307692307692 0.20072115384615385
0 0.7067307692307693 0.6418269230769231 0.13581730769230768 0.19831730769230768
0 0.6983173076923077 0.8930288461538461 0.11778846153846154 0.21394230769230768
0 0.8473557692307693 0.8918269230769231 0.17668269230769232 0.21634615384615385
0 0.96875 0.890625 0.06129807692307692 0.21875