0 0.3112980769230769 0.234375 0.45552884615384615 0.46875
0 0.6502403846153846 0.010817307692307692 0.06490384615384616 0.020432692307692308
0 0.7848557692307693 0.030048076923076924 0.06490384615384616 0.06009615384615385
0 0.8473557692307693 0.06370192307692307 0.06490384615384616 0.12740384615384615
0 0.5889423076923077 0.06971153846153846 0.0673076923076923 0.13942307692307693
0 0.9927884615384616 0.10697115384615384 0.014423076923076924 0.21394230769230768
0 0.734375 0.12620192307692307 0.0673076923076923 0.25240384615384615
0 0.6658653846153846 0.14783653846153846 0.06490384615384616 0.26322115384615385
0 0.9242788461538461 0.15504807692307693 0.06490384615384616 0.26322115384615385
0 0.7992788461538461 0.18629807692307693 0.06490384615384616 0.2608173076923077
0 0.5576923076923077 0.20432692307692307 0.036057692307692304 0.25721153846153844
0 0.8641826923076923 0.2536057692307692 0.06490384615384616 0.2548076923076923
0 0.6069711538461539 0.265625 0.0673076923076923 0.2608173076923077
0 0.9651442307692307 0.31009615384615385 0.06009615384615385 0.24278846153846154
0 0.7391826923076923 0.36899038461538464 0.06490384615384616 0.24759615384615385
0 0.8016826923076923 0.4338942307692308 0.0625 0.23677884615384615
0 0.5612980769230769 0.43990384615384615 0.04447115384615385 0.22355769230769232
0 0.8617788461538461 0.46634615384615385 0.0625 0.171875
0 0.9278846153846154 0.4675480769230769 0.06490384615384616 0.16947115384615385
0 0.6153846153846154 0.4699519230769231 0.06490384615384616 0.16346153846153846
0 0.9831730769230769 0.4699519230769231 0.03365384615384615 0.16346153846153846
0 0.6875 0.47596153846153844 0.0673076923076923 0.15144230769230768
0 0.7560096153846154 0.5216346153846154 0.06490384615384616 0.06009615384615385
0 0.5012019230769231 0.5841346153846154 0.07572115384615384 0.06490384615384616
0 0.3076923076923077 0.59375 0.0829326923076923 0.0829326923076923
0 0.04326923076923077 0.59375 0.08653846153846154 0.0829326923076923
0 0.14182692307692307 0.5985576923076923 0.06971153846153846 0.09375
0 0.22596153846153846 0.5997596153846154 0.0733173076923077 0.09615384615384616
0 0.38221153846153844 0.6081730769230769 0.0733173076923077 0.11177884615384616
0 0.5288461538461539 0.6358173076923077 0.020432692307692308 0.12980769230769232
0 0.08774038461538461 0.6682692307692307 0.09134615384615384 0.14783653846153846
0 0.021634615384615384 0.671875 0.04326923076923077 0.11298076923076923
0 0.1814903846153846 0.6862980769230769 0.0829326923076923 0.13822115384615385
0 0.33774038461538464 0.6995192307692307 0.06971153846153846 0.1141826923076923
0 0.4411057692307692 0.6995192307692307 0.08653846153846154 0.13822115384615385
0 0.2608173076923077 0.7007211538461539 0.08052884615384616 0.12740384615384615
0 0.5300480769230769 0.7668269230769231 0.018028846153846152 0.13822115384615385
0 0.036057692307692304 0.7692307692307693 0.07211538461538461 0.125
0 0.125 0.8004807692307693 0.09375 0.15144230769230768
0 0.38221153846153844 0.8028846153846154 0.078125 0.13221153846153846
0 0.3016826923076923 0.8112980769230769 0.0829326923076923 0.140625
0 0.21634615384615385 0.8149038461538461 0.08653846153846154 0.140625
0 0.4879807692307692 0.8257211538461539 0.0889423076923077 0.14783653846153846
0 0.5228365384615384 0.8942307692307693 0.03125 0.12259615384615384
0 0.06129807692307692 0.9014423076923077 0.0889423076923077 0.14302884615384615
0 0.4254807692307692 0.9230769230769231 0.0733173076923077 0.1201923076923077
0 0.3389423076923077 0.9242788461538461 0.06971153846153846 0.1141826923076923
0 0.1778846153846154 0.9326923076923077 0.07572115384615384 0.12259615384615384
0 0.26322115384615385 0.9350961538461539 0.06971153846153846 0.11778846153846154
0 0.4831730769230769 0.9615384615384616 0.08173076923076923 0.07692307692307693
0 0.11177884615384616 0.9759615384615384 0.09375 0.046875
0 0.3786057692307692 0.9819711538461539 0.08052884615384616 0.036057692307692304
0 0.03125 0.9879807692307693 0.0625 0.02403846153846154
0 0.21514423076923078 0.9867788461538461 0.07572115384615384 0.026442307692307692
0 0.30528846153846156 0.9939903846153846 0.07692307692307693 0.01201923076923077
0 0.8762019230769231 0.6129807692307693 0.17427884615384615 0.12259615384615384
0 0.6550480769230769 0.7115384615384616 0.23197115384615385 0.3173076923076923
0 0.9567307692307693 0.7524038461538461 0.08653846153846154 0.4014423076923077
0 0.8112980769230769 0.8377403846153846 0.18269230769230768 0.25