0 0.16947115384615385 0.2800480769230769 0.1466346153846154 0.2620192307692308
0 0.04807692307692308 0.27524038461538464 0.09615384615384616 0.25721153846153844
0 0.09735576923076923 0.09014423076923077 0.15625 0.18028846153846154
0 0.2091346153846154 0.08653846153846154 0.0625 0.17307692307692307
0 0.21153846153846154 0.4855769230769231 0.06129807692307692 0.22115384615384615
0 0.10096153846153846 0.4831730769230769 0.15745192307692307 0.22596153846153846
0 0.4387019230769231 0.5288461538461539 0.10817307692307693 0.13221153846153846
0 0.8689903846153846 0.5276442307692307 0.10576923076923077 0.1346153846153846
0 0.6550480769230769 0.5288461538461539 0.10576923076923077 0.13221153846153846
0 0.7632211538461539 0.5276442307692307 0.10576923076923077 0.1346153846153846
0 0.9615384615384616 0.5264423076923077 0.07572115384615384 0.13701923076923078
0 0.5456730769230769 0.5276442307692307 0.10576923076923077 0.1346153846153846
0 0.3293269230769231 0.5264423076923077 0.10576923076923077 0.13701923076923078
0 0.25841346153846156 0.5252403846153846 0.03245192307692308 0.13942307692307693
0 0.6021634615384616 0.40865384615384615 0.10817307692307693 0.15745192307692307
0 0.49399038461538464 0.40865384615384615 0.10817307692307693 0.15745192307692307
0 0.3858173076923077 0.4050480769230769 0.10576923076923077 0.15384615384615385
0 0.2848557692307692 0.4050480769230769 0.0829326923076923 0.15985576923076922
0 0.9266826923076923 0.4050480769230769 0.10576923076923077 0.15745192307692307
0 0.8173076923076923 0.4050480769230769 0.10576923076923077 0.15745192307692307
0 0.9903846153846154 0.40384615384615385 0.019230769230769232 0.15745192307692307
0 0.7103365384615384 0.40384615384615385 0.10817307692307693 0.15985576923076922
0 0.6598557692307693 0.27163461538461536 0.10336538461538461 0.15745192307692307
0 0.5492788461538461 0.27163461538461536 0.10817307692307693 0.15745192307692307
0 0.43990384615384615 0.2704326923076923 0.10576923076923077 0.15745192307692307
0 0.25961538461538464 0.2692307692307692 0.03485576923076923 0.15745192307692307
0 0.3329326923076923 0.2692307692307692 0.10817307692307693 0.15745192307692307
0 0.9639423076923077 0.26802884615384615 0.07091346153846154 0.15985576923076922
0 0.8725961538461539 0.2692307692307692 0.10576923076923077 0.15985576923076922
0 0.7668269230769231 0.2668269230769231 0.10817307692307693 0.15745192307692307
0 0.4963942307692308 0.13581730769230768 0.10817307692307693 0.15985576923076922
0 0.3858173076923077 0.13581730769230768 0.10336538461538461 0.15745192307692307
0 0.6045673076923077 0.13581730769230768 0.10576923076923077 0.15745192307692307
0 0.9915865384615384 0.1346153846153846 0.016826923076923076 0.15745192307692307
0 0.28725961538461536 0.13341346153846154 0.08774038461538461 0.15985576923076922
0 0.7127403846153846 0.13341346153846154 0.10817307692307693 0.15745192307692307
0 0.9290865384615384 0.13221153846153846 0.10817307692307693 0.15745192307692307
0 0.8209134615384616 0.1310096153846154 0.10576923076923077 0.15384615384615385
0 0.25961538461538464 0.042067307692307696 0.03485576923076923 0.0829326923076923
0 0.875 0.038461538461538464 0.10336538461538461 0.07572115384615384
0 0.9651442307692307 0.038461538461538464 0.06850961538461539 0.07572115384615384
0 0.7692307692307693 0.038461538461538464 0.10817307692307693 0.07572115384615384
0 0.3329326923076923 0.038461538461538464 0.10817307692307693 0.07572115384615384
0 0.5504807692307693 0.037259615384615384 0.10576923076923077 0.0733173076923077
0 0.44350961538461536 0.037259615384615384 0.10817307692307693 0.0733173076923077
0 0.6550480769230769 0.037259615384615384 0.10576923076923077 0.0733173076923077