0 0.35216346153846156 0.17668269230769232 0.3245192307692308 0.35336538461538464
0 0.15745192307692307 0.3858173076923077 0.3004807692307692 0.23918269230769232
0 0.43509615384615385 0.43028846153846156 0.20192307692307693 0.14903846153846154
0 0.6478365384615384 0.16706730769230768 0.22235576923076922 0.33413461538461536
0 0.8617788461538461 0.2439903846153846 0.27524038461538464 0.4879807692307692
0 0.7043269230769231 0.4206730769230769 0.33653846153846156 0.16826923076923078
0 0.016826923076923076 0.8485576923076923 0.03365384615384615 0.2932692307692308
0 0.11298076923076923 0.8605769230769231 0.15865384615384615 0.2776442307692308
0 0.27524038461538464 0.8677884615384616 0.16105769230769232 0.26322115384615385
0 0.43509615384615385 0.8762019230769231 0.15865384615384615 0.24759615384615385
0 0.9375 0.8028846153846154 0.12379807692307693 0.21514423076923078