0 0.546875 0.38100961538461536 0.07692307692307693 0.16346153846153846
0 0.3737980769230769 0.36899038461538464 0.10576923076923077 0.16346153846153846
0 0.47115384615384615 0.28966346153846156 0.10817307692307693 0.16706730769230768
0 0.27283653846153844 0.2536057692307692 0.1141826923076923 0.16947115384615385
0 0.5492788461538461 0.21875 0.07091346153846154 0.15625
0 0.38100961538461536 0.19591346153846154 0.11057692307692307 0.15865384615384615
0 0.17668269230769232 0.1658653846153846 0.11057692307692307 0.16706730769230768
0 0.4795673076923077 0.12379807692307693 0.10576923076923077 0.16105769230769232
0 0.28846153846153844 0.11057692307692307 0.10817307692307693 0.1502403846153846
0 0.5552884615384616 0.06971153846153846 0.057692307692307696 0.13942307692307693
0 0.38341346153846156 0.06009615384615385 0.10576923076923077 0.11899038461538461
0 0.18629807692307693 0.040865384615384616 0.10817307692307693 0.08173076923076923
0 0.47836538461538464 0.02403846153846154 0.10576923076923077 0.04807692307692308
0 0.29447115384615385 0.020432692307692308 0.10817307692307693 0.039663461538461536
0 0.09375 0.020432692307692308 0.1875 0.039663461538461536
0 0.9014423076923077 0.3942307692307692 0.1971153846153846 0.33653846153846156
0 0.1935096153846154 0.9915865384615384 0.16947115384615385 0.015625
0 0.6670673076923077 0.9254807692307693 0.13701923076923078 0.14783653846153846
0 0.8100961538461539 0.9242788461538461 0.13701923076923078 0.1502403846153846
0 0.9399038461538461 0.9242788461538461 0.11899038461538461 0.1502403846153846
0 0.6274038461538461 0.7740384615384616 0.08413461538461539 0.2091346153846154
0 0.7403846153846154 0.7740384615384616 0.140625 0.20673076923076922
0 0.8810096153846154 0.7716346153846154 0.140625 0.20673076923076922
0 0.9759615384615384 0.7680288461538461 0.04807692307692308 0.2091346153846154
0 0.8076923076923077 0.6298076923076923 0.140625 0.13221153846153846
0 0.6670673076923077 0.6286057692307693 0.13701923076923078 0.12980769230769232
0 0.9399038461538461 0.6262019230769231 0.11899038461538461 0.12379807692307693