0 0.021634615384615384 0.019230769230769232 0.04326923076923077 0.038461538461538464
0 0.5420673076923077 0.019230769230769232 0.08413461538461539 0.038461538461538464
0 0.4050480769230769 0.020432692307692308 0.08413461538461539 0.040865384615384616
0 0.15985576923076922 0.02403846153846154 0.08653846153846154 0.04807692307692308
0 0.5997596153846154 0.03125 0.04326923076923077 0.052884615384615384
0 0.25721153846153844 0.04567307692307692 0.08173076923076923 0.055288461538461536
0 0.09134615384615384 0.04807692307692308 0.08413461538461539 0.055288461538461536
0 0.4723557692307692 0.04927884615384615 0.08173076923076923 0.05048076923076923
0 0.34375 0.05048076923076923 0.078125 0.052884615384615384
0 0.5480769230769231 0.06971153846153846 0.078125 0.05048076923076923
0 0.6045673076923077 0.08533653846153846 0.036057692307692304 0.052884615384615384
0 0.40384615384615385 0.08774038461538461 0.078125 0.052884615384615384
0 0.21754807692307693 0.09495192307692307 0.08173076923076923 0.052884615384615384
0 0.3016826923076923 0.09495192307692307 0.078125 0.052884615384615384
0 0.484375 0.10096153846153846 0.08173076923076923 0.055288461538461536
0 0.042067307692307696 0.10336538461538461 0.08413461538461539 0.078125
0 0.5661057692307693 0.11538461538461539 0.08413461538461539 0.052884615384615384
0 0.4254807692307692 0.140625 0.08173076923076923 0.052884615384615384
0 0.2620192307692308 0.14302884615384615 0.08173076923076923 0.052884615384615384
0 0.3449519230769231 0.14423076923076922 0.07572115384615384 0.05048076923076923
0 0.026442307692307692 0.15384615384615385 0.052884615384615384 0.05889423076923077
0 0.5012019230769231 0.15745192307692307 0.08173076923076923 0.052884615384615384
0 0.11899038461538461 0.15985576923076922 0.11177884615384616 0.07572115384615384
0 0.38341346153846156 0.18389423076923078 0.08653846153846154 0.055288461538461536
0 0.2956730769230769 0.18389423076923078 0.08653846153846154 0.05889423076923077
0 0.5757211538461539 0.19230769230769232 0.08173076923076923 0.052884615384615384
0 0.07692307692307693 0.20072115384615385 0.09615384615384616 0.06370192307692307
0 0.4987980769230769 0.21033653846153846 0.08413461538461539 0.052884615384615384
0 0.018028846153846152 0.21754807692307693 0.036057692307692304 0.06370192307692307
0 0.6117788461538461 0.22115384615384615 0.020432692307692308 0.05048076923076923
0 0.41947115384615385 0.22956730769230768 0.09134615384615384 0.05889423076923077
0 0.5697115384615384 0.2439903846153846 0.08413461538461539 0.052884615384615384
0 0.1502403846153846 0.24519230769230768 0.09375 0.06370192307692307
0 0.3317307692307692 0.24519230769230768 0.09375 0.05889423076923077
0 0.055288461538461536 0.26322115384615385 0.0985576923076923 0.06129807692307692
0 0.49038461538461536 0.2668269230769231 0.08653846153846154 0.05889423076923077
0 0.609375 0.27524038461538464 0.025240384615384616 0.052884615384615384
0 0.004807692307692308 0.2776442307692308 0.009615384615384616 0.06370192307692307
0 0.40024038461538464 0.28725961538461536 0.09134615384615384 0.05889423076923077
0 0.5612980769230769 0.2980769230769231 0.08653846153846154 0.055288461538461536
0 0.13942307692307693 0.3088942307692308 0.09134615384615384 0.05889423076923077
0 0.3125 0.3088942307692308 0.09134615384615384 0.05889423076923077
0 0.4723557692307692 0.32211538461538464 0.0889423076923077 0.055288461538461536
0 0.04326923076923077 0.3245192307692308 0.08653846153846154 0.06129807692307692
0 0.6045673076923077 0.33052884615384615 0.036057692307692304 0.055288461538461536
0 0.2548076923076923 0.33533653846153844 0.08413461538461539 0.052884615384615384
0 0.3894230769230769 0.3449519230769231 0.0889423076923077 0.055288461538461536
0 0.5456730769230769 0.3545673076923077 0.0889423076923077 0.055288461538461536
0 0.10576923076923077 0.36778846153846156 0.09615384615384616 0.06370192307692307
0 0.3125 0.3713942307692308 0.08653846153846154 0.05889423076923077
0 0.24278846153846154 0.38461538461538464 0.06370192307692307 0.040865384615384616
0 0.027644230769230768 0.38461538461538464 0.055288461538461536 0.06370192307692307
0 0.5961538461538461 0.3870192307692308 0.05048076923076923 0.052884615384615384
0 0.3894230769230769 0.4026442307692308 0.08653846153846154 0.052884615384615384
0 0.14423076923076922 0.40865384615384615 0.06850961538461539 0.036057692307692304
0 0.30408653846153844 0.4110576923076923 0.06129807692307692 0.027644230769230768
0 0.5444711538461539 0.421875 0.0889423076923077 0.055288461538461536
0 0.07692307692307693 0.421875 0.06370192307692307 0.030048076923076924
0 0.18269230769230768 0.43149038461538464 0.07091346153846154 0.04567307692307692
0 0.46153846153846156 0.4375 0.08653846153846154 0.055288461538461536
0 0.1502403846153846 0.4519230769230769 0.06370192307692307 0.04326923076923077
0 0.32091346153846156 0.453125 0.06610576923076923 0.04807692307692308
0 0.3870192307692308 0.453125 0.06850961538461539 0.04326923076923077
0 0.2439903846153846 0.4567307692307692 0.07572115384615384 0.04567307692307692
0 0.04567307692307692 0.47475961538461536 0.07091346153846154 0.05048076923076923
0 0.5877403846153846 0.4831730769230769 0.06850961538461539 0.06370192307692307
0 0.009615384615384616 0.48677884615384615 0.019230769230769232 0.04567307692307692
0 0.17668269230769232 0.49399038461538464 0.07091346153846154 0.05048076923076923
0 0.31009615384615385 0.49759615384615385 0.06370192307692307 0.04326923076923077
0 0.3713942307692308 0.5024038461538461 0.078125 0.04567307692307692
0 0.5084134615384616 0.4987980769230769 0.09375 0.052884615384615384
0 0.09495192307692307 0.5048076923076923 0.0733173076923077 0.040865384615384616
0 0.038461538461538464 0.5120192307692307 0.05048076923076923 0.027644230769230768
0 0.5901442307692307 0.5168269230769231 0.06370192307692307 0.018028846153846152
0 0.22115384615384615 0.5180288461538461 0.07091346153846154 0.015625
0 0.4735576923076923 0.007211538461538462 0.08173076923076923 0.014423076923076924
0 0.32091346153846156 0.008413461538461538 0.08413461538461539 0.016826923076923076
0 0.8918269230769231 0.42427884615384615 0.13942307692307693 0.203125
0 0.7355769230769231 0.4326923076923077 0.15264423076923078 0.18509615384615385
0 0.6670673076923077 0.036057692307692304 0.09134615384615384 0.07091346153846154
0 0.12139423076923077 0.8834134615384616 0.052884615384615384 0.05889423076923077