0 0.5036057692307693 0.03245192307692308 0.19471153846153846 0.06490384615384616
0 0.27163461538461536 0.20072115384615385 0.21634615384615385 0.2283653846153846
0 0.06009615384615385 0.17427884615384615 0.1201923076923077 0.28125
0 0.48677884615384615 0.19831730769230768 0.23197115384615385 0.234375
0 0.2512019230769231 0.039663461538461536 0.30288461538461536 0.07932692307692307
0 0.06370192307692307 0.019230769230769232 0.12740384615384615 0.038461538461538464
0 0.7788461538461539 0.03365384615384615 0.22596153846153846 0.0673076923076923
0 0.6370192307692307 0.015625 0.06850961538461539 0.03125
0 0.9266826923076923 0.015625 0.11057692307692307 0.03125
0 0.6694711538461539 0.11177884615384616 0.1346153846153846 0.20552884615384615
0 0.9555288461538461 0.1201923076923077 0.0889423076923077 0.203125
0 0.8425480769230769 0.15144230769230768 0.18629807692307693 0.2764423076923077
0 0.037259615384615384 0.5492788461538461 0.0733173076923077 0.234375
0 0.45072115384615385 0.5649038461538461 0.296875 0.2283653846153846
0 0.1814903846153846 0.6670673076923077 0.3076923076923077 0.234375
0 0.027644230769230768 0.7692307692307693 0.055288461538461536 0.2127403846153846
0 0.4254807692307692 0.7884615384615384 0.28966346153846156 0.21033653846153846
0 0.1622596153846154 0.8870192307692307 0.2920673076923077 0.20793269230769232
0 0.030048076923076924 0.9387019230769231 0.06009615384615385 0.12259615384615384
0 0.42788461538461536 0.9483173076923077 0.2764423076923077 0.10216346153846154
0 0.019230769230769232 0.36778846153846156 0.038461538461538464 0.10576923076923077
0 0.45552884615384615 0.38341346153846156 0.29447115384615385 0.1346153846153846
0 0.18269230769230768 0.43149038461538464 0.3293269230769231 0.23197115384615385
0 0.8233173076923077 0.4026442307692308 0.08653846153846154 0.17427884615384615
0 0.9771634615384616 0.4026442307692308 0.04447115384615385 0.16826923076923078
0 0.6442307692307693 0.4026442307692308 0.08413461538461539 0.16826923076923078
0 0.9122596153846154 0.4026442307692308 0.08653846153846154 0.17067307692307693
0 0.7331730769230769 0.40384615384615385 0.08413461538461539 0.16826923076923078
0 0.6862980769230769 0.5336538461538461 0.08173076923076923 0.1658653846153846
0 0.9435096153846154 0.5360576923076923 0.08173076923076923 0.15504807692307693
0 0.7752403846153846 0.5372596153846154 0.08413461538461539 0.16346153846153846
0 0.9951923076923077 0.5360576923076923 0.009615384615384616 0.16826923076923078
0 0.8617788461538461 0.5384615384615384 0.08653846153846154 0.1658653846153846
0 0.6225961538461539 0.5384615384615384 0.039663461538461536 0.1658653846153846
0 0.6442307692307693 0.671875 0.08413461538461539 0.17067307692307693
0 0.9771634615384616 0.671875 0.04447115384615385 0.17067307692307693
0 0.8209134615384616 0.6742788461538461 0.08413461538461539 0.16826923076923078
0 0.9146634615384616 0.6778846153846154 0.0889423076923077 0.17067307692307693
0 0.7355769230769231 0.6778846153846154 0.0889423076923077 0.17067307692307693
0 0.9483173076923077 0.33413461538461536 0.08653846153846154 0.037259615384615384
0 0.8605769230769231 0.3329326923076923 0.08413461538461539 0.03365384615384615
0 0.7752403846153846 0.33413461538461536 0.08653846153846154 0.037259615384615384
0 0.6899038461538461 0.3329326923076923 0.08413461538461539 0.03365384615384615