0 0.5528846153846154 0.2980769230769231 0.054086538461538464 0.2091346153846154
0 0.2860576923076923 0.296875 0.15865384615384615 0.21153846153846154
0 0.44711538461538464 0.2980769230769231 0.1502403846153846 0.2091346153846154
0 0.040865384615384616 0.2932692307692308 0.08173076923076923 0.21995192307692307
0 0.515625 0.11298076923076923 0.12740384615384615 0.22596153846153846
0 0.3701923076923077 0.11298076923076923 0.15865384615384615 0.22596153846153846
0 0.20673076923076922 0.11298076923076923 0.15865384615384615 0.22596153846153846
0 0.078125 0.109375 0.13221153846153846 0.21875
0 0.040865384615384616 0.014423076923076924 0.08173076923076923 0.027644230769230768
0 0.28966346153846156 0.01201923076923077 0.15504807692307693 0.02283653846153846
0 0.44591346153846156 0.01201923076923077 0.15264423076923078 0.02283653846153846
0 0.9651442307692307 0.12259615384615384 0.06850961538461539 0.2247596153846154
0 0.02283653846153846 0.8762019230769231 0.04567307692307692 0.17548076923076922
0 0.09014423076923077 0.8341346153846154 0.10697115384615384 0.18389423076923078
0 0.22596153846153846 0.7331730769230769 0.10697115384615384 0.16346153846153846
0 0.07932692307692307 0.7211538461538461 0.1045673076923077 0.14783653846153846
0 0.171875 0.6069711538461539 0.10216346153846154 0.16826923076923078
0 0.027644230769230768 0.5793269230769231 0.055288461538461536 0.16826923076923078
0 0.4098557692307692 0.5600961538461539 0.109375 0.16826923076923078
0 0.26322115384615385 0.5540865384615384 0.10697115384615384 0.17307692307692307
0 0.5060096153846154 0.4987980769230769 0.11538461538461539 0.17548076923076922
0 0.9158653846153846 0.8581730769230769 0.06370192307692307 0.0889423076923077
0 0.8521634615384616 0.8353365384615384 0.06610576923076923 0.08653846153846154
0 0.9711538461538461 0.8293269230769231 0.057692307692307696 0.08653846153846154
0 0.8004807692307693 0.7764423076923077 0.06610576923076923 0.0889423076923077
0 0.9242788461538461 0.7692307692307693 0.06370192307692307 0.08413461538461539
0 0.8629807692307693 0.7463942307692307 0.06610576923076923 0.08413461538461539
0 0.9771634615384616 0.7403846153846154 0.04567307692307692 0.08653846153846154
0 0.9891826923076923 0.9831730769230769 0.021634615384615384 0.03365384615384615
0 0.8137019230769231 0.6923076923076923 0.06610576923076923 0.08413461538461539
0 0.9362980769230769 0.6862980769230769 0.06370192307692307 0.08653846153846154
0 0.8725961538461539 0.6646634615384616 0.06370192307692307 0.08413461538461539
0 0.9723557692307693 0.6622596153846154 0.055288461538461536 0.07451923076923077
0 0.7055288461538461 0.6382211538461539 0.06850961538461539 0.09134615384615384
0 0.9122596153846154 0.6225961538461539 0.06129807692307692 0.04807692307692308
0 0.7692307692307693 0.6081730769230769 0.06850961538461539 0.0889423076923077
0 0.9591346153846154 0.5817307692307693 0.06129807692307692 0.07932692307692307
0 0.6514423076923077 0.5793269230769231 0.06850961538461539 0.09134615384615384
0 0.8329326923076923 0.5757211538461539 0.06850961538461539 0.0889423076923077
0 0.9915865384615384 0.5540865384615384 0.016826923076923076 0.07932692307692307
0 0.8930288461538461 0.5540865384615384 0.05889423076923077 0.07932692307692307
0 0.7175480769230769 0.546875 0.07091346153846154 0.08653846153846154
0 0.7800480769230769 0.515625 0.06850961538461539 0.0889423076923077
0 0.9423076923076923 0.5036057692307693 0.06129807692307692 0.07692307692307693
0 0.8461538461538461 0.4879807692307692 0.06610576923076923 0.08413461538461539
0 0.6658653846153846 0.4879807692307692 0.06610576923076923 0.08653846153846154
0 0.984375 0.4807692307692308 0.030048076923076924 0.07932692307692307
0 0.7295673076923077 0.46033653846153844 0.06850961538461539 0.08653846153846154
0 0.7920673076923077 0.4375 0.06850961538461539 0.06850961538461539
0 0.6778846153846154 0.42788461538461536 0.06370192307692307 0.04807692307692308
0 0.7367788461538461 0.41346153846153844 0.06129807692307692 0.020432692307692308
0 0.9098557692307693 0.41947115384615385 0.06370192307692307 0.03365384615384615
0 0.6286057692307693 0.41466346153846156 0.06370192307692307 0.02283653846153846
0 0.9903846153846154 0.9230769230769231 0.019230769230769232 0.08653846153846154