0 0.41346153846153844 0.33774038461538464 0.125 0.43149038461538464
0 0.9735576923076923 0.515625 0.052884615384615384 0.08413461538461539
0 0.6009615384615384 0.5108173076923077 0.056490384615384616 0.08774038461538461
0 0.6538461538461539 0.5048076923076923 0.054086538461538464 0.0829326923076923
0 0.7079326923076923 0.5 0.054086538461538464 0.08533653846153846
0 0.7668269230769231 0.4963942307692308 0.056490384615384616 0.0829326923076923
0 0.8173076923076923 0.49158653846153844 0.054086538461538464 0.0829326923076923
0 0.875 0.4891826923076923 0.054086538461538464 0.08052884615384616
0 0.9254807692307693 0.48677884615384615 0.051682692307692304 0.0829326923076923
0 0.5048076923076923 0.44591346153846156 0.056490384615384616 0.08774038461538461
0 0.9831730769230769 0.4411057692307692 0.03365384615384615 0.07932692307692307
0 0.5661057692307693 0.4362980769230769 0.056490384615384616 0.08774038461538461
0 0.6262019230769231 0.4338942307692308 0.056490384615384616 0.08533653846153846
0 0.6778846153846154 0.42788461538461536 0.051682692307692304 0.0829326923076923
0 0.7415865384615384 0.4254807692307692 0.054086538461538464 0.0829326923076923
0 0.7932692307692307 0.4182692307692308 0.054086538461538464 0.0829326923076923
0 0.8473557692307693 0.41586538461538464 0.051682692307692304 0.08533653846153846
0 0.9507211538461539 0.41225961538461536 0.054086538461538464 0.08533653846153846
0 0.8966346153846154 0.41225961538461536 0.051682692307692304 0.0829326923076923
0 0.5408653846153846 0.36658653846153844 0.056490384615384616 0.08774038461538461
0 0.9975961538461539 0.36538461538461536 0.004807692307692308 0.0829326923076923
0 0.5985576923076923 0.36177884615384615 0.054086538461538464 0.08533653846153846
0 0.6550480769230769 0.359375 0.054086538461538464 0.08533653846153846
0 0.7067307692307693 0.35216346153846156 0.051682692307692304 0.08533653846153846
0 0.7596153846153846 0.34615384615384615 0.051682692307692304 0.0829326923076923
0 0.8161057692307693 0.34134615384615385 0.054086538461538464 0.0829326923076923
0 0.8713942307692307 0.3401442307692308 0.051682692307692304 0.0829326923076923
0 0.9747596153846154 0.33533653846153844 0.05048076923076923 0.08413461538461539
0 0.9266826923076923 0.33533653846153844 0.051682692307692304 0.08052884615384616
0 0.5048076923076923 0.3004807692307692 0.054086538461538464 0.08774038461538461
0 0.5600961538461539 0.28725961538461536 0.051682692307692304 0.08533653846153846
0 0.609375 0.28365384615384615 0.051682692307692304 0.078125
0 0.671875 0.2776442307692308 0.056490384615384616 0.08533653846153846
0 0.7331730769230769 0.27283653846153844 0.056490384615384616 0.08533653846153846
0 0.7824519230769231 0.26802884615384615 0.051682692307692304 0.08533653846153846
0 0.8305288461538461 0.265625 0.051682692307692304 0.08052884615384616
0 0.890625 0.2620192307692308 0.054086538461538464 0.0829326923076923
0 0.9879807692307693 0.25841346153846156 0.02403846153846154 0.08533653846153846
0 0.9483173076923077 0.25961538461538464 0.051682692307692304 0.08533653846153846
0 0.5288461538461539 0.21754807692307693 0.05889423076923077 0.08774038461538461
0 0.5901442307692307 0.21033653846153846 0.056490384615384616 0.08533653846153846
0 0.6466346153846154 0.203125 0.054086538461538464 0.08533653846153846
0 0.703125 0.20072115384615385 0.056490384615384616 0.08533653846153846
0 0.7632211538461539 0.19591346153846154 0.054086538461538464 0.08533653846153846
0 0.8137019230769231 0.19110576923076922 0.051682692307692304 0.0829326923076923
0 0.8713942307692307 0.1875 0.051682692307692304 0.0829326923076923
0 0.9242788461538461 0.18509615384615385 0.054086538461538464 0.08533653846153846
0 0.9759615384615384 0.18028846153846154 0.04807692307692308 0.08173076923076923
0 0.49278846153846156 0.16105769230769232 0.03485576923076923 0.08533653846153846
0 0.5625 0.13701923076923078 0.05889423076923077 0.08533653846153846
0 0.6201923076923077 0.12980769230769232 0.056490384615384616 0.08533653846153846
0 0.6754807692307693 0.125 0.054086538461538464 0.08533653846153846
0 0.7379807692307693 0.12139423076923077 0.056490384615384616 0.08774038461538461
0 0.7920673076923077 0.11658653846153846 0.056490384615384616 0.08533653846153846
0 0.8449519230769231 0.1141826923076923 0.051682692307692304 0.08533653846153846
0 0.8930288461538461 0.11298076923076923 0.054086538461538464 0.08774038461538461
0 0.9519230769230769 0.11057692307692307 0.051682692307692304 0.08533653846153846
0 0.9915865384615384 0.10576923076923077 0.016826923076923076 0.0829326923076923
0 0.5144230769230769 0.08173076923076923 0.056490384615384616 0.08774038461538461
0 0.5793269230769231 0.05889423076923077 0.056490384615384616 0.08533653846153846
0 0.6382211538461539 0.051682692307692304 0.056490384615384616 0.08533653846153846
0 0.6899038461538461 0.046875 0.054086538461538464 0.0829326923076923
0 0.8100961538461539 0.040865384615384616 0.056490384615384616 0.08052884615384616
0 0.9170673076923077 0.040865384615384616 0.04927884615384615 0.08052884615384616
0 0.8713942307692307 0.040865384615384616 0.056490384615384616 0.08052884615384616
0 0.7548076923076923 0.040865384615384616 0.054086538461538464 0.08052884615384616
0 0.9675480769230769 0.038461538461538464 0.054086538461538464 0.07572115384615384
0 0.484375 0.037259615384615384 0.016826923076923076 0.0733173076923077
0 0.53125 0.020432692307692308 0.057692307692307696 0.040865384615384616
0 0.609375 0.010817307692307692 0.056490384615384616 0.021634615384615384
0 0.9927884615384616 0.007211538461538462 0.014423076923076924 0.014423076923076924
0 0.6682692307692307 0.006009615384615385 0.056490384615384616 0.01201923076923077
0 0.8918269230769231 0.003605769230769231 0.054086538461538464 0.007211538461538462
0 0.7271634615384616 0.003605769230769231 0.056490384615384616 0.007211538461538462
0 0.9447115384615384 0.002403846153846154 0.051682692307692304 0.004807692307692308
0 0.9867788461538461 0.5901442307692307 0.026442307692307692 0.0829326923076923
0 0.9423076923076923 0.5889423076923077 0.051682692307692304 0.0829326923076923
0 0.890625 0.5540865384615384 0.051682692307692304 0.06370192307692307
0 0.9050480769230769 0.6165865384615384 0.06610576923076923 0.06129807692307692
0 0.08774038461538461 0.9675480769230769 0.08774038461538461 0.06370192307692307
0 0.19230769230769232 0.9495192307692307 0.15985576923076922 0.10096153846153846
0 0.36177884615384615 0.9615384615384616 0.11538461538461539 0.07572115384615384
0 0.22115384615384615 0.828125 0.11298076923076923 0.17668269230769232
0 0.45072115384615385 0.8173076923076923 0.04927884615384615 0.17427884615384615
0 0.054086538461538464 0.7920673076923077 0.10817307692307693 0.24519230769230768
0 0.3317307692307692 0.7776442307692307 0.16947115384615385 0.25
0 0.10336538461538461 0.6887019230769231 0.10817307692307693 0.0829326923076923
0 0.36658653846153844 0.6754807692307693 0.125 0.056490384615384616
0 0.1935096153846154 0.6694711538461539 0.1622596153846154 0.04447115384615385
0 0.8605769230769231 0.9471153846153846 0.10817307692307693 0.10576923076923077
0 0.5612980769230769 0.8461538461538461 0.12259615384615384 0.18629807692307693
0 0.6694711538461539 0.8413461538461539 0.10336538461538461 0.15144230769230768
0 0.48677884615384615 0.8377403846153846 0.021634615384615384 0.15745192307692307
0 0.9050480769230769 0.8341346153846154 0.10576923076923077 0.15384615384615385
0 0.9783653846153846 0.8197115384615384 0.04326923076923077 0.16826923076923078
0 0.7908653846153846 0.8209134615384616 0.1201923076923077 0.17908653846153846
0 0.6754807692307693 0.7043269230769231 0.1201923076923077 0.11538461538461539
0 0.5637019230769231 0.6983173076923077 0.11298076923076923 0.10336538461538461
0 0.9050480769230769 0.6983173076923077 0.1201923076923077 0.10336538461538461
0 0.7908653846153846 0.6875 0.10096153846153846 0.08052884615384616
0 0.5132211538461539 0.9507211538461539 0.07572115384615384 0.0985576923076923
0 0.6057692307692307 0.9579326923076923 0.10817307692307693 0.0829326923076923
0 0.7019230769230769 0.9507211538461539 0.10096153846153846 0.0985576923076923
0 0.9591346153846154 0.9435096153846154 0.08052884615384616 0.11298076923076923