0 0.2283653846153846 0.3173076923076923 0.10096153846153846 0.13701923076923078
0 0.33653846153846156 0.3088942307692308 0.07572115384615384 0.0985576923076923
0 0.43149038461538464 0.2920673076923077 0.078125 0.10336538461538461
0 0.14903846153846154 0.25 0.07572115384615384 0.10336538461538461
0 0.28846153846153844 0.2283653846153846 0.08052884615384616 0.11057692307692307
0 0.3798076923076923 0.20793269230769232 0.0733173076923077 0.10817307692307693
0 0.44471153846153844 0.1971153846153846 0.051682692307692304 0.11057692307692307
0 0.21033653846153846 0.19110576923076922 0.08052884615384616 0.10576923076923077
0 0.1141826923076923 0.15144230769230768 0.078125 0.10336538461538461
0 0.31971153846153844 0.12980769230769232 0.08533653846153846 0.11778846153846154
0 0.23677884615384615 0.09735576923076923 0.08052884615384616 0.11298076923076923
0 0.16826923076923078 0.06610576923076923 0.07091346153846154 0.10336538461538461
0 0.046875 0.016826923076923076 0.06971153846153846 0.03365384615384615
0 0.32091346153846156 0.014423076923076924 0.0829326923076923 0.028846153846153848
0 0.24158653846153846 0.013221153846153846 0.07572115384615384 0.026442307692307692
0 0.3942307692307692 0.38822115384615385 0.078125 0.09615384615384616
0 0.30408653846153844 0.3870192307692308 0.07572115384615384 0.09615384615384616
0 0.9879807692307693 0.41466346153846156 0.02403846153846154 0.06850961538461539
0 0.9519230769230769 0.41466346153846156 0.051682692307692304 0.06850961538461539
0 0.9026442307692307 0.41466346153846156 0.051682692307692304 0.06850961538461539
0 0.8545673076923077 0.41346153846153844 0.051682692307692304 0.07091346153846154
0 0.8040865384615384 0.41346153846153844 0.051682692307692304 0.06850961538461539
0 0.5024038461538461 0.41346153846153844 0.054086538461538464 0.0733173076923077
0 0.7548076923076923 0.41225961538461536 0.051682692307692304 0.07091346153846154
0 0.5540865384615384 0.41225961538461536 0.051682692307692304 0.07091346153846154
0 0.7043269230769231 0.4110576923076923 0.051682692307692304 0.07091346153846154
0 0.6045673076923077 0.4110576923076923 0.051682692307692304 0.07091346153846154
0 0.6538461538461539 0.4110576923076923 0.051682692307692304 0.07091346153846154
0 0.9975961538461539 0.35697115384615385 0.004807692307692308 0.06610576923076923
0 0.9723557692307693 0.3581730769230769 0.051682692307692304 0.06850961538461539
0 0.9242788461538461 0.35697115384615385 0.04927884615384615 0.06850961538461539
0 0.8762019230769231 0.3557692307692308 0.051682692307692304 0.06850961538461539
0 0.8269230769230769 0.3545673076923077 0.04927884615384615 0.06850961538461539
0 0.7764423076923077 0.3545673076923077 0.051682692307692304 0.06850961538461539
0 0.48677884615384615 0.35216346153846156 0.03245192307692308 0.07091346153846154
0 0.7283653846153846 0.35336538461538464 0.051682692307692304 0.06850961538461539
0 0.6790865384615384 0.35336538461538464 0.051682692307692304 0.07091346153846154
0 0.5288461538461539 0.35216346153846156 0.054086538461538464 0.07091346153846154
0 0.6298076923076923 0.35216346153846156 0.051682692307692304 0.07091346153846154
0 0.5793269230769231 0.35216346153846156 0.051682692307692304 0.07091346153846154
0 0.9831730769230769 0.29927884615384615 0.03365384615384615 0.06490384615384616
0 0.9447115384615384 0.3004807692307692 0.04927884615384615 0.06850961538461539
0 0.8966346153846154 0.29927884615384615 0.04927884615384615 0.06850961538461539
0 0.8497596153846154 0.2980769230769231 0.051682692307692304 0.06850961538461539
0 0.8004807692307693 0.2980769230769231 0.051682692307692304 0.06850961538461539
0 0.7512019230769231 0.296875 0.051682692307692304 0.06850961538461539
0 0.7019230769230769 0.2956730769230769 0.051682692307692304 0.06850961538461539
0 0.6526442307692307 0.2956730769230769 0.04927884615384615 0.06850961538461539
0 0.6045673076923077 0.29447115384615385 0.051682692307692304 0.06850961538461539
0 0.5552884615384616 0.29447115384615385 0.051682692307692304 0.06850961538461539
0 0.5048076923076923 0.29447115384615385 0.051682692307692304 0.06850961538461539
0 0.9939903846153846 0.24519230769230768 0.01201923076923077 0.06370192307692307
0 0.9651442307692307 0.24639423076923078 0.04927884615384615 0.06370192307692307
0 0.9182692307692307 0.2439903846153846 0.04927884615384615 0.06610576923076923
0 0.8713942307692307 0.24278846153846154 0.04927884615384615 0.06610576923076923
0 0.8233173076923077 0.24158653846153846 0.051682692307692304 0.06610576923076923
0 0.7728365384615384 0.24158653846153846 0.051682692307692304 0.06610576923076923
0 0.7259615384615384 0.2403846153846154 0.04927884615384615 0.06610576923076923
0 0.6766826923076923 0.2403846153846154 0.04927884615384615 0.06610576923076923
0 0.6286057692307693 0.23918269230769232 0.04927884615384615 0.06610576923076923
0 0.5793269230769231 0.23798076923076922 0.051682692307692304 0.06610576923076923
0 0.5300480769230769 0.23798076923076922 0.051682692307692304 0.06610576923076923
0 0.4879807692307692 0.23557692307692307 0.03485576923076923 0.06850961538461539
0 0.9795673076923077 0.18990384615384615 0.040865384615384616 0.0625
0 0.9387019230769231 0.19110576923076922 0.04927884615384615 0.06610576923076923
0 0.8918269230769231 0.18990384615384615 0.04927884615384615 0.06610576923076923
0 0.8449519230769231 0.1875 0.04927884615384615 0.06610576923076923
0 0.7956730769230769 0.1875 0.04927884615384615 0.06610576923076923
0 0.7475961538461539 0.18629807692307693 0.04927884615384615 0.06610576923076923
0 0.6995192307692307 0.18509615384615385 0.04927884615384615 0.06610576923076923
0 0.6514423076923077 0.18509615384615385 0.04927884615384615 0.06610576923076923
0 0.6045673076923077 0.18269230769230768 0.04927884615384615 0.06610576923076923
0 0.5564903846153846 0.18269230769230768 0.051682692307692304 0.06850961538461539
0 0.5072115384615384 0.1814903846153846 0.051682692307692304 0.06850961538461539
0 0.9891826923076923 0.13822115384615385 0.021634615384615384 0.06610576923076923
0 0.9579326923076923 0.13822115384615385 0.04927884615384615 0.06610576923076923
0 0.9122596153846154 0.13701923076923078 0.046875 0.06370192307692307
0 0.8653846153846154 0.13581730769230768 0.04927884615384615 0.06370192307692307
0 0.8173076923076923 0.1346153846153846 0.04927884615384615 0.06610576923076923
0 0.7704326923076923 0.13221153846153846 0.04927884615384615 0.06610576923076923
0 0.7235576923076923 0.13221153846153846 0.04927884615384615 0.06610576923076923
0 0.6754807692307693 0.1310096153846154 0.04927884615384615 0.06610576923076923
0 0.6286057692307693 0.1310096153846154 0.04927884615384615 0.06610576923076923
0 0.5805288461538461 0.12860576923076922 0.04927884615384615 0.06610576923076923
0 0.5336538461538461 0.12740384615384615 0.051682692307692304 0.06610576923076923
0 0.4891826923076923 0.12620192307692307 0.037259615384615384 0.06610576923076923
0 0.9771634615384616 0.08653846153846154 0.04447115384615385 0.06370192307692307
0 0.9314903846153846 0.08533653846153846 0.046875 0.06129807692307692
0 0.8858173076923077 0.0829326923076923 0.046875 0.06370192307692307
0 0.8389423076923077 0.08173076923076923 0.04927884615384615 0.06370192307692307
0 0.7932692307692307 0.08052884615384616 0.04927884615384615 0.06370192307692307
0 0.7451923076923077 0.07932692307692307 0.04927884615384615 0.06370192307692307
0 0.6983173076923077 0.07932692307692307 0.04927884615384615 0.06370192307692307
0 0.6514423076923077 0.078125 0.04927884615384615 0.06610576923076923
0 0.6057692307692307 0.07692307692307693 0.04927884615384615 0.06370192307692307
0 0.5576923076923077 0.07451923076923077 0.04927884615384615 0.06370192307692307
0 0.5084134615384616 0.0733173076923077 0.04927884615384615 0.06610576923076923
0 0.47836538461538464 0.06850961538461539 0.014423076923076924 0.06370192307692307
0 0.9867788461538461 0.038461538461538464 0.026442307692307692 0.06129807692307692
0 0.9507211538461539 0.036057692307692304 0.046875 0.06370192307692307
0 0.9074519230769231 0.03365384615384615 0.046875 0.06370192307692307
0 0.859375 0.030048076923076924 0.05048076923076923 0.06009615384615385
0 0.8112980769230769 0.030048076923076924 0.04567307692307692 0.06009615384615385
0 0.765625 0.028846153846153848 0.05048076923076923 0.057692307692307696
0 0.7199519230769231 0.028846153846153848 0.05048076923076923 0.057692307692307696
0 0.6730769230769231 0.027644230769230768 0.04807692307692308 0.055288461538461536
0 0.6262019230769231 0.027644230769230768 0.05048076923076923 0.055288461538461536
0 0.5793269230769231 0.026442307692307692 0.04807692307692308 0.052884615384615384
0 0.5336538461538461 0.026442307692307692 0.04807692307692308 0.052884615384615384
0 0.4891826923076923 0.02403846153846154 0.040865384615384616 0.04807692307692308
0 0.9699519230769231 0.007211538461538462 0.042067307692307696 0.014423076923076924
0 0.9266826923076923 0.006009615384615385 0.04447115384615385 0.01201923076923077
0 0.8810096153846154 0.004807692307692308 0.046875 0.009615384615384616
0 0.8341346153846154 0.004807692307692308 0.046875 0.009615384615384616
0 0.7884615384615384 0.004807692307692308 0.046875 0.009615384615384616
0 0.7439903846153846 0.003605769230769231 0.046875 0.007211538461538462
0 0.6971153846153846 0.002403846153846154 0.046875 0.004807692307692308
0 0.5 0.5276442307692307 0.054086538461538464 0.051682692307692304
0 0.5516826923076923 0.5252403846153846 0.054086538461538464 0.056490384615384616
0 0.6033653846153846 0.5240384615384616 0.054086538461538464 0.05889423076923077
0 0.9903846153846154 0.5252403846153846 0.019230769230769232 0.056490384615384616
0 0.859375 0.5252403846153846 0.051682692307692304 0.056490384615384616
0 0.8100961538461539 0.5252403846153846 0.051682692307692304 0.056490384615384616
0 0.6550480769230769 0.5252403846153846 0.051682692307692304 0.056490384615384616
0 0.9567307692307693 0.5252403846153846 0.051682692307692304 0.056490384615384616
0 0.9086538461538461 0.5252403846153846 0.051682692307692304 0.056490384615384616
0 0.7572115384615384 0.5240384615384616 0.054086538461538464 0.05889423076923077
0 0.7067307692307693 0.5240384615384616 0.051682692307692304 0.05889423076923077
0 0.48677884615384615 0.47836538461538464 0.03245192307692308 0.0733173076923077
0 0.9759615384615384 0.4735576923076923 0.04807692307692308 0.07211538461538461
0 0.5264423076923077 0.47475961538461536 0.054086538461538464 0.0733173076923077
0 0.9314903846153846 0.4735576923076923 0.051682692307692304 0.07091346153846154
0 0.8822115384615384 0.4735576923076923 0.054086538461538464 0.07091346153846154
0 0.8317307692307693 0.4723557692307692 0.051682692307692304 0.07091346153846154
0 0.578125 0.4723557692307692 0.051682692307692304 0.0733173076923077
0 0.7824519230769231 0.4723557692307692 0.051682692307692304 0.07091346153846154
0 0.7307692307692307 0.4723557692307692 0.051682692307692304 0.0733173076923077
0 0.6298076923076923 0.4723557692307692 0.051682692307692304 0.0733173076923077
0 0.6802884615384616 0.4723557692307692 0.051682692307692304 0.0733173076923077
0 0.04326923076923077 0.6502403846153846 0.08533653846153846 0.1935096153846154
0 0.19951923076923078 0.6370192307692307 0.2127403846153846 0.16706730769230768
0 0.4074519230769231 0.6358173076923077 0.12740384615384615 0.16466346153846154
0 0.7944711538461539 0.6622596153846154 0.20552884615384615 0.21514423076923078
0 0.9471153846153846 0.6574519230769231 0.10576923076923077 0.20552884615384615
0 0.6021634615384616 0.6526442307692307 0.18389423076923078 0.19831730769230768
0 0.7019230769230769 0.8665865384615384 0.17908653846153846 0.2668269230769231
0 0.8954326923076923 0.8605769230769231 0.20793269230769232 0.27884615384615385
0 0.5408653846153846 0.8557692307692307 0.13942307692307693 0.28846153846153844