0 0.04447115384615385 0.13822115384615385 0.0889423076923077 0.2764423076923077
0 0.20552884615384615 0.1502403846153846 0.21634615384615385 0.3004807692307692
0 0.5420673076923077 0.007211538461538462 0.055288461538461536 0.014423076923076924
0 0.4855769230769231 0.006009615384615385 0.055288461538461536 0.01201923076923077
0 0.37740384615384615 0.006009615384615385 0.051682692307692304 0.01201923076923077
0 0.5973557692307693 0.008413461538461538 0.055288461538461536 0.016826923076923076
0 0.6550480769230769 0.008413461538461538 0.057692307692307696 0.016826923076923076
0 0.43149038461538464 0.007211538461538462 0.051682692307692304 0.014423076923076924
0 0.35697115384615385 0.04567307692307692 0.03125 0.09134615384615384
0 0.4026442307692308 0.046875 0.051682692307692304 0.09254807692307693
0 0.5697115384615384 0.046875 0.051682692307692304 0.09254807692307693
0 0.6850961538461539 0.04807692307692308 0.057692307692307696 0.09254807692307693
0 0.4567307692307692 0.04807692307692308 0.051682692307692304 0.09254807692307693
0 0.5108173076923077 0.04927884615384615 0.055288461538461536 0.09254807692307693
0 0.6237980769230769 0.05048076923076923 0.057692307692307696 0.09254807692307693
0 0.7944711538461539 0.11778846153846154 0.055288461538461536 0.09254807692307693
0 0.8521634615384616 0.12139423076923077 0.057692307692307696 0.09495192307692307
0 0.9098557692307693 0.12139423076923077 0.06009615384615385 0.09495192307692307
0 0.9699519230769231 0.12139423076923077 0.06009615384615385 0.09495192307692307
0 0.37740384615384615 0.12379807692307693 0.051682692307692304 0.09014423076923077
0 0.42908653846153844 0.12620192307692307 0.051682692307692304 0.09014423076923077
0 0.4855769230769231 0.12740384615384615 0.055288461538461536 0.09014423076923077
0 0.5396634615384616 0.12860576923076922 0.055288461538461536 0.09254807692307693
0 0.5961538461538461 0.12980769230769232 0.055288461538461536 0.09254807692307693
0 0.6550480769230769 0.1310096153846154 0.057692307692307696 0.09254807692307693
0 0.8209134615384616 0.20072115384615385 0.057692307692307696 0.09254807692307693
0 0.359375 0.20072115384615385 0.03245192307692308 0.08653846153846154
0 0.8798076923076923 0.20432692307692307 0.057692307692307696 0.09254807692307693
0 0.40384615384615385 0.20552884615384615 0.051682692307692304 0.09014423076923077
0 0.4567307692307692 0.20552884615384615 0.051682692307692304 0.09014423076923077
0 0.9411057692307693 0.20552884615384615 0.057692307692307696 0.09495192307692307
0 0.5108173076923077 0.20673076923076922 0.051682692307692304 0.09014423076923077
0 0.984375 0.20673076923076922 0.03125 0.09615384615384616
0 0.5661057692307693 0.2091346153846154 0.057692307692307696 0.09495192307692307
0 0.6213942307692307 0.21033653846153846 0.055288461538461536 0.09254807692307693
0 0.6862980769230769 0.2127403846153846 0.06009615384615385 0.09254807692307693
0 0.7872596153846154 0.2764423076923077 0.055288461538461536 0.09014423076923077
0 0.3713942307692308 0.2824519230769231 0.051682692307692304 0.09014423076923077
0 0.8497596153846154 0.2824519230769231 0.057692307692307696 0.09735576923076923
0 0.4831730769230769 0.28365384615384615 0.051682692307692304 0.09014423076923077
0 0.42788461538461536 0.2848557692307692 0.051682692307692304 0.09014423076923077
0 0.9086538461538461 0.2860576923076923 0.0625 0.09495192307692307
0 0.5372596153846154 0.2860576923076923 0.055288461538461536 0.09254807692307693
0 0.5961538461538461 0.28846153846153844 0.057692307692307696 0.09495192307692307
0 0.9699519230769231 0.28966346153846156 0.06009615384615385 0.09735576923076923
0 0.6514423076923077 0.29086538461538464 0.057692307692307696 0.09495192307692307
0 0.3581730769230769 0.3473557692307692 0.030048076923076924 0.07211538461538461
0 0.8233173076923077 0.34975961538461536 0.055288461538461536 0.0673076923076923
0 0.39663461538461536 0.34975961538461536 0.051682692307692304 0.0673076923076923
0 0.8798076923076923 0.35096153846153844 0.057692307692307696 0.06490384615384616
0 0.9387019230769231 0.35216346153846156 0.0625 0.0625
0 0.4567307692307692 0.35336538461538464 0.051682692307692304 0.06009615384615385
0 0.5084134615384616 0.35336538461538464 0.051682692307692304 0.06009615384615385
0 0.5649038461538461 0.3545673076923077 0.055288461538461536 0.057692307692307696
0 0.6802884615384616 0.3545673076923077 0.057692307692307696 0.057692307692307696
0 0.6225961538461539 0.35697115384615385 0.057692307692307696 0.051682692307692304
0 0.984375 0.35697115384615385 0.03125 0.05048076923076923
0 0.18629807692307693 0.5288461538461539 0.234375 0.29086538461538464
0 0.038461538461538464 0.5384615384615384 0.07692307692307693 0.3112980769230769
0 0.2620192307692308 0.7908653846153846 0.1622596153846154 0.30288461538461536
0 0.08533653846153846 0.8125 0.17067307692307693 0.2980769230769231
0 0.19230769230769232 0.9543269230769231 0.19230769230769232 0.09134615384615384