0 0.2536057692307692 0.11057692307692307 0.2091346153846154 0.22115384615384615
0 0.43028846153846156 0.09615384615384616 0.03245192307692308 0.19230769230769232
0 0.39663461538461536 0.3245192307692308 0.0985576923076923 0.25961538461538464
0 0.09254807692307693 0.35336538461538464 0.18389423076923078 0.203125
0 0.8978365384615384 0.3449519230769231 0.1875 0.21875
0 0.0985576923076923 0.5084134615384616 0.1971153846153846 0.10817307692307693
0 0.28725961538461536 0.5072115384615384 0.1466346153846154 0.1045673076923077
0 0.014423076923076924 0.6514423076923077 0.028846153846153848 0.3293269230769231
0 0.34375 0.6682692307692307 0.20552884615384615 0.3473557692307692
0 0.16826923076923078 0.6875 0.15504807692307693 0.23798076923076922
0 0.24519230769230768 0.8858173076923077 0.13581730769230768 0.2091346153846154
0 0.38461538461538464 0.8930288461538461 0.12259615384615384 0.21394230769230768
0 0.07572115384615384 0.890625 0.15144230769230768 0.21875
0 0.7067307692307693 0.609375 0.27524038461538464 0.31009615384615385