0 0.05889423076923077 0.06009615384615385 0.11778846153846154 0.1201923076923077
0 0.2608173076923077 0.057692307692307696 0.14903846153846154 0.11538461538461539
0 0.7704326923076923 0.3629807692307692 0.16706730769230768 0.23076923076923078
0 0.3762019230769231 0.9831730769230769 0.18028846153846154 0.03365384615384615
0 0.44591346153846156 0.8617788461538461 0.14903846153846154 0.25600961538461536
0 0.4891826923076923 0.6322115384615384 0.0625 0.23317307692307693
0 0.28846153846153844 0.9014423076923077 0.18269230769230768 0.19591346153846154
0 0.11778846153846154 0.9302884615384616 0.16706730769230768 0.13822115384615385
0 0.06490384615384616 0.8233173076923077 0.12980769230769232 0.23798076923076922
0 0.2091346153846154 0.7584134615384616 0.16706730769230768 0.22716346153846154
0 0.37740384615384615 0.703125 0.18269230769230768 0.24639423076923078
0 0.6033653846153846 0.8990384615384616 0.16466346153846154 0.20192307692307693
0 0.9146634615384616 0.875 0.17067307692307693 0.25
0 0.6045673076923077 0.6610576923076923 0.16706730769230768 0.29086538461538464
0 0.9014423076923077 0.6382211538461539 0.19591346153846154 0.24639423076923078