0 0.1310096153846154 0.28966346153846156 0.2620192307692308 0.3629807692307692
0 0.3870192307692308 0.18629807692307693 0.23557692307692307 0.37259615384615385
0 0.9771634615384616 0.14182692307692307 0.04447115384615385 0.11057692307692307
0 0.9603365384615384 0.0673076923076923 0.07932692307692307 0.1346153846153846
0 0.8834134615384616 0.052884615384615384 0.08173076923076923 0.10576923076923077
0 0.34375 0.9038461538461539 0.1658653846153846 0.19230769230769232
0 0.42427884615384615 0.8245192307692307 0.11298076923076923 0.1346153846153846
0 0.32572115384615385 0.5745192307692307 0.15264423076923078 0.20793269230769232
0 0.05889423076923077 0.7776442307692307 0.11778846153846154 0.25721153846153844
0 0.2860576923076923 0.7079326923076923 0.12139423076923077 0.1502403846153846
0 0.0829326923076923 0.6346153846153846 0.11057692307692307 0.13942307692307693
0 0.06610576923076923 0.5060096153846154 0.1310096153846154 0.07091346153846154
0 0.08413461538461539 0.9507211538461539 0.13701923076923078 0.09735576923076923
0 0.8786057692307693 0.8377403846153846 0.24158653846153846 0.3233173076923077
0 0.6574519230769231 0.8257211538461539 0.21875 0.33653846153846156
0 0.9375 0.59375 0.125 0.24519230769230768
0 0.7596153846153846 0.5793269230769231 0.2127403846153846 0.21634615384615385
0 0.5576923076923077 0.5600961538461539 0.10576923076923077 0.17908653846153846