0 0.47475961538461536 0.25721153846153844 0.20192307692307693 0.3245192307692308
0 0.24639423076923078 0.27163461538461536 0.21995192307692307 0.3473557692307692
0 0.5516826923076923 0.4326923076923077 0.10697115384615384 0.12980769230769232
0 0.08653846153846154 0.4567307692307692 0.17307692307692307 0.0829326923076923
0 0.36538461538461536 0.45552884615384615 0.24519230769230768 0.08533653846153846
0 0.8305288461538461 0.2860576923076923 0.3389423076923077 0.4230769230769231
0 0.2956730769230769 0.5769230769230769 0.027644230769230768 0.027644230769230768
0 0.25841346153846156 0.5853365384615384 0.04447115384615385 0.0673076923076923
0 0.026442307692307692 0.5853365384615384 0.027644230769230768 0.042067307692307696
0 0.06370192307692307 0.5901442307692307 0.04447115384615385 0.06971153846153846
0 0.5516826923076923 0.5913461538461539 0.03485576923076923 0.057692307692307696
0 0.3581730769230769 0.5925480769230769 0.037259615384615384 0.052884615384615384
0 0.19230769230769232 0.59375 0.04447115384615385 0.06490384615384616
0 0.1201923076923077 0.5949519230769231 0.03485576923076923 0.055288461538461536
0 0.15144230769230768 0.6069711538461539 0.037259615384615384 0.055288461538461536
0 0.43149038461538464 0.6117788461538461 0.03485576923076923 0.05048076923076923
0 0.3954326923076923 0.6141826923076923 0.04447115384615385 0.06971153846153846
0 0.001201923076923077 0.6213942307692307 0.002403846153846154 0.07211538461538461
0 0.5853365384615384 0.6201923076923077 0.039663461538461536 0.06971153846153846
0 0.28966346153846156 0.6382211538461539 0.07211538461538461 0.11298076923076923
0 0.23798076923076922 0.6382211538461539 0.027644230769230768 0.042067307692307696
0 0.09735576923076923 0.6394230769230769 0.04807692307692308 0.06971153846153846
0 0.34975961538461536 0.6430288461538461 0.04807692307692308 0.06971153846153846
0 0.46153846153846156 0.6478365384615384 0.04807692307692308 0.06971153846153846
0 0.5396634615384616 0.6490384615384616 0.03485576923076923 0.052884615384615384
0 0.052884615384615384 0.6610576923076923 0.030048076923076924 0.039663461538461536
0 0.13942307692307693 0.6658653846153846 0.04447115384615385 0.07211538461538461
0 0.5084134615384616 0.6670673076923077 0.04447115384615385 0.0673076923076923
0 0.4206730769230769 0.6706730769230769 0.05048076923076923 0.06971153846153846
0 0.19471153846153846 0.6766826923076923 0.07211538461538461 0.11538461538461539
0 0.5985576923076923 0.6826923076923077 0.01201923076923077 0.06971153846153846
0 0.030048076923076924 0.6850961538461539 0.027644230769230768 0.039663461538461536
0 0.3798076923076923 0.6862980769230769 0.027644230769230768 0.037259615384615384
0 0.5625 0.6899038461538461 0.03485576923076923 0.052884615384615384
0 0.008413461538461538 0.6995192307692307 0.016826923076923076 0.038461538461538464
0 0.07211538461538461 0.7043269230769231 0.05048076923076923 0.06971153846153846
0 0.35697115384615385 0.7055288461538461 0.027644230769230768 0.037259615384615384
0 0.4699519230769231 0.7067307692307693 0.027644230769230768 0.03485576923076923
0 0.3269230769230769 0.7175480769230769 0.03485576923076923 0.055288461538461536
0 0.25600961538461536 0.7175480769230769 0.04447115384615385 0.0673076923076923
0 0.4423076923076923 0.7199519230769231 0.027644230769230768 0.04447115384615385
0 0.5372596153846154 0.7247596153846154 0.04447115384615385 0.06490384615384616
0 0.38341346153846156 0.7247596153846154 0.030048076923076924 0.042067307692307696
0 0.02283653846153846 0.7259615384615384 0.039663461538461536 0.055288461538461536
0 0.49278846153846156 0.7319711538461539 0.027644230769230768 0.039663461538461536
0 0.14903846153846154 0.7391826923076923 0.05048076923076923 0.07211538461538461
0 0.5853365384615384 0.7391826923076923 0.039663461538461536 0.0673076923076923
0 0.41225961538461536 0.7403846153846154 0.037259615384615384 0.05048076923076923
0 0.11778846153846154 0.7524038461538461 0.03245192307692308 0.055288461538461536
0 0.3581730769230769 0.7548076923076923 0.04447115384615385 0.0673076923076923
0 0.46875 0.7572115384615384 0.04807692307692308 0.06971153846153846
0 0.28966346153846156 0.7572115384615384 0.027644230769230768 0.042067307692307696
0 0.23197115384615385 0.7596153846153846 0.025240384615384616 0.039663461538461536
0 0.05889423076923077 0.7668269230769231 0.027644230769230768 0.039663461538461536
0 0.026442307692307692 0.7680288461538461 0.027644230769230768 0.025240384615384616
0 0.31971153846153844 0.7716346153846154 0.03485576923076923 0.052884615384615384
0 0.1971153846153846 0.7716346153846154 0.039663461538461536 0.052884615384615384
0 0.08653846153846154 0.7740384615384616 0.03485576923076923 0.052884615384615384
0 0.43028846153846156 0.7848557692307693 0.02283653846153846 0.042067307692307696
0 0.25600961538461536 0.7848557692307693 0.04807692307692308 0.06971153846153846
0 0.39903846153846156 0.7896634615384616 0.04807692307692308 0.06971153846153846
0 0.22596153846153846 0.7992788461538461 0.025240384615384616 0.042067307692307696
0 0.2980769230769231 0.8064903846153846 0.027644230769230768 0.039663461538461536
0 0.5612980769230769 0.8064903846153846 0.07211538461538461 0.10697115384615384
0 0.13822115384615385 0.8088942307692307 0.05048076923076923 0.06971153846153846
0 0.4483173076923077 0.8100961538461539 0.030048076923076924 0.039663461538461536
0 0.4951923076923077 0.8125 0.04447115384615385 0.06971153846153846
0 0.34134615384615385 0.8185096153846154 0.04447115384615385 0.06971153846153846
0 0.18870192307692307 0.8269230769230769 0.04447115384615385 0.06971153846153846
0 0.03365384615384615 0.8293269230769231 0.0673076923076923 0.10697115384615384
0 0.3737980769230769 0.8413461538461539 0.027644230769230768 0.04447115384615385
0 0.23798076923076922 0.84375 0.03485576923076923 0.052884615384615384
0 0.27283653846153844 0.8449519230769231 0.025240384615384616 0.039663461538461536
0 0.4423076923076923 0.8497596153846154 0.025240384615384616 0.039663461538461536
0 0.10096153846153846 0.8533653846153846 0.04807692307692308 0.06971153846153846
0 0.5877403846153846 0.8545673076923077 0.03485576923076923 0.04807692307692308
0 0.30408653846153844 0.8557692307692307 0.04447115384615385 0.0673076923076923
0 0.41225961538461536 0.8581730769230769 0.04807692307692308 0.06971153846153846
0 0.46634615384615385 0.8653846153846154 0.027644230769230768 0.039663461538461536
0 0.14903846153846154 0.8737980769230769 0.037259615384615384 0.055288461538461536
0 0.3545673076923077 0.875 0.027644230769230768 0.03485576923076923
0 0.5108173076923077 0.8774038461538461 0.04447115384615385 0.0673076923076923
0 0.18870192307692307 0.8822115384615384 0.025240384615384616 0.03485576923076923
0 0.5504807692307693 0.8882211538461539 0.03485576923076923 0.055288461538461536
0 0.26322115384615385 0.8918269230769231 0.03485576923076923 0.055288461538461536
0 0.3329326923076923 0.8954326923076923 0.027644230769230768 0.042067307692307696
0 0.21634615384615385 0.9014423076923077 0.04447115384615385 0.06971153846153846
0 0.44591346153846156 0.9038461538461539 0.04807692307692308 0.06490384615384616
0 0.5841346153846154 0.9050480769230769 0.03485576923076923 0.04807692307692308
0 0.003605769230769231 0.9050480769230769 0.007211538461538462 0.06971153846153846
0 0.07091346153846154 0.9074519230769231 0.04807692307692308 0.06971153846153846
0 0.12620192307692307 0.9086538461538461 0.027644230769230768 0.037259615384615384
0 0.039663461538461536 0.9086538461538461 0.030048076923076924 0.055288461538461536
0 0.3641826923076923 0.9134615384615384 0.030048076923076924 0.039663461538461536
0 0.2932692307692308 0.9266826923076923 0.04447115384615385 0.06971153846153846
0 0.5276442307692307 0.9278846153846154 0.037259615384615384 0.05048076923076923
0 0.4050480769230769 0.9290865384615384 0.04447115384615385 0.0673076923076923
0 0.18870192307692307 0.9290865384615384 0.03485576923076923 0.055288461538461536
0 0.14543269230769232 0.9302884615384616 0.037259615384615384 0.055288461538461536
0 0.49278846153846156 0.9375 0.027644230769230768 0.039663461538461536
0 0.4651442307692308 0.9411057692307693 0.027644230769230768 0.039663461538461536
0 0.33533653846153844 0.9519230769230769 0.04447115384615385 0.0673076923076923
0 0.026442307692307692 0.9567307692307693 0.03485576923076923 0.052884615384615384
0 0.3713942307692308 0.9567307692307693 0.027644230769230768 0.039663461538461536
0 0.24759615384615385 0.9579326923076923 0.04447115384615385 0.0673076923076923
0 0.06129807692307692 0.9579326923076923 0.03485576923076923 0.04807692307692308
0 0.5709134615384616 0.9627403846153846 0.04447115384615385 0.0673076923076923
0 0.6009615384615384 0.9627403846153846 0.007211538461538462 0.03485576923076923
0 0.09735576923076923 0.9663461538461539 0.04447115384615385 0.0673076923076923
0 0.4387019230769231 0.96875 0.04807692307692308 0.0625
0 0.15384615384615385 0.9771634615384616 0.027644230769230768 0.04447115384615385
0 0.5240384615384616 0.9759615384615384 0.037259615384615384 0.04807692307692308
0 0.48677884615384615 0.9783653846153846 0.037259615384615384 0.042067307692307696
0 0.39663461538461536 0.9795673076923077 0.037259615384615384 0.039663461538461536
0 0.04927884615384615 0.9855769230769231 0.026442307692307692 0.028846153846153848
0 0.07451923076923077 0.9879807692307693 0.038461538461538464 0.02403846153846154
0 0.3557692307692308 0.9867788461538461 0.04326923076923077 0.026442307692307692
0 0.19110576923076922 0.9783653846153846 0.07211538461538461 0.042067307692307696
0 0.006009615384615385 0.9891826923076923 0.01201923076923077 0.021634615384615384
0 0.28846153846153844 0.9819711538461539 0.07211538461538461 0.03485576923076923
0 0.5444711538461539 0.9963942307692307 0.03485576923076923 0.007211538461538462
0 0.12980769230769232 0.9963942307692307 0.039663461538461536 0.007211538461538462
0 0.056490384615384616 0.5060096153846154 0.037259615384615384 0.018028846153846152
0 0.009615384615384616 0.5048076923076923 0.019230769230769232 0.019230769230769232
0 0.5673076923076923 0.5072115384615384 0.030048076923076924 0.020432692307692308
0 0.5036057692307693 0.5060096153846154 0.03245192307692308 0.018028846153846152
0 0.1141826923076923 0.5132211538461539 0.037259615384615384 0.03245192307692308
0 0.2403846153846154 0.5216346153846154 0.04447115384615385 0.04807692307692308
0 0.46875 0.5228365384615384 0.04807692307692308 0.05048076923076923
0 0.1935096153846154 0.5288461538461539 0.04807692307692308 0.0625
0 0.39302884615384615 0.5252403846153846 0.025240384615384616 0.042067307692307696
0 0.3641826923076923 0.5264423076923077 0.03245192307692308 0.055288461538461536
0 0.5396634615384616 0.5264423076923077 0.03485576923076923 0.055288461538461536
0 0.03365384615384615 0.53125 0.04807692307692308 0.0673076923076923
0 0.29927884615384615 0.53125 0.02283653846153846 0.04447115384615385
0 0.0889423076923077 0.5324519230769231 0.030048076923076924 0.039663461538461536
0 0.3269230769230769 0.5360576923076923 0.04807692307692308 0.0673076923076923
0 0.14423076923076922 0.5360576923076923 0.05048076923076923 0.07211538461538461
0 0.2764423076923077 0.5528846153846154 0.025240384615384616 0.039663461538461536
0 0.4182692307692308 0.5540865384615384 0.04447115384615385 0.0673076923076923
0 0.10216346153846154 0.5661057692307693 0.027644230769230768 0.042067307692307696
0 0.5084134615384616 0.5661057692307693 0.07211538461538461 0.11057692307692307
0 0.38221153846153844 0.5673076923076923 0.027644230769230768 0.037259615384615384
0 0.7644230769230769 0.6225961538461539 0.20552884615384615 0.25
0 0.9567307692307693 0.6201923076923077 0.08653846153846154 0.24519230769230768
0 0.8605769230769231 0.8641826923076923 0.18509615384615385 0.2704326923076923
0 0.6802884615384616 0.8629807692307693 0.15384615384615385 0.27403846153846156
0 0.9831730769230769 0.8870192307692307 0.03245192307692308 0.2247596153846154