0 0.008413461538461538 0.16466346153846154 0.016826923076923076 0.10336538461538461
0 0.04447115384615385 0.33533653846153844 0.07091346153846154 0.10576923076923077
0 0.003605769230769231 0.39903846153846156 0.007211538461538462 0.11778846153846154
0 0.06490384615384616 0.4519230769230769 0.054086538461538464 0.11298076923076923
0 0.19951923076923078 0.46033653846153844 0.05889423076923077 0.10336538461538461
0 0.021634615384615384 0.5456730769230769 0.04326923076923077 0.10096153846153846
0 0.06971153846153846 0.5612980769230769 0.06610576923076923 0.06850961538461539
0 0.23798076923076922 0.5673076923076923 0.046875 0.056490384615384616
0 0.9483173076923077 0.19230769230769232 0.10336538461538461 0.38461538461538464
0 0.46153846153846156 0.22956730769230768 0.14543269230769232 0.25841346153846156
0 0.734375 0.2692307692307692 0.15745192307692307 0.3004807692307692
0 0.3401442307692308 0.3125 0.15745192307692307 0.29086538461538464
0 0.8076923076923077 0.453125 0.14783653846153846 0.27884615384615385
0 0.9723557692307693 0.4579326923076923 0.054086538461538464 0.22716346153846154
0 0.359375 0.47836538461538464 0.1778846153846154 0.23677884615384615
0 0.6189903846153846 0.4951923076923077 0.140625 0.20192307692307693
0 0.12379807692307693 0.7860576923076923 0.1778846153846154 0.2764423076923077
0 0.014423076923076924 0.8028846153846154 0.028846153846153848 0.18269230769230768
0 0.22596153846153846 0.8088942307692307 0.07091346153846154 0.19951923076923078
0 0.11298076923076923 0.9591346153846154 0.11778846153846154 0.08173076923076923
0 0.030048076923076924 0.9435096153846154 0.05889423076923077 0.11298076923076923
0 0.6694711538461539 0.7307692307692307 0.22115384615384615 0.26802884615384615
0 0.9350961538461539 0.8485576923076923 0.12980769230769232 0.30288461538461536
0 0.7680288461538461 0.8774038461538461 0.20432692307692307 0.24519230769230768
0 0.546875 0.9122596153846154 0.23677884615384615 0.17427884615384615
0 0.8810096153846154 0.6947115384615384 0.19471153846153846 0.1971153846153846