0 0.296875 0.2824519230769231 0.12379807692307693 0.31850961538461536
0 0.04807692307692308 0.25961538461538464 0.09615384615384616 0.3641826923076923
0 0.2956730769230769 0.06610576923076923 0.12620192307692307 0.1310096153846154
0 0.7692307692307693 0.16826923076923078 0.16466346153846154 0.25240384615384615
0 0.21875 0.9795673076923077 0.0985576923076923 0.040865384615384616
0 0.025240384615384616 0.9170673076923077 0.05048076923076923 0.15144230769230768
0 0.15745192307692307 0.9002403846153846 0.0985576923076923 0.15865384615384615
0 0.203125 0.8004807692307693 0.09134615384615384 0.15625
0 0.006009615384615385 0.7920673076923077 0.01201923076923077 0.15625
0 0.051682692307692304 0.7403846153846154 0.09134615384615384 0.15384615384615385
0 0.14182692307692307 0.6766826923076923 0.09615384615384616 0.15625
0 0.31971153846153844 0.6646634615384616 0.078125 0.15144230769230768
0 0.23557692307692307 0.6538461538461539 0.09134615384615384 0.15144230769230768
0 0.009615384615384616 0.6370192307692307 0.019230769230769232 0.14903846153846154
0 0.1778846153846154 0.5432692307692307 0.06370192307692307 0.13341346153846154
0 0.11177884615384616 0.5384615384615384 0.09375 0.15865384615384615
0 0.34375 0.5204326923076923 0.030048076923076924 0.15625
0 0.3016826923076923 0.5084134615384616 0.09375 0.13341346153846154
0 0.5949519230769231 0.7956730769230769 0.25240384615384615 0.3605769230769231
0 0.8425480769230769 0.7920673076923077 0.2403846153846154 0.36658653846153844
0 0.41346153846153844 0.7920673076923077 0.10817307692307693 0.35096153846153844
0 0.4735576923076923 0.5564903846153846 0.21995192307692307 0.22956730769230768
0 0.7103365384615384 0.5528846153846154 0.2403846153846154 0.22235576923076922
0 0.9110576923076923 0.5432692307692307 0.17668269230769232 0.20192307692307693
0 0.7259615384615384 0.9639423076923077 0.2548076923076923 0.07211538461538461
0 0.9278846153846154 0.9639423076923077 0.14423076923076922 0.07211538461538461
0 0.4723557692307692 0.9543269230769231 0.22716346153846154 0.09134615384615384
0 0.9867788461538461 0.7920673076923077 0.025240384615384616 0.2956730769230769