0 0.7860576923076923 0.055288461538461536 0.14903846153846154 0.11057692307692307
0 0.9314903846153846 0.07572115384615384 0.13701923076923078 0.15144230769230768
0 0.9350961538461539 0.23557692307692307 0.12980769230769232 0.22115384615384615
0 0.6430288461538461 0.2536057692307692 0.11057692307692307 0.2127403846153846
0 0.7932692307692307 0.25961538461538464 0.1935096153846154 0.28966346153846156
0 0.9350961538461539 0.4182692307692308 0.12980769230769232 0.1201923076923077
0 0.6574519230769231 0.42427884615384615 0.13701923076923078 0.10817307692307693
0 0.7872596153846154 0.43028846153846156 0.15144230769230768 0.09615384615384616
0 0.6538461538461539 0.08052884615384616 0.1346153846153846 0.16105769230769232
0 0.48677884615384615 0.6838942307692307 0.13221153846153846 0.30408653846153844
0 0.2439903846153846 0.7295673076923077 0.19831730769230768 0.3798076923076923
0 0.8557692307692307 0.7896634615384616 0.28846153846153844 0.4206730769230769