0 0.36899038461538464 0.25841346153846156 0.23557692307692307 0.515625
0 0.4543269230769231 0.04326923076923077 0.17548076923076922 0.08653846153846154
0 0.515625 0.28125 0.052884615384615384 0.46875
0 0.8822115384615384 0.484375 0.052884615384615384 0.0625
0 0.9447115384615384 0.4831730769230769 0.052884615384615384 0.06490384615384616
0 0.9879807692307693 0.484375 0.02403846153846154 0.0625
0 0.7620192307692307 0.4831730769230769 0.057692307692307696 0.06490384615384616
0 0.8257211538461539 0.48197115384615385 0.055288461538461536 0.06850961538461539
0 0.6478365384615384 0.421875 0.055288461538461536 0.08653846153846154
0 0.5865384615384616 0.4182692307692308 0.055288461538461536 0.08653846153846154
0 0.9735576923076923 0.41225961538461536 0.04927884615384615 0.08653846153846154
0 0.9134615384615384 0.41225961538461536 0.052884615384615384 0.0889423076923077
0 0.7920673076923077 0.4110576923076923 0.055288461538461536 0.09134615384615384
0 0.8557692307692307 0.4110576923076923 0.052884615384615384 0.0889423076923077
0 0.6189903846153846 0.33653846153846156 0.055288461538461536 0.08653846153846154
0 0.9867788461538461 0.3317307692307692 0.026442307692307692 0.08653846153846154
0 0.5625 0.3329326923076923 0.042067307692307696 0.0889423076923077
0 0.9435096153846154 0.3293269230769231 0.052884615384615384 0.0889423076923077
0 0.8870192307692307 0.328125 0.052884615384615384 0.08653846153846154
0 0.8269230769230769 0.32572115384615385 0.052884615384615384 0.09134615384615384
0 0.7608173076923077 0.3233173076923077 0.057692307692307696 0.09134615384615384
0 0.6514423076923077 0.25600961538461536 0.055288461538461536 0.0889423076923077
0 0.5877403846153846 0.25 0.052884615384615384 0.08413461538461539
0 0.9735576923076923 0.24639423076923078 0.052884615384615384 0.0889423076923077
0 0.5480769230769231 0.24519230769230768 0.013221153846153846 0.09134615384615384
0 0.9158653846153846 0.24639423076923078 0.052884615384615384 0.09134615384615384
0 0.8557692307692307 0.24158653846153846 0.052884615384615384 0.0889423076923077
0 0.7956730769230769 0.2403846153846154 0.057692307692307696 0.09134615384615384
0 0.6177884615384616 0.1658653846153846 0.052884615384615384 0.08653846153846154
0 0.5612980769230769 0.16346153846153846 0.039663461538461536 0.08653846153846154
0 0.9447115384615384 0.15745192307692307 0.04927884615384615 0.0889423076923077
0 0.9879807692307693 0.15504807692307693 0.02403846153846154 0.0889423076923077
0 0.8870192307692307 0.15625 0.052884615384615384 0.0889423076923077
0 0.765625 0.15504807692307693 0.055288461538461536 0.09134615384615384
0 0.8257211538461539 0.1466346153846154 0.052884615384615384 0.09134615384615384
0 0.984375 0.03125 0.03125 0.0625
0 0.9387019230769231 0.026442307692307692 0.04927884615384615 0.052884615384615384
0 0.8810096153846154 0.025240384615384616 0.04927884615384615 0.04927884615384615
0 0.8221153846153846 0.02283653846153846 0.052884615384615384 0.04447115384615385
0 0.7524038461538461 0.015625 0.055288461538461536 0.03125
0 0.6033653846153846 0.016826923076923076 0.055288461538461536 0.03365384615384615
0 0.5540865384615384 0.015625 0.02403846153846154 0.03125
0 0.1466346153846154 0.890625 0.2932692307692308 0.21875
0 0.4182692307692308 0.8846153846153846 0.24639423076923078 0.23076923076923078
0 0.07091346153846154 0.6778846153846154 0.14182692307692307 0.3245192307692308
0 0.5024038461538461 0.6766826923076923 0.078125 0.32211538461538464
0 0.29927884615384615 0.6730769230769231 0.3173076923076923 0.3137019230769231
0 0.6514423076923077 0.6177884615384616 0.055288461538461536 0.06009615384615385