0 0.11658653846153846 0.17427884615384615 0.08533653846153846 0.15625
0 0.03485576923076923 0.1814903846153846 0.06971153846153846 0.1658653846153846
0 0.04927884615384615 0.3269230769230769 0.0985576923076923 0.12379807692307693
0 0.9495192307692307 0.19471153846153846 0.10096153846153846 0.328125
0 0.5973557692307693 0.19591346153846154 0.18629807692307693 0.30288461538461536
0 0.7932692307692307 0.1971153846153846 0.19471153846153846 0.3161057692307692
0 0.39903846153846156 0.20192307692307693 0.19230769230769232 0.31009615384615385
0 0.22716346153846154 0.20793269230769232 0.13581730769230768 0.3161057692307692
0 0.8846153846153846 0.34975961538461536 0.18990384615384615 0.078125
0 0.5012019230769231 0.3545673076923077 0.17427884615384615 0.06850961538461539
0 0.6935096153846154 0.35096153846153844 0.18990384615384615 0.07572115384615384
0 0.30528846153846156 0.35697115384615385 0.17668269230769232 0.06370192307692307
0 0.9038461538461539 0.036057692307692304 0.19230769230769232 0.07211538461538461
0 0.6971153846153846 0.04567307692307692 0.1971153846153846 0.09134615384615384
0 0.2920673076923077 0.04927884615384615 0.18990384615384615 0.0985576923076923
0 0.4951923076923077 0.04927884615384615 0.20192307692307693 0.0985576923076923
0 0.026442307692307692 0.7764423076923077 0.052884615384615384 0.4362980769230769
0 0.08173076923076923 0.7896634615384616 0.15384615384615385 0.4206730769230769
0 0.6586538461538461 0.4050480769230769 0.10576923076923077 0.03245192307692308
0 0.7764423076923077 0.4098557692307692 0.11899038461538461 0.04326923076923077
0 0.5649038461538461 0.4098557692307692 0.09375 0.04326923076923077
0 0.31009615384615385 0.4230769230769231 0.08052884615384616 0.06850961538461539
0 0.22115384615384615 0.44471153846153844 0.0733173076923077 0.11057692307692307
0 0.8100961538461539 0.4807692307692308 0.1310096153846154 0.14903846153846154
0 0.6826923076923077 0.4891826923076923 0.1141826923076923 0.1466346153846154
0 0.5612980769230769 0.5024038461538461 0.10576923076923077 0.15625
0 0.45913461538461536 0.5144230769230769 0.09375 0.1466346153846154
0 0.33653846153846156 0.5384615384615384 0.08533653846153846 0.14182692307692307
0 0.24639423076923078 0.5793269230769231 0.078125 0.13942307692307693
0 0.1778846153846154 0.6153846153846154 0.038461538461538464 0.12379807692307693
0 0.7920673076923077 0.6358173076923077 0.1466346153846154 0.1814903846153846
0 0.6454326923076923 0.6418269230769231 0.12379807692307693 0.17668269230769232
0 0.5288461538461539 0.6574519230769231 0.10817307692307693 0.16706730769230768
0 0.4362980769230769 0.671875 0.09615384615384616 0.15625
0 0.33653846153846156 0.6995192307692307 0.0829326923076923 0.15144230769230768
0 0.2439903846153846 0.7223557692307693 0.078125 0.14423076923076922
0 0.8173076923076923 0.8233173076923077 0.1466346153846154 0.1814903846153846
0 0.6742788461538461 0.8293269230769231 0.12620192307692307 0.17668269230769232
0 0.5480769230769231 0.8329326923076923 0.1141826923076923 0.171875
0 0.43990384615384615 0.8425480769230769 0.10096153846153846 0.16105769230769232
0 0.31971153846153844 0.8533653846153846 0.0889423076923077 0.15865384615384615
0 0.23557692307692307 0.8701923076923077 0.08052884615384616 0.14423076923076922
0 0.5060096153846154 0.9579326923076923 0.11899038461538461 0.0829326923076923
0 0.4098557692307692 0.9615384615384616 0.0985576923076923 0.07572115384615384
0 0.7788461538461539 0.9555288461538461 0.15384615384615385 0.0889423076923077
0 0.6358173076923077 0.9579326923076923 0.1310096153846154 0.0829326923076923
0 0.328125 0.9711538461538461 0.08052884615384616 0.057692307692307696
0 0.2439903846153846 0.9759615384615384 0.078125 0.04807692307692308
0 0.18389423076923078 0.7439903846153846 0.05048076923076923 0.12860576923076922
0 0.17908653846153846 0.9747596153846154 0.040865384615384616 0.05048076923076923