0 0.021634615384615384 0.36177884615384615 0.042067307692307696 0.19230769230769232
0 0.27403846153846156 0.3581730769230769 0.06850961538461539 0.19951923076923078
0 0.13581730769230768 0.1141826923076923 0.16346153846153846 0.2283653846153846
0 0.028846153846153848 0.1310096153846154 0.057692307692307696 0.2620192307692308
0 0.26322115384615385 0.11658653846153846 0.0889423076923077 0.23317307692307693
0 0.13341346153846154 0.33533653846153844 0.2127403846153846 0.24519230769230768
0 0.4266826923076923 0.40625 0.11057692307692307 0.10216346153846154
0 0.5709134615384616 0.390625 0.11538461538461539 0.1346153846153846
0 0.7199519230769231 0.3557692307692308 0.12379807692307693 0.20552884615384615
0 0.8569711538461539 0.328125 0.12860576923076922 0.2608173076923077
0 0.33533653846153844 0.27403846153846156 0.055288461538461536 0.24158653846153846
0 0.5012019230769231 0.23677884615384615 0.10817307692307693 0.24519230769230768
0 0.6069711538461539 0.18509615384615385 0.11538461538461539 0.25841346153846156
0 0.7512019230769231 0.12259615384615384 0.12860576923076922 0.24519230769230768
0 0.8882211538461539 0.09134615384615384 0.14423076923076922 0.1814903846153846
0 0.4110576923076923 0.07932692307692307 0.11057692307692307 0.15745192307692307
0 0.5240384615384616 0.055288461538461536 0.11538461538461539 0.11057692307692307
0 0.6430288461538461 0.019230769230769232 0.12259615384615384 0.038461538461538464
0 0.18389423076923078 0.9302884615384616 0.24759615384615385 0.13942307692307693
0 0.18028846153846154 0.7259615384615384 0.19951923076923078 0.28365384615384615
0 0.1814903846153846 0.5240384615384616 0.25240384615384615 0.1310096153846154
0 0.47716346153846156 0.9350961538461539 0.07932692307692307 0.11538461538461539
0 0.8846153846153846 0.8521634615384616 0.0733173076923077 0.11057692307692307
0 0.8088942307692307 0.8473557692307693 0.0733173076923077 0.11298076923076923
0 0.5180288461538461 0.8425480769230769 0.06850961538461539 0.09975961538461539
0 0.44591346153846156 0.8425480769230769 0.06850961538461539 0.09975961538461539
0 0.6622596153846154 0.8413461538461539 0.0733173076923077 0.11298076923076923
0 0.5889423076923077 0.8389423076923077 0.06850961538461539 0.10216346153846154
0 0.36538461538461536 0.8365384615384616 0.07572115384615384 0.11538461538461539
0 0.734375 0.8329326923076923 0.0733173076923077 0.10216346153846154
0 0.9627403846153846 0.8293269230769231 0.07091346153846154 0.10216346153846154
0 0.7007211538461539 0.7512019230769231 0.06610576923076923 0.09975961538461539
0 0.7728365384615384 0.734375 0.07572115384615384 0.11057692307692307
0 0.40024038461538464 0.7235576923076923 0.06610576923076923 0.10576923076923077
0 0.5456730769230769 0.7175480769230769 0.07932692307692307 0.11538461538461539
0 0.3329326923076923 0.7127403846153846 0.05048076923076923 0.10576923076923077
0 0.9807692307692307 0.7115384615384616 0.038461538461538464 0.10576923076923077
0 0.8497596153846154 0.6983173076923077 0.0733173076923077 0.11057692307692307
0 0.9338942307692307 0.6935096153846154 0.07572115384615384 0.11057692307692307
0 0.6225961538461539 0.6911057692307693 0.08173076923076923 0.12139423076923077
0 0.4495192307692308 0.6610576923076923 0.0889423076923077 0.12620192307692307