0 0.04927884615384615 0.2692307692307692 0.09014423076923077 0.13701923076923078
0 0.14182692307692307 0.27163461538461536 0.08774038461538461 0.1346153846153846
0 0.234375 0.2824519230769231 0.09014423076923077 0.13221153846153846
0 0.3233173076923077 0.2860576923076923 0.08533653846153846 0.13221153846153846
0 0.41346153846153844 0.2932692307692308 0.08774038461538461 0.13221153846153846
0 0.5012019230769231 0.29447115384615385 0.08774038461538461 0.12980769230769232
0 0.05048076923076923 0.030048076923076924 0.08653846153846154 0.06009615384615385
0 0.5889423076923077 0.2980769230769231 0.08774038461538461 0.12980769230769232
0 0.6790865384615384 0.3016826923076923 0.08774038461538461 0.13221153846153846
0 0.8581730769230769 0.3016826923076923 0.08774038461538461 0.13221153846153846
0 0.7680288461538461 0.3016826923076923 0.08774038461538461 0.12980769230769232
0 0.9483173076923077 0.30288461538461536 0.08774038461538461 0.13221153846153846
0 0.140625 0.03245192307692308 0.09375 0.06490384615384616
0 0.02283653846153846 0.3858173076923077 0.04567307692307692 0.13701923076923078
0 0.09375 0.39302884615384615 0.09014423076923077 0.13221153846153846
0 0.18629807692307693 0.39783653846153844 0.0829326923076923 0.13221153846153846
0 0.2764423076923077 0.4050480769230769 0.08533653846153846 0.1346153846153846
0 0.36538461538461536 0.4074519230769231 0.08533653846153846 0.13221153846153846
0 0.4543269230769231 0.4110576923076923 0.08774038461538461 0.1346153846153846
0 0.5444711538461539 0.41225961538461536 0.08774038461538461 0.12980769230769232
0 0.6334134615384616 0.41586538461538464 0.08774038461538461 0.12980769230769232
0 0.9038461538461539 0.4182692307692308 0.09014423076923077 0.1346153846153846
0 0.7223557692307693 0.4182692307692308 0.08774038461538461 0.1346153846153846
0 0.8125 0.41947115384615385 0.08774038461538461 0.13221153846153846
0 0.9723557692307693 0.41947115384615385 0.055288461538461536 0.13701923076923078
0 0.23317307692307693 0.04927884615384615 0.09014423076923077 0.09735576923076923
0 0.32211538461538464 0.04927884615384615 0.08774038461538461 0.09735576923076923
0 0.04807692307692308 0.5108173076923077 0.09254807692307693 0.1346153846153846
0 0.140625 0.515625 0.09014423076923077 0.1346153846153846
0 0.23197115384615385 0.5192307692307693 0.08774038461538461 0.13221153846153846
0 0.4110576923076923 0.052884615384615384 0.09014423076923077 0.1045673076923077
0 0.32091346153846156 0.5228365384615384 0.08774038461538461 0.13221153846153846
0 0.40865384615384615 0.5252403846153846 0.08774038461538461 0.13221153846153846
0 0.4987980769230769 0.5288461538461539 0.08774038461538461 0.12980769230769232
0 0.5889423076923077 0.5300480769230769 0.08774038461538461 0.12980769230769232
0 0.6766826923076923 0.5324519230769231 0.08774038461538461 0.13221153846153846
0 0.8557692307692307 0.5336538461538461 0.08774038461538461 0.12980769230769232
0 0.765625 0.5348557692307693 0.08774038461538461 0.13221153846153846
0 0.9483173076923077 0.5360576923076923 0.09014423076923077 0.12980769230769232
0 0.5 0.055288461538461536 0.08774038461538461 0.109375
0 0.5901442307692307 0.055288461538461536 0.08774038461538461 0.109375
0 0.9495192307692307 0.056490384615384616 0.09014423076923077 0.11177884615384616
0 0.6790865384615384 0.056490384615384616 0.09014423076923077 0.11177884615384616
0 0.7692307692307693 0.057692307692307696 0.08533653846153846 0.1141826923076923
0 0.8605769230769231 0.05889423076923077 0.08774038461538461 0.11658653846153846
0 0.09134615384615384 0.6298076923076923 0.09014423076923077 0.13701923076923078
0 0.021634615384615384 0.6298076923076923 0.04326923076923077 0.1346153846153846
0 0.18269230769230768 0.6346153846153846 0.09014423076923077 0.13221153846153846
0 0.27283653846153844 0.6382211538461539 0.08774038461538461 0.13221153846153846
0 0.3629807692307692 0.6418269230769231 0.08774038461538461 0.12980769230769232
0 0.4519230769230769 0.6430288461538461 0.08533653846153846 0.13221153846153846
0 0.5396634615384616 0.6454326923076923 0.08774038461538461 0.12980769230769232
0 0.6310096153846154 0.6478365384615384 0.08774038461538461 0.13221153846153846
0 0.7199519230769231 0.6490384615384616 0.08774038461538461 0.1346153846153846
0 0.8100961538461539 0.6514423076923077 0.09014423076923077 0.1346153846153846
0 0.9014423076923077 0.6550480769230769 0.09014423076923077 0.1346153846153846
0 0.9723557692307693 0.6526442307692307 0.055288461538461536 0.13701923076923078
0 0.13701923076923078 0.7524038461538461 0.09254807692307693 0.1346153846153846
0 0.046875 0.7524038461538461 0.09254807692307693 0.1346153846153846
0 0.2283653846153846 0.7548076923076923 0.09014423076923077 0.1346153846153846
0 0.4074519230769231 0.7596153846153846 0.08774038461538461 0.1346153846153846
0 0.3173076923076923 0.7596153846153846 0.08774038461538461 0.1346153846153846
0 0.49759615384615385 0.7620192307692307 0.08774038461538461 0.1346153846153846
0 0.5853365384615384 0.7632211538461539 0.08774038461538461 0.1346153846153846
0 0.6754807692307693 0.765625 0.08774038461538461 0.1346153846153846
0 0.7644230769230769 0.7692307692307693 0.08533653846153846 0.1346153846153846
0 0.8557692307692307 0.7692307692307693 0.09014423076923077 0.13701923076923078
0 0.9471153846153846 0.7716346153846154 0.08774038461538461 0.13701923076923078
0 0.020432692307692308 0.8689903846153846 0.040865384615384616 0.1346153846153846
0 0.0889423076923077 0.8713942307692307 0.09014423076923077 0.13701923076923078
0 0.18028846153846154 0.8725961538461539 0.08774038461538461 0.13942307692307693
0 0.2704326923076923 0.8725961538461539 0.08774038461538461 0.13701923076923078
0 0.359375 0.8762019230769231 0.08533653846153846 0.13701923076923078
0 0.4483173076923077 0.8774038461538461 0.08533653846153846 0.13221153846153846
0 0.5372596153846154 0.8810096153846154 0.09014423076923077 0.13221153846153846
0 0.6298076923076923 0.8810096153846154 0.09014423076923077 0.13701923076923078
0 0.7211538461538461 0.8858173076923077 0.09014423076923077 0.13701923076923078
0 0.8112980769230769 0.8870192307692307 0.08774038461538461 0.13701923076923078
0 0.9026442307692307 0.8894230769230769 0.09014423076923077 0.13942307692307693
0 0.9735576923076923 0.8918269230769231 0.052884615384615384 0.13942307692307693
0 0.04326923076923077 0.9603365384615384 0.08653846153846154 0.07932692307692307
0 0.1310096153846154 0.9603365384615384 0.09375 0.07932692307692307
0 0.22355769230769232 0.9627403846153846 0.09134615384615384 0.07451923076923077
0 0.3137019230769231 0.9639423076923077 0.0889423076923077 0.07211538461538461
0 0.40384615384615385 0.9639423076923077 0.08653846153846154 0.07211538461538461
0 0.49038461538461536 0.9651442307692307 0.09134615384615384 0.06971153846153846
0 0.5817307692307693 0.9651442307692307 0.09134615384615384 0.06971153846153846
0 0.6754807692307693 0.9675480769230769 0.09134615384615384 0.06490384615384616
0 0.765625 0.9675480769230769 0.0889423076923077 0.06490384615384616
0 0.9483173076923077 0.9699519230769231 0.0889423076923077 0.06009615384615385
0 0.8557692307692307 0.9711538461538461 0.09134615384615384 0.057692307692307696
0 0.02403846153846154 0.1310096153846154 0.04807692307692308 0.13701923076923078
0 0.09615384615384616 0.14903846153846154 0.08774038461538461 0.1346153846153846
0 0.2776442307692308 0.15384615384615385 0.08533653846153846 0.13221153846153846
0 0.18870192307692307 0.15865384615384615 0.08774038461538461 0.13221153846153846
0 0.36778846153846156 0.15985576923076922 0.08533653846153846 0.1346153846153846
0 0.5480769230769231 0.17307692307692307 0.08774038461538461 0.1346153846153846
0 0.6346153846153846 0.17908653846153846 0.08774038461538461 0.13221153846153846
0 0.8161057692307693 0.18028846153846154 0.08774038461538461 0.12980769230769232
0 0.9050480769230769 0.18028846153846154 0.09014423076923077 0.1346153846153846
0 0.9747596153846154 0.18028846153846154 0.05048076923076923 0.13942307692307693
0 0.7247596153846154 0.1814903846153846 0.08533653846153846 0.12980769230769232