0 0.3858173076923077 0.24158653846153846 0.2283653846153846 0.35336538461538464
0 0.17548076923076922 0.2800480769230769 0.17427884615384615 0.2512019230769231
0 0.04927884615384615 0.31490384615384615 0.0985576923076923 0.20673076923076922
0 0.43028846153846156 0.03125 0.18389423076923078 0.0625
0 0.2439903846153846 0.07211538461538461 0.18389423076923078 0.14423076923076922
0 0.5192307692307693 0.06850961538461539 0.051682692307692304 0.13701923076923078
0 0.09014423076923077 0.07692307692307693 0.109375 0.15384615384615385
0 0.02283653846153846 0.10697115384615384 0.04447115384615385 0.2091346153846154
0 0.8485576923076923 0.06370192307692307 0.109375 0.12740384615384615
0 0.9507211538461539 0.06370192307692307 0.0985576923076923 0.12740384615384615
0 0.5588942307692307 0.06490384615384616 0.027644230769230768 0.12980769230769232
0 0.6310096153846154 0.06490384615384616 0.10697115384615384 0.12980769230769232
0 0.7391826923076923 0.06610576923076923 0.109375 0.13221153846153846
0 0.7908653846153846 0.18629807692307693 0.1045673076923077 0.15865384615384615
0 0.9026442307692307 0.18629807692307693 0.109375 0.15865384615384615
0 0.9795673076923077 0.18629807692307693 0.039663461538461536 0.15865384615384615
0 0.5853365384615384 0.1875 0.08173076923076923 0.1622596153846154
0 0.6814903846153846 0.19110576923076922 0.109375 0.15865384615384615
0 0.9495192307692307 0.3233173076923077 0.10096153846153846 0.16105769230769232
0 0.8473557692307693 0.3245192307692308 0.10697115384615384 0.15865384615384615
0 0.7367788461538461 0.3269230769230769 0.109375 0.15865384615384615
0 0.5588942307692307 0.328125 0.027644230769230768 0.15865384615384615
0 0.6274038461538461 0.3293269230769231 0.10697115384615384 0.15625
0 0.6790865384615384 0.4014423076923077 0.109375 0.03245192307692308
0 0.8990384615384616 0.4026442307692308 0.10697115384615384 0.030048076923076924
0 0.7920673076923077 0.4026442307692308 0.10697115384615384 0.030048076923076924
0 0.40024038461538464 0.5336538461538461 0.1935096153846154 0.23076923076923078
0 0.28725961538461536 0.5216346153846154 0.12740384615384615 0.20673076923076922
0 0.07932692307692307 0.5324519230769231 0.15865384615384615 0.2283653846153846
0 0.08413461538461539 0.7992788461538461 0.11658653846153846 0.28365384615384615
0 0.47716346153846156 0.8088942307692307 0.1346153846153846 0.328125
0 0.19831730769230768 0.8161057692307693 0.18389423076923078 0.3233173076923077
0 0.06129807692307692 0.9747596153846154 0.12139423076923077 0.04927884615384615
0 0.2692307692307692 0.9795673076923077 0.16466346153846154 0.039663461538461536
0 0.9927884615384616 0.8269230769230769 0.014423076923076924 0.19110576923076922
0 0.8978365384615384 0.8317307692307693 0.14182692307692307 0.21394230769230768
0 0.6502403846153846 0.9086538461538461 0.14182692307692307 0.1814903846153846
0 0.9411057692307693 0.9435096153846154 0.11658653846153846 0.11177884615384616
0 0.7884615384615384 0.9362980769230769 0.13942307692307693 0.12740384615384615