0 0.171875 0.4387019230769231 0.109375 0.12259615384615384
0 0.07091346153846154 0.4074519230769231 0.13341346153846154 0.18389423076923078
0 0.2956730769230769 0.3918269230769231 0.12259615384615384 0.1778846153846154
0 0.2091346153846154 0.26322115384615385 0.12740384615384615 0.19110576923076922
0 0.4266826923076923 0.24759615384615385 0.17067307692307693 0.2608173076923077
0 0.08533653846153846 0.20192307692307693 0.13822115384615385 0.20432692307692307
0 0.6430288461538461 0.47475961538461536 0.09014423076923077 0.05048076923076923
0 0.7319711538461539 0.4723557692307692 0.08533653846153846 0.055288461538461536
0 0.8137019230769231 0.47115384615384615 0.08533653846153846 0.05889423076923077
0 0.8930288461538461 0.46634615384615385 0.07932692307692307 0.06610576923076923
0 0.9651442307692307 0.4639423076923077 0.06971153846153846 0.07211538461538461
0 0.6129807692307693 0.3786057692307692 0.05048076923076923 0.17307692307692307
0 0.6778846153846154 0.3786057692307692 0.09254807692307693 0.16706730769230768
0 0.8533653846153846 0.3737980769230769 0.06971153846153846 0.15985576923076922
0 0.9771634615384616 0.3713942307692308 0.04567307692307692 0.15745192307692307
0 0.921875 0.3713942307692308 0.07692307692307693 0.15985576923076922
0 0.8137019230769231 0.3473557692307692 0.09014423076923077 0.16706730769230768
0 0.9362980769230769 0.2403846153846154 0.07692307692307693 0.140625
0 0.9879807692307693 0.23557692307692307 0.02403846153846154 0.1466346153846154
0 0.8762019230769231 0.23677884615384615 0.055288461538461536 0.15745192307692307
0 0.7079326923076923 0.23197115384615385 0.09014423076923077 0.16466346153846154
0 0.6262019230769231 0.22235576923076922 0.07692307692307693 0.16706730769230768
0 0.8245192307692307 0.20793269230769232 0.09014423076923077 0.1622596153846154
0 0.9639423076923077 0.09615384615384616 0.07211538461538461 0.14903846153846154
0 0.8894230769230769 0.09735576923076923 0.07692307692307693 0.15144230769230768
0 0.7271634615384616 0.08413461538461539 0.08533653846153846 0.15985576923076922
0 0.6418269230769231 0.08413461538461539 0.08774038461538461 0.16466346153846154
0 0.8125 0.07932692307692307 0.08533653846153846 0.12980769230769232
0 0.9074519230769231 0.018028846153846152 0.07932692307692307 0.036057692307692304
0 0.8305288461538461 0.014423076923076924 0.0829326923076923 0.028846153846153848
0 0.7463942307692307 0.013221153846153846 0.0829326923076923 0.026442307692307692
0 0.1502403846153846 0.6213942307692307 0.17067307692307693 0.234375
0 0.7632211538461539 0.8641826923076923 0.1622596153846154 0.24759615384615385
0 0.6334134615384616 0.859375 0.09014423076923077 0.23918269230769232
0 0.8473557692307693 0.6526442307692307 0.15985576923076922 0.24519230769230768
0 0.6838942307692307 0.6526442307692307 0.15985576923076922 0.24519230769230768
0 0.9603365384615384 0.6454326923076923 0.07932692307692307 0.23677884615384615
0 0.7620192307692307 0.5324519230769231 0.1622596153846154 0.06370192307692307