0 0.040865384615384616 0.4651442307692308 0.08173076923076923 0.34975961538461536
0 0.6189903846153846 0.4831730769230769 0.21153846153846154 0.33052884615384615
0 0.18389423076923078 0.49038461538461536 0.19591346153846154 0.30649038461538464
0 0.3894230769230769 0.5012019230769231 0.21634615384615385 0.34375
0 0.9711538461538461 0.5036057692307693 0.057692307692307696 0.31490384615384615
0 0.8064903846153846 0.5120192307692307 0.18990384615384615 0.3329326923076923
0 0.8137019230769231 0.8413461538461539 0.2091346153846154 0.3173076923076923
0 0.96875 0.8485576923076923 0.0625 0.30288461538461536
0 0.11298076923076923 0.8341346153846154 0.2247596153846154 0.33052884615384615
0 0.6009615384615384 0.8497596153846154 0.22115384615384615 0.3004807692307692
0 0.359375 0.8413461538461539 0.25961538461538464 0.3173076923076923