0 0.010817307692307692 0.052884615384615384 0.021634615384615384 0.10576923076923077
0 0.07572115384615384 0.06009615384615385 0.12740384615384615 0.11899038461538461
0 0.2127403846153846 0.06129807692307692 0.13221153846153846 0.12139423076923077
0 0.056490384615384616 0.15625 0.11177884615384616 0.13942307692307693
0 0.16947115384615385 0.1622596153846154 0.11658653846153846 0.13701923076923078
0 0.25600961538461536 0.17908653846153846 0.06971153846153846 0.14423076923076922
0 0.10817307692307693 0.2620192307692308 0.11177884615384616 0.08653846153846154
0 0.019230769230769232 0.2620192307692308 0.037259615384615384 0.08653846153846154
0 0.21875 0.27524038461538464 0.12379807692307693 0.0625
0 0.4230769230769231 0.25600961538461536 0.09014423076923077 0.09975961538461539
0 0.10096153846153846 0.5588942307692307 0.20192307692307693 0.43990384615384615
0 0.18389423076923078 0.8545673076923077 0.21394230769230768 0.29086538461538464
0 0.040865384615384616 0.8569711538461539 0.08173076923076923 0.2860576923076923
0 0.24158653846153846 0.5384615384615384 0.09975961538461539 0.45552884615384615
0 0.46153846153846156 0.34134615384615385 0.057692307692307696 0.06971153846153846
0 0.40384615384615385 0.3425480769230769 0.057692307692307696 0.07211538461538461
0 0.5216346153846154 0.3425480769230769 0.057692307692307696 0.07211538461538461
0 0.3485576923076923 0.3425480769230769 0.055288461538461536 0.07211538461538461
0 0.30649038461538464 0.3425480769230769 0.030048076923076924 0.07211538461538461
0 0.3762019230769231 0.4098557692307692 0.055288461538461536 0.09495192307692307
0 0.31971153846153844 0.41225961538461536 0.055288461538461536 0.09014423076923077
0 0.43149038461538464 0.41346153846153844 0.055288461538461536 0.09495192307692307
0 0.4891826923076923 0.41346153846153844 0.057692307692307696 0.09495192307692307
0 0.4026442307692308 0.49038461538461536 0.051682692307692304 0.09254807692307693
0 0.5192307692307693 0.49158653846153844 0.057692307692307696 0.09254807692307693
0 0.30288461538461536 0.49158653846153844 0.025240384615384616 0.09254807692307693
0 0.3449519230769231 0.49278846153846156 0.055288461538461536 0.09254807692307693
0 0.4579326923076923 0.49399038461538464 0.057692307692307696 0.09254807692307693
0 0.6286057692307693 0.5612980769230769 0.055288461538461536 0.09254807692307693
0 0.6850961538461539 0.5649038461538461 0.057692307692307696 0.09495192307692307
0 0.7439903846153846 0.5649038461538461 0.06009615384615385 0.09495192307692307
0 0.8052884615384616 0.5661057692307693 0.06009615384615385 0.09495192307692307
0 0.8653846153846154 0.5685096153846154 0.06009615384615385 0.09495192307692307
0 0.31850961538461536 0.5697115384615384 0.055288461538461536 0.09014423076923077
0 0.37259615384615385 0.5709134615384616 0.055288461538461536 0.09254807692307693
0 0.42908653846153844 0.5721153846153846 0.055288461538461536 0.09254807692307693
0 0.4891826923076923 0.5733173076923077 0.057692307692307696 0.09254807692307693
0 0.6538461538461539 0.6430288461538461 0.057692307692307696 0.09254807692307693
0 0.7127403846153846 0.6466346153846154 0.057692307692307696 0.09254807692307693
0 0.30288461538461536 0.6466346153846154 0.025240384615384616 0.09014423076923077
0 0.7752403846153846 0.6478365384615384 0.057692307692307696 0.09495192307692307
0 0.3449519230769231 0.6490384615384616 0.051682692307692304 0.09014423076923077
0 0.8329326923076923 0.6514423076923077 0.06009615384615385 0.09735576923076923
0 0.39903846153846156 0.6514423076923077 0.057692307692307696 0.09495192307692307
0 0.45552884615384615 0.6526442307692307 0.055288461538461536 0.09254807692307693
0 0.8954326923076923 0.6538461538461539 0.0625 0.09735576923076923
0 0.5204326923076923 0.6550480769230769 0.06009615384615385 0.09254807692307693
0 0.9615384615384616 0.6586538461538461 0.0625 0.09735576923076923
0 0.6201923076923077 0.71875 0.055288461538461536 0.09014423076923077
0 0.6826923076923077 0.7247596153846154 0.057692307692307696 0.09735576923076923
0 0.3161057692307692 0.7259615384615384 0.04927884615384615 0.09014423076923077
0 0.7427884615384616 0.7283653846153846 0.0625 0.09495192307692307
0 0.3701923076923077 0.7283653846153846 0.055288461538461536 0.09254807692307693
0 0.42908653846153844 0.7307692307692307 0.057692307692307696 0.09495192307692307
0 0.8052884615384616 0.7331730769230769 0.06009615384615385 0.09735576923076923
0 0.4855769230769231 0.734375 0.057692307692307696 0.09495192307692307
0 0.8653846153846154 0.7379807692307693 0.0625 0.09495192307692307
0 0.9278846153846154 0.7415865384615384 0.0625 0.09975961538461539
0 0.9783653846153846 0.7475961538461539 0.042067307692307696 0.09735576923076923
0 0.65625 0.8028846153846154 0.055288461538461536 0.09014423076923077
0 0.7139423076923077 0.8088942307692307 0.057692307692307696 0.09495192307692307
0 0.7728365384615384 0.8125 0.0625 0.09495192307692307
0 0.30288461538461536 0.8112980769230769 0.025240384615384616 0.09014423076923077
0 0.34375 0.8137019230769231 0.051682692307692304 0.09254807692307693
0 0.39783653846153844 0.8149038461538461 0.055288461538461536 0.09254807692307693
0 0.5132211538461539 0.8161057692307693 0.057692307692307696 0.09495192307692307
0 0.4567307692307692 0.8221153846153846 0.057692307692307696 0.09495192307692307
0 0.8942307692307693 0.8233173076923077 0.0625 0.09735576923076923
0 0.8341346153846154 0.8245192307692307 0.06009615384615385 0.09735576923076923
0 0.9567307692307693 0.8317307692307693 0.06490384615384616 0.09975961538461539
0 0.9951923076923077 0.8317307692307693 0.009615384615384616 0.09735576923076923
0 0.30649038461538464 0.9423076923076923 0.030048076923076924 0.09014423076923077
0 0.34975961538461536 0.953125 0.055288461538461536 0.08653846153846154
0 0.4026442307692308 0.9567307692307693 0.055288461538461536 0.08653846153846154
0 0.46033653846153844 0.9579326923076923 0.055288461538461536 0.08413461538461539
0 0.5264423076923077 0.9639423076923077 0.057692307692307696 0.07211538461538461
0 0.6694711538461539 0.9639423076923077 0.055288461538461536 0.07211538461538461
0 0.7295673076923077 0.9639423076923077 0.057692307692307696 0.07211538461538461
0 0.7908653846153846 0.9675480769230769 0.06009615384615385 0.06490384615384616
0 0.8557692307692307 0.9711538461538461 0.06009615384615385 0.057692307692307696
0 0.9194711538461539 0.9735576923076923 0.0625 0.051682692307692304
0 0.9747596153846154 0.9771634615384616 0.04927884615384615 0.04447115384615385
0 0.3233173076923077 0.9915865384615384 0.04927884615384615 0.016826923076923076
0 0.3762019230769231 0.9927884615384616 0.055288461538461536 0.014423076923076924