0 0.17067307692307693 0.2800480769230769 0.15504807692307693 0.27524038461538464
0 0.046875 0.27403846153846156 0.09254807692307693 0.2704326923076923
0 0.09495192307692307 0.08774038461538461 0.16466346153846154 0.17548076923076922
0 0.21394230769230768 0.08413461538461539 0.0673076923076923 0.16706730769230768
0 0.21514423076923078 0.4951923076923077 0.06490384615384616 0.23197115384615385
0 0.09735576923076923 0.49278846153846156 0.16466346153846154 0.23677884615384615
0 0.453125 0.5408653846153846 0.11298076923076923 0.13942307692307693
0 0.90625 0.5396634615384616 0.11057692307692307 0.14182692307692307
0 0.6814903846153846 0.5408653846153846 0.11057692307692307 0.13942307692307693
0 0.7956730769230769 0.5396634615384616 0.11057692307692307 0.14182692307692307
0 0.9819711538461539 0.5384615384615384 0.036057692307692304 0.14423076923076922
0 0.5661057692307693 0.5396634615384616 0.11057692307692307 0.14182692307692307
0 0.3389423076923077 0.5384615384615384 0.11057692307692307 0.14423076923076922
0 0.2644230769230769 0.5372596153846154 0.03365384615384615 0.1466346153846154
0 0.625 0.41346153846153844 0.11298076923076923 0.16466346153846154
0 0.5120192307692307 0.41346153846153844 0.11298076923076923 0.16466346153846154
0 0.39783653846153844 0.4110576923076923 0.11057692307692307 0.1622596153846154
0 0.29086538461538464 0.4110576923076923 0.08774038461538461 0.16706730769230768
0 0.9543269230769231 0.4098557692307692 0.09014423076923077 0.16466346153846154
0 0.8521634615384616 0.4110576923076923 0.11057692307692307 0.16466346153846154
0 0.7391826923076923 0.4098557692307692 0.11298076923076923 0.16706730769230768
0 0.6850961538461539 0.2704326923076923 0.10817307692307693 0.16466346153846154
0 0.5697115384615384 0.2704326923076923 0.11298076923076923 0.16466346153846154
0 0.4543269230769231 0.2692307692307692 0.11057692307692307 0.16466346153846154
0 0.265625 0.26802884615384615 0.036057692307692304 0.16466346153846154
0 0.3425480769230769 0.26802884615384615 0.11298076923076923 0.16466346153846154
0 0.984375 0.2668269230769231 0.03125 0.16706730769230768
0 0.9098557692307693 0.26802884615384615 0.11057692307692307 0.16706730769230768
0 0.7992788461538461 0.265625 0.11298076923076923 0.16466346153846154
0 0.5144230769230769 0.12740384615384615 0.11298076923076923 0.16706730769230768
0 0.39783653846153844 0.12740384615384615 0.10817307692307693 0.16466346153846154
0 0.6274038461538461 0.12740384615384615 0.11057692307692307 0.16466346153846154
0 0.2932692307692308 0.125 0.09254807692307693 0.16706730769230768
0 0.7427884615384616 0.125 0.11298076923076923 0.16466346153846154
0 0.9555288461538461 0.12259615384615384 0.0889423076923077 0.16346153846153846
0 0.8557692307692307 0.12259615384615384 0.11057692307692307 0.1622596153846154
0 0.265625 0.036057692307692304 0.036057692307692304 0.07211538461538461
0 0.9122596153846154 0.03245192307692308 0.10817307692307693 0.06490384615384616
0 0.9855769230769231 0.03245192307692308 0.028846153846153848 0.06490384615384616
0 0.8016826923076923 0.03245192307692308 0.11298076923076923 0.06490384615384616
0 0.3425480769230769 0.03245192307692308 0.11298076923076923 0.06490384615384616
0 0.5709134615384616 0.03125 0.11057692307692307 0.06129807692307692
0 0.45913461538461536 0.03125 0.11298076923076923 0.06129807692307692
0 0.6814903846153846 0.03125 0.11057692307692307 0.06129807692307692