0 0.28966346153846156 0.5540865384615384 0.12139423076923077 0.15625
0 0.11538461538461539 0.5408653846153846 0.10096153846153846 0.13822115384615385
0 0.02283653846153846 0.5324519230769231 0.04447115384615385 0.17307692307692307
0 0.19831730769230768 0.40384615384615385 0.10096153846153846 0.1466346153846154
0 0.2932692307692308 0.35697115384615385 0.12379807692307693 0.17067307692307693
0 0.08413461538461539 0.3425480769230769 0.1141826923076923 0.1658653846153846
0 0.16466346153846154 0.22235576923076922 0.11899038461538461 0.1778846153846154
0 0.019230769230769232 0.20793269230769232 0.038461538461538464 0.24278846153846154
0 0.2800480769230769 0.1658653846153846 0.12860576923076922 0.19110576923076922
0 0.06009615384615385 0.7163461538461539 0.11658653846153846 0.11177884615384616
0 0.18629807692307693 0.6826923076923077 0.12139423076923077 0.15384615384615385
0 0.5564903846153846 0.6081730769230769 0.051682692307692304 0.09375
0 0.7668269230769231 0.5949519230769231 0.056490384615384616 0.10096153846153846
0 0.9927884615384616 0.5877403846153846 0.014423076923076924 0.09615384615384616
0 0.41947115384615385 0.5817307692307693 0.02283653846153846 0.11899038461538461
0 0.8557692307692307 0.5745192307692307 0.056490384615384616 0.0985576923076923
0 0.5 0.5576923076923077 0.054086538461538464 0.10096153846153846
0 0.6225961538461539 0.5540865384615384 0.056490384615384616 0.10096153846153846
0 0.7151442307692307 0.5540865384615384 0.056490384615384616 0.10336538461538461
0 0.9795673076923077 0.5408653846153846 0.040865384615384616 0.1201923076923077
0 0.8100961538461539 0.5144230769230769 0.056490384615384616 0.10096153846153846
0 0.5612980769230769 0.5108173076923077 0.05889423076923077 0.0985576923076923
0 0.6658653846153846 0.4891826923076923 0.054086538461538464 0.0985576923076923
0 0.8846153846153846 0.4855769230769231 0.056490384615384616 0.10096153846153846
0 0.44711538461538464 0.484375 0.05889423076923077 0.10697115384615384
0 0.7512019230769231 0.47596153846153844 0.054086538461538464 0.10096153846153846
0 0.515625 0.4567307692307692 0.054086538461538464 0.0985576923076923
0 0.9915865384615384 0.45072115384615385 0.016826923076923076 0.109375
0 0.6117788461538461 0.4483173076923077 0.056490384615384616 0.10336538461538461
0 0.8605769230769231 0.4170673076923077 0.06129807692307692 0.109375
0 0.4266826923076923 0.4110576923076923 0.037259615384615384 0.0985576923076923
0 0.7055288461538461 0.4098557692307692 0.054086538461538464 0.0985576923076923
0 0.9290865384615384 0.39663461538461536 0.056490384615384616 0.0985576923076923
0 0.5612980769230769 0.39302884615384615 0.054086538461538464 0.09615384615384616
0 0.7824519230769231 0.3894230769230769 0.056490384615384616 0.10096153846153846
0 0.4723557692307692 0.3762019230769231 0.056490384615384616 0.09615384615384616
0 0.6490384615384616 0.3737980769230769 0.056490384615384616 0.0985576923076923
0 0.9783653846153846 0.36658653846153844 0.042067307692307696 0.08413461538461539
0 0.8774038461538461 0.33774038461538464 0.056490384615384616 0.09375
0 0.5228365384615384 0.3293269230769231 0.054086538461538464 0.09615384615384616
0 0.7331730769230769 0.3245192307692308 0.056490384615384616 0.09615384615384616
0 0.8137019230769231 0.30649038461538464 0.056490384615384616 0.09375
0 0.6802884615384616 0.2848557692307692 0.054086538461538464 0.0985576923076923
0 0.5997596153846154 0.2692307692307692 0.0673076923076923 0.1141826923076923
0 0.9795673076923077 0.2608173076923077 0.040865384615384616 0.10817307692307693
0 0.5552884615384616 0.2548076923076923 0.04927884615384615 0.09375
0 0.7752403846153846 0.23317307692307693 0.056490384615384616 0.0985576923076923
0 0.6334134615384616 0.22115384615384615 0.054086538461538464 0.0985576923076923
0 0.7151442307692307 0.20552884615384615 0.056490384615384616 0.09615384615384616
0 0.5901442307692307 0.16466346153846154 0.054086538461538464 0.09375
0 0.9651442307692307 0.1466346153846154 0.06971153846153846 0.12379807692307693
0 0.8725961538461539 0.12980769230769232 0.0673076923076923 0.11658653846153846
0 0.4651442307692308 0.10576923076923077 0.07692307692307693 0.1310096153846154
0 0.6610576923076923 0.09975961538461539 0.10336538461538461 0.1778846153846154
0 0.578125 0.06971153846153846 0.04927884615384615 0.09615384615384616
0 0.5168269230769231 0.056490384615384616 0.0673076923076923 0.11298076923076923
0 0.9050480769230769 0.07211538461538461 0.11177884615384616 0.14302884615384615
0 0.7920673076923077 0.06850961538461539 0.1141826923076923 0.13581730769230768
0 0.4831730769230769 0.03485576923076923 0.14903846153846154 0.06971153846153846
0 0.7115384615384616 0.02283653846153846 0.10096153846153846 0.04447115384615385
0 0.625 0.7536057692307693 0.056490384615384616 0.037259615384615384
0 0.8221153846153846 0.75 0.05889423076923077 0.04447115384615385
0 0.9194711538461539 0.7331730769230769 0.056490384615384616 0.07932692307692307
0 0.5733173076923077 0.7307692307692307 0.056490384615384616 0.08413461538461539
0 0.49399038461538464 0.7223557692307693 0.07211538461538461 0.0985576923076923
0 0.671875 0.7235576923076923 0.056490384615384616 0.09615384615384616
0 0.7776442307692307 0.7211538461538461 0.05889423076923077 0.10096153846153846
0 0.4206730769230769 0.7151442307692307 0.025240384615384616 0.109375
0 0.8629807692307693 0.7079326923076923 0.056490384615384616 0.10096153846153846
0 0.9591346153846154 0.6682692307692307 0.056490384615384616 0.10336538461538461
0 0.7223557692307693 0.6658653846153846 0.05889423076923077 0.10336538461538461
0 0.6057692307692307 0.6550480769230769 0.056490384615384616 0.10096153846153846
0 0.8161057692307693 0.6514423076923077 0.056490384615384616 0.10096153846153846
0 0.46875 0.6490384615384616 0.056490384615384616 0.10096153846153846
0 0.9026442307692307 0.6334134615384616 0.056490384615384616 0.10096153846153846
0 0.6694711538461539 0.6225961538461539 0.05889423076923077 0.10096153846153846
0 0.49158653846153844 0.8858173076923077 0.1658653846153846 0.22716346153846154
0 0.6838942307692307 0.8858173076923077 0.31490384615384615 0.22716346153846154
0 0.9182692307692307 0.8858173076923077 0.16346153846153846 0.22716346153846154