0 0.04927884615384615 0.2439903846153846 0.0733173076923077 0.12740384615384615
0 0.3701923076923077 0.24519230769230768 0.06129807692307692 0.11899038461538461
0 0.15985576923076922 0.24639423076923078 0.078125 0.12980769230769232
0 0.23076923076923078 0.24639423076923078 0.06370192307692307 0.1346153846153846
0 0.29086538461538464 0.24639423076923078 0.08052884615384616 0.13221153846153846
0 0.4254807692307692 0.2512019230769231 0.0829326923076923 0.13701923076923078
0 0.5096153846153846 0.25240384615384615 0.078125 0.14182692307692307
0 0.7800480769230769 0.25240384615384615 0.09254807692307693 0.14423076923076922
0 0.7043269230769231 0.2536057692307692 0.07572115384615384 0.12980769230769232
0 0.5913461538461539 0.2548076923076923 0.08533653846153846 0.13701923076923078
0 0.028846153846153848 0.3473557692307692 0.057692307692307696 0.11298076923076923
0 0.1935096153846154 0.35336538461538464 0.0733173076923077 0.11658653846153846
0 0.12379807692307693 0.3545673076923077 0.0733173076923077 0.12379807692307693
0 0.25721153846153844 0.3605769230769231 0.051682692307692304 0.12980769230769232
0 0.30649038461538464 0.36658653846153844 0.06850961538461539 0.13701923076923078
0 0.6694711538461539 0.036057692307692304 0.0889423076923077 0.07211538461538461
0 0.7824519230769231 0.036057692307692304 0.0889423076923077 0.07211538461538461
0 0.36778846153846156 0.3713942307692308 0.078125 0.13701923076923078
0 0.45913461538461536 0.3713942307692308 0.0829326923076923 0.13701923076923078
0 0.6538461538461539 0.37259615384615385 0.08774038461538461 0.14182692307692307
0 0.5564903846153846 0.37740384615384615 0.08533653846153846 0.14423076923076922
0 0.7355769230769231 0.37740384615384615 0.0829326923076923 0.14423076923076922
0 0.8185096153846154 0.38100961538461536 0.09014423076923077 0.1466346153846154
0 0.5733173076923077 0.037259615384615384 0.0889423076923077 0.07451923076923077
0 0.4963942307692308 0.038461538461538464 0.07932692307692307 0.07692307692307693
0 0.30649038461538464 0.040865384615384616 0.07932692307692307 0.08173076923076923
0 0.09014423076923077 0.04447115384615385 0.0733173076923077 0.08774038461538461
0 0.1658653846153846 0.04447115384615385 0.078125 0.08774038461538461
0 0.020432692307692308 0.4651442307692308 0.040865384615384616 0.12980769230769232
0 0.13822115384615385 0.4723557692307692 0.054086538461538464 0.1346153846153846
0 0.06009615384615385 0.47475961538461536 0.07572115384615384 0.12980769230769232
0 0.18509615384615385 0.48197115384615385 0.078125 0.13221153846153846
0 0.2932692307692308 0.484375 0.0733173076923077 0.12740384615384615
0 0.6189903846153846 0.49158653846153844 0.06129807692307692 0.1346153846153846
0 0.41225961538461536 0.49399038461538464 0.08052884615384616 0.13942307692307693
0 0.49158653846153844 0.4987980769230769 0.08052884615384616 0.1346153846153846
0 0.6826923076923077 0.5012019230769231 0.09014423076923077 0.14182692307692307
0 0.8173076923076923 0.5036057692307693 0.09014423076923077 0.12379807692307693
0 0.14543269230769232 0.5805288461538461 0.07091346153846154 0.10697115384615384
0 0.07091346153846154 0.5817307692307693 0.0733173076923077 0.10216346153846154
0 0.22115384615384615 0.5889423076923077 0.07572115384615384 0.1045673076923077
0 0.3016826923076923 0.5901442307692307 0.0733173076923077 0.10216346153846154
0 0.3942307692307692 0.5961538461538461 0.07572115384615384 0.09735576923076923
0 0.4675480769230769 0.6021634615384616 0.07572115384615384 0.09495192307692307
0 0.609375 0.6045673076923077 0.08533653846153846 0.13221153846153846
0 0.5348557692307693 0.6045673076923077 0.07572115384615384 0.10216346153846154
0 0.7884615384615384 0.6081730769230769 0.08533653846153846 0.1346153846153846
0 0.8834134615384616 0.6105769230769231 0.08774038461538461 0.13942307692307693
0 0.7103365384615384 0.6117788461538461 0.08533653846153846 0.11177884615384616
0 0.036057692307692304 0.6766826923076923 0.054086538461538464 0.12139423076923077
0 0.08413461538461539 0.6899038461538461 0.06370192307692307 0.12740384615384615
0 0.13221153846153846 0.6983173076923077 0.06129807692307692 0.12379807692307693
0 0.7620192307692307 0.7175480769230769 0.07572115384615384 0.12980769230769232
0 0.6598557692307693 0.71875 0.08533653846153846 0.13701923076923078
0 0.1622596153846154 0.7199519230769231 0.07572115384615384 0.1346153846153846
0 0.23918269230769232 0.7247596153846154 0.078125 0.13701923076923078
0 0.8365384615384616 0.7295673076923077 0.08774038461538461 0.13701923076923078
0 0.5276442307692307 0.7295673076923077 0.08052884615384616 0.1346153846153846
0 0.41466346153846156 0.7307692307692307 0.0829326923076923 0.1346153846153846
0 0.040865384615384616 0.8040865384615384 0.07091346153846154 0.12980769230769232
0 0.3161057692307692 0.8341346153846154 0.0733173076923077 0.1346153846153846
0 0.25 0.8353365384615384 0.07572115384615384 0.10697115384615384
0 0.6057692307692307 0.8389423076923077 0.0829326923076923 0.1346153846153846
0 0.09495192307692307 0.8425480769230769 0.078125 0.13942307692307693
0 0.7944711538461539 0.84375 0.08533653846153846 0.12980769230769232
0 0.6911057692307693 0.84375 0.08533653846153846 0.13942307692307693
0 0.3858173076923077 0.84375 0.0829326923076923 0.13701923076923078
0 0.47836538461538464 0.8485576923076923 0.078125 0.13701923076923078
0 0.8810096153846154 0.8521634615384616 0.08774038461538461 0.1346153846153846
0 0.18629807692307693 0.9206730769230769 0.05889423076923077 0.09975961538461539
0 0.24639423076923078 0.9290865384615384 0.07572115384615384 0.1141826923076923
0 0.4050480769230769 0.9483173076923077 0.078125 0.09975961538461539
0 0.5444711538461539 0.9447115384615384 0.0829326923076923 0.109375
0 0.47836538461538464 0.9471153846153846 0.0733173076923077 0.1045673076923077
0 0.7199519230769231 0.9519230769230769 0.08774038461538461 0.09495192307692307
0 0.8076923076923077 0.9567307692307693 0.09254807692307693 0.08533653846153846
0 0.09134615384615384 0.96875 0.07211538461538461 0.0625
0 0.21995192307692307 0.12740384615384615 0.056490384615384616 0.11658653846153846
0 0.7271634615384616 0.12860576923076922 0.08774038461538461 0.1466346153846154
0 0.390625 0.12980769230769232 0.07091346153846154 0.13942307692307693
0 0.45913461538461536 0.12980769230769232 0.08533653846153846 0.14423076923076922
0 0.26802884615384615 0.12980769230769232 0.07091346153846154 0.12980769230769232
0 0.6129807692307693 0.12980769230769232 0.09014423076923077 0.14182692307692307
0 0.8293269230769231 0.1310096153846154 0.09014423076923077 0.1466346153846154
0 0.5444711538461539 0.1310096153846154 0.07572115384615384 0.14423076923076922
0 0.3317307692307692 0.13221153846153846 0.06850961538461539 0.1346153846153846
0 0.12980769230769232 0.13341346153846154 0.078125 0.12980769230769232
0 0.018028846153846152 0.13221153846153846 0.036057692307692304 0.12740384615384615
0 0.0733173076923077 0.13942307692307693 0.06129807692307692 0.12379807692307693
0 0.037259615384615384 0.04326923076923077 0.06129807692307692 0.08533653846153846
0 0.13942307692307693 0.9278846153846154 0.05889423076923077 0.054086538461538464
0 0.3485576923076923 0.9387019230769231 0.06129807692307692 0.0829326923076923
0 0.31009615384615385 0.9831730769230769 0.078125 0.03365384615384615
0 0.20192307692307693 0.9771634615384616 0.07211538461538461 0.04567307692307692
0 0.03245192307692308 0.9759615384615384 0.06490384615384616 0.04807692307692308
0 0.6610576923076923 0.9423076923076923 0.04927884615384615 0.1141826923076923
0 0.2512019230769231 0.036057692307692304 0.055288461538461536 0.07211538461538461
0 0.4338942307692308 0.03485576923076923 0.055288461538461536 0.06971153846153846
0 0.39663461538461536 0.03125 0.04807692307692308 0.0625