0 0.12379807692307693 0.28725961538461536 0.24759615384615385 0.43990384615384615
0 0.8521634615384616 0.31971153846153844 0.11177884615384616 0.24158653846153846
0 0.17548076923076922 0.5721153846153846 0.18629807692307693 0.06971153846153846
0 0.3629807692307692 0.578125 0.17908653846153846 0.08173076923076923
0 0.5432692307692307 0.5901442307692307 0.1971153846153846 0.1045673076923077
0 0.7223557692307693 0.6009615384615384 0.1466346153846154 0.12740384615384615
0 0.03125 0.7211538461538461 0.0625 0.21875
0 0.15985576923076922 0.7259615384615384 0.18629807692307693 0.21875
0 0.34975961538461536 0.7379807692307693 0.18629807692307693 0.21394230769230768
0 0.5396634615384616 0.7608173076923077 0.1971153846153846 0.21875
0 0.7199519230769231 0.7788461538461539 0.15144230769230768 0.21875
0 0.025240384615384616 0.9158653846153846 0.05048076923076923 0.16826923076923078
0 0.15264423076923078 0.9158653846153846 0.18990384615384615 0.16826923076923078
0 0.3449519230769231 0.9254807692307693 0.1814903846153846 0.14903846153846154
0 0.5300480769230769 0.9375 0.18870192307692307 0.12379807692307693
0 0.7127403846153846 0.9459134615384616 0.1658653846153846 0.10817307692307693
0 0.8954326923076923 0.8846153846153846 0.1045673076923077 0.1466346153846154
0 0.9122596153846154 0.9783653846153846 0.10697115384615384 0.042067307692307696
0 0.8341346153846154 0.9459134615384616 0.07692307692307693 0.10817307692307693
0 0.828125 0.8209134615384616 0.06490384615384616 0.16466346153846154