0 0.25240384615384615 0.12980769230769232 0.11298076923076923 0.16346153846153846
0 0.12740384615384615 0.17668269230769232 0.09735576923076923 0.15264423076923078
0 0.036057692307692304 0.2091346153846154 0.07091346153846154 0.12860576923076922
0 0.3329326923076923 0.22355769230769232 0.09735576923076923 0.13942307692307693
0 0.17548076923076922 0.31490384615384615 0.08173076923076923 0.11538461538461539
0 0.359375 0.4014423076923077 0.08173076923076923 0.19230769230769232
0 0.21394230769230768 0.4411057692307692 0.12860576923076922 0.16826923076923078
0 0.33653846153846156 0.4639423076923077 0.10817307692307693 0.13701923076923078
0 0.008413461538461538 0.49399038461538464 0.015625 0.14423076923076922
0 0.15384615384615385 0.5841346153846154 0.11298076923076923 0.11538461538461539
0 0.23317307692307693 0.009615384615384616 0.09735576923076923 0.018028846153846152
0 0.18990384615384615 0.040865384615384616 0.0889423076923077 0.08173076923076923
0 0.07572115384615384 0.054086538461538464 0.0889423076923077 0.10817307692307693
0 0.8161057692307693 0.055288461538461536 0.21634615384615385 0.11057692307692307
0 0.6081730769230769 0.06129807692307692 0.20192307692307693 0.12259615384615384
0 0.9615384615384616 0.06850961538461539 0.07572115384615384 0.13701923076923078
0 0.5396634615384616 0.1971153846153846 0.16826923076923078 0.24519230769230768
0 0.7199519230769231 0.20552884615384615 0.17908653846153846 0.26322115384615385
0 0.90625 0.21033653846153846 0.1658653846153846 0.25
0 0.890625 0.5528846153846154 0.17067307692307693 0.17908653846153846
0 0.5132211538461539 0.5540865384615384 0.17908653846153846 0.17668269230769232
0 0.7103365384615384 0.5588942307692307 0.18389423076923078 0.1658653846153846
0 0.4483173076923077 0.04447115384615385 0.09735576923076923 0.0889423076923077
0 0.41346153846153844 0.20793269230769232 0.026442307692307692 0.22596153846153846
0 0.40865384615384615 0.5649038461538461 0.018028846153846152 0.15504807692307693
0 0.2860576923076923 0.8858173076923077 0.2283653846153846 0.2283653846153846
0 0.5925480769230769 0.7355769230769231 0.30528846153846156 0.18629807692307693
0 0.7463942307692307 0.8822115384615384 0.3004807692307692 0.23557692307692307
0 0.5012019230769231 0.8882211538461539 0.203125 0.22355769230769232