0 0.0985576923076923 0.27524038461538464 0.1971153846153846 0.4951923076923077
0 0.5516826923076923 0.49278846153846156 0.04807692307692308 0.06009615384615385
0 0.5036057692307693 0.4891826923076923 0.04326923076923077 0.06850961538461539
0 0.4639423076923077 0.48677884615384615 0.04326923076923077 0.07091346153846154
0 0.5733173076923077 0.4254807692307692 0.04567307692307692 0.13341346153846154
0 0.5264423076923077 0.4170673076923077 0.04807692307692308 0.12620192307692307
0 0.4831730769230769 0.4098557692307692 0.04326923076923077 0.12379807692307693
0 0.45072115384615385 0.4098557692307692 0.02283653846153846 0.12379807692307693
0 0.59375 0.31490384615384615 0.04567307692307692 0.1310096153846154
0 0.546875 0.31009615384615385 0.04326923076923077 0.12860576923076922
0 0.5024038461538461 0.3088942307692308 0.04326923076923077 0.13341346153846154
0 0.46153846153846156 0.30649038461538464 0.04326923076923077 0.12620192307692307
0 0.4495192307692308 0.20552884615384615 0.020432692307692308 0.11899038461538461
0 0.6177884615384616 0.20432692307692307 0.05048076923076923 0.1310096153846154
0 0.4795673076923077 0.20192307692307693 0.04326923076923077 0.11658653846153846
0 0.5252403846153846 0.20072115384615385 0.04567307692307692 0.1310096153846154
0 0.5709134615384616 0.20072115384615385 0.05048076923076923 0.1310096153846154
0 0.45913461538461536 0.10096153846153846 0.040865384615384616 0.12620192307692307
0 0.5036057692307693 0.09735576923076923 0.04567307692307692 0.12860576923076922
0 0.546875 0.09134615384615384 0.04567307692307692 0.13341346153846154
0 0.6418269230769231 0.09134615384615384 0.05048076923076923 0.13341346153846154
0 0.5925480769230769 0.09014423076923077 0.05048076923076923 0.12860576923076922
0 0.4495192307692308 0.03125 0.02403846153846154 0.0625
0 0.48197115384615385 0.026442307692307692 0.04567307692307692 0.052884615384615384
0 0.5276442307692307 0.02283653846153846 0.04567307692307692 0.04567307692307692
0 0.5721153846153846 0.020432692307692308 0.04807692307692308 0.040865384615384616
0 0.6201923076923077 0.018028846153846152 0.04807692307692308 0.03485576923076923
0 0.265625 0.7451923076923077 0.0829326923076923 0.16105769230769232
0 0.18028846153846154 0.7451923076923077 0.0829326923076923 0.16105769230769232
0 0.41586538461538464 0.7451923076923077 0.04807692307692308 0.16105769230769232
0 0.09495192307692307 0.7439903846153846 0.0829326923076923 0.16105769230769232
0 0.34975961538461536 0.7439903846153846 0.0829326923076923 0.16466346153846154
0 0.056490384615384616 0.6153846153846154 0.0829326923076923 0.16105769230769232
0 0.3088942307692308 0.6153846153846154 0.08052884615384616 0.15865384615384615
0 0.14182692307692307 0.6141826923076923 0.0829326923076923 0.16105769230769232
0 0.22596153846153846 0.6141826923076923 0.08052884615384616 0.16105769230769232
0 0.39302884615384615 0.6141826923076923 0.08052884615384616 0.15865384615384615
0 0.34975961538461536 0.5456730769230769 0.0829326923076923 0.04567307692307692
0 0.2668269230769231 0.5456730769230769 0.0829326923076923 0.04567307692307692
0 0.18028846153846154 0.5444711538461539 0.0829326923076923 0.04326923076923077
0 0.09495192307692307 0.5432692307692307 0.0829326923076923 0.040865384615384616
0 0.22596153846153846 0.875 0.0829326923076923 0.16105769230769232
0 0.39302884615384615 0.8737980769230769 0.08052884615384616 0.16105769230769232
0 0.3088942307692308 0.8725961538461539 0.0829326923076923 0.16105769230769232
0 0.14182692307692307 0.8725961538461539 0.0829326923076923 0.16105769230769232