0 0.24519230769230768 0.22355769230769232 0.19951923076923078 0.34134615384615385
0 0.4951923076923077 0.23677884615384615 0.04927884615384615 0.27283653846153844
0 0.43149038461538464 0.49158653846153844 0.16105769230769232 0.25600961538461536
0 0.17668269230769232 0.5180288461538461 0.16346153846153846 0.20192307692307693
0 0.5396634615384616 0.5649038461538461 0.040865384615384616 0.056490384615384616
0 0.5024038461538461 0.640625 0.03365384615384615 0.040865384615384616
0 0.44471153846153844 0.6538461538461539 0.051682692307692304 0.06850961538461539
0 0.29447115384615385 0.6502403846153846 0.038461538461538464 0.056490384615384616
0 0.3485576923076923 0.6538461538461539 0.054086538461538464 0.06850961538461539
0 0.38461538461538464 0.6514423076923077 0.036057692307692304 0.05889423076923077
0 0.24879807692307693 0.6574519230769231 0.054086538461538464 0.07572115384615384
0 0.20072115384615385 0.65625 0.038461538461538464 0.06129807692307692
0 0.10817307692307693 0.6598557692307693 0.038461538461538464 0.056490384615384616
0 0.15384615384615385 0.6598557692307693 0.05889423076923077 0.08052884615384616
0 0.004807692307692308 0.6622596153846154 0.009615384615384616 0.06610576923076923
0 0.03125 0.6670673076923077 0.06129807692307692 0.09014423076923077
0 0.5120192307692307 0.6983173076923077 0.014423076923076924 0.07572115384615384
0 0.29927884615384615 0.7211538461538461 0.054086538461538464 0.078125
0 0.24759615384615385 0.7223557692307693 0.038461538461538464 0.05889423076923077
0 0.34615384615384615 0.7247596153846154 0.04447115384615385 0.06370192307692307
0 0.4050480769230769 0.7247596153846154 0.054086538461538464 0.078125
0 0.15504807692307693 0.7271634615384616 0.040865384615384616 0.056490384615384616
0 0.20192307692307693 0.7295673076923077 0.056490384615384616 0.0829326923076923
0 0.10576923076923077 0.734375 0.054086538461538464 0.078125
0 0.039663461538461536 0.7403846153846154 0.04927884615384615 0.06610576923076923
0 0.002403846153846154 0.7451923076923077 0.004807692307692308 0.09014423076923077
0 0.5024038461538461 0.7584134615384616 0.03365384615384615 0.05889423076923077
0 0.3870192307692308 0.7836538461538461 0.036057692307692304 0.06129807692307692
0 0.4483173076923077 0.7932692307692307 0.051682692307692304 0.078125
0 0.3004807692307692 0.7932692307692307 0.04447115384615385 0.06610576923076923
0 0.19951923076923078 0.7944711538461539 0.040865384615384616 0.056490384615384616
0 0.10817307692307693 0.796875 0.040865384615384616 0.056490384615384616
0 0.24879807692307693 0.7992788461538461 0.054086538461538464 0.08052884615384616
0 0.15264423076923078 0.8028846153846154 0.054086538461538464 0.08052884615384616
0 0.35697115384615385 0.8052884615384616 0.054086538461538464 0.08052884615384616
0 0.028846153846153848 0.8293269230769231 0.057692307692307696 0.09134615384615384
0 0.5072115384615384 0.8449519230769231 0.02403846153846154 0.07091346153846154
0 0.43149038461538464 0.8497596153846154 0.036057692307692304 0.06370192307692307
0 0.24639423076923078 0.8581730769230769 0.040865384615384616 0.054086538461538464
0 0.15625 0.8617788461538461 0.038461538461538464 0.056490384615384616
0 0.3449519230769231 0.8677884615384616 0.040865384615384616 0.06610576923076923
0 0.40384615384615385 0.8701923076923077 0.051682692307692304 0.08052884615384616
0 0.20432692307692307 0.8713942307692307 0.054086538461538464 0.07572115384615384
0 0.3004807692307692 0.8737980769230769 0.051682692307692304 0.08052884615384616
0 0.10697115384615384 0.8737980769230769 0.051682692307692304 0.07572115384615384
0 0.4951923076923077 0.8930288461538461 0.038461538461538464 0.056490384615384616
0 0.04807692307692308 0.90625 0.054086538461538464 0.07572115384615384
0 0.46033653846153844 0.9483173076923077 0.038461538461538464 0.06610576923076923
0 0.36177884615384615 0.953125 0.040865384615384616 0.06850961538461539
0 0.26322115384615385 0.9555288461538461 0.04447115384615385 0.06610576923076923
0 0.056490384615384616 0.9615384615384616 0.04447115384615385 0.056490384615384616
0 0.16346153846153846 0.9651442307692307 0.04447115384615385 0.06850961538461539
0 0.5072115384615384 0.9699519230769231 0.02403846153846154 0.06009615384615385
0 0.42788461538461536 0.9675480769230769 0.052884615384615384 0.06490384615384616
0 0.01201923076923077 0.96875 0.02403846153846154 0.0625
0 0.32211538461538464 0.96875 0.057692307692307696 0.0625
0 0.21514423076923078 0.9723557692307693 0.06009615384615385 0.055288461538461536
0 0.10576923076923077 0.9759615384615384 0.057692307692307696 0.04807692307692308
0 0.4110576923076923 0.9963942307692307 0.040865384615384616 0.007211538461538462
0 0.7836538461538461 0.7019230769230769 0.1778846153846154 0.1658653846153846
0 0.9375 0.7127403846153846 0.12379807692307693 0.18509615384615385
0 0.6069711538461539 0.71875 0.17548076923076922 0.1971153846153846
0 0.8641826923076923 0.8737980769230769 0.20192307692307693 0.2512019230769231
0 0.5504807692307693 0.8834134615384616 0.0625 0.23317307692307693
0 0.9831730769230769 0.8834134615384616 0.03365384615384615 0.23317307692307693
0 0.6694711538461539 0.8870192307692307 0.18028846153846154 0.22596153846153846