0 0.014423076923076924 0.2439903846153846 0.028846153846153848 0.23798076923076922
0 0.13341346153846154 0.31009615384615385 0.19951923076923078 0.25841346153846156
0 0.3641826923076923 0.3485576923076923 0.2512019230769231 0.18389423076923078
0 0.953125 0.22235576923076922 0.09375 0.31009615384615385
0 0.7415865384615384 0.25841346153846156 0.17908653846153846 0.3629807692307692
0 0.4483173076923077 0.4807692307692308 0.109375 0.08173076923076923
0 0.03125 0.4831730769230769 0.0625 0.08413461538461539
0 0.33774038461538464 0.4831730769230769 0.109375 0.08413461538461539
0 0.11778846153846154 0.4831730769230769 0.10697115384615384 0.08413461538461539
0 0.22716346153846154 0.484375 0.10697115384615384 0.08653846153846154
0 0.5588942307692307 0.4855769230769231 0.10697115384615384 0.09014423076923077
0 0.6346153846153846 0.484375 0.03485576923076923 0.08653846153846154
0 0.3918269230769231 0.5817307692307693 0.10697115384615384 0.15865384615384615
0 0.171875 0.5829326923076923 0.10697115384615384 0.15865384615384615
0 0.5012019230769231 0.5829326923076923 0.10697115384615384 0.15625
0 0.28125 0.5829326923076923 0.10697115384615384 0.15865384615384615
0 0.0625 0.5829326923076923 0.10697115384615384 0.15865384615384615
0 0.6069711538461539 0.5853365384615384 0.09014423076923077 0.1622596153846154
0 0.22596153846153846 0.7211538461538461 0.109375 0.1622596153846154
0 0.44711538461538464 0.7211538461538461 0.10697115384615384 0.15625
0 0.33533653846153844 0.7211538461538461 0.109375 0.1622596153846154
0 0.028846153846153848 0.7211538461538461 0.057692307692307696 0.15865384615384615
0 0.5552884615384616 0.7211538461538461 0.10697115384615384 0.1622596153846154
0 0.11658653846153846 0.7223557692307693 0.10697115384615384 0.15865384615384615
0 0.6346153846153846 0.7223557692307693 0.03485576923076923 0.1622596153846154
0 0.05889423076923077 0.8569711538461539 0.10697115384615384 0.15865384615384615
0 0.6033653846153846 0.8569711538461539 0.09735576923076923 0.1622596153846154
0 0.2800480769230769 0.8569711538461539 0.10697115384615384 0.15865384615384615
0 0.390625 0.8569711538461539 0.1045673076923077 0.15865384615384615
0 0.4987980769230769 0.859375 0.1045673076923077 0.15865384615384615
0 0.16947115384615385 0.8605769230769231 0.10697115384615384 0.15625
0 0.027644230769230768 0.9543269230769231 0.055288461538461536 0.09134615384615384
0 0.11298076923076923 0.9579326923076923 0.10697115384615384 0.08413461538461539
0 0.4411057692307692 0.9591346153846154 0.11177884615384616 0.08173076923076923
0 0.5528846153846154 0.9603365384615384 0.11177884615384616 0.07932692307692307
0 0.22235576923076922 0.9591346153846154 0.10697115384615384 0.08173076923076923
0 0.33052884615384615 0.9603365384615384 0.109375 0.07932692307692307
0 0.6322115384615384 0.9567307692307693 0.039663461538461536 0.08653846153846154
0 0.7716346153846154 0.71875 0.17427884615384615 0.3701923076923077