0 0.34134615384615385 0.41947115384615385 0.09615384615384616 0.06009615384615385
0 0.44471153846153844 0.41947115384615385 0.09615384615384616 0.06009615384615385
0 0.24519230769230768 0.4182692307692308 0.09615384615384616 0.06370192307692307
0 0.12620192307692307 0.4110576923076923 0.09615384615384616 0.07572115384615384
0 0.03485576923076923 0.4074519230769231 0.06971153846153846 0.07932692307692307
0 0.19230769230769232 0.33653846153846156 0.09375 0.14423076923076922
0 0.3942307692307692 0.33653846153846156 0.09615384615384616 0.14423076923076922
0 0.484375 0.33533653846153844 0.07572115384615384 0.14182692307692307
0 0.2956730769230769 0.3329326923076923 0.0985576923076923 0.1466346153846154
0 0.078125 0.31971153846153844 0.0985576923076923 0.1466346153846154
0 0.010817307692307692 0.3173076923076923 0.021634615384615384 0.14423076923076922
0 0.5132211538461539 0.21514423076923078 0.020432692307692308 0.1466346153846154
0 0.44471153846153844 0.21394230769230768 0.09615384615384616 0.13942307692307693
0 0.24278846153846154 0.21153846153846154 0.09615384615384616 0.14182692307692307
0 0.14543269230769232 0.21153846153846154 0.09615384615384616 0.1466346153846154
0 0.3449519230769231 0.2091346153846154 0.09615384615384616 0.14182692307692307
0 0.039663461538461536 0.1935096153846154 0.078125 0.14423076923076922
0 0.484375 0.09375 0.07572115384615384 0.1466346153846154
0 0.3954326923076923 0.0889423076923077 0.09615384615384616 0.14903846153846154
0 0.29447115384615385 0.08533653846153846 0.09615384615384616 0.1466346153846154
0 0.09495192307692307 0.08533653846153846 0.0985576923076923 0.14423076923076922
0 0.1935096153846154 0.08173076923076923 0.09615384615384616 0.14423076923076922
0 0.009615384615384616 0.07572115384615384 0.019230769230769232 0.1466346153846154
0 0.44711538461538464 0.019230769230769232 0.09615384615384616 0.038461538461538464
0 0.3473557692307692 0.018028846153846152 0.09375 0.03485576923076923
0 0.04567307692307692 0.018028846153846152 0.09134615384615384 0.03485576923076923
0 0.24759615384615385 0.015625 0.09615384615384616 0.030048076923076924
0 0.14423076923076922 0.014423076923076924 0.09615384615384616 0.027644230769230768
0 0.20072115384615385 0.828125 0.06009615384615385 0.11658653846153846
0 0.27283653846153844 0.75 0.055288461538461536 0.10336538461538461
0 0.12379807692307693 0.7211538461538461 0.06009615384615385 0.11057692307692307
0 0.3293269230769231 0.7079326923076923 0.057692307692307696 0.10336538461538461
0 0.18028846153846154 0.6310096153846154 0.06009615384615385 0.10576923076923077
0 0.28966346153846156 0.6117788461538461 0.04567307692307692 0.09615384615384616
0 0.15384615384615385 0.5697115384615384 0.06009615384615385 0.10576923076923077
0 0.32211538461538464 0.5661057692307693 0.06370192307692307 0.11658653846153846
0 0.08173076923076923 0.53125 0.052884615384615384 0.09134615384615384
0 0.12860576923076922 0.5288461538461539 0.055288461538461536 0.0985576923076923
0 0.46875 0.4987980769230769 0.06009615384615385 0.09375
0 0.19831730769230768 0.4951923076923077 0.06370192307692307 0.09134615384615384
0 0.28966346153846156 0.47115384615384615 0.052884615384615384 0.04326923076923077
0 0.34615384615384615 0.47716346153846156 0.06610576923076923 0.055288461538461536
0 0.1466346153846154 0.4639423076923077 0.06009615384615385 0.027644230769230768
0 0.9134615384615384 0.9134615384615384 0.17307692307692307 0.17307692307692307
0 0.671875 0.90625 0.2980769230769231 0.18629807692307693
0 0.8413461538461539 0.7475961538461539 0.3161057692307692 0.2091346153846154
0 0.6430288461538461 0.6117788461538461 0.2403846153846154 0.21514423076923078
0 0.9302884615384616 0.5733173076923077 0.13942307692307693 0.21754807692307693
0 0.7752403846153846 0.5 0.3233173076923077 0.10096153846153846