0 0.4074519230769231 0.5084134615384616 0.11899038461538461 0.18269230769230768
0 0.7716346153846154 0.5084134615384616 0.1141826923076923 0.17548076923076922
0 0.6502403846153846 0.5108173076923077 0.11658653846153846 0.1778846153846154
0 0.5348557692307693 0.5120192307692307 0.1141826923076923 0.18509615384615385
0 0.9002403846153846 0.5132211538461539 0.11658653846153846 0.1778846153846154
0 0.8209134615384616 0.6598557692307693 0.11899038461538461 0.17067307692307693
0 0.7019230769230769 0.6646634615384616 0.1141826923076923 0.17307692307692307
0 0.46634615384615385 0.6658653846153846 0.11899038461538461 0.17548076923076922
0 0.5865384615384616 0.6706730769230769 0.11899038461538461 0.17548076923076922
0 0.8713942307692307 0.8149038461538461 0.11177884615384616 0.17307692307692307
0 0.7560096153846154 0.8185096153846154 0.1141826923076923 0.1778846153846154
0 0.6370192307692307 0.8209134615384616 0.11658653846153846 0.16826923076923078
0 0.5192307692307693 0.8269230769230769 0.11658653846153846 0.17307692307692307
0 0.39903846153846156 0.8317307692307693 0.11658653846153846 0.17548076923076922