0 0.13822115384615385 0.08052884615384616 0.06971153846153846 0.125
0 0.0625 0.078125 0.06971153846153846 0.125
0 0.17427884615384615 0.016826923076923076 0.06971153846153846 0.03365384615384615
0 0.09735576923076923 0.016826923076923076 0.06971153846153846 0.03365384615384615
0 0.028846153846153848 0.015625 0.057692307692307696 0.03125
0 0.7680288461538461 0.4423076923076923 0.11177884615384616 0.17067307692307693
0 0.5324519230769231 0.4423076923076923 0.1141826923076923 0.17067307692307693
0 0.9723557692307693 0.4411057692307692 0.055288461538461536 0.17067307692307693
0 0.8858173076923077 0.4411057692307692 0.1141826923076923 0.16706730769230768
0 0.6502403846153846 0.4411057692307692 0.1141826923076923 0.17067307692307693
0 0.9423076923076923 0.2956730769230769 0.1141826923076923 0.16706730769230768
0 0.8269230769230769 0.2956730769230769 0.1141826923076923 0.17067307692307693
0 0.5024038461538461 0.29447115384615385 0.06370192307692307 0.16706730769230768
0 0.7115384615384616 0.29447115384615385 0.1141826923076923 0.16706730769230768
0 0.5925480769230769 0.2920673076923077 0.1141826923076923 0.17067307692307693
0 0.9747596153846154 0.14903846153846154 0.05048076923076923 0.17067307692307693
0 0.8870192307692307 0.14783653846153846 0.1141826923076923 0.17067307692307693
0 0.6538461538461539 0.14783653846153846 0.1141826923076923 0.17067307692307693
0 0.5372596153846154 0.14783653846153846 0.1141826923076923 0.17067307692307693
0 0.7716346153846154 0.14783653846153846 0.1141826923076923 0.17067307692307693
0 0.5949519230769231 0.042067307692307696 0.11778846153846154 0.08413461538461539
0 0.9435096153846154 0.042067307692307696 0.11298076923076923 0.08413461538461539
0 0.5024038461538461 0.042067307692307696 0.0673076923076923 0.08413461538461539
0 0.8293269230769231 0.042067307692307696 0.11538461538461539 0.08413461538461539
0 0.7103365384615384 0.040865384615384616 0.11298076923076923 0.08173076923076923
0 0.8233173076923077 0.546875 0.1141826923076923 0.0829326923076923
0 0.9399038461538461 0.546875 0.1141826923076923 0.0829326923076923
0 0.5 0.5456730769230769 0.05889423076923077 0.08533653846153846
0 0.5913461538461539 0.5444711538461539 0.1141826923076923 0.08774038461538461
0 0.7079326923076923 0.5456730769230769 0.11177884615384616 0.08533653846153846
0 0.052884615384615384 0.8918269230769231 0.10576923076923077 0.21153846153846154
0 0.39903846153846156 0.8774038461538461 0.14302884615384615 0.24519230769230768
0 0.22115384615384615 0.8677884615384616 0.1971153846153846 0.26322115384615385
0 0.055288461538461536 0.6742788461538461 0.11057692307692307 0.17548076923076922
0 0.4110576923076923 0.6634615384615384 0.1201923076923077 0.15144230769230768
0 0.2403846153846154 0.6490384615384616 0.20432692307692307 0.11658653846153846
0 0.5348557692307693 0.9855769230769231 0.04807692307692308 0.028846153846153848
0 0.578125 0.9771634615384616 0.05048076923076923 0.04567307692307692
0 0.6646634615384616 0.9747596153846154 0.05889423076923077 0.05048076923076923
0 0.7283653846153846 0.9651442307692307 0.06370192307692307 0.06971153846153846
0 0.7932692307692307 0.9579326923076923 0.0673076923076923 0.08413461538461539
0 0.859375 0.9435096153846154 0.09375 0.11298076923076923
0 0.9639423076923077 0.9387019230769231 0.07211538461538461 0.12259615384615384
0 0.47716346153846156 0.9507211538461539 0.013221153846153846 0.0985576923076923
0 0.5072115384615384 0.9254807692307693 0.04807692307692308 0.12980769230769232
0 0.5552884615384616 0.9026442307692307 0.05048076923076923 0.13581730769230768
0 0.6105769230769231 0.8894230769230769 0.06129807692307692 0.15144230769230768
0 0.6766826923076923 0.8713942307692307 0.06610576923076923 0.15745192307692307
0 0.7644230769230769 0.8629807692307693 0.06971153846153846 0.15985576923076922
0 0.8293269230769231 0.8401442307692307 0.07692307692307693 0.16706730769230768
0 0.4855769230769231 0.8149038461538461 0.028846153846153848 0.12980769230769232
0 0.9170673076923077 0.8052884615384616 0.09615384615384616 0.19471153846153846
0 0.5420673076923077 0.7920673076923077 0.04567307692307692 0.12740384615384615
0 0.5901442307692307 0.7644230769230769 0.05889423076923077 0.1466346153846154
0 0.6526442307692307 0.7475961538461539 0.05889423076923077 0.1466346153846154
0 0.7103365384615384 0.7247596153846154 0.06971153846153846 0.15985576923076922
0 0.7788461538461539 0.6887019230769231 0.07692307692307693 0.17067307692307693
0 0.49158653846153844 0.6790865384615384 0.042067307692307696 0.12980769230769232
0 0.8605769230769231 0.6694711538461539 0.08774038461538461 0.1622596153846154
0 0.5420673076923077 0.6514423076923077 0.052884615384615384 0.12740384615384615
0 0.9639423076923077 0.6526442307692307 0.07211538461538461 0.12980769230769232
0 0.6165865384615384 0.6418269230769231 0.05889423076923077 0.109375
0 0.6670673076923077 0.625 0.06971153846153846 0.07451923076923077
0 0.7391826923076923 0.6117788461538461 0.07932692307692307 0.04807692307692308