0 0.15745192307692307 0.265625 0.07451923076923077 0.2091346153846154
0 0.7055288461538461 0.38100961538461536 0.109375 0.203125
0 0.5396634615384616 0.3894230769230769 0.1045673076923077 0.21875
0 0.24879807692307693 0.45072115384615385 0.08533653846153846 0.21394230769230768
0 0.12139423076923077 0.45913461538461536 0.07211538461538461 0.19831730769230768
0 0.34975961538461536 0.6454326923076923 0.09375 0.21634615384615385
0 0.5336538461538461 0.6514423076923077 0.11538461538461539 0.23317307692307693
0 0.7055288461538461 0.6538461538461539 0.09375 0.21875
0 0.19471153846153846 0.6574519230769231 0.078125 0.1875
0 0.7764423076923077 0.7223557692307693 0.1502403846153846 0.2704326923076923
0 0.42427884615384615 0.7944711538461539 0.09134615384615384 0.12620192307692307
0 0.2860576923076923 0.8293269230769231 0.08533653846153846 0.15745192307692307
0 0.6598557692307693 0.8822115384615384 0.1310096153846154 0.20072115384615385
0 0.8317307692307693 0.9110576923076923 0.125 0.1778846153846154
0 0.29927884615384615 0.23317307692307693 0.08533653846153846 0.20552884615384615