0 0.24639423076923078 0.34615384615384615 0.15384615384615385 0.18990384615384615
0 0.09014423076923077 0.34615384615384615 0.15384615384615385 0.18990384615384615
0 0.38221153846153844 0.3449519230769231 0.12860576923076922 0.19230769230769232
0 0.41947115384615385 0.16706730769230768 0.054086538461538464 0.23076923076923078
0 0.16706730769230768 0.1658653846153846 0.15625 0.23798076923076922
0 0.042067307692307696 0.16105769230769232 0.08413461538461539 0.24158653846153846
0 0.9230769230769231 0.2283653846153846 0.054086538461538464 0.05889423076923077
0 0.25841346153846156 0.9146634615384616 0.11057692307692307 0.16466346153846154
0 0.052884615384615384 0.9038461538461539 0.1045673076923077 0.17668269230769232
0 0.1466346153846154 0.8954326923076923 0.09254807692307693 0.12860576923076922
0 0.3389423076923077 0.8870192307692307 0.08173076923076923 0.12259615384615384
0 0.35697115384615385 0.7572115384615384 0.1045673076923077 0.16466346153846154
0 0.14903846153846154 0.7548076923076923 0.1201923076923077 0.171875
0 0.24519230769230768 0.7512019230769231 0.08173076923076923 0.13581730769230768
0 0.046875 0.7367788461538461 0.09375 0.1466346153846154
0 0.34375 0.6033653846153846 0.07932692307692307 0.13581730769230768
0 0.25841346153846156 0.6009615384615384 0.11057692307692307 0.16947115384615385
0 0.14783653846153846 0.5961538461538461 0.09254807692307693 0.14302884615384615
0 0.052884615384615384 0.5877403846153846 0.1045673076923077 0.17427884615384615
0 0.359375 0.4879807692307692 0.11298076923076923 0.09495192307692307
0 0.24759615384615385 0.4807692307692308 0.09014423076923077 0.07932692307692307
0 0.15144230769230768 0.48197115384615385 0.11298076923076923 0.08173076923076923
0 0.04567307692307692 0.47115384615384615 0.09134615384615384 0.0625
0 0.1502403846153846 0.9915865384615384 0.11298076923076923 0.016826923076923076
0 0.35697115384615385 0.9891826923076923 0.10817307692307693 0.020432692307692308
0 0.046875 0.9855769230769231 0.09375 0.02403846153846154
0 0.23798076923076922 0.9855769230769231 0.08774038461538461 0.027644230769230768
0 0.4735576923076923 0.9915865384615384 0.057692307692307696 0.016826923076923076
0 0.9158653846153846 0.9903846153846154 0.04807692307692308 0.019230769230769232
0 0.6225961538461539 0.9927884615384616 0.04326923076923077 0.014423076923076924
0 0.8245192307692307 0.9879807692307693 0.04927884615384615 0.02283653846153846
0 0.71875 0.9903846153846154 0.04326923076923077 0.019230769230769232
0 0.5252403846153846 0.9915865384615384 0.04567307692307692 0.016826923076923076
0 0.6334134615384616 0.9567307692307693 0.056490384615384616 0.08413461538461539
0 0.7331730769230769 0.9543269230769231 0.056490384615384616 0.08413461538461539
0 0.5276442307692307 0.9543269230769231 0.05889423076923077 0.08413461538461539
0 0.8713942307692307 0.9483173076923077 0.04927884615384615 0.07932692307692307
0 0.9627403846153846 0.9483173076923077 0.04927884615384615 0.07692307692307693
0 0.6742788461538461 0.9423076923076923 0.04326923076923077 0.06370192307692307
0 0.5757211538461539 0.9399038461538461 0.04326923076923077 0.054086538461538464
0 0.7680288461538461 0.9387019230769231 0.038461538461538464 0.06370192307692307
0 0.4795673076923077 0.9375 0.04326923076923077 0.054086538461538464
0 0.8076923076923077 0.9338942307692307 0.038461538461538464 0.051682692307692304
0 0.7848557692307693 0.8822115384615384 0.054086538461538464 0.08173076923076923
0 0.6838942307692307 0.8810096153846154 0.054086538461538464 0.08173076923076923
0 0.5817307692307693 0.8798076923076923 0.05889423076923077 0.08774038461538461
0 0.9182692307692307 0.8798076923076923 0.04927884615384615 0.07932692307692307
0 0.8293269230769231 0.8774038461538461 0.04567307692307692 0.07692307692307693
0 0.9891826923076923 0.8762019230769231 0.020432692307692308 0.07451923076923077
0 0.47716346153846156 0.8737980769230769 0.05889423076923077 0.08413461538461539
0 0.6262019230769231 0.8689903846153846 0.040865384615384616 0.06129807692307692
0 0.7235576923076923 0.8689903846153846 0.038461538461538464 0.06129807692307692
0 0.8533653846153846 0.8653846153846154 0.03365384615384615 0.06370192307692307
0 0.5300480769230769 0.8653846153846154 0.04326923076923077 0.05889423076923077
0 0.7331730769230769 0.8052884615384616 0.054086538461538464 0.07932692307692307
0 0.6346153846153846 0.8016826923076923 0.054086538461538464 0.08173076923076923
0 0.53125 0.796875 0.05889423076923077 0.08774038461538461
0 0.7716346153846154 0.796875 0.036057692307692304 0.06610576923076923
0 0.9266826923076923 0.7956730769230769 0.04927884615384615 0.07932692307692307
0 0.9939903846153846 0.7932692307692307 0.01201923076923077 0.07692307692307693
0 0.453125 0.7932692307692307 0.013221153846153846 0.08413461538461539
0 0.6754807692307693 0.7932692307692307 0.040865384615384616 0.06610576923076923
0 0.5793269230769231 0.7908653846153846 0.040865384615384616 0.06971153846153846
0 0.8569711538461539 0.7896634615384616 0.040865384615384616 0.06129807692307692
0 0.4831730769230769 0.7872596153846154 0.040865384615384616 0.06610576923076923
0 0.8882211538461539 0.7295673076923077 0.051682692307692304 0.07932692307692307
0 0.9819711538461539 0.7271634615384616 0.036057692307692304 0.07932692307692307
0 0.7415865384615384 0.7115384615384616 0.054086538461538464 0.07932692307692307
0 0.7764423076923077 0.7103365384615384 0.03125 0.06610576923076923
0 0.6802884615384616 0.7091346153846154 0.038461538461538464 0.06370192307692307
0 0.6370192307692307 0.7091346153846154 0.05889423076923077 0.08413461538461539
0 0.5829326923076923 0.7067307692307693 0.040865384615384616 0.06370192307692307
0 0.5372596153846154 0.7055288461538461 0.05889423076923077 0.08774038461538461
0 0.4879807692307692 0.703125 0.04326923076923077 0.06370192307692307
0 0.4567307692307692 0.6995192307692307 0.020432692307692308 0.08774038461538461
0 0.9302884615384616 0.6574519230769231 0.04927884615384615 0.07932692307692307
0 0.8581730769230769 0.6550480769230769 0.040865384615384616 0.06129807692307692
0 0.7944711538461539 0.6382211538461539 0.054086538461538464 0.08413461538461539
0 0.6346153846153846 0.6370192307692307 0.040865384615384616 0.05889423076923077
0 0.6935096153846154 0.6370192307692307 0.056490384615384616 0.07932692307692307
0 0.7295673076923077 0.6358173076923077 0.038461538461538464 0.06129807692307692
0 0.5889423076923077 0.6334134615384616 0.056490384615384616 0.09014423076923077
0 0.5372596153846154 0.6310096153846154 0.040865384615384616 0.06370192307692307
0 0.453125 0.6274038461538461 0.013221153846153846 0.05889423076923077
0 0.4879807692307692 0.6274038461538461 0.06129807692307692 0.08774038461538461
0 0.9723557692307693 0.5841346153846154 0.04567307692307692 0.07932692307692307
0 0.8822115384615384 0.5841346153846154 0.04927884615384615 0.07932692307692307
0 0.6394230769230769 0.5625 0.056490384615384616 0.08173076923076923
0 0.5853365384615384 0.5612980769230769 0.040865384615384616 0.06129807692307692
0 0.6899038461538461 0.5588942307692307 0.04567307692307692 0.06610576923076923
0 0.7512019230769231 0.5588942307692307 0.056490384615384616 0.08173076923076923
0 0.4879807692307692 0.5564903846153846 0.04326923076923077 0.05889423076923077
0 0.5384615384615384 0.5540865384615384 0.05889423076923077 0.08774038461538461
0 0.45552884615384615 0.5492788461538461 0.018028846153846152 0.08173076923076923
0 0.8581730769230769 0.5216346153846154 0.040865384615384616 0.06129807692307692
0 0.9915865384615384 0.5144230769230769 0.016826923076923076 0.07692307692307693
0 0.9254807692307693 0.5144230769230769 0.04567307692307692 0.07692307692307693
0 0.7319711538461539 0.4963942307692308 0.038461538461538464 0.06370192307692307
0 0.796875 0.48677884615384615 0.054086538461538464 0.08173076923076923
0 0.640625 0.48677884615384615 0.04567307692307692 0.06971153846153846
0 0.5360576923076923 0.4855769230769231 0.04326923076923077 0.05889423076923077
0 0.4543269230769231 0.4831730769230769 0.015625 0.05889423076923077
0 0.5877403846153846 0.48197115384615385 0.056490384615384616 0.08173076923076923
0 0.484375 0.4795673076923077 0.056490384615384616 0.07692307692307693
0 0.6995192307692307 0.47836538461538464 0.056490384615384616 0.07451923076923077
0 0.8918269230769231 0.46033653846153844 0.03125 0.038461538461538464
0 0.9627403846153846 0.4567307692307692 0.04927884615384615 0.03125
0 0.8701923076923077 0.45552884615384615 0.04927884615384615 0.027644230769230768
0 0.7776442307692307 0.4495192307692308 0.038461538461538464 0.018028846153846152