0 0.07932692307692307 0.5444711538461539 0.15865384615384615 0.10096153846153846
0 0.25240384615384615 0.5528846153846154 0.1875 0.08413461538461539
0 0.46033653846153844 0.5360576923076923 0.23798076923076922 0.11899038461538461
0 0.546875 0.41225961538461536 0.09254807692307693 0.30649038461538464
0 0.036057692307692304 0.40384615384615385 0.07091346153846154 0.2776442307692308
0 0.16346153846153846 0.4026442307692308 0.1935096153846154 0.28846153846153844
0 0.359375 0.39663461538461536 0.19831730769230768 0.2932692307692308
0 0.07692307692307693 0.1502403846153846 0.15384615384615385 0.2860576923076923
0 0.4807692307692308 0.16346153846153846 0.22115384615384615 0.3269230769230769
0 0.25600961538461536 0.1502403846153846 0.22355769230769232 0.3004807692307692
0 0.9795673076923077 0.5612980769230769 0.039663461538461536 0.06850961538461539
0 0.8822115384615384 0.5540865384615384 0.1502403846153846 0.08173076923076923
0 0.7367788461538461 0.5564903846153846 0.140625 0.07692307692307693
0 0.6286057692307693 0.5480769230769231 0.07091346153846154 0.09495192307692307
0 0.9411057692307693 0.4326923076923077 0.11778846153846154 0.22115384615384615
0 0.8137019230769231 0.43028846153846156 0.13701923076923078 0.20673076923076922
0 0.6706730769230769 0.41947115384615385 0.15384615384615385 0.21995192307692307
0 0.8786057692307693 0.24879807692307693 0.15625 0.21995192307692307
0 0.9795673076923077 0.24278846153846154 0.039663461538461536 0.20673076923076922
0 0.7319711538461539 0.24158653846153846 0.13701923076923078 0.20072115384615385
0 0.6274038461538461 0.23557692307692307 0.06850961538461539 0.21634615384615385
0 0.7992788461538461 0.08173076923076923 0.13701923076923078 0.16346153846153846
0 0.6598557692307693 0.0829326923076923 0.13701923076923078 0.1658653846153846
0 0.9495192307692307 0.06610576923076923 0.10096153846153846 0.13221153846153846
0 0.007211538461538462 0.8798076923076923 0.013221153846153846 0.2403846153846154
0 0.052884615384615384 0.8858173076923077 0.10576923076923077 0.21153846153846154
0 0.078125 0.6742788461538461 0.15625 0.15865384615384615
0 0.9206730769230769 0.8100961538461539 0.15865384615384615 0.34375
0 0.7427884615384616 0.8004807692307693 0.203125 0.34615384615384615
0 0.6742788461538461 0.6346153846153846 0.16346153846153846 0.07932692307692307
0 0.8521634615384616 0.6358173076923077 0.18028846153846154 0.08173076923076923
0 0.859375 0.9519230769230769 0.20072115384615385 0.09495192307692307
0 0.6105769230769231 0.8293269230769231 0.037259615384615384 0.34134615384615385
0 0.9783653846153846 0.9399038461538461 0.042067307692307696 0.11899038461538461
0 0.6766826923076923 0.9483173076923077 0.16947115384615385 0.10336538461538461