0 0.34375 0.4795673076923077 0.051682692307692304 0.078125
0 0.39903846153846156 0.4795673076923077 0.057692307692307696 0.078125
0 0.9771634615384616 0.47716346153846156 0.04567307692307692 0.07451923076923077
0 0.9314903846153846 0.47596153846153844 0.055288461538461536 0.0733173076923077
0 0.8786057692307693 0.47596153846153844 0.055288461538461536 0.0733173076923077
0 0.8269230769230769 0.47475961538461536 0.055288461538461536 0.07572115384615384
0 0.7740384615384616 0.47475961538461536 0.055288461538461536 0.0733173076923077
0 0.453125 0.47475961538461536 0.057692307692307696 0.078125
0 0.7211538461538461 0.4735576923076923 0.055288461538461536 0.07572115384615384
0 0.5072115384615384 0.4735576923076923 0.055288461538461536 0.07572115384615384
0 0.6682692307692307 0.4723557692307692 0.055288461538461536 0.07572115384615384
0 0.5612980769230769 0.4723557692307692 0.055288461538461536 0.07572115384615384
0 0.6141826923076923 0.4723557692307692 0.055288461538461536 0.07572115384615384
0 0.33052884615384615 0.41586538461538464 0.026442307692307692 0.07572115384615384
0 0.9879807692307693 0.4170673076923077 0.02403846153846154 0.0673076923076923
0 0.9519230769230769 0.4170673076923077 0.055288461538461536 0.0733173076923077
0 0.37259615384615385 0.41586538461538464 0.057692307692307696 0.078125
0 0.9014423076923077 0.41586538461538464 0.051682692307692304 0.0733173076923077
0 0.8497596153846154 0.41346153846153844 0.055288461538461536 0.0733173076923077
0 0.7980769230769231 0.41225961538461536 0.051682692307692304 0.0733173076923077
0 0.7451923076923077 0.41225961538461536 0.055288461538461536 0.0733173076923077
0 0.4266826923076923 0.4110576923076923 0.057692307692307696 0.07572115384615384
0 0.6923076923076923 0.4110576923076923 0.055288461538461536 0.0733173076923077
0 0.640625 0.4110576923076923 0.055288461538461536 0.07572115384615384
0 0.48197115384615385 0.4098557692307692 0.057692307692307696 0.07572115384615384
0 0.5889423076923077 0.4098557692307692 0.055288461538461536 0.07572115384615384
0 0.5348557692307693 0.4098557692307692 0.055288461538461536 0.07572115384615384
0 0.9723557692307693 0.35697115384615385 0.04927884615384615 0.06971153846153846
0 0.9230769230769231 0.3557692307692308 0.051682692307692304 0.0733173076923077
0 0.8725961538461539 0.3545673076923077 0.051682692307692304 0.0733173076923077
0 0.8221153846153846 0.35336538461538464 0.055288461538461536 0.0733173076923077
0 0.3473557692307692 0.35336538461538464 0.057692307692307696 0.07572115384615384
0 0.7692307692307693 0.35336538461538464 0.055288461538461536 0.0733173076923077
0 0.7175480769230769 0.35096153846153844 0.055288461538461536 0.0733173076923077
0 0.6658653846153846 0.34975961538461536 0.055288461538461536 0.0733173076923077
0 0.6129807692307693 0.34975961538461536 0.051682692307692304 0.0733173076923077
0 0.5612980769230769 0.3485576923076923 0.055288461538461536 0.0733173076923077
0 0.4026442307692308 0.3485576923076923 0.055288461538461536 0.07572115384615384
0 0.5096153846153846 0.3485576923076923 0.055288461538461536 0.0733173076923077
0 0.45552884615384615 0.3485576923076923 0.055288461538461536 0.0733173076923077
0 0.984375 0.296875 0.03125 0.0673076923076923
0 0.9447115384615384 0.2980769230769231 0.051682692307692304 0.0673076923076923
0 0.8942307692307693 0.2956730769230769 0.051682692307692304 0.06971153846153846
0 0.8449519230769231 0.29447115384615385 0.051682692307692304 0.06971153846153846
0 0.7944711538461539 0.2932692307692308 0.055288461538461536 0.06971153846153846
0 0.7403846153846154 0.2932692307692308 0.055288461538461536 0.06971153846153846
0 0.6899038461538461 0.2920673076923077 0.051682692307692304 0.06971153846153846
0 0.6382211538461539 0.2920673076923077 0.051682692307692304 0.06971153846153846
0 0.3329326923076923 0.28846153846153844 0.03125 0.0733173076923077
0 0.5877403846153846 0.29086538461538464 0.051682692307692304 0.06971153846153846
0 0.5348557692307693 0.28846153846153844 0.055288461538461536 0.06971153846153846
0 0.4831730769230769 0.28846153846153844 0.055288461538461536 0.06971153846153846
0 0.43028846153846156 0.28725961538461536 0.055288461538461536 0.0733173076923077
0 0.3762019230769231 0.28725961538461536 0.057692307692307696 0.0733173076923077
0 0.9651442307692307 0.2403846153846154 0.04927884615384615 0.0673076923076923
0 0.9170673076923077 0.23918269230769232 0.051682692307692304 0.06971153846153846
0 0.8677884615384616 0.23798076923076922 0.051682692307692304 0.06971153846153846
0 0.8161057692307693 0.23557692307692307 0.051682692307692304 0.06971153846153846
0 0.7644230769230769 0.23557692307692307 0.051682692307692304 0.06971153846153846
0 0.7139423076923077 0.234375 0.051682692307692304 0.06971153846153846
0 0.6622596153846154 0.23317307692307693 0.051682692307692304 0.06971153846153846
0 0.6117788461538461 0.23317307692307693 0.051682692307692304 0.0673076923076923
0 0.5612980769230769 0.23076923076923078 0.051682692307692304 0.06971153846153846
0 0.5108173076923077 0.23076923076923078 0.055288461538461536 0.0733173076923077
0 0.4579326923076923 0.22956730769230768 0.055288461538461536 0.0733173076923077
0 0.4050480769230769 0.2283653846153846 0.055288461538461536 0.0733173076923077
0 0.35096153846153844 0.2283653846153846 0.057692307692307696 0.0733173076923077
0 0.9807692307692307 0.18389423076923078 0.038461538461538464 0.06971153846153846
0 0.9375 0.18389423076923078 0.051682692307692304 0.06971153846153846
0 0.8882211538461539 0.18269230769230768 0.04927884615384615 0.0673076923076923
0 0.8389423076923077 0.1814903846153846 0.051682692307692304 0.0673076923076923
0 0.7872596153846154 0.18028846153846154 0.051682692307692304 0.06971153846153846
0 0.7379807692307693 0.17668269230769232 0.051682692307692304 0.06971153846153846
0 0.6875 0.17668269230769232 0.051682692307692304 0.06971153846153846
0 0.6370192307692307 0.17548076923076922 0.051682692307692304 0.06971153846153846
0 0.5877403846153846 0.17548076923076922 0.051682692307692304 0.06971153846153846
0 0.5360576923076923 0.17307692307692307 0.051682692307692304 0.06971153846153846
0 0.4855769230769231 0.171875 0.055288461538461536 0.06971153846153846
0 0.4338942307692308 0.17067307692307693 0.055288461538461536 0.06971153846153846
0 0.3798076923076923 0.16947115384615385 0.055288461538461536 0.06971153846153846
0 0.33653846153846156 0.16706730769230768 0.036057692307692304 0.0733173076923077
0 0.9567307692307693 0.12860576923076922 0.046875 0.0673076923076923
0 0.9086538461538461 0.12740384615384615 0.04927884615384615 0.0673076923076923
0 0.8605769230769231 0.125 0.04927884615384615 0.0673076923076923
0 0.8112980769230769 0.12379807692307693 0.051682692307692304 0.0673076923076923
0 0.7620192307692307 0.12259615384615384 0.051682692307692304 0.0673076923076923
0 0.7115384615384616 0.12139423076923077 0.051682692307692304 0.0673076923076923
0 0.6610576923076923 0.12139423076923077 0.051682692307692304 0.0673076923076923
0 0.6117788461538461 0.1201923076923077 0.051682692307692304 0.06971153846153846
0 0.5625 0.11899038461538461 0.051682692307692304 0.0673076923076923
0 0.5120192307692307 0.11538461538461539 0.051682692307692304 0.0673076923076923
0 0.45913461538461536 0.1141826923076923 0.051682692307692304 0.06971153846153846
0 0.40865384615384615 0.11057692307692307 0.055288461538461536 0.06971153846153846
0 0.3557692307692308 0.11057692307692307 0.055288461538461536 0.06971153846153846
0 0.3245192307692308 0.10817307692307693 0.013221153846153846 0.06971153846153846
0 0.9759615384615384 0.07692307692307693 0.046875 0.06490384615384616
0 0.9302884615384616 0.07451923076923077 0.04927884615384615 0.0673076923076923
0 0.8822115384615384 0.07211538461538461 0.04927884615384615 0.0673076923076923
0 0.8329326923076923 0.06850961538461539 0.051682692307692304 0.0673076923076923
0 0.7836538461538461 0.0673076923076923 0.04927884615384615 0.0673076923076923
0 0.734375 0.06610576923076923 0.051682692307692304 0.0673076923076923
0 0.6850961538461539 0.06610576923076923 0.051682692307692304 0.0673076923076923
0 0.6370192307692307 0.06370192307692307 0.051682692307692304 0.0673076923076923
0 0.5877403846153846 0.0625 0.051682692307692304 0.0673076923076923
0 0.5360576923076923 0.06129807692307692 0.051682692307692304 0.06490384615384616
0 0.48677884615384615 0.06009615384615385 0.051682692307692304 0.0673076923076923
0 0.43509615384615385 0.057692307692307696 0.051682692307692304 0.0673076923076923
0 0.38461538461538464 0.056490384615384616 0.055288461538461536 0.0673076923076923
0 0.33774038461538464 0.055288461538461536 0.038461538461538464 0.0673076923076923
0 0.9507211538461539 0.027644230769230768 0.046875 0.055288461538461536
0 0.9038461538461539 0.026442307692307692 0.046875 0.051682692307692304
0 0.8557692307692307 0.02403846153846154 0.04927884615384615 0.046875
0 0.8076923076923077 0.02403846153846154 0.051682692307692304 0.046875
0 0.7560096153846154 0.02403846153846154 0.04927884615384615 0.046875
0 0.7079326923076923 0.021634615384615384 0.05048076923076923 0.04326923076923077
0 0.6586538461538461 0.021634615384615384 0.04807692307692308 0.04326923076923077
0 0.6117788461538461 0.019230769230769232 0.051682692307692304 0.038461538461538464
0 0.5588942307692307 0.020432692307692308 0.05048076923076923 0.040865384615384616
0 0.5108173076923077 0.019230769230769232 0.051682692307692304 0.038461538461538464
0 0.46153846153846156 0.018028846153846152 0.051682692307692304 0.036057692307692304
0 0.40865384615384615 0.016826923076923076 0.051682692307692304 0.03365384615384615
0 0.359375 0.016826923076923076 0.051682692307692304 0.03365384615384615
0 0.32572115384615385 0.015625 0.015625 0.03125
0 0.34134615384615385 0.5985576923076923 0.046875 0.051682692307692304
0 0.39302884615384615 0.5985576923076923 0.057692307692307696 0.051682692307692304
0 0.45072115384615385 0.5973557692307693 0.057692307692307696 0.055288461538461536
0 0.5048076923076923 0.5949519230769231 0.057692307692307696 0.06009615384615385
0 0.5600961538461539 0.59375 0.057692307692307696 0.0625
0 0.9807692307692307 0.5949519230769231 0.038461538461538464 0.06009615384615385
0 0.8317307692307693 0.5949519230769231 0.055288461538461536 0.06009615384615385
0 0.7800480769230769 0.5949519230769231 0.055288461538461536 0.06009615384615385
0 0.6153846153846154 0.5949519230769231 0.055288461538461536 0.06009615384615385
0 0.9362980769230769 0.5949519230769231 0.055288461538461536 0.06009615384615385
0 0.8846153846153846 0.5949519230769231 0.055288461538461536 0.06009615384615385
0 0.7235576923076923 0.59375 0.057692307692307696 0.0625
0 0.6706730769230769 0.59375 0.055288461538461536 0.0625
0 0.328125 0.5456730769230769 0.020432692307692308 0.08052884615384616
0 0.36778846153846156 0.546875 0.057692307692307696 0.078125
0 0.42427884615384615 0.5456730769230769 0.057692307692307696 0.08052884615384616
0 0.9591346153846154 0.5408653846153846 0.051682692307692304 0.07572115384615384
0 0.4795673076923077 0.5408653846153846 0.057692307692307696 0.07572115384615384
0 0.9915865384615384 0.5372596153846154 0.016826923076923076 0.06971153846153846
0 0.9086538461538461 0.5384615384615384 0.055288461538461536 0.07572115384615384
0 0.8569711538461539 0.5384615384615384 0.057692307692307696 0.07572115384615384
0 0.8028846153846154 0.5372596153846154 0.055288461538461536 0.07572115384615384
0 0.5336538461538461 0.5372596153846154 0.057692307692307696 0.07572115384615384
0 0.75 0.5372596153846154 0.055288461538461536 0.07572115384615384
0 0.6947115384615384 0.5372596153846154 0.055288461538461536 0.07572115384615384
0 0.5889423076923077 0.5372596153846154 0.055288461538461536 0.07572115384615384
0 0.6418269230769231 0.5372596153846154 0.055288461538461536 0.07572115384615384
0 0.26322115384615385 0.6778846153846154 0.109375 0.10697115384615384