0 0.026442307692307692 0.14543269230769232 0.052884615384615384 0.13341346153846154
0 0.16466346153846154 0.1502403846153846 0.08413461538461539 0.14423076923076922
0 0.5384615384615384 0.20793269230769232 0.042067307692307696 0.08173076923076923
0 0.5829326923076923 0.21033653846153846 0.036057692307692304 0.08173076923076923
0 0.6177884615384616 0.21394230769230768 0.03365384615384615 0.07572115384615384
0 0.640625 0.21634615384615385 0.008413461538461538 0.07572115384615384
0 0.20552884615384615 0.2800480769230769 0.06850961538461539 0.109375
0 0.09014423076923077 0.2800480769230769 0.078125 0.13341346153846154
0 0.5588942307692307 0.2824519230769231 0.039663461538461536 0.08173076923076923
0 0.6322115384615384 0.28125 0.02403846153846154 0.07572115384615384
0 0.5973557692307693 0.28365384615384615 0.036057692307692304 0.0733173076923077
0 0.5180288461538461 0.2860576923076923 0.042067307692307696 0.08413461538461539
0 0.03125 0.3942307692307692 0.0625 0.13341346153846154
0 0.1658653846153846 0.41225961538461536 0.08413461538461539 0.13822115384615385
0 0.20432692307692307 0.5012019230769231 0.06850961538461539 0.08173076923076923
0 0.09375 0.5024038461538461 0.0733173076923077 0.078125
0 0.953125 0.35336538461538464 0.09375 0.37740384615384615
0 0.7980769230769231 0.1658653846153846 0.23557692307692307 0.3317307692307692
0 0.8004807692307693 0.4254807692307692 0.23076923076923078 0.23317307692307693
0 0.9567307692307693 0.109375 0.08653846153846154 0.21875
0 0.21033653846153846 0.9855769230769231 0.055288461538461536 0.028846153846153848
0 0.7427884615384616 0.9795673076923077 0.17307692307692307 0.040865384615384616