0 0.042067307692307696 0.6225961538461539 0.07091346153846154 0.07572115384615384
0 0.1141826923076923 0.6165865384615384 0.0733173076923077 0.08774038461538461
0 0.18990384615384615 0.6141826923076923 0.0733173076923077 0.09254807692307693
0 0.021634615384615384 0.5336538461538461 0.04326923076923077 0.14543269230769232
0 0.08173076923076923 0.5228365384615384 0.06850961538461539 0.14543269230769232
0 0.15144230769230768 0.5192307692307693 0.07091346153846154 0.14543269230769232
0 0.22596153846153846 0.5132211538461539 0.0733173076923077 0.14543269230769232
0 0.042067307692307696 0.40384615384615385 0.07091346153846154 0.14302884615384615
0 0.11778846153846154 0.3954326923076923 0.0733173076923077 0.14543269230769232
0 0.19110576923076922 0.390625 0.07091346153846154 0.14302884615384615
0 0.26322115384615385 0.38461538461538464 0.07091346153846154 0.14302884615384615
0 0.020432692307692308 0.28365384615384615 0.040865384615384616 0.140625
0 0.0829326923076923 0.2764423076923077 0.0733173076923077 0.14302884615384615
0 0.15264423076923078 0.2692307692307692 0.07091346153846154 0.14302884615384615
0 0.21875 0.25961538461538464 0.0733173076923077 0.14783653846153846
0 0.2920673076923077 0.25600961538461536 0.07091346153846154 0.14783653846153846
0 0.03485576923076923 0.15144230769230768 0.06971153846153846 0.14423076923076922
0 0.1045673076923077 0.14182692307692307 0.0733173076923077 0.14543269230769232
0 0.17908653846153846 0.13701923076923078 0.0733173076923077 0.14783653846153846
0 0.24759615384615385 0.12620192307692307 0.0733173076923077 0.14783653846153846
0 0.328125 0.11778846153846154 0.07572115384615384 0.14783653846153846
0 0.018028846153846152 0.052884615384615384 0.036057692307692304 0.10576923076923077
0 0.06370192307692307 0.04447115384615385 0.06971153846153846 0.0889423076923077
0 0.14543269230769232 0.042067307692307696 0.06971153846153846 0.08413461538461539
0 0.21634615384615385 0.036057692307692304 0.07211538461538461 0.07211538461538461
0 0.2860576923076923 0.03245192307692308 0.07692307692307693 0.06490384615384616
0 0.9879807692307693 0.5661057692307693 0.02403846153846154 0.06370192307692307
0 0.9543269230769231 0.5673076923076923 0.04807692307692308 0.06610576923076923
0 0.9074519230769231 0.5673076923076923 0.04807692307692308 0.06610576923076923
0 0.8617788461538461 0.5673076923076923 0.04807692307692308 0.06610576923076923
0 0.8161057692307693 0.5661057692307693 0.04807692307692308 0.06610576923076923
0 0.7692307692307693 0.5649038461538461 0.04807692307692308 0.06610576923076923
0 0.7223557692307693 0.5649038461538461 0.04807692307692308 0.06370192307692307
0 0.6766826923076923 0.5649038461538461 0.04567307692307692 0.06370192307692307
0 0.9278846153846154 0.5132211538461539 0.04567307692307692 0.06370192307692307
0 0.9747596153846154 0.5132211538461539 0.04567307692307692 0.06610576923076923
0 0.8822115384615384 0.5132211538461539 0.04567307692307692 0.06370192307692307
0 0.8377403846153846 0.5132211538461539 0.04807692307692308 0.06370192307692307
0 0.7896634615384616 0.5120192307692307 0.04807692307692308 0.06370192307692307
0 0.7451923076923077 0.5120192307692307 0.04567307692307692 0.06370192307692307
0 0.6995192307692307 0.5108173076923077 0.04567307692307692 0.06009615384615385
0 0.6622596153846154 0.5096153846153846 0.02403846153846154 0.06370192307692307
0 0.9483173076923077 0.46153846153846156 0.04567307692307692 0.06370192307692307
0 0.984375 0.46033653846153844 0.03125 0.06009615384615385
0 0.9026442307692307 0.46153846153846156 0.04567307692307692 0.06370192307692307
0 0.8569711538461539 0.46153846153846156 0.04807692307692308 0.06009615384615385
0 0.8112980769230769 0.46033653846153844 0.04567307692307692 0.06009615384615385
0 0.765625 0.46033653846153844 0.04567307692307692 0.06009615384615385
0 0.7211538461538461 0.46033653846153844 0.04567307692307692 0.06009615384615385
0 0.6754807692307693 0.46033653846153844 0.04567307692307692 0.06009615384615385
0 0.9675480769230769 0.4098557692307692 0.04326923076923077 0.06009615384615385
0 0.7872596153846154 0.40865384615384615 0.04567307692307692 0.06009615384615385
0 0.8329326923076923 0.40865384615384615 0.04567307692307692 0.06009615384615385
0 0.921875 0.40865384615384615 0.04326923076923077 0.06009615384615385
0 0.8774038461538461 0.40865384615384615 0.04567307692307692 0.06009615384615385
0 0.6622596153846154 0.40865384615384615 0.02403846153846154 0.06009615384615385
0 0.6983173076923077 0.40865384615384615 0.04567307692307692 0.06009615384615385
0 0.7415865384615384 0.40865384615384615 0.04567307692307692 0.06009615384615385
0 0.6742788461538461 0.359375 0.04326923076923077 0.06009615384615385
0 0.8076923076923077 0.359375 0.04326923076923077 0.06009615384615385
0 0.9819711538461539 0.3581730769230769 0.036057692307692304 0.06009615384615385
0 0.8533653846153846 0.359375 0.04326923076923077 0.06009615384615385
0 0.8978365384615384 0.359375 0.04326923076923077 0.06370192307692307
0 0.9435096153846154 0.359375 0.04326923076923077 0.06009615384615385
0 0.7199519230769231 0.359375 0.04326923076923077 0.06009615384615385
0 0.7644230769230769 0.3581730769230769 0.04567307692307692 0.06009615384615385
0 0.6622596153846154 0.31009615384615385 0.02403846153846154 0.057692307692307696
0 0.6971153846153846 0.31009615384615385 0.04326923076923077 0.057692307692307696
0 0.7403846153846154 0.31009615384615385 0.04326923076923077 0.057692307692307696
0 0.7848557692307693 0.3088942307692308 0.04326923076923077 0.057692307692307696
0 0.8293269230769231 0.3088942307692308 0.04567307692307692 0.057692307692307696
0 0.9627403846153846 0.3088942307692308 0.04567307692307692 0.057692307692307696
0 0.8737980769230769 0.3088942307692308 0.04567307692307692 0.06009615384615385
0 0.9182692307692307 0.3088942307692308 0.04326923076923077 0.06009615384615385
0 0.6742788461538461 0.26322115384615385 0.04326923076923077 0.057692307692307696
0 0.7175480769230769 0.2620192307692308 0.04326923076923077 0.06009615384615385
0 0.7608173076923077 0.2620192307692308 0.04326923076923077 0.06009615384615385
0 0.8040865384615384 0.2608173076923077 0.04567307692307692 0.06009615384615385
0 0.8497596153846154 0.2608173076923077 0.04567307692307692 0.06009615384615385
0 0.9387019230769231 0.2608173076923077 0.04326923076923077 0.06009615384615385
0 0.9795673076923077 0.2608173076923077 0.040865384615384616 0.06009615384615385
0 0.8942307692307693 0.25961538461538464 0.04567307692307692 0.06009615384615385
0 0.6610576923076923 0.21634615384615385 0.021634615384615384 0.057692307692307696
0 0.6959134615384616 0.21514423076923078 0.04326923076923077 0.057692307692307696
0 0.7391826923076923 0.21514423076923078 0.04326923076923077 0.057692307692307696
0 0.78125 0.21394230769230768 0.04326923076923077 0.06009615384615385
0 0.8257211538461539 0.21394230769230768 0.04326923076923077 0.057692307692307696
0 0.9567307692307693 0.2127403846153846 0.04326923076923077 0.06009615384615385
0 0.8689903846153846 0.2127403846153846 0.04326923076923077 0.057692307692307696
0 0.9122596153846154 0.2127403846153846 0.04567307692307692 0.06009615384615385
0 0.6730769230769231 0.16826923076923078 0.04326923076923077 0.057692307692307696
0 0.7163461538461539 0.16706730769230768 0.04326923076923077 0.057692307692307696
0 0.7596153846153846 0.1658653846153846 0.04326923076923077 0.057692307692307696
0 0.8028846153846154 0.16466346153846154 0.04326923076923077 0.057692307692307696
0 0.8461538461538461 0.16466346153846154 0.04326923076923077 0.057692307692307696
0 0.8894230769230769 0.16466346153846154 0.04326923076923077 0.057692307692307696
0 0.9326923076923077 0.16346153846153846 0.04326923076923077 0.057692307692307696
0 0.9759615384615384 0.16105769230769232 0.04326923076923077 0.057692307692307696
0 0.6610576923076923 0.12139423076923077 0.021634615384615384 0.057692307692307696
0 0.6959134615384616 0.1201923076923077 0.04326923076923077 0.057692307692307696
0 0.7379807692307693 0.1201923076923077 0.04326923076923077 0.057692307692307696
0 0.7800480769230769 0.11899038461538461 0.04326923076923077 0.055288461538461536
0 0.8233173076923077 0.11899038461538461 0.04326923076923077 0.057692307692307696
0 0.9519230769230769 0.11899038461538461 0.04326923076923077 0.057692307692307696
0 0.8653846153846154 0.11778846153846154 0.04326923076923077 0.057692307692307696
0 0.9086538461538461 0.11778846153846154 0.04326923076923077 0.057692307692307696
0 0.6730769230769231 0.07572115384615384 0.04326923076923077 0.057692307692307696
0 0.7163461538461539 0.07451923076923077 0.04326923076923077 0.057692307692307696
0 0.7572115384615384 0.07451923076923077 0.04326923076923077 0.057692307692307696
0 0.9711538461538461 0.0733173076923077 0.040865384615384616 0.055288461538461536
0 0.8004807692307693 0.07211538461538461 0.04326923076923077 0.057692307692307696
0 0.84375 0.07211538461538461 0.04326923076923077 0.057692307692307696
0 0.9290865384615384 0.07211538461538461 0.04326923076923077 0.057692307692307696
0 0.8858173076923077 0.07211538461538461 0.04326923076923077 0.057692307692307696
0 0.6610576923076923 0.028846153846153848 0.021634615384615384 0.057692307692307696
0 0.6947115384615384 0.028846153846153848 0.04326923076923077 0.057692307692307696
0 0.7355769230769231 0.027644230769230768 0.04326923076923077 0.055288461538461536
0 0.7788461538461539 0.027644230769230768 0.04326923076923077 0.055288461538461536
0 0.8197115384615384 0.026442307692307692 0.04567307692307692 0.052884615384615384
0 0.9495192307692307 0.026442307692307692 0.04326923076923077 0.052884615384615384
0 0.8617788461538461 0.026442307692307692 0.04326923076923077 0.052884615384615384
0 0.9050480769230769 0.026442307692307692 0.04326923076923077 0.052884615384615384
0 0.6706730769230769 0.004807692307692308 0.040865384615384616 0.009615384615384616
0 0.7151442307692307 0.004807692307692308 0.040865384615384616 0.009615384615384616
0 0.7560096153846154 0.004807692307692308 0.040865384615384616 0.009615384615384616
0 0.9675480769230769 0.004807692307692308 0.040865384615384616 0.009615384615384616
0 0.8822115384615384 0.003605769230769231 0.040865384615384616 0.007211538461538462
0 0.9242788461538461 0.003605769230769231 0.04326923076923077 0.007211538461538462
0 0.796875 0.003605769230769231 0.040865384615384616 0.007211538461538462
0 0.8401442307692307 0.003605769230769231 0.04326923076923077 0.007211538461538462
0 0.9591346153846154 0.6514423076923077 0.04807692307692308 0.016826923076923076
0 0.9110576923076923 0.6514423076923077 0.04567307692307692 0.016826923076923076
0 0.8653846153846154 0.6502403846153846 0.04567307692307692 0.019230769230769232
0 0.8185096153846154 0.6502403846153846 0.04807692307692308 0.019230769230769232
0 0.7704326923076923 0.6502403846153846 0.04567307692307692 0.019230769230769232
0 0.7247596153846154 0.6502403846153846 0.04567307692307692 0.019230769230769232
0 0.6766826923076923 0.6502403846153846 0.04807692307692308 0.019230769230769232
0 0.9783653846153846 0.6201923076923077 0.04326923076923077 0.06610576923076923
0 0.9326923076923077 0.6213942307692307 0.04807692307692308 0.06610576923076923
0 0.8870192307692307 0.6201923076923077 0.04807692307692308 0.06610576923076923
0 0.8401442307692307 0.6201923076923077 0.04807692307692308 0.06610576923076923
0 0.7932692307692307 0.6201923076923077 0.04807692307692308 0.06610576923076923
0 0.7475961538461539 0.6189903846153846 0.04807692307692308 0.06610576923076923
0 0.7019230769230769 0.6177884615384616 0.04807692307692308 0.06610576923076923
0 0.6634615384615384 0.6165865384615384 0.026442307692307692 0.06370192307692307
0 0.4483173076923077 0.6838942307692307 0.15264423076923078 0.04807692307692308
0 0.8353365384615384 0.7223557692307693 0.23317307692307693 0.12379807692307693
0 0.7223557692307693 0.8425480769230769 0.14302884615384615 0.29086538461538464