0 0.5300480769230769 0.2860576923076923 0.04447115384615385 0.15504807692307693
0 0.453125 0.31009615384615385 0.06850961538461539 0.14903846153846154
0 0.5973557692307693 0.3076923076923077 0.0889423076923077 0.15504807692307693
0 0.7439903846153846 0.30528846153846156 0.20432692307692307 0.15985576923076922
0 0.9254807692307693 0.32572115384615385 0.14903846153846154 0.11778846153846154
0 0.6045673076923077 0.1141826923076923 0.1045673076923077 0.22716346153846154
0 0.7536057692307693 0.109375 0.18509615384615385 0.21875
0 0.9278846153846154 0.12620192307692307 0.14423076923076922 0.2512019230769231
0 0.5228365384615384 0.6237980769230769 0.046875 0.06850961538461539
0 0.4735576923076923 0.6237980769230769 0.052884615384615384 0.07091346153846154
0 0.42427884615384615 0.6237980769230769 0.052884615384615384 0.07091346153846154
0 0.3737980769230769 0.6237980769230769 0.052884615384615384 0.07091346153846154
0 0.3245192307692308 0.6262019230769231 0.052884615384615384 0.07091346153846154
0 0.27524038461538464 0.6274038461538461 0.052884615384615384 0.07091346153846154
0 0.22355769230769232 0.6274038461538461 0.052884615384615384 0.06850961538461539
0 0.17548076923076922 0.6274038461538461 0.04927884615384615 0.06850961538461539
0 0.078125 0.6286057692307693 0.04927884615384615 0.06850961538461539
0 0.12740384615384615 0.6286057692307693 0.04927884615384615 0.06850961538461539
0 0.030048076923076924 0.6286057692307693 0.04927884615384615 0.06850961538461539
0 0.44591346153846156 0.6814903846153846 0.04927884615384615 0.06850961538461539
0 0.4963942307692308 0.6814903846153846 0.04927884615384615 0.07091346153846154
0 0.39663461538461536 0.6814903846153846 0.04927884615384615 0.06850961538461539
0 0.3485576923076923 0.6814903846153846 0.052884615384615384 0.06850961538461539
0 0.296875 0.6826923076923077 0.052884615384615384 0.06850961538461539
0 0.24879807692307693 0.6826923076923077 0.04927884615384615 0.06850961538461539
0 0.19951923076923078 0.6850961538461539 0.04927884615384615 0.06850961538461539
0 0.1502403846153846 0.6850961538461539 0.04927884615384615 0.06850961538461539
0 0.015625 0.6826923076923077 0.03125 0.06850961538461539
0 0.055288461538461536 0.6850961538461539 0.04927884615384615 0.06850961538461539
0 0.10216346153846154 0.6850961538461539 0.04927884615384615 0.06850961538461539
0 0.4675480769230769 0.7379807692307693 0.04927884615384615 0.06850961538461539
0 0.515625 0.7379807692307693 0.046875 0.06850961538461539
0 0.4182692307692308 0.7379807692307693 0.04927884615384615 0.06850961538461539
0 0.36899038461538464 0.7379807692307693 0.052884615384615384 0.06850961538461539
0 0.32091346153846156 0.7391826923076923 0.04927884615384615 0.06850961538461539
0 0.2704326923076923 0.7391826923076923 0.04927884615384615 0.06850961538461539
0 0.22235576923076922 0.7391826923076923 0.04927884615384615 0.06490384615384616
0 0.03125 0.7391826923076923 0.04927884615384615 0.06490384615384616
0 0.17427884615384615 0.7391826923076923 0.04927884615384615 0.06850961538461539
0 0.12740384615384615 0.7391826923076923 0.04927884615384615 0.06850961538461539
0 0.078125 0.7403846153846154 0.04927884615384615 0.06490384615384616
0 0.056490384615384616 0.7932692307692307 0.04927884615384615 0.06490384615384616
0 0.4879807692307692 0.7932692307692307 0.046875 0.06490384615384616
0 0.015625 0.7920673076923077 0.03125 0.06490384615384616
0 0.29447115384615385 0.7944711538461539 0.04927884615384615 0.06850961538461539
0 0.3425480769230769 0.7944711538461539 0.04927884615384615 0.06490384615384616
0 0.43990384615384615 0.7944711538461539 0.04927884615384615 0.06850961538461539
0 0.3918269230769231 0.7944711538461539 0.04927884615384615 0.06850961538461539
0 0.10336538461538461 0.7944711538461539 0.046875 0.06490384615384616
0 0.14903846153846154 0.7944711538461539 0.04927884615384615 0.06490384615384616
0 0.1971153846153846 0.7944711538461539 0.04927884615384615 0.06490384615384616
0 0.24519230769230768 0.7944711538461539 0.04927884615384615 0.06850961538461539
0 0.004807692307692308 0.8473557692307693 0.009615384615384616 0.06490384615384616
0 0.03245192307692308 0.8473557692307693 0.046875 0.06490384615384616
0 0.07932692307692307 0.8473557692307693 0.046875 0.06490384615384616
0 0.12620192307692307 0.8485576923076923 0.046875 0.06490384615384616
0 0.17307692307692307 0.8485576923076923 0.04927884615384615 0.06490384615384616
0 0.3173076923076923 0.8485576923076923 0.04927884615384615 0.06490384615384616
0 0.5084134615384616 0.8485576923076923 0.046875 0.06490384615384616
0 0.36538461538461536 0.8485576923076923 0.04927884615384615 0.06490384615384616
0 0.41346153846153844 0.8485576923076923 0.04927884615384615 0.06850961538461539
0 0.46153846153846156 0.8485576923076923 0.04927884615384615 0.06490384615384616
0 0.22115384615384615 0.8485576923076923 0.046875 0.06490384615384616
0 0.2692307692307692 0.8497596153846154 0.04927884615384615 0.06490384615384616
0 0.056490384615384616 0.8990384615384616 0.046875 0.0625
0 0.016826923076923076 0.8990384615384616 0.03365384615384615 0.06490384615384616
0 0.10336538461538461 0.8990384615384616 0.046875 0.0625
0 0.14903846153846154 0.9002403846153846 0.046875 0.0625
0 0.19591346153846154 0.9002403846153846 0.04927884615384615 0.06490384615384616
0 0.2439903846153846 0.9002403846153846 0.04927884615384615 0.06490384615384616
0 0.2920673076923077 0.9014423076923077 0.04927884615384615 0.0625
0 0.3389423076923077 0.9014423076923077 0.04927884615384615 0.06490384615384616
0 0.4831730769230769 0.9014423076923077 0.046875 0.06490384615384616
0 0.3870192307692308 0.9014423076923077 0.04927884615384615 0.06490384615384616
0 0.4362980769230769 0.9014423076923077 0.04927884615384615 0.06490384615384616
0 0.03365384615384615 0.9507211538461539 0.046875 0.0625
0 0.004807692307692308 0.9495192307692307 0.009615384615384616 0.0625
0 0.07932692307692307 0.9507211538461539 0.046875 0.0625
0 0.12620192307692307 0.9519230769230769 0.046875 0.0625
0 0.17307692307692307 0.9519230769230769 0.046875 0.0625
0 0.21875 0.953125 0.046875 0.06490384615384616
0 0.265625 0.953125 0.04927884615384615 0.06490384615384616
0 0.3125 0.9543269230769231 0.04927884615384615 0.06490384615384616
0 0.36177884615384615 0.9543269230769231 0.04927884615384615 0.06490384615384616
0 0.4567307692307692 0.9543269230769231 0.046875 0.06490384615384616
0 0.5036057692307693 0.9543269230769231 0.046875 0.06490384615384616
0 0.4098557692307692 0.9555288461538461 0.04927884615384615 0.06490384615384616
0 0.016826923076923076 0.984375 0.03365384615384615 0.03125
0 0.10216346153846154 0.9855769230769231 0.046875 0.028846153846153848
0 0.14783653846153846 0.9855769230769231 0.04447115384615385 0.028846153846153848
0 0.056490384615384616 0.9855769230769231 0.04447115384615385 0.028846153846153848
0 0.1935096153846154 0.9855769230769231 0.046875 0.028846153846153848
0 0.2403846153846154 0.9855769230769231 0.046875 0.028846153846153848
0 0.28846153846153844 0.9855769230769231 0.046875 0.028846153846153848
0 0.33413461538461536 0.9867788461538461 0.04927884615384615 0.026442307692307692
0 0.47475961538461536 0.9867788461538461 0.04447115384615385 0.026442307692307692
0 0.38100961538461536 0.9867788461538461 0.04927884615384615 0.026442307692307692
0 0.42788461538461536 0.9867788461538461 0.04927884615384615 0.026442307692307692
0 0.12740384615384615 0.4026442307692308 0.04927884615384615 0.036057692307692304
0 0.07572115384615384 0.4050480769230769 0.052884615384615384 0.039663461538461536
0 0.026442307692307692 0.4050480769230769 0.052884615384615384 0.039663461538461536
0 0.4074519230769231 0.44350961538461536 0.052884615384615384 0.07572115384615384
0 0.5084134615384616 0.44350961538461536 0.052884615384615384 0.07091346153846154
0 0.4579326923076923 0.44471153846153844 0.052884615384615384 0.07091346153846154
0 0.3557692307692308 0.44471153846153844 0.052884615384615384 0.0733173076923077
0 0.30528846153846156 0.44591346153846156 0.052884615384615384 0.0733173076923077
0 0.2536057692307692 0.44591346153846156 0.052884615384615384 0.0733173076923077
0 0.203125 0.44711538461538464 0.052884615384615384 0.07091346153846154
0 0.15144230769230768 0.4495192307692308 0.052884615384615384 0.07091346153846154
0 0.10216346153846154 0.4495192307692308 0.052884615384615384 0.07091346153846154
0 0.052884615384615384 0.45072115384615385 0.052884615384615384 0.0733173076923077
0 0.014423076923076924 0.4519230769230769 0.028846153846153848 0.07091346153846154
0 0.5276442307692307 0.5036057692307693 0.04927884615384615 0.07091346153846154
0 0.4807692307692308 0.5060096153846154 0.052884615384615384 0.07091346153846154
0 0.42908653846153844 0.5060096153846154 0.04927884615384615 0.07091346153846154
0 0.3798076923076923 0.5060096153846154 0.052884615384615384 0.07091346153846154
0 0.328125 0.5060096153846154 0.052884615384615384 0.07091346153846154
0 0.2776442307692308 0.5084134615384616 0.052884615384615384 0.07091346153846154
0 0.22716346153846154 0.5096153846153846 0.052884615384615384 0.07091346153846154
0 0.17668269230769232 0.5096153846153846 0.052884615384615384 0.07091346153846154
0 0.12740384615384615 0.5108173076923077 0.04927884615384615 0.07091346153846154
0 0.07692307692307693 0.5120192307692307 0.04927884615384615 0.07091346153846154
0 0.028846153846153848 0.5120192307692307 0.04927884615384615 0.07091346153846154
0 0.5024038461538461 0.5649038461538461 0.04927884615384615 0.07091346153846154
0 0.4519230769230769 0.5649038461538461 0.052884615384615384 0.07091346153846154
0 0.4014423076923077 0.5673076923076923 0.052884615384615384 0.07091346153846154
0 0.35096153846153844 0.5673076923076923 0.052884615384615384 0.07091346153846154
0 0.3004807692307692 0.5673076923076923 0.052884615384615384 0.07091346153846154
0 0.2512019230769231 0.5685096153846154 0.052884615384615384 0.07091346153846154
0 0.20192307692307693 0.5697115384615384 0.052884615384615384 0.07091346153846154
0 0.15144230769230768 0.5697115384615384 0.04927884615384615 0.07091346153846154
0 0.054086538461538464 0.5709134615384616 0.04927884615384615 0.07091346153846154
0 0.10216346153846154 0.5709134615384616 0.04927884615384615 0.07091346153846154
0 0.014423076923076924 0.5721153846153846 0.028846153846153848 0.07091346153846154
0 0.921875 0.4170673076923077 0.11538461538461539 0.06490384615384616
0 0.609375 0.5048076923076923 0.11538461538461539 0.19951923076923078
0 0.7175480769230769 0.5096153846153846 0.109375 0.1622596153846154
0 0.9567307692307693 0.5168269230769231 0.08653846153846154 0.16466346153846154
0 0.8473557692307693 0.53125 0.12860576923076922 0.19110576923076922
0 0.7235576923076923 0.6862980769230769 0.12860576923076922 0.18269230769230768
0 0.6081730769230769 0.6947115384615384 0.11298076923076923 0.17548076923076922
0 0.953125 0.7007211538461539 0.09375 0.19110576923076922
0 0.8473557692307693 0.7139423076923077 0.10697115384615384 0.16706730769230768
0 0.7439903846153846 0.8762019230769231 0.11538461538461539 0.1622596153846154
0 0.6165865384615384 0.8774038461538461 0.12860576923076922 0.18870192307692307
0 0.9230769230769231 0.890625 0.12860576923076922 0.1935096153846154
0 0.7524038461538461 0.9831730769230769 0.12860576923076922 0.03365384615384615
0 0.6490384615384616 0.40625 0.11538461538461539 0.042067307692307696
0 0.7524038461538461 0.41466346153846156 0.10697115384615384 0.06009615384615385