0 0.010817307692307692 0.3737980769230769 0.021634615384615384 0.22115384615384615
0 0.1141826923076923 0.3737980769230769 0.14783653846153846 0.21394230769230768
0 0.27283653846153844 0.3485576923076923 0.14302884615384615 0.2091346153846154
0 0.4411057692307692 0.3076923076923077 0.140625 0.21153846153846154
0 0.5661057692307693 0.29447115384615385 0.09375 0.21394230769230768
0 0.16466346153846154 0.27283653846153844 0.03485576923076923 0.051682692307692304
0 0.34615384615384615 0.26802884615384615 0.03485576923076923 0.04927884615384615
0 0.06610576923076923 0.265625 0.037259615384615384 0.051682692307692304
0 0.21153846153846154 0.25841346153846156 0.03485576923076923 0.051682692307692304
0 0.13341346153846154 0.24879807692307693 0.037259615384615384 0.04927884615384615
0 0.030048076923076924 0.24278846153846154 0.037259615384615384 0.056490384615384616
0 0.3713942307692308 0.23317307692307693 0.03485576923076923 0.051682692307692304
0 0.24278846153846154 0.23317307692307693 0.03485576923076923 0.046875
0 0.30649038461538464 0.23197115384615385 0.03485576923076923 0.04927884615384615
0 0.18389423076923078 0.22956730769230768 0.03485576923076923 0.054086538461538464
0 0.3401442307692308 0.21754807692307693 0.03485576923076923 0.04927884615384615
0 0.007211538461538462 0.21634615384615385 0.014423076923076924 0.054086538461538464
0 0.10817307692307693 0.21514423076923078 0.03485576923076923 0.04927884615384615
0 0.05889423076923077 0.21033653846153846 0.039663461538461536 0.054086538461538464
0 0.27403846153846156 0.21033653846153846 0.03485576923076923 0.054086538461538464
0 0.2127403846153846 0.20552884615384615 0.03485576923076923 0.051682692307692304
0 0.15144230769230768 0.20432692307692307 0.037259615384615384 0.04927884615384615
0 0.39783653846153844 0.1971153846153846 0.03485576923076923 0.04927884615384615
0 0.47836538461538464 0.19230769230769232 0.03485576923076923 0.042067307692307696
0 0.027644230769230768 0.18629807692307693 0.037259615384615384 0.054086538461538464
0 0.36538461538461536 0.18509615384615385 0.03485576923076923 0.046875
0 0.24278846153846154 0.18389423076923078 0.03485576923076923 0.051682692307692304
0 0.3016826923076923 0.1814903846153846 0.03485576923076923 0.051682692307692304
0 0.08653846153846154 0.17067307692307693 0.037259615384615384 0.056490384615384616
0 0.17427884615384615 0.16947115384615385 0.03485576923076923 0.04927884615384615
0 0.12620192307692307 0.16947115384615385 0.030048076923076924 0.056490384615384616
0 0.33413461538461536 0.16706730769230768 0.03485576923076923 0.051682692307692304
0 0.5060096153846154 0.1658653846153846 0.030048076923076924 0.051682692307692304
0 0.5625 0.16466346153846154 0.030048076923076924 0.04927884615384615
0 0.42427884615384615 0.16346153846153846 0.03485576923076923 0.051682692307692304
0 0.003605769230769231 0.16105769230769232 0.007211538461538462 0.051682692307692304
0 0.5925480769230769 0.15985576923076922 0.03245192307692308 0.04927884615384615
0 0.27163461538461536 0.15745192307692307 0.03485576923076923 0.054086538461538464
0 0.20793269230769232 0.15504807692307693 0.03485576923076923 0.051682692307692304
0 0.051682692307692304 0.14903846153846154 0.03485576923076923 0.056490384615384616
0 0.39302884615384615 0.14783653846153846 0.03485576923076923 0.04927884615384615
0 0.47836538461538464 0.14302884615384615 0.03485576923076923 0.04927884615384615
0 0.5360576923076923 0.13942307692307693 0.030048076923076924 0.051682692307692304
0 0.3605769230769231 0.13341346153846154 0.03245192307692308 0.051682692307692304
0 0.1466346153846154 0.13221153846153846 0.037259615384615384 0.04927884615384615
0 0.23918269230769232 0.13221153846153846 0.03485576923076923 0.051682692307692304
0 0.018028846153846152 0.12980769230769232 0.036057692307692304 0.052884615384615384
0 0.4495192307692308 0.12740384615384615 0.03245192307692308 0.051682692307692304
0 0.296875 0.12379807692307693 0.03245192307692308 0.056490384615384616
0 0.18269230769230768 0.11778846153846154 0.03485576923076923 0.051682692307692304
0 0.33052884615384615 0.11658653846153846 0.03485576923076923 0.051682692307692304
0 0.5060096153846154 0.11538461538461539 0.03485576923076923 0.04927884615384615
0 0.5637019230769231 0.1141826923076923 0.03245192307692308 0.04927884615384615
0 0.08052884615384616 0.1141826923076923 0.039663461538461536 0.056490384615384616
0 0.4170673076923077 0.11057692307692307 0.03245192307692308 0.051682692307692304
0 0.5973557692307693 0.11057692307692307 0.03245192307692308 0.04927884615384615
0 0.265625 0.10336538461538461 0.03485576923076923 0.04927884615384615
0 0.38461538461538464 0.09615384615384616 0.03245192307692308 0.054086538461538464
0 0.2127403846153846 0.09615384615384616 0.03485576923076923 0.051682692307692304
0 0.47596153846153844 0.09495192307692307 0.03485576923076923 0.04447115384615385
0 0.04326923076923077 0.09254807692307693 0.039663461538461536 0.054086538461538464
0 0.5360576923076923 0.08774038461538461 0.03245192307692308 0.046875
0 0.15504807692307693 0.08533653846153846 0.039663461538461536 0.051682692307692304
0 0.11778846153846154 0.08052884615384616 0.03485576923076923 0.054086538461538464
0 0.35336538461538464 0.07932692307692307 0.03245192307692308 0.051682692307692304
0 0.01201923076923077 0.07211538461538461 0.02403846153846154 0.056490384615384616
0 0.4411057692307692 0.0733173076923077 0.03245192307692308 0.04927884615384615
0 0.32091346153846156 0.06850961538461539 0.03485576923076923 0.051682692307692304
0 0.5817307692307693 0.0673076923076923 0.03245192307692308 0.051682692307692304
0 0.5048076923076923 0.06610576923076923 0.03485576923076923 0.046875
0 0.28725961538461536 0.0625 0.03485576923076923 0.054086538461538464
0 0.078125 0.06009615384615385 0.037259615384615384 0.04927884615384615
0 0.40865384615384615 0.057692307692307696 0.03485576923076923 0.051682692307692304
0 0.18389423076923078 0.054086538461538464 0.037259615384615384 0.056490384615384616
0 0.25240384615384615 0.052884615384615384 0.03485576923076923 0.051682692307692304
0 0.4699519230769231 0.046875 0.037259615384615384 0.04927884615384615
0 0.5528846153846154 0.04447115384615385 0.030048076923076924 0.051682692307692304
0 0.21754807692307693 0.04447115384615385 0.03485576923076923 0.054086538461538464
0 0.3762019230769231 0.040865384615384616 0.03245192307692308 0.051682692307692304
0 0.04326923076923077 0.039663461538461536 0.037259615384615384 0.051682692307692304
0 0.140625 0.038461538461538464 0.039663461538461536 0.051682692307692304
0 0.6033653846153846 0.038461538461538464 0.019230769230769232 0.051682692307692304
0 0.3449519230769231 0.027644230769230768 0.03485576923076923 0.051682692307692304
0 0.5300480769230769 0.026442307692307692 0.03485576923076923 0.04927884615384615
0 0.10096153846153846 0.02403846153846154 0.038461538461538464 0.04807692307692308
0 0.013221153846153846 0.02283653846153846 0.026442307692307692 0.04567307692307692
0 0.30649038461538464 0.021634615384615384 0.036057692307692304 0.04326923076923077
0 0.43509615384615385 0.020432692307692308 0.03365384615384615 0.040865384615384616
0 0.49158653846153844 0.018028846153846152 0.036057692307692304 0.036057692307692304
0 0.27163461538461536 0.018028846153846152 0.03365384615384615 0.036057692307692304
0 0.5793269230769231 0.019230769230769232 0.03365384615384615 0.038461538461538464
0 0.16466346153846154 0.014423076923076924 0.036057692307692304 0.028846153846153848
0 0.23798076923076922 0.013221153846153846 0.03365384615384615 0.026442307692307692
0 0.39903846153846156 0.01201923076923077 0.03485576923076923 0.02403846153846154
0 0.06370192307692307 0.01201923076923077 0.03485576923076923 0.02403846153846154
0 0.46153846153846156 0.009615384615384616 0.037259615384615384 0.019230769230769232
0 0.20192307692307693 0.009615384615384616 0.03485576923076923 0.019230769230769232
0 0.5540865384615384 0.006009615384615385 0.03485576923076923 0.01201923076923077
0 0.1310096153846154 0.006009615384615385 0.03485576923076923 0.01201923076923077
0 0.3641826923076923 0.004807692307692308 0.03485576923076923 0.009615384615384616
0 0.03125 0.002403846153846154 0.037259615384615384 0.004807692307692308
0 0.5192307692307693 0.001201923076923077 0.03485576923076923 0.002403846153846154
0 0.04807692307692308 0.49759615384615385 0.09615384615384616 0.06850961538461539
0 0.20192307692307693 0.49038461538461536 0.14783653846153846 0.08413461538461539
0 0.3786057692307692 0.4639423076923077 0.140625 0.13581730769230768
0 0.5216346153846154 0.45552884615384615 0.13822115384615385 0.15264423076923078
0 0.703125 0.4026442307692308 0.1201923076923077 0.24639423076923078
0 0.6418269230769231 0.19591346153846154 0.056490384615384616 0.2439903846153846
0 0.7403846153846154 0.14783653846153846 0.1201923076923077 0.2512019230769231
0 0.6574519230769231 0.03365384615384615 0.0889423076923077 0.06610576923076923
0 0.4723557692307692 0.8521634615384616 0.21634615384615385 0.2956730769230769
0 0.1045673076923077 0.8377403846153846 0.16706730769230768 0.2932692307692308
0 0.3016826923076923 0.7956730769230769 0.16706730769230768 0.30288461538461536
0 0.5444711538461539 0.6213942307692307 0.13822115384615385 0.18028846153846154
0 0.14423076923076922 0.6057692307692307 0.17427884615384615 0.14783653846153846
0 0.38100961538461536 0.5709134615384616 0.18028846153846154 0.07932692307692307
0 0.3858173076923077 0.9435096153846154 0.18028846153846154 0.11298076923076923
0 0.4831730769230769 0.6802884615384616 0.19951923076923078 0.22716346153846154
0 0.9615384615384616 0.703125 0.07692307692307693 0.15504807692307693
0 0.8497596153846154 0.6766826923076923 0.12259615384615384 0.18028846153846154
0 0.8641826923076923 0.5673076923076923 0.0985576923076923 0.07091346153846154
0 0.9519230769230769 0.5600961538461539 0.09615384615384616 0.056490384615384616