0 0.046875 0.6959134615384616 0.09254807692307693 0.20072115384615385
0 0.203125 0.6706730769230769 0.11057692307692307 0.21995192307692307
0 0.30528846153846156 0.59375 0.1346153846153846 0.24639423076923078
0 0.5036057692307693 0.5516826923076923 0.14543269230769232 0.23557692307692307
0 0.6274038461538461 0.5216346153846154 0.08413461538461539 0.25961538461538464
0 0.11899038461538461 0.5096153846153846 0.1141826923076923 0.21153846153846154
0 0.28365384615384615 0.4362980769230769 0.12379807692307693 0.22235576923076922
0 0.40865384615384615 0.3713942307692308 0.12980769230769232 0.21995192307692307
0 0.027644230769230768 0.3317307692307692 0.055288461538461536 0.19831730769230768
0 0.5673076923076923 0.2932692307692308 0.16706730769230768 0.27283653846153844
0 0.18509615384615385 0.28966346153846156 0.12980769230769232 0.23317307692307693
0 0.4987980769230769 0.15264423076923078 0.13221153846153846 0.21995192307692307
0 0.6454326923076923 0.12259615384615384 0.04807692307692308 0.21394230769230768
0 0.921875 0.6622596153846154 0.055288461538461536 0.07091346153846154
0 0.8701923076923077 0.6526442307692307 0.052884615384615384 0.07091346153846154
0 0.8209134615384616 0.6442307692307693 0.05048076923076923 0.07091346153846154
0 0.7764423076923077 0.6370192307692307 0.04807692307692308 0.07091346153846154
0 0.7295673076923077 0.6298076923076923 0.04807692307692308 0.06850961538461539
0 0.9939903846153846 0.6201923076923077 0.01201923076923077 0.07692307692307693
0 0.9651442307692307 0.6153846153846154 0.052884615384615384 0.07091346153846154
0 0.9086538461538461 0.5997596153846154 0.052884615384615384 0.07091346153846154
0 0.8581730769230769 0.5889423076923077 0.052884615384615384 0.07091346153846154
0 0.8112980769230769 0.5817307692307693 0.05048076923076923 0.06850961538461539
0 0.765625 0.5757211538461539 0.04807692307692308 0.06850961538461539
0 0.7199519230769231 0.5685096153846154 0.04807692307692308 0.06850961538461539
0 0.9867788461538461 0.5600961538461539 0.026442307692307692 0.07091346153846154
0 0.9507211538461539 0.5528846153846154 0.052884615384615384 0.07091346153846154
0 0.8966346153846154 0.5384615384615384 0.052884615384615384 0.06610576923076923
0 0.8461538461538461 0.5276442307692307 0.04807692307692308 0.06850961538461539
0 0.8004807692307693 0.5228365384615384 0.04807692307692308 0.06610576923076923
0 0.7548076923076923 0.5168269230769231 0.04807692307692308 0.06610576923076923
0 0.9795673076923077 0.4987980769230769 0.039663461538461536 0.06610576923076923
0 0.9375 0.49158653846153844 0.052884615384615384 0.06850961538461539
0 0.8834134615384616 0.4795673076923077 0.052884615384615384 0.06610576923076923
0 0.8341346153846154 0.4699519230769231 0.04807692307692308 0.06610576923076923
0 0.7884615384615384 0.4639423076923077 0.04807692307692308 0.06610576923076923
0 0.7451923076923077 0.45913461538461536 0.04447115384615385 0.06610576923076923
0 0.9711538461538461 0.43990384615384615 0.04807692307692308 0.06850961538461539
0 0.9230769230769231 0.43509615384615385 0.05048076923076923 0.06610576923076923
0 0.8701923076923077 0.421875 0.05048076923076923 0.06610576923076923
0 0.8233173076923077 0.41346153846153844 0.04807692307692308 0.06370192307692307
0 0.7776442307692307 0.40865384615384615 0.04807692307692308 0.06370192307692307
0 0.9891826923076923 0.390625 0.021634615384615384 0.06610576923076923
0 0.9579326923076923 0.38461538461538464 0.05048076923076923 0.06610576923076923
0 0.9110576923076923 0.3798076923076923 0.05048076923076923 0.06610576923076923
0 0.8581730769230769 0.36658653846153844 0.04807692307692308 0.06370192307692307
0 0.8112980769230769 0.359375 0.04447115384615385 0.06370192307692307
0 0.7680288461538461 0.3545673076923077 0.04447115384615385 0.06129807692307692
0 0.9819711538461539 0.3317307692307692 0.036057692307692304 0.0625
0 0.9435096153846154 0.33052884615384615 0.04807692307692308 0.06370192307692307
0 0.8978365384615384 0.3269230769230769 0.04807692307692308 0.06370192307692307
0 0.8461538461538461 0.3137019230769231 0.04807692307692308 0.06129807692307692
0 0.8004807692307693 0.30649038461538464 0.04807692307692308 0.06370192307692307
0 0.9735576923076923 0.28125 0.04807692307692308 0.06370192307692307
0 0.9290865384615384 0.2776442307692308 0.04807692307692308 0.06370192307692307
0 0.8834134615384616 0.27403846153846156 0.04807692307692308 0.06370192307692307
0 0.8329326923076923 0.26322115384615385 0.04807692307692308 0.06129807692307692
0 0.7884615384615384 0.25721153846153844 0.04447115384615385 0.06129807692307692
0 0.9891826923076923 0.23317307692307693 0.021634615384615384 0.06370192307692307
0 0.9591346153846154 0.2283653846153846 0.04807692307692308 0.06370192307692307
0 0.9158653846153846 0.22596153846153846 0.04447115384615385 0.06370192307692307
0 0.8701923076923077 0.22355769230769232 0.04447115384615385 0.06129807692307692
0 0.8233173076923077 0.2127403846153846 0.04807692307692308 0.055288461538461536
0 0.9807692307692307 0.18028846153846154 0.038461538461538464 0.0625
0 0.9447115384615384 0.18028846153846154 0.04447115384615385 0.06129807692307692
0 0.9026442307692307 0.17548076923076922 0.04447115384615385 0.06129807692307692
0 0.8581730769230769 0.17307692307692307 0.04447115384615385 0.055288461538461536
0 0.8064903846153846 0.16346153846153846 0.04447115384615385 0.057692307692307696
0 0.9735576923076923 0.13221153846153846 0.04447115384615385 0.06129807692307692
0 0.9302884615384616 0.12980769230769232 0.042067307692307696 0.06129807692307692
0 0.8870192307692307 0.12860576923076922 0.042067307692307696 0.057692307692307696
0 0.84375 0.12740384615384615 0.04447115384615385 0.055288461538461536
0 0.9891826923076923 0.08653846153846154 0.021634615384615384 0.06129807692307692
0 0.8293269230769231 0.08413461538461539 0.042067307692307696 0.057692307692307696
0 0.9591346153846154 0.0829326923076923 0.042067307692307696 0.057692307692307696
0 0.8725961538461539 0.0829326923076923 0.04447115384615385 0.052884615384615384
0 0.9170673076923077 0.08173076923076923 0.04447115384615385 0.055288461538461536
0 0.8569711538461539 0.040865384615384616 0.04447115384615385 0.055288461538461536
0 0.9026442307692307 0.038461538461538464 0.04447115384615385 0.052884615384615384
0 0.9819711538461539 0.036057692307692304 0.036057692307692304 0.057692307692307696
0 0.9447115384615384 0.037259615384615384 0.042067307692307696 0.055288461538461536
0 0.8449519230769231 0.013221153846153846 0.039663461538461536 0.026442307692307692
0 0.8858173076923077 0.01201923076923077 0.042067307692307696 0.02403846153846154
0 0.9290865384615384 0.010817307692307692 0.042067307692307696 0.021634615384615384
0 0.9735576923076923 0.010817307692307692 0.042067307692307696 0.021634615384615384
0 0.9903846153846154 0.8209134615384616 0.018028846153846152 0.07692307692307693
0 0.9507211538461539 0.8016826923076923 0.057692307692307696 0.07451923076923077
0 0.8978365384615384 0.7872596153846154 0.055288461538461536 0.07692307692307693
0 0.8461538461538461 0.7776442307692307 0.052884615384615384 0.07932692307692307
0 0.7992788461538461 0.7680288461538461 0.05048076923076923 0.07692307692307693
0 0.7512019230769231 0.7596153846153846 0.05048076923076923 0.07692307692307693
0 0.7055288461538461 0.7512019230769231 0.052884615384615384 0.07692307692307693
0 0.9819711538461539 0.75 0.036057692307692304 0.07692307692307693
0 0.9362980769230769 0.7295673076923077 0.057692307692307696 0.07451923076923077
0 0.8834134615384616 0.7163461538461539 0.055288461538461536 0.07451923076923077
0 0.8329326923076923 0.7103365384615384 0.05048076923076923 0.07451923076923077
0 0.7860576923076923 0.7007211538461539 0.05048076923076923 0.07091346153846154
0 0.7403846153846154 0.6935096153846154 0.04807692307692308 0.07451923076923077
0 0.6947115384615384 0.6850961538461539 0.04807692307692308 0.07091346153846154
0 0.9759615384615384 0.6790865384615384 0.04807692307692308 0.07692307692307693
0 0.06850961538461539 0.9591346153846154 0.13701923076923078 0.08173076923076923
0 0.27283653846153844 0.9591346153846154 0.22235576923076922 0.08173076923076923
0 0.515625 0.9591346153846154 0.2536057692307692 0.08173076923076923
0 0.9795673076923077 0.9855769230769231 0.039663461538461536 0.028846153846153848
0 0.9338942307692307 0.9855769230769231 0.052884615384615384 0.028846153846153848
0 0.8834134615384616 0.984375 0.052884615384615384 0.03125
0 0.8317307692307693 0.9819711538461539 0.052884615384615384 0.036057692307692304
0 0.7788461538461539 0.9807692307692307 0.052884615384615384 0.038461538461538464
0 0.7283653846153846 0.9807692307692307 0.052884615384615384 0.038461538461538464
0 0.6862980769230769 0.9795673076923077 0.03485576923076923 0.039663461538461536
0 0.9915865384615384 0.9519230769230769 0.015625 0.06850961538461539
0 0.9591346153846154 0.9507211538461539 0.05048076923076923 0.06610576923076923
0 0.9086538461538461 0.9495192307692307 0.05048076923076923 0.06370192307692307
0 0.8581730769230769 0.9483173076923077 0.05048076923076923 0.06129807692307692
0 0.8076923076923077 0.9483173076923077 0.05048076923076923 0.06129807692307692
0 0.7572115384615384 0.9471153846153846 0.052884615384615384 0.057692307692307696
0 0.7055288461538461 0.9459134615384616 0.05048076923076923 0.055288461538461536