0 0.3389423076923077 0.3545673076923077 0.4735576923076923 0.7079326923076923
0 0.6237980769230769 0.030048076923076924 0.06490384615384616 0.06009615384615385
0 0.7391826923076923 0.03125 0.0625 0.0625
0 0.8016826923076923 0.042067307692307696 0.057692307692307696 0.0829326923076923
0 0.859375 0.06129807692307692 0.057692307692307696 0.09375
0 0.5985576923076923 0.08052884615384616 0.046875 0.109375
0 0.9194711538461539 0.08052884615384616 0.055288461538461536 0.09375
0 0.6574519230769231 0.10697115384615384 0.0673076923076923 0.1045673076923077
0 0.8341346153846154 0.12860576923076922 0.057692307692307696 0.09615384615384616
0 0.8930288461538461 0.1502403846153846 0.055288461538461536 0.09375
0 0.7463942307692307 0.18028846153846154 0.0625 0.10096153846153846
0 0.8076923076923077 0.20072115384615385 0.06009615384615385 0.0985576923076923
0 0.8653846153846154 0.21995192307692307 0.057692307692307696 0.09615384615384616
0 0.9242788461538461 0.23918269230769232 0.057692307692307696 0.09375
0 0.6201923076923077 0.3173076923076923 0.06971153846153846 0.109375
0 0.6875 0.3401442307692308 0.06490384615384616 0.109375
0 0.7536057692307693 0.359375 0.06490384615384616 0.1045673076923077
0 0.8137019230769231 0.38221153846153844 0.06009615384615385 0.1045673076923077
0 0.6538461538461539 0.421875 0.0673076923076923 0.11177884615384616
0 0.7211538461538461 0.4411057692307692 0.0673076923076923 0.109375
0 0.8365384615384616 0.4483173076923077 0.042067307692307696 0.08052884615384616
0 0.8858173076923077 0.453125 0.055288461538461536 0.0985576923076923
0 0.7848557692307693 0.46153846153846156 0.0625 0.10697115384615384
0 0.9387019230769231 0.46875 0.055288461538461536 0.09615384615384616
0 0.9819711538461539 0.4807692307692308 0.036057692307692304 0.09134615384615384
0 0.6201923076923077 0.5072115384615384 0.06971153846153846 0.1141826923076923
0 0.6887019230769231 0.5276442307692307 0.0673076923076923 0.1141826923076923
0 0.8617788461538461 0.5300480769230769 0.057692307692307696 0.10096153846153846
0 0.7548076923076923 0.5444711538461539 0.06490384615384616 0.109375
0 0.96875 0.5588942307692307 0.055288461538461536 0.09615384615384616
0 0.8221153846153846 0.5600961538461539 0.06490384615384616 0.10697115384615384
0 0.8377403846153846 0.6213942307692307 0.057692307692307696 0.0889423076923077
0 0.8942307692307693 0.625 0.057692307692307696 0.10096153846153846
0 0.9495192307692307 0.6370192307692307 0.051682692307692304 0.0985576923076923
0 0.9867788461538461 0.6454326923076923 0.026442307692307692 0.0985576923076923
0 0.41346153846153844 0.7403846153846154 0.19831730769230768 0.06490384615384616
0 0.10697115384615384 0.8617788461538461 0.19831730769230768 0.2764423076923077
0 0.3088942307692308 0.8641826923076923 0.20072115384615385 0.2704326923076923
0 0.49399038461538464 0.8653846153846154 0.16346153846153846 0.26802884615384615