0 0.09134615384615384 0.28125 0.18269230769230768 0.30288461538461536
0 0.18389423076923078 0.06850961538461539 0.22355769230769232 0.13701923076923078
0 0.037259615384615384 0.3762019230769231 0.07451923076923077 0.11538461538461539
0 0.09134615384615384 0.11057692307692307 0.18269230769230768 0.22115384615384615
0 0.3485576923076923 0.29447115384615385 0.05889423076923077 0.2776442307692308
0 0.6298076923076923 0.37259615384615385 0.11177884615384616 0.12259615384615384
0 0.5180288461538461 0.37259615384615385 0.11177884615384616 0.12259615384615384
0 0.41947115384615385 0.37259615384615385 0.08413461538461539 0.12259615384615384
0 0.9567307692307693 0.3713942307692308 0.08653846153846154 0.125
0 0.8557692307692307 0.3713942307692308 0.109375 0.125
0 0.7451923076923077 0.3701923076923077 0.11177884615384616 0.12740384615384615
0 0.6911057692307693 0.25240384615384615 0.10697115384615384 0.16346153846153846
0 0.5769230769230769 0.25240384615384615 0.11177884615384616 0.16346153846153846
0 0.46274038461538464 0.2512019230769231 0.109375 0.16346153846153846
0 0.39302884615384615 0.25 0.030048076923076924 0.16346153846153846
0 0.9855769230769231 0.24879807692307693 0.027644230769230768 0.1658653846153846
0 0.9134615384615384 0.25 0.109375 0.1658653846153846
0 0.8040865384615384 0.24759615384615385 0.11177884615384616 0.16346153846153846
0 0.5216346153846154 0.11057692307692307 0.11177884615384616 0.1658653846153846
0 0.4182692307692308 0.109375 0.08173076923076923 0.16346153846153846
0 0.6334134615384616 0.11057692307692307 0.109375 0.16346153846153846
0 0.7475961538461539 0.10817307692307693 0.11177884615384616 0.16346153846153846
0 0.9579326923076923 0.10697115384615384 0.08413461538461539 0.16346153846153846
0 0.859375 0.10576923076923077 0.109375 0.16105769230769232
0 0.9158653846153846 0.02403846153846154 0.10697115384615384 0.04807692307692308
0 0.8064903846153846 0.02403846153846154 0.11177884615384616 0.04807692307692308
0 0.578125 0.02283653846153846 0.109375 0.04567307692307692
0 0.46634615384615385 0.02283653846153846 0.11177884615384616 0.04567307692307692
0 0.6875 0.02283653846153846 0.109375 0.04567307692307692
0 0.026442307692307692 0.8798076923076923 0.052884615384615384 0.23557692307692307
0 0.09975961538461539 0.7584134615384616 0.17067307692307693 0.26322115384615385
0 0.25600961538461536 0.6057692307692307 0.24278846153846154 0.3449519230769231
0 0.06129807692307692 0.5120192307692307 0.12259615384615384 0.15504807692307693
0 0.9411057692307693 0.8569711538461539 0.07091346153846154 0.1201923076923077
0 0.9903846153846154 0.8509615384615384 0.019230769230769232 0.11057692307692307
0 0.859375 0.8473557692307693 0.07451923076923077 0.11778846153846154
0 0.9627403846153846 0.7007211538461539 0.06129807692307692 0.09975961538461539
0 0.8317307692307693 0.6995192307692307 0.06370192307692307 0.10697115384615384
0 0.9002403846153846 0.6971153846153846 0.06370192307692307 0.1045673076923077
0 0.9831730769230769 0.609375 0.03365384615384615 0.10216346153846154
0 0.9338942307692307 0.6069711538461539 0.06370192307692307 0.10216346153846154
0 0.7271634615384616 0.6069711538461539 0.07091346153846154 0.109375
0 0.8677884615384616 0.6033653846153846 0.06610576923076923 0.10216346153846154
0 0.7992788461538461 0.6033653846153846 0.06850961538461539 0.10697115384615384
0 0.8942307692307693 0.4639423076923077 0.07932692307692307 0.06129807692307692
0 0.8545673076923077 0.9783653846153846 0.05048076923076923 0.04326923076923077
0 0.9050480769230769 0.9783653846153846 0.05048076923076923 0.04326923076923077
0 0.9807692307692307 0.9747596153846154 0.038461538461538464 0.05048076923076923
0 0.9447115384615384 0.9747596153846154 0.04326923076923077 0.05048076923076923