0 0.06610576923076923 0.33052884615384615 0.11899038461538461 0.20673076923076922
0 0.18870192307692307 0.33533653846153844 0.12379807692307693 0.20673076923076922
0 0.3137019230769231 0.3581730769230769 0.11658653846153846 0.20432692307692307
0 0.5504807692307693 0.3701923076923077 0.1141826923076923 0.19951923076923078
0 0.6778846153846154 0.37259615384615385 0.10697115384615384 0.20673076923076922
0 0.42908653846153844 0.3737980769230769 0.10697115384615384 0.18870192307692307
0 0.7824519230769231 0.3942307692307692 0.10216346153846154 0.19951923076923078
0 0.20072115384615385 0.03485576923076923 0.12139423076923077 0.06971153846153846
0 0.8966346153846154 0.41346153846153844 0.10216346153846154 0.18870192307692307
0 0.9723557692307693 0.4266826923076923 0.055288461538461536 0.19110576923076922
0 0.32211538461538464 0.04447115384615385 0.11538461538461539 0.0889423076923077
0 0.015625 0.5264423076923077 0.03125 0.14423076923076922
0 0.08533653846153846 0.5336538461538461 0.08653846153846154 0.14423076923076922
0 0.1778846153846154 0.5432692307692307 0.08653846153846154 0.15144230769230768
0 0.2776442307692308 0.5504807692307693 0.08173076923076923 0.14423076923076922
0 0.6911057692307693 0.046875 0.11298076923076923 0.09375
0 0.36899038461538464 0.5576923076923077 0.08413461538461539 0.1466346153846154
0 0.46634615384615385 0.5612980769230769 0.08413461538461539 0.1466346153846154
0 0.5625 0.5709134615384616 0.09014423076923077 0.15865384615384615
0 0.65625 0.5757211538461539 0.09014423076923077 0.15144230769230768
0 0.5600961538461539 0.052884615384615384 0.11057692307692307 0.10576923076923077
0 0.7439903846153846 0.5877403846153846 0.08413461538461539 0.15144230769230768
0 0.8365384615384616 0.5925480769230769 0.08173076923076923 0.15144230769230768
0 0.9038461538461539 0.6021634615384616 0.07211538461538461 0.13942307692307693
0 0.9759615384615384 0.6081730769230769 0.046875 0.14182692307692307
0 0.4375 0.06009615384615385 0.1045673076923077 0.11899038461538461
0 0.037259615384615384 0.6778846153846154 0.07451923076923077 0.1622596153846154
0 0.12379807692307693 0.6862980769230769 0.09735576923076923 0.16947115384615385
0 0.22235576923076922 0.6899038461538461 0.09735576923076923 0.15625
0 0.31971153846153844 0.6911057692307693 0.09495192307692307 0.15625
0 0.41586538461538464 0.6983173076923077 0.08653846153846154 0.14182692307692307
0 0.5108173076923077 0.7103365384615384 0.09254807692307693 0.1622596153846154
0 0.6045673076923077 0.7163461538461539 0.08653846153846154 0.1622596153846154
0 0.6899038461538461 0.7235576923076923 0.08413461538461539 0.14903846153846154
0 0.78125 0.7271634615384616 0.08173076923076923 0.1466346153846154
0 0.9471153846153846 0.7355769230769231 0.07211538461538461 0.14903846153846154
0 0.9879807692307693 0.7355769230769231 0.02403846153846154 0.14423076923076922
0 0.8774038461538461 0.7379807692307693 0.08173076923076923 0.15625
0 0.8978365384615384 0.07451923076923077 0.09975961538461539 0.14903846153846154
0 0.7788461538461539 0.07692307692307693 0.09975961538461539 0.15384615384615385
0 0.1658653846153846 0.8341346153846154 0.09254807692307693 0.16706730769230768
0 0.06850961538461539 0.8365384615384616 0.09735576923076923 0.16947115384615385
0 0.26322115384615385 0.8449519230769231 0.09495192307692307 0.171875
0 0.36177884615384615 0.8473557692307693 0.09495192307692307 0.16706730769230768
0 0.45913461538461536 0.8509615384615384 0.09254807692307693 0.1622596153846154
0 0.5516826923076923 0.8569711538461539 0.09014423076923077 0.15384615384615385
0 0.6442307692307693 0.8605769230769231 0.08653846153846154 0.15144230769230768
0 0.7295673076923077 0.8617788461538461 0.07932692307692307 0.1466346153846154
0 0.8088942307692307 0.8677884615384616 0.07932692307692307 0.13701923076923078
0 0.9134615384615384 0.8774038461538461 0.08173076923076923 0.15384615384615385
0 0.9759615384615384 0.8774038461538461 0.046875 0.15144230769230768
0 0.10697115384615384 0.9519230769230769 0.0985576923076923 0.09615384615384616
0 0.20432692307692307 0.9519230769230769 0.10096153846153846 0.09615384615384616
0 0.4050480769230769 0.9567307692307693 0.09495192307692307 0.08653846153846154
0 0.30649038461538464 0.9579326923076923 0.09975961538461539 0.08413461538461539
0 0.5 0.9591346153846154 0.09014423076923077 0.08173076923076923
0 0.5925480769230769 0.9603365384615384 0.09014423076923077 0.07932692307692307
0 0.6814903846153846 0.9627403846153846 0.08413461538461539 0.07451923076923077
0 0.7584134615384616 0.9639423076923077 0.07451923076923077 0.07211538461538461
0 0.9519230769230769 0.9675480769230769 0.07692307692307693 0.06490384615384616
0 0.8485576923076923 0.9699519230769231 0.07451923076923077 0.06009615384615385
0 0.037259615384615384 0.14423076923076922 0.07451923076923077 0.1935096153846154
0 0.13701923076923078 0.15384615384615385 0.11658653846153846 0.1935096153846154
0 0.25841346153846156 0.16346153846153846 0.11658653846153846 0.1971153846153846
0 0.3798076923076923 0.17548076923076922 0.11899038461538461 0.2091346153846154
0 0.6165865384615384 0.19951923076923078 0.10697115384615384 0.18389423076923078
0 0.49038461538461536 0.20793269230769232 0.10216346153846154 0.1814903846153846
0 0.7223557692307693 0.21875 0.09975961538461539 0.18870192307692307
0 0.8413461538461539 0.22716346153846154 0.1045673076923077 0.1935096153846154
0 0.9314903846153846 0.2548076923076923 0.09254807692307693 0.18629807692307693
0 0.9591346153846154 0.11538461538461539 0.08173076923076923 0.1622596153846154
0 0.030048076923076924 0.9495192307692307 0.06009615384615385 0.10096153846153846