0 0.3737980769230769 0.11057692307692307 0.054086538461538464 0.22115384615384615
0 0.07572115384615384 0.12259615384615384 0.15144230769230768 0.24519230769230768
0 0.21875 0.10576923076923077 0.14302884615384615 0.21153846153846154
0 0.14903846153846154 0.28725961538461536 0.12620192307692307 0.19230769230769232
0 0.037259615384615384 0.3233173076923077 0.0733173076923077 0.25841346153846156
0 0.3161057692307692 0.33533653846153844 0.16947115384615385 0.29086538461538464
0 0.2283653846153846 0.43990384615384615 0.13581730769230768 0.12620192307692307
0 0.08653846153846154 0.48197115384615385 0.171875 0.042067307692307696
0 0.6382211538461539 0.25841346153846156 0.051682692307692304 0.056490384615384616
0 0.010817307692307692 0.9855769230769231 0.021634615384615384 0.028846153846153848
0 0.04447115384615385 0.9915865384615384 0.04927884615384615 0.016826923076923076
0 0.14182692307692307 0.9927884615384616 0.046875 0.014423076923076924
0 0.09254807692307693 0.9939903846153846 0.046875 0.01201923076923077
0 0.18870192307692307 0.9951923076923077 0.046875 0.009615384615384616
0 0.16947115384615385 0.5168269230769231 0.04927884615384615 0.030048076923076924
0 0.06971153846153846 0.5240384615384616 0.046875 0.04447115384615385
0 0.11658653846153846 0.5264423076923077 0.046875 0.046875
0 0.019230769230769232 0.5276442307692307 0.038461538461538464 0.05048076923076923
0 0.17427884615384615 0.5661057692307693 0.046875 0.06610576923076923
0 0.07572115384615384 0.5817307692307693 0.046875 0.06370192307692307
0 0.12860576923076922 0.5829326923076923 0.046875 0.06129807692307692
0 0.016826923076923076 0.5865384615384616 0.03365384615384615 0.0625
0 0.1935096153846154 0.6274038461538461 0.046875 0.06610576923076923
0 0.04567307692307692 0.6310096153846154 0.04927884615384615 0.06129807692307692
0 0.09615384615384616 0.6382211538461539 0.046875 0.06370192307692307
0 0.14543269230769232 0.6442307692307693 0.046875 0.06610576923076923
0 0.013221153846153846 0.7019230769230769 0.026442307692307692 0.0625
0 0.055288461538461536 0.7079326923076923 0.046875 0.06129807692307692
0 0.10576923076923077 0.7127403846153846 0.04927884615384615 0.06370192307692307
0 0.15384615384615385 0.7199519230769231 0.046875 0.06129807692307692
0 0.002403846153846154 0.7620192307692307 0.004807692307692308 0.06129807692307692
0 0.078125 0.7668269230769231 0.046875 0.06610576923076923
0 0.027644230769230768 0.7680288461538461 0.046875 0.06370192307692307
0 0.12980769230769232 0.7692307692307693 0.04447115384615385 0.06370192307692307
0 0.17307692307692307 0.7848557692307693 0.046875 0.06610576923076923
0 0.22235576923076922 0.8004807692307693 0.046875 0.06610576923076923
0 0.008413461538461538 0.828125 0.016826923076923076 0.06370192307692307
0 0.09375 0.8305288461538461 0.046875 0.06610576923076923
0 0.04326923076923077 0.8341346153846154 0.046875 0.06610576923076923
0 0.14302884615384615 0.8365384615384616 0.046875 0.06610576923076923
0 0.19110576923076922 0.8497596153846154 0.04927884615384615 0.06370192307692307
0 0.24519230769230768 0.8617788461538461 0.04927884615384615 0.06610576923076923
0 0.015625 0.8882211538461539 0.03125 0.06490384615384616
0 0.109375 0.8930288461538461 0.046875 0.06370192307692307
0 0.06009615384615385 0.8942307692307693 0.046875 0.06129807692307692
0 0.15865384615384615 0.8990384615384616 0.046875 0.06370192307692307
0 0.2127403846153846 0.9098557692307693 0.046875 0.06610576923076923
0 0.25961538461538464 0.9326923076923077 0.046875 0.06610576923076923
0 0.002403846153846154 0.9399038461538461 0.004807692307692308 0.06610576923076923
0 0.028846153846153848 0.9543269230769231 0.046875 0.06370192307692307
0 0.078125 0.9567307692307693 0.04927884615384615 0.06370192307692307
0 0.18028846153846154 0.9579326923076923 0.046875 0.06610576923076923
0 0.22596153846153846 0.9723557692307693 0.046875 0.054086538461538464
0 0.7487980769230769 0.9098557692307693 0.06129807692307692 0.046875
0 0.5961538461538461 0.8689903846153846 0.06370192307692307 0.04927884615384615
0 0.5084134615384616 0.9819711538461539 0.06490384615384616 0.036057692307692304
0 0.6286057692307693 0.9819711538461539 0.06009615384615385 0.036057692307692304
0 0.5685096153846154 0.9819711538461539 0.06009615384615385 0.036057692307692304
0 0.9939903846153846 0.8677884615384616 0.01201923076923077 0.046875
0 0.53125 0.8713942307692307 0.06610576923076923 0.046875
0 0.7463942307692307 0.9807692307692307 0.06009615384615385 0.038461538461538464
0 0.6887019230769231 0.9098557692307693 0.06129807692307692 0.046875
0 0.6887019230769231 0.9819711538461539 0.06009615384615385 0.036057692307692304
0 0.5372596153846154 0.9507211538461539 0.06370192307692307 0.046875
0 0.9567307692307693 0.8701923076923077 0.05889423076923077 0.04927884615384615
0 0.9747596153846154 0.9807692307692307 0.05048076923076923 0.038461538461538464
0 0.4411057692307692 0.9819711538461539 0.06490384615384616 0.036057692307692304
0 0.8076923076923077 0.9110576923076923 0.05889423076923077 0.046875
0 0.8389423076923077 0.8701923076923077 0.05889423076923077 0.04927884615384615
0 0.8978365384615384 0.8701923076923077 0.06129807692307692 0.04927884615384615
0 0.4723557692307692 0.9519230769230769 0.06370192307692307 0.04927884615384615
0 0.921875 0.9807692307692307 0.06009615384615385 0.038461538461538464
0 0.8064903846153846 0.9807692307692307 0.06009615384615385 0.038461538461538464
0 0.7175480769230769 0.9495192307692307 0.06129807692307692 0.04927884615384615
0 0.9242788461538461 0.9098557692307693 0.05889423076923077 0.04927884615384615
0 0.4170673076923077 0.8713942307692307 0.03245192307692308 0.04927884615384615
0 0.9759615384615384 0.90625 0.04807692307692308 0.04807692307692308
0 0.4387019230769231 0.9134615384615384 0.06370192307692307 0.04927884615384615
0 0.41947115384615385 0.9519230769230769 0.037259615384615384 0.046875
0 0.8653846153846154 0.9807692307692307 0.057692307692307696 0.038461538461538464
0 0.8665865384615384 0.9098557692307693 0.05889423076923077 0.04927884615384615
0 0.46634615384615385 0.8713942307692307 0.06370192307692307 0.04927884615384615
0 0.7788461538461539 0.9495192307692307 0.06129807692307692 0.04927884615384615
0 0.6286057692307693 0.9098557692307693 0.06129807692307692 0.04927884615384615
0 0.5661057692307693 0.9098557692307693 0.06370192307692307 0.04927884615384615
0 0.6586538461538461 0.9495192307692307 0.06129807692307692 0.04927884615384615
0 0.8377403846153846 0.9495192307692307 0.05889423076923077 0.046875
0 0.8954326923076923 0.9483173076923077 0.05889423076923077 0.046875
0 0.5012019230769231 0.9122596153846154 0.06370192307692307 0.04927884615384615
0 0.6574519230769231 0.8689903846153846 0.06129807692307692 0.04927884615384615
0 0.5985576923076923 0.9495192307692307 0.06370192307692307 0.04927884615384615
0 0.9903846153846154 0.9471153846153846 0.019230769230769232 0.046875
0 0.953125 0.9483173076923077 0.06129807692307692 0.046875