0 0.051682692307692304 0.09735576923076923 0.10336538461538461 0.19471153846153846
0 0.4795673076923077 0.06850961538461539 0.140625 0.13701923076923078
0 0.6586538461538461 0.1658653846153846 0.21634615384615385 0.33052884615384615
0 0.9543269230769231 0.051682692307692304 0.09134615384615384 0.10336538461538461
0 0.17427884615384615 0.9134615384615384 0.039663461538461536 0.055288461538461536
0 0.13701923076923078 0.9098557692307693 0.039663461538461536 0.055288461538461536
0 0.5228365384615384 0.90625 0.04807692307692308 0.057692307692307696
0 0.10216346153846154 0.90625 0.037259615384615384 0.055288461538461536
0 0.47836538461538464 0.9026442307692307 0.04447115384615385 0.057692307692307696
0 0.06610576923076923 0.9026442307692307 0.037259615384615384 0.055288461538461536
0 0.43509615384615385 0.8990384615384616 0.04447115384615385 0.057692307692307696
0 0.030048076923076924 0.8978365384615384 0.037259615384615384 0.055288461538461536
0 0.39302884615384615 0.8942307692307693 0.042067307692307696 0.055288461538461536
0 0.007211538461538462 0.8930288461538461 0.013221153846153846 0.055288461538461536
0 0.35216346153846156 0.890625 0.042067307692307696 0.055288461538461536
0 0.3112980769230769 0.8858173076923077 0.042067307692307696 0.055288461538461536
0 0.27283653846153844 0.8810096153846154 0.039663461538461536 0.055288461538461536
0 0.234375 0.8762019230769231 0.039663461538461536 0.055288461538461536
0 0.1971153846153846 0.8713942307692307 0.039663461538461536 0.055288461538461536
0 0.15865384615384615 0.8665865384615384 0.039663461538461536 0.052884615384615384
0 0.12259615384615384 0.8641826923076923 0.037259615384615384 0.052884615384615384
0 0.5360576923076923 0.8605769230769231 0.028846153846153848 0.055288461538461536
0 0.0889423076923077 0.8605769230769231 0.037259615384615384 0.052884615384615384
0 0.5 0.8581730769230769 0.04447115384615385 0.057692307692307696
0 0.052884615384615384 0.8569711538461539 0.037259615384615384 0.052884615384615384
0 0.4567307692307692 0.8545673076923077 0.04447115384615385 0.055288461538461536
0 0.018028846153846152 0.8521634615384616 0.036057692307692304 0.055288461538461536
0 0.41346153846153844 0.8509615384615384 0.042067307692307696 0.055288461538461536
0 0.37259615384615385 0.8473557692307693 0.042067307692307696 0.055288461538461536
0 0.3329326923076923 0.8425480769230769 0.042067307692307696 0.055288461538461536
0 0.2932692307692308 0.8389423076923077 0.042067307692307696 0.055288461538461536
0 0.2548076923076923 0.8341346153846154 0.039663461538461536 0.055288461538461536
0 0.21875 0.8305288461538461 0.039663461538461536 0.052884615384615384
0 0.1814903846153846 0.8269230769230769 0.039663461538461536 0.052884615384615384
0 0.14423076923076922 0.8245192307692307 0.037259615384615384 0.052884615384615384
0 0.109375 0.8197115384615384 0.037259615384615384 0.052884615384615384
0 0.07451923076923077 0.8173076923076923 0.037259615384615384 0.052884615384615384
0 0.5216346153846154 0.8149038461538461 0.04447115384615385 0.055288461538461536
0 0.039663461538461536 0.8137019230769231 0.037259615384615384 0.052884615384615384
0 0.47716346153846156 0.8125 0.04447115384615385 0.055288461538461536
0 0.010817307692307692 0.8076923076923077 0.021634615384615384 0.05048076923076923
0 0.43509615384615385 0.8076923076923077 0.042067307692307696 0.055288461538461536
0 0.3942307692307692 0.8052884615384616 0.042067307692307696 0.055288461538461536
0 0.3545673076923077 0.8004807692307693 0.042067307692307696 0.055288461538461536
0 0.31490384615384615 0.7980769230769231 0.042067307692307696 0.052884615384615384
0 0.2764423076923077 0.7932692307692307 0.039663461538461536 0.052884615384615384
0 0.23918269230769232 0.7896634615384616 0.039663461538461536 0.052884615384615384
0 0.20192307692307693 0.7872596153846154 0.039663461538461536 0.05048076923076923
0 0.1658653846153846 0.7848557692307693 0.037259615384615384 0.052884615384615384
0 0.1310096153846154 0.78125 0.037259615384615384 0.05048076923076923
0 0.09495192307692307 0.7776442307692307 0.037259615384615384 0.052884615384615384
0 0.06129807692307692 0.7752403846153846 0.037259615384615384 0.05048076923076923
0 0.5348557692307693 0.7716346153846154 0.03125 0.055288461538461536
0 0.026442307692307692 0.7716346153846154 0.037259615384615384 0.04807692307692308
0 0.004807692307692308 0.7680288461538461 0.009615384615384616 0.05048076923076923
0 0.4987980769230769 0.7680288461538461 0.042067307692307696 0.055288461538461536
0 0.4567307692307692 0.765625 0.042067307692307696 0.055288461538461536
0 0.41586538461538464 0.7632211538461539 0.042067307692307696 0.055288461538461536
0 0.3762019230769231 0.7596153846153846 0.042067307692307696 0.052884615384615384
0 0.33653846153846156 0.7548076923076923 0.042067307692307696 0.052884615384615384
0 0.2980769230769231 0.7524038461538461 0.039663461538461536 0.052884615384615384
0 0.2608173076923077 0.75 0.037259615384615384 0.052884615384615384
0 0.22355769230769232 0.7475961538461539 0.039663461538461536 0.05048076923076923
0 0.1875 0.7451923076923077 0.037259615384615384 0.052884615384615384
0 0.15264423076923078 0.7415865384615384 0.037259615384615384 0.05048076923076923
0 0.11658653846153846 0.7391826923076923 0.037259615384615384 0.052884615384615384
0 0.08173076923076923 0.7367788461538461 0.03485576923076923 0.05048076923076923
0 0.04927884615384615 0.734375 0.037259615384615384 0.05048076923076923
0 0.015625 0.7295673076923077 0.03125 0.04807692307692308
0 0.5444711538461539 0.7271634615384616 0.010817307692307692 0.052884615384615384
0 0.5204326923076923 0.7259615384615384 0.042067307692307696 0.052884615384615384
0 0.47716346153846156 0.7235576923076923 0.042067307692307696 0.052884615384615384
0 0.4362980769230769 0.7211538461538461 0.042067307692307696 0.052884615384615384
0 0.39663461538461536 0.71875 0.042067307692307696 0.052884615384615384
0 0.35697115384615385 0.7151442307692307 0.042067307692307696 0.052884615384615384
0 0.31850961538461536 0.7127403846153846 0.039663461538461536 0.05048076923076923
0 0.2800480769230769 0.7103365384615384 0.039663461538461536 0.05048076923076923
0 0.24278846153846154 0.7091346153846154 0.039663461538461536 0.05048076923076923
0 0.2091346153846154 0.7067307692307693 0.037259615384615384 0.05048076923076923
0 0.171875 0.703125 0.037259615384615384 0.05048076923076923
0 0.13701923076923078 0.7007211538461539 0.037259615384615384 0.04807692307692308
0 0.10336538461538461 0.6983173076923077 0.03485576923076923 0.04807692307692308
0 0.06971153846153846 0.6971153846153846 0.03485576923076923 0.05048076923076923
0 0.036057692307692304 0.6947115384615384 0.03485576923076923 0.04807692307692308
0 0.009615384615384616 0.6899038461538461 0.018028846153846152 0.04807692307692308
0 0.5348557692307693 0.6850961538461539 0.03125 0.052884615384615384
0 0.4987980769230769 0.6826923076923077 0.042067307692307696 0.052884615384615384
0 0.4579326923076923 0.6802884615384616 0.042067307692307696 0.052884615384615384
0 0.4182692307692308 0.6790865384615384 0.042067307692307696 0.052884615384615384
0 0.3786057692307692 0.6754807692307693 0.039663461538461536 0.052884615384615384
0 0.3401442307692308 0.6730769230769231 0.039663461538461536 0.05048076923076923
0 0.3016826923076923 0.671875 0.039663461538461536 0.05048076923076923
0 0.2644230769230769 0.6694711538461539 0.039663461538461536 0.05048076923076923
0 0.2283653846153846 0.6682692307692307 0.037259615384615384 0.05048076923076923
0 0.1935096153846154 0.6658653846153846 0.037259615384615384 0.04807692307692308
0 0.15865384615384615 0.6622596153846154 0.037259615384615384 0.05048076923076923
0 0.12379807692307693 0.6610576923076923 0.03485576923076923 0.04807692307692308
0 0.09014423076923077 0.6586538461538461 0.03485576923076923 0.04807692307692308
0 0.056490384615384616 0.6574519230769231 0.03485576923076923 0.04807692307692308
0 0.02403846153846154 0.6550480769230769 0.03485576923076923 0.05048076923076923
0 0.5444711538461539 0.6430288461538461 0.010817307692307692 0.052884615384615384
0 0.5204326923076923 0.640625 0.042067307692307696 0.052884615384615384
0 0.47836538461538464 0.6394230769230769 0.042067307692307696 0.052884615384615384
0 0.4387019230769231 0.6370192307692307 0.042067307692307696 0.052884615384615384
0 0.39903846153846156 0.6358173076923077 0.042067307692307696 0.052884615384615384
0 0.359375 0.6334134615384616 0.039663461538461536 0.052884615384615384
0 0.3233173076923077 0.6322115384615384 0.039663461538461536 0.05048076923076923
0 0.2860576923076923 0.6310096153846154 0.039663461538461536 0.05048076923076923
0 0.24879807692307693 0.6298076923076923 0.037259615384615384 0.04807692307692308
0 0.21394230769230768 0.6274038461538461 0.037259615384615384 0.04807692307692308
0 0.17908653846153846 0.6262019230769231 0.037259615384615384 0.05048076923076923
0 0.14423076923076922 0.6237980769230769 0.037259615384615384 0.04807692307692308
0 0.11057692307692307 0.6225961538461539 0.03485576923076923 0.04807692307692308
0 0.078125 0.6201923076923077 0.03485576923076923 0.04807692307692308
0 0.04447115384615385 0.6189903846153846 0.03485576923076923 0.04447115384615385
0 0.014423076923076924 0.6153846153846154 0.028846153846153848 0.04447115384615385
0 0.5348557692307693 0.5973557692307693 0.03125 0.052884615384615384
0 0.5 0.5973557692307693 0.042067307692307696 0.052884615384615384
0 0.46033653846153844 0.5961538461538461 0.042067307692307696 0.05048076923076923
0 0.4206730769230769 0.5949519230769231 0.042067307692307696 0.04807692307692308
0 0.38100961538461536 0.5949519230769231 0.039663461538461536 0.05048076923076923
0 0.34375 0.59375 0.039663461538461536 0.05048076923076923
0 0.30528846153846156 0.5913461538461539 0.039663461538461536 0.05048076923076923
0 0.2704326923076923 0.5901442307692307 0.037259615384615384 0.04807692307692308
0 0.234375 0.5901442307692307 0.037259615384615384 0.04807692307692308
0 0.19831730769230768 0.5889423076923077 0.037259615384615384 0.04807692307692308
0 0.1658653846153846 0.5877403846153846 0.03485576923076923 0.04807692307692308
0 0.1310096153846154 0.5865384615384616 0.03485576923076923 0.04807692307692308
0 0.09615384615384616 0.5829326923076923 0.03485576923076923 0.042067307692307696
0 0.06490384615384616 0.5829326923076923 0.03485576923076923 0.04447115384615385
0 0.03125 0.5805288461538461 0.03485576923076923 0.04447115384615385
0 0.008413461538461538 0.5793269230769231 0.015625 0.04807692307692308
0 0.5444711538461539 0.5600961538461539 0.010817307692307692 0.05048076923076923
0 0.5216346153846154 0.5600961538461539 0.042067307692307696 0.052884615384615384
0 0.4795673076923077 0.5564903846153846 0.042067307692307696 0.052884615384615384
0 0.4423076923076923 0.5552884615384616 0.042067307692307696 0.052884615384615384
0 0.3641826923076923 0.5552884615384616 0.039663461538461536 0.05048076923076923
0 0.3269230769230769 0.5540865384615384 0.039663461538461536 0.04807692307692308
0 0.4026442307692308 0.5540865384615384 0.042067307692307696 0.052884615384615384
0 0.2536057692307692 0.5516826923076923 0.037259615384615384 0.04807692307692308
0 0.21875 0.5516826923076923 0.037259615384615384 0.04807692307692308
0 0.28966346153846156 0.5504807692307693 0.037259615384615384 0.04807692307692308
0 0.18509615384615385 0.5492788461538461 0.037259615384615384 0.04447115384615385
0 0.1502403846153846 0.5492788461538461 0.03485576923076923 0.04807692307692308
0 0.11658653846153846 0.5480769230769231 0.03485576923076923 0.04807692307692308
0 0.08413461538461539 0.546875 0.03485576923076923 0.04807692307692308
0 0.051682692307692304 0.5444711538461539 0.03485576923076923 0.04807692307692308
0 0.020432692307692308 0.5432692307692307 0.03485576923076923 0.04807692307692308
0 0.5348557692307693 0.5180288461538461 0.03125 0.04807692307692308
0 0.46153846153846156 0.5168269230769231 0.042067307692307696 0.04807692307692308
0 0.5 0.5168269230769231 0.042067307692307696 0.04807692307692308
0 0.4206730769230769 0.515625 0.042067307692307696 0.04807692307692308
0 0.34615384615384615 0.515625 0.037259615384615384 0.04807692307692308
0 0.38341346153846156 0.5144230769230769 0.042067307692307696 0.04807692307692308
0 0.23918269230769232 0.5144230769230769 0.03485576923076923 0.04807692307692308
0 0.27403846153846156 0.5144230769230769 0.037259615384615384 0.04807692307692308
0 0.31009615384615385 0.5132211538461539 0.037259615384615384 0.04807692307692308
0 0.20552884615384615 0.5120192307692307 0.037259615384615384 0.04447115384615385
0 0.16947115384615385 0.5120192307692307 0.03485576923076923 0.04807692307692308
0 0.13701923076923078 0.5108173076923077 0.03485576923076923 0.04447115384615385
0 0.10336538461538461 0.5108173076923077 0.03485576923076923 0.042067307692307696
0 0.07091346153846154 0.5096153846153846 0.03485576923076923 0.04807692307692308
0 0.01201923076923077 0.5048076923076923 0.02403846153846154 0.04807692307692308
0 0.039663461538461536 0.5072115384615384 0.03485576923076923 0.042067307692307696
0 0.5444711538461539 0.4795673076923077 0.010817307692307692 0.05048076923076923
0 0.5228365384615384 0.47836538461538464 0.039663461538461536 0.05048076923076923
0 0.4423076923076923 0.47836538461538464 0.039663461538461536 0.05048076923076923
0 0.48197115384615385 0.47836538461538464 0.039663461538461536 0.05048076923076923
0 0.36658653846153844 0.47596153846153844 0.039663461538461536 0.05048076923076923
0 0.4050480769230769 0.47596153846153844 0.039663461538461536 0.05048076923076923
0 0.22355769230769232 0.47596153846153844 0.039663461538461536 0.04807692307692308
0 0.25841346153846156 0.47475961538461536 0.039663461538461536 0.05048076923076923
0 0.18990384615384615 0.47475961538461536 0.037259615384615384 0.04807692307692308
0 0.33052884615384615 0.47475961538461536 0.039663461538461536 0.05048076923076923
0 0.09014423076923077 0.47475961538461536 0.03485576923076923 0.04807692307692308
0 0.29447115384615385 0.47475961538461536 0.039663461538461536 0.05048076923076923
0 0.15745192307692307 0.4735576923076923 0.037259615384615384 0.04807692307692308
0 0.12139423076923077 0.4723557692307692 0.037259615384615384 0.04807692307692308
0 0.057692307692307696 0.47115384615384615 0.037259615384615384 0.04807692307692308
0 0.025240384615384616 0.4699519230769231 0.037259615384615384 0.04807692307692308
0 0.004807692307692308 0.46875 0.009615384615384616 0.04807692307692308
0 0.2848557692307692 0.9951923076923077 0.040865384615384616 0.009615384615384616
0 0.24519230769230768 0.9927884615384616 0.039663461538461536 0.013221153846153846
0 0.20673076923076922 0.9915865384615384 0.042067307692307696 0.015625
0 0.16826923076923078 0.9879807692307693 0.039663461538461536 0.02403846153846154
0 0.5240384615384616 0.9855769230769231 0.04807692307692308 0.028846153846153848
0 0.12980769230769232 0.9855769230769231 0.037259615384615384 0.028846153846153848
0 0.47716346153846156 0.984375 0.04447115384615385 0.03125
0 0.09134615384615384 0.9819711538461539 0.038461538461538464 0.036057692307692304
0 0.4326923076923077 0.9807692307692307 0.04326923076923077 0.038461538461538464
0 0.054086538461538464 0.9807692307692307 0.036057692307692304 0.038461538461538464
0 0.390625 0.9795673076923077 0.04447115384615385 0.039663461538461536
0 0.021634615384615384 0.9783653846153846 0.037259615384615384 0.042067307692307696
0 0.34975961538461536 0.9759615384615384 0.042067307692307696 0.04807692307692308
0 0.31009615384615385 0.9735576923076923 0.042067307692307696 0.052884615384615384
0 0.2668269230769231 0.9723557692307693 0.042067307692307696 0.055288461538461536
0 0.22956730769230768 0.9663461538461539 0.039663461538461536 0.057692307692307696
0 0.18990384615384615 0.9627403846153846 0.039663461538461536 0.057692307692307696
0 0.15384615384615385 0.9579326923076923 0.039663461538461536 0.057692307692307696
0 0.5360576923076923 0.9555288461538461 0.028846153846153848 0.057692307692307696
0 0.11658653846153846 0.953125 0.039663461538461536 0.057692307692307696
0 0.5012019230769231 0.9507211538461539 0.04447115384615385 0.057692307692307696
0 0.07932692307692307 0.9483173076923077 0.037259615384615384 0.055288461538461536
0 0.4579326923076923 0.9483173076923077 0.04447115384615385 0.057692307692307696
0 0.04326923076923077 0.9447115384615384 0.037259615384615384 0.055288461538461536
0 0.41225961538461536 0.9447115384615384 0.04447115384615385 0.057692307692307696
0 0.013221153846153846 0.9375 0.026442307692307692 0.055288461538461536
0 0.3701923076923077 0.9387019230769231 0.042067307692307696 0.057692307692307696
0 0.33052884615384615 0.9338942307692307 0.042067307692307696 0.06129807692307692
0 0.28966346153846156 0.9290865384615384 0.042067307692307696 0.057692307692307696
0 0.2512019230769231 0.9230769230769231 0.039663461538461536 0.055288461538461536
0 0.21153846153846154 0.9182692307692307 0.039663461538461536 0.055288461538461536
0 0.8016826923076923 0.7524038461538461 0.06129807692307692 0.140625
0 0.6923076923076923 0.7295673076923077 0.07091346153846154 0.140625
0 0.5829326923076923 0.6887019230769231 0.06610576923076923 0.14543269230769232
0 0.8257211538461539 0.5733173076923077 0.06370192307692307 0.13221153846153846
0 0.7487980769230769 0.5444711538461539 0.06850961538461539 0.140625
0 0.6670673076923077 0.4879807692307692 0.07451923076923077 0.140625