0 0.3858173076923077 0.25961538461538464 0.06129807692307692 0.13581730769230768
0 0.4651442307692308 0.25841346153846156 0.039663461538461536 0.12139423076923077
0 0.28125 0.15504807692307693 0.03485576923076923 0.07692307692307693
0 0.22716346153846154 0.1346153846153846 0.07692307692307693 0.14302884615384615
0 0.12259615384615384 0.06490384615384616 0.08653846153846154 0.12860576923076922
0 0.039663461538461536 0.04447115384615385 0.07932692307692307 0.0889423076923077
0 0.5324519230769231 0.39663461538461536 0.09375 0.140625
0 0.8425480769230769 0.38221153846153844 0.09375 0.140625
0 0.7475961538461539 0.37740384615384615 0.09375 0.14302884615384615
0 0.6466346153846154 0.375 0.09375 0.140625
0 0.953125 0.3701923076923077 0.09375 0.140625
0 0.5096153846153846 0.2692307692307692 0.04927884615384615 0.13822115384615385
0 0.5817307692307693 0.2692307692307692 0.09375 0.140625
0 0.8918269230769231 0.25841346153846156 0.09375 0.140625
0 0.6971153846153846 0.2548076923076923 0.09375 0.13822115384615385
0 0.7980769230769231 0.25240384615384615 0.09375 0.14302884615384615
0 0.9759615384615384 0.24639423076923078 0.046875 0.140625
0 0.6334134615384616 0.1502403846153846 0.09134615384615384 0.140625
0 0.5324519230769231 0.1466346153846154 0.09375 0.14302884615384615
0 0.9423076923076923 0.13822115384615385 0.09375 0.140625
0 0.7451923076923077 0.13221153846153846 0.09615384615384616 0.14302884615384615
0 0.8473557692307693 0.1310096153846154 0.09615384615384616 0.140625
0 0.5841346153846154 0.04807692307692308 0.09375 0.09615384615384616
0 0.6778846153846154 0.04927884615384615 0.09375 0.0985576923076923
0 0.5072115384615384 0.046875 0.04447115384615385 0.09375
0 0.9747596153846154 0.04567307692307692 0.04927884615384615 0.09134615384615384
0 0.9002403846153846 0.042067307692307696 0.09615384615384616 0.08413461538461539
0 0.7932692307692307 0.039663461538461536 0.09615384615384616 0.07932692307692307
0 0.59375 0.5012019230769231 0.09375 0.14302884615384615
0 0.14423076923076922 0.953125 0.056490384615384616 0.09375
0 0.04326923076923077 0.9507211538461539 0.056490384615384616 0.09134615384615384
0 0.2692307692307692 0.9459134615384616 0.056490384615384616 0.09375
0 0.39302884615384615 0.9411057692307693 0.056490384615384616 0.09134615384615384
0 0.17307692307692307 0.8725961538461539 0.056490384615384616 0.09615384615384616
0 0.06850961538461539 0.8677884615384616 0.05889423076923077 0.09134615384615384
0 0.2956730769230769 0.8617788461538461 0.056490384615384616 0.09615384615384616
0 0.4230769230769231 0.8509615384615384 0.05889423076923077 0.09375
0 0.09254807692307693 0.7848557692307693 0.05889423076923077 0.09134615384615384
0 0.20192307692307693 0.7836538461538461 0.056490384615384616 0.09375
0 0.3233173076923077 0.7776442307692307 0.05889423076923077 0.09615384615384616
0 0.44711538461538464 0.7668269230769231 0.05889423076923077 0.09375
0 0.008413461538461538 0.7079326923076923 0.016826923076923076 0.09375
0 0.109375 0.7079326923076923 0.056490384615384616 0.09375
0 0.22596153846153846 0.7019230769230769 0.05889423076923077 0.0889423076923077
0 0.34975961538461536 0.6947115384615384 0.056490384615384616 0.09375
0 0.46274038461538464 0.6850961538461539 0.04447115384615385 0.09375
0 0.02283653846153846 0.6262019230769231 0.04447115384615385 0.09375
0 0.13701923076923078 0.6237980769230769 0.056490384615384616 0.0889423076923077
0 0.25600961538461536 0.6189903846153846 0.056490384615384616 0.07932692307692307
0 0.3762019230769231 0.6165865384615384 0.05889423076923077 0.07451923076923077
0 0.47596153846153844 0.6129807692307693 0.016826923076923076 0.0673076923076923
0 0.019230769230769232 0.9939903846153846 0.038461538461538464 0.01201923076923077
0 0.24639423076923078 0.9939903846153846 0.056490384615384616 0.01201923076923077
0 0.36177884615384615 0.9879807692307693 0.055288461538461536 0.02403846153846154
0 0.921875 0.8161057692307693 0.15625 0.25961538461538464
0 0.5649038461538461 0.7439903846153846 0.15865384615384615 0.25961538461538464
0 0.8557692307692307 0.671875 0.20552884615384615 0.18509615384615385
0 0.8581730769230769 0.9435096153846154 0.16346153846153846 0.11298076923076923
0 0.5276442307692307 0.9014423076923077 0.08413461538461539 0.1971153846153846
0 0.7283653846153846 0.8846153846153846 0.20552884615384615 0.23076923076923078