0 0.01201923076923077 0.36538461538461536 0.02403846153846154 0.12620192307692307
0 0.06129807692307692 0.3389423076923077 0.0733173076923077 0.12620192307692307
0 0.13701923076923078 0.3004807692307692 0.08173076923076923 0.1310096153846154
0 0.22355769230769232 0.27283653846153844 0.0889423076923077 0.1310096153846154
0 0.31850961538461536 0.2536057692307692 0.09375 0.13581730769230768
0 0.03125 0.23918269230769232 0.06129807692307692 0.12259615384615384
0 0.4230769230769231 0.20793269230769232 0.10096153846153846 0.140625
0 0.09735576923076923 0.203125 0.07692307692307693 0.12620192307692307
0 0.18028846153846154 0.17067307692307693 0.08173076923076923 0.1310096153846154
0 0.020432692307692308 0.16706730769230768 0.040865384615384616 0.10817307692307693
0 0.265625 0.1346153846153846 0.0889423076923077 0.1310096153846154
0 0.08052884615384616 0.13221153846153846 0.07692307692307693 0.10817307692307693
0 0.36538461538461536 0.10216346153846154 0.09375 0.140625
0 0.15745192307692307 0.10096153846153846 0.07692307692307693 0.11298076923076923
0 0.234375 0.06490384615384616 0.07692307692307693 0.12259615384615384
0 0.3125 0.03365384615384615 0.0889423076923077 0.06610576923076923
0 0.41586538461538464 0.016826923076923076 0.09615384615384616 0.03365384615384615
0 0.9615384615384616 0.515625 0.07692307692307693 0.20432692307692307
0 0.5793269230769231 0.515625 0.11298076923076923 0.20432692307692307
0 0.7355769230769231 0.5144230769230769 0.18990384615384615 0.20673076923076922
0 0.8834134615384616 0.3762019230769231 0.1875 0.2704326923076923
0 0.6418269230769231 0.32572115384615385 0.18028846153846154 0.24879807692307693
0 0.7788461538461539 0.1875 0.171875 0.23197115384615385
0 0.9326923076923077 0.18389423076923078 0.1346153846153846 0.24278846153846154
0 0.5805288461538461 0.1141826923076923 0.11778846153846154 0.2283653846153846
0 0.9663461538461539 0.05889423076923077 0.06610576923076923 0.11778846153846154
0 0.8545673076923077 0.04807692307692308 0.1622596153846154 0.09615384615384616
0 0.6887019230769231 0.046875 0.16947115384615385 0.09375
0 0.9831730769230769 0.35216346153846156 0.03365384615384615 0.19951923076923078
0 0.31009615384615385 0.8088942307692307 0.21153846153846154 0.38221153846153844
0 0.14423076923076922 0.8088942307692307 0.17427884615384615 0.38221153846153844
0 0.039663461538461536 0.8245192307692307 0.07932692307692307 0.35096153846153844
0 0.8197115384615384 0.9423076923076923 0.12259615384615384 0.11538461538461539
0 0.5829326923076923 0.9423076923076923 0.1201923076923077 0.11538461538461539
0 0.9290865384615384 0.9483173076923077 0.10336538461538461 0.10336538461538461
0 0.6995192307692307 0.9471153846153846 0.10817307692307693 0.10576923076923077
0 0.9338942307692307 0.8040865384615384 0.1201923076923077 0.18269230769230768
0 0.5805288461538461 0.8004807692307693 0.11298076923076923 0.16466346153846154
0 0.8221153846153846 0.7992788461538461 0.11057692307692307 0.15985576923076922
0 0.7007211538461539 0.796875 0.12620192307692307 0.18990384615384615
0 0.9495192307692307 0.6622596153846154 0.10096153846153846 0.0889423076923077
0 0.7115384615384616 0.6610576923076923 0.10817307692307693 0.08653846153846154
0 0.8341346153846154 0.6670673076923077 0.12620192307692307 0.0985576923076923
0 0.5925480769230769 0.6658653846153846 0.12620192307692307 0.09615384615384616