0 0.16826923076923078 0.054086538461538464 0.13942307692307693 0.10817307692307693
0 0.042067307692307696 0.051682692307692304 0.0829326923076923 0.10336538461538461
0 0.028846153846153848 0.20673076923076922 0.057692307692307696 0.328125
0 0.12620192307692307 0.2247596153846154 0.1466346153846154 0.2247596153846154
0 0.05889423076923077 0.4110576923076923 0.11778846153846154 0.1971153846153846
0 0.18870192307692307 0.42788461538461536 0.0985576923076923 0.22956730769230768
0 0.8221153846153846 0.16105769230769232 0.2548076923076923 0.15384615384615385
0 0.41586538461538464 0.17908653846153846 0.25961538461538464 0.16706730769230768
0 0.9951923076923077 0.22956730769230768 0.009615384615384616 0.1310096153846154
0 0.296875 0.23677884615384615 0.11899038461538461 0.12139423076923077
0 0.5769230769230769 0.34134615384615385 0.33052884615384615 0.2247596153846154
0 0.4807692307692308 0.003605769230769231 0.2548076923076923 0.007211538461538462
0 0.3557692307692308 0.39903846153846156 0.23677884615384615 0.171875
0 0.8966346153846154 0.40384615384615385 0.20673076923076922 0.171875
0 0.3076923076923077 0.47716346153846156 0.14182692307692307 0.1310096153846154
0 0.8197115384615384 0.47836538461538464 0.3557692307692308 0.12860576923076922
0 0.5588942307692307 0.5168269230769231 0.25961538461538464 0.052884615384615384
0 0.9783653846153846 0.04807692307692308 0.04326923076923077 0.09615384615384616
0 0.6634615384615384 0.06009615384615385 0.2644230769230769 0.1201923076923077
0 0.31009615384615385 0.06850961538461539 0.1466346153846154 0.13581730769230768
0 0.9098557692307693 0.08413461538461539 0.17908653846153846 0.1141826923076923
0 0.6526442307692307 0.20552884615384615 0.18389423076923078 0.11057692307692307
0 0.5048076923076923 0.09375 0.17668269230769232 0.10096153846153846
0 0.5853365384615384 0.7716346153846154 0.5600961538461539 0.4567307692307692