0 0.29086538461538464 0.2403846153846154 0.203125 0.4807692307692308
0 0.6358173076923077 0.2247596153846154 0.20072115384615385 0.31850961538461536
0 0.4639423076923077 0.234375 0.14423076923076922 0.32091346153846156
0 0.828125 0.24759615384615385 0.18389423076923078 0.31850961538461536
0 0.9603365384615384 0.24639423076923078 0.078125 0.33533653846153844
0 0.42427884615384615 0.46153846153846156 0.06370192307692307 0.2283653846153846
0 0.5456730769230769 0.47115384615384615 0.16706730769230768 0.24519230769230768
0 0.7199519230769231 0.47596153846153844 0.15384615384615385 0.23317307692307693
0 0.8942307692307693 0.4855769230769231 0.15985576923076922 0.2403846153846154
0 0.5516826923076923 0.06850961538461539 0.18629807692307693 0.13701923076923078
0 0.9170673076923077 0.07572115384615384 0.1658653846153846 0.15144230769230768
0 0.7247596153846154 0.07932692307692307 0.1658653846153846 0.15865384615384615
0 0.4266826923076923 0.07211538461538461 0.06850961538461539 0.14423076923076922
0 0.11658653846153846 0.8533653846153846 0.23317307692307693 0.2932692307692308
0 0.7932692307692307 0.7824519230769231 0.15985576923076922 0.1466346153846154
0 0.9375 0.7824519230769231 0.125 0.1466346153846154
0 0.6310096153846154 0.7824519230769231 0.15985576923076922 0.1466346153846154
0 0.4675480769230769 0.7836538461538461 0.15144230769230768 0.14903846153846154
0 0.8677884615384616 0.9098557692307693 0.15384615384615385 0.18028846153846154
0 0.7091346153846154 0.9098557692307693 0.15865384615384615 0.18028846153846154
0 0.9747596153846154 0.9122596153846154 0.05048076923076923 0.17548076923076922
0 0.5492788461538461 0.9110576923076923 0.16105769230769232 0.1778846153846154
0 0.43028846153846156 0.9146634615384616 0.07692307692307693 0.17067307692307693