0 0.265625 0.16947115384615385 0.10697115384615384 0.3389423076923077
0 0.0985576923076923 0.15745192307692307 0.18990384615384615 0.28725961538461536
0 0.06610576923076923 0.4651442307692308 0.13221153846153846 0.265625
0 0.22956730769230768 0.46274038461538464 0.18028846153846154 0.30528846153846156
0 0.15745192307692307 0.5901442307692307 0.17307692307692307 0.04927884615384615
0 0.21754807692307693 0.021634615384615384 0.18509615384615385 0.04326923076923077
0 0.8100961538461539 0.109375 0.1971153846153846 0.21875
0 0.9483173076923077 0.09014423076923077 0.10216346153846154 0.18028846153846154
0 0.6430288461538461 0.09014423076923077 0.14903846153846154 0.18028846153846154
0 0.4699519230769231 0.11177884615384616 0.19951923076923078 0.22355769230769232
0 0.3485576923076923 0.0985576923076923 0.05889423076923077 0.1971153846153846
0 0.8088942307692307 0.31490384615384615 0.14903846153846154 0.21754807692307693
0 0.9423076923076923 0.3173076923076923 0.1141826923076923 0.2932692307692308
0 0.4807692307692308 0.3233173076923077 0.14182692307692307 0.21754807692307693
0 0.3581730769230769 0.33413461538461536 0.078125 0.2776442307692308
0 0.9459134615384616 0.5252403846153846 0.10697115384615384 0.1778846153846154
0 0.6466346153846154 0.5360576923076923 0.15144230769230768 0.15625
0 0.3557692307692308 0.5348557692307693 0.0733173076923077 0.15865384615384615
0 0.8161057692307693 0.5204326923076923 0.19230769230769232 0.1875
0 0.47716346153846156 0.5324519230769231 0.1875 0.16346153846153846
0 0.6490384615384616 0.3269230769230769 0.1971153846153846 0.2932692307692308
0 0.03245192307692308 0.7211538461538461 0.06490384615384616 0.21153846153846154
0 0.13581730769230768 0.78125 0.13942307692307693 0.20673076923076922
0 0.27403846153846156 0.8810096153846154 0.09014423076923077 0.21514423076923078
0 0.03245192307692308 0.9146634615384616 0.06490384615384616 0.17067307692307693
0 0.13701923076923078 0.9411057692307693 0.13221153846153846 0.11658653846153846
0 0.25841346153846156 0.9795673076923077 0.12139423076923077 0.040865384615384616
0 0.109375 0.6478365384615384 0.13701923076923078 0.06610576923076923
0 0.24278846153846154 0.6754807692307693 0.12980769230769232 0.12139423076923077
0 0.7896634615384616 0.7512019230769231 0.13701923076923078 0.27283653846153844
0 0.7668269230769231 0.9471153846153846 0.13942307692307693 0.1045673076923077
0 0.6766826923076923 0.8329326923076923 0.11177884615384616 0.2536057692307692
0 0.5805288461538461 0.8834134615384616 0.11298076923076923 0.23317307692307693
0 0.49158653846153844 0.9194711538461539 0.09014423076923077 0.16105769230769232
0 0.41466346153846156 0.9483173076923077 0.10216346153846154 0.10216346153846154