0 0.9615384615384616 0.33653846153846156 0.05048076923076923 0.08052884615384616
0 0.7620192307692307 0.33052884615384615 0.05048076923076923 0.08533653846153846
0 0.8161057692307693 0.33052884615384615 0.052884615384615384 0.0829326923076923
0 0.7067307692307693 0.3293269230769231 0.05048076923076923 0.0829326923076923
0 0.8665865384615384 0.3245192307692308 0.05048076923076923 0.08533653846153846
0 0.5192307692307693 0.30528846153846156 0.014423076923076924 0.0829326923076923
0 0.5492788461538461 0.3016826923076923 0.052884615384615384 0.0829326923076923
0 0.6069711538461539 0.29927884615384615 0.052884615384615384 0.08052884615384616
0 0.65625 0.296875 0.05048076923076923 0.0829326923076923
0 0.7884615384615384 0.28846153846153844 0.002403846153846154 0.002403846153846154
0 0.9903846153846154 0.2800480769230769 0.019230769230769232 0.08052884615384616
0 0.8966346153846154 0.2548076923076923 0.05048076923076923 0.08052884615384616
0 0.8377403846153846 0.2548076923076923 0.05048076923076923 0.0829326923076923
0 0.7259615384615384 0.2536057692307692 0.05048076923076923 0.08052884615384616
0 0.7764423076923077 0.2536057692307692 0.05048076923076923 0.08052884615384616
0 0.9459134615384616 0.23918269230769232 0.05048076923076923 0.0829326923076923
0 0.53125 0.2283653846153846 0.038461538461538464 0.0829326923076923
0 0.5793269230769231 0.22716346153846154 0.05048076923076923 0.08533653846153846
0 0.6814903846153846 0.22355769230769232 0.052884615384615384 0.08533653846153846
0 0.6286057692307693 0.22355769230769232 0.05048076923076923 0.0829326923076923
0 0.859375 0.18028846153846154 0.05048076923076923 0.0829326923076923
0 0.7536057692307693 0.17668269230769232 0.052884615384615384 0.0829326923076923
0 0.9158653846153846 0.17548076923076922 0.052884615384615384 0.0829326923076923
0 0.9783653846153846 0.171875 0.04326923076923077 0.0829326923076923
0 0.8064903846153846 0.16826923076923078 0.05048076923076923 0.0829326923076923
0 0.5480769230769231 0.15384615384615385 0.052884615384615384 0.0829326923076923
0 0.6033653846153846 0.15264423076923078 0.05048076923076923 0.0829326923076923
0 0.7091346153846154 0.14903846153846154 0.052884615384615384 0.08533653846153846
0 0.6574519230769231 0.14783653846153846 0.05048076923076923 0.08052884615384616
0 0.9927884615384616 0.12379807692307693 0.014423076923076924 0.078125
0 0.9314903846153846 0.109375 0.05048076923076923 0.07572115384615384
0 0.8822115384615384 0.10697115384615384 0.05048076923076923 0.0829326923076923
0 0.7764423076923077 0.10216346153846154 0.05048076923076923 0.0829326923076923
0 0.8329326923076923 0.09495192307692307 0.05048076923076923 0.0829326923076923
0 0.5252403846153846 0.08173076923076923 0.026442307692307692 0.08533653846153846
0 0.5637019230769231 0.07932692307692307 0.05048076923076923 0.08052884615384616
0 0.6225961538461539 0.07572115384615384 0.052884615384615384 0.0829326923076923
0 0.7319711538461539 0.0733173076923077 0.05048076923076923 0.08533653846153846
0 0.6790865384615384 0.0733173076923077 0.05048076923076923 0.08533653846153846
0 0.9819711538461539 0.054086538461538464 0.036057692307692304 0.08052884615384616
0 0.9194711538461539 0.039663461538461536 0.05048076923076923 0.07932692307692307
0 0.8641826923076923 0.03365384615384615 0.05048076923076923 0.0673076923076923
0 0.8100961538461539 0.028846153846153848 0.052884615384615384 0.057692307692307696
0 0.5444711538461539 0.02283653846153846 0.05048076923076923 0.04567307692307692
0 0.6033653846153846 0.020432692307692308 0.05048076923076923 0.040865384615384616
0 0.7608173076923077 0.020432692307692308 0.05048076923076923 0.040865384615384616
0 0.6550480769230769 0.020432692307692308 0.052884615384615384 0.040865384615384616
0 0.7115384615384616 0.018028846153846152 0.052884615384615384 0.036057692307692304
0 0.9603365384615384 0.009615384615384616 0.05048076923076923 0.019230769230769232
0 0.7836538461538461 0.4050480769230769 0.052884615384615384 0.0829326923076923
0 0.7319711538461539 0.4014423076923077 0.052884615384615384 0.0829326923076923
0 0.6730769230769231 0.39903846153846156 0.05048076923076923 0.0829326923076923
0 0.9050480769230769 0.3858173076923077 0.05048076923076923 0.0829326923076923
0 0.6225961538461539 0.3641826923076923 0.05048076923076923 0.06370192307692307
0 0.6382211538461539 0.453125 0.06850961538461539 0.1141826923076923
0 0.43149038461538464 0.9567307692307693 0.15625 0.08653846153846154
0 0.3701923076923077 0.8221153846153846 0.23076923076923078 0.23557692307692307
0 0.1346153846153846 0.8064903846153846 0.23076923076923078 0.23076923076923078
0 0.45072115384615385 0.6225961538461539 0.12379807692307693 0.21634615384615385
0 0.2704326923076923 0.6213942307692307 0.22596153846153846 0.21394230769230768
0 0.8762019230769231 0.9783653846153846 0.24759615384615385 0.04326923076923077
0 0.5745192307692307 0.953125 0.125 0.09375
0 0.7223557692307693 0.8822115384615384 0.3076923076923077 0.20192307692307693
0 0.9543269230769231 0.875 0.09134615384615384 0.20673076923076922
0 0.6117788461538461 0.7151442307692307 0.19951923076923078 0.20673076923076922
0 0.8653846153846154 0.7103365384615384 0.2692307692307692 0.20673076923076922
0 0.7139423076923077 0.5805288461538461 0.32091346153846156 0.1310096153846154
0 0.953125 0.5793269230769231 0.09375 0.12980769230769232