0 0.9891826923076923 0.04927884615384615 0.021634615384615384 0.0985576923076923
0 0.9350961538461539 0.05048076923076923 0.08653846153846154 0.10096153846153846
0 0.8473557692307693 0.05048076923076923 0.08413461538461539 0.10096153846153846
0 0.7632211538461539 0.05048076923076923 0.08413461538461539 0.10096153846153846
0 0.6814903846153846 0.051682692307692304 0.08173076923076923 0.10336538461538461
0 0.3605769230769231 0.051682692307692304 0.051682692307692304 0.10336538461538461
0 0.5973557692307693 0.051682692307692304 0.08173076923076923 0.10336538461538461
0 0.5120192307692307 0.051682692307692304 0.08413461538461539 0.10336538461538461
0 0.42908653846153844 0.051682692307692304 0.07932692307692307 0.10336538461538461
0 0.890625 0.1466346153846154 0.08653846153846154 0.12620192307692307
0 0.9663461538461539 0.1466346153846154 0.06610576923076923 0.12620192307692307
0 0.5492788461538461 0.1466346153846154 0.08413461538461539 0.12259615384615384
0 0.6334134615384616 0.1466346153846154 0.08413461538461539 0.12620192307692307
0 0.8040865384615384 0.14783653846153846 0.08413461538461539 0.12259615384615384
0 0.3858173076923077 0.14783653846153846 0.08173076923076923 0.1201923076923077
0 0.7211538461538461 0.14903846153846154 0.08173076923076923 0.12259615384615384
0 0.46634615384615385 0.14903846153846154 0.07932692307692307 0.12259615384615384
0 0.35697115384615385 0.2548076923076923 0.04447115384615385 0.12620192307692307
0 0.9326923076923077 0.2548076923076923 0.08653846153846154 0.12620192307692307
0 0.9879807692307693 0.2548076923076923 0.02403846153846154 0.12620192307692307
0 0.5925480769230769 0.2548076923076923 0.08413461538461539 0.12620192307692307
0 0.421875 0.2548076923076923 0.08173076923076923 0.12620192307692307
0 0.7608173076923077 0.2548076923076923 0.08413461538461539 0.12620192307692307
0 0.6778846153846154 0.25600961538461536 0.08413461538461539 0.12259615384615384
0 0.5096153846153846 0.25600961538461536 0.08173076923076923 0.12259615384615384
0 0.8449519230769231 0.25600961538461536 0.08413461538461539 0.12259615384615384
0 0.5480769230769231 0.36177884615384615 0.08413461538461539 0.12620192307692307
0 0.46634615384615385 0.36177884615384615 0.08413461538461539 0.12259615384615384
0 0.7175480769230769 0.3629807692307692 0.08413461538461539 0.12620192307692307
0 0.38100961538461536 0.3629807692307692 0.08413461538461539 0.12620192307692307
0 0.9651442307692307 0.3629807692307692 0.06850961538461539 0.12620192307692307
0 0.6346153846153846 0.3629807692307692 0.08413461538461539 0.12620192307692307
0 0.8028846153846154 0.3629807692307692 0.08413461538461539 0.12620192307692307
0 0.8870192307692307 0.3641826923076923 0.08653846153846154 0.12860576923076922
0 0.5072115384615384 0.4543269230769231 0.08413461538461539 0.09615384615384616
0 0.4182692307692308 0.4543269230769231 0.08413461538461539 0.09615384615384616
0 0.3557692307692308 0.45552884615384615 0.042067307692307696 0.09375
0 0.5913461538461539 0.45552884615384615 0.08413461538461539 0.09375
0 0.6742788461538461 0.4567307692307692 0.08413461538461539 0.09134615384615384
0 0.7584134615384616 0.45552884615384615 0.08413461538461539 0.09375
0 0.9855769230769231 0.45552884615384615 0.028846153846153848 0.09375
0 0.84375 0.45552884615384615 0.08653846153846154 0.09375
0 0.9326923076923077 0.45552884615384615 0.08653846153846154 0.09375
0 0.18509615384615385 0.5612980769230769 0.14302884615384615 0.11778846153846154
0 0.056490384615384616 0.5913461538461539 0.11298076923076923 0.1778846153846154
0 0.28966346153846156 0.6370192307692307 0.09134615384615384 0.2091346153846154
0 0.18028846153846154 0.7271634615384616 0.13581730769230768 0.20432692307692307
0 0.052884615384615384 0.7740384615384616 0.10576923076923077 0.19471153846153846
0 0.2824519230769231 0.8449519230769231 0.10576923076923077 0.20673076923076922
0 0.1310096153846154 0.9038461538461539 0.12860576923076922 0.19230769230769232
0 0.036057692307692304 0.9411057692307693 0.07091346153846154 0.11778846153846154
0 0.23197115384615385 0.9555288461538461 0.12860576923076922 0.0889423076923077
0 0.4543269230769231 0.5180288461538461 0.08653846153846154 0.03245192307692308
0 0.5420673076923077 0.5216346153846154 0.0889423076923077 0.039663461538461536
0 0.3737980769230769 0.5204326923076923 0.07932692307692307 0.037259615384615384
0 0.8052884615384616 0.5480769230769231 0.0889423076923077 0.09134615384615384
0 0.38822115384615385 0.578125 0.09134615384615384 0.10576923076923077
0 0.47836538461538464 0.578125 0.0889423076923077 0.10576923076923077
0 0.5913461538461539 0.5877403846153846 0.0889423076923077 0.10817307692307693
0 0.8569711538461539 0.6346153846153846 0.09134615384615384 0.10817307692307693
0 0.6706730769230769 0.6514423076923077 0.09375 0.11057692307692307
0 0.9483173076923077 0.6550480769230769 0.0889423076923077 0.10817307692307693
0 0.7692307692307693 0.65625 0.09134615384615384 0.10817307692307693
0 0.5276442307692307 0.6658653846153846 0.09375 0.10817307692307693
0 0.35697115384615385 0.6658653846153846 0.04447115384615385 0.10576923076923077
0 0.43149038461538464 0.6694711538461539 0.09134615384615384 0.10336538461538461
0 0.8533653846153846 0.7560096153846154 0.09134615384615384 0.10817307692307693
0 0.3798076923076923 0.7596153846153846 0.0889423076923077 0.11057692307692307
0 0.6658653846153846 0.7632211538461539 0.09375 0.10817307692307693
0 0.9435096153846154 0.7632211538461539 0.08653846153846154 0.10576923076923077
0 0.5697115384615384 0.7632211538461539 0.09134615384615384 0.10817307692307693
0 0.4735576923076923 0.7644230769230769 0.09375 0.10817307692307693
0 0.7620192307692307 0.765625 0.09134615384615384 0.10817307692307693
0 0.42427884615384615 0.8545673076923077 0.09134615384615384 0.10817307692307693
0 0.3557692307692308 0.8545673076923077 0.042067307692307696 0.10817307692307693
0 0.6189903846153846 0.8581730769230769 0.09375 0.11298076923076923
0 0.90625 0.859375 0.0889423076923077 0.11057692307692307
0 0.5204326923076923 0.859375 0.09375 0.11057692307692307
0 0.8125 0.859375 0.09134615384615384 0.11057692307692307
0 0.9759615384615384 0.859375 0.04807692307692308 0.10817307692307693
0 0.7175480769230769 0.8629807692307693 0.09375 0.11298076923076923
0 0.3798076923076923 0.9471153846153846 0.0889423076923077 0.10576923076923077
0 0.46875 0.9471153846153846 0.09134615384615384 0.10576923076923077
0 0.5697115384615384 0.9471153846153846 0.09134615384615384 0.10576923076923077
0 0.6634615384615384 0.9483173076923077 0.09134615384615384 0.10336538461538461
0 0.8557692307692307 0.9483173076923077 0.08653846153846154 0.10336538461538461
0 0.953125 0.9495192307692307 0.0889423076923077 0.10096153846153846
0 0.7632211538461539 0.9519230769230769 0.09375 0.09615384615384616