0 0.2848557692307692 0.28125 0.14182692307692307 0.13221153846153846
0 0.04447115384615385 0.29447115384615385 0.08774038461538461 0.12980769230769232
0 0.5180288461538461 0.3137019230769231 0.07572115384615384 0.1346153846153846
0 0.4026442307692308 0.34375 0.1346153846153846 0.11899038461538461
0 0.15504807692307693 0.36778846153846156 0.14423076923076922 0.12379807692307693
0 0.2764423076923077 0.390625 0.12740384615384615 0.10216346153846154
0 0.052884615384615384 0.39783653846153844 0.1045673076923077 0.10216346153846154
0 0.5012019230769231 0.39903846153846156 0.109375 0.09495192307692307
0 0.38461538461538464 0.4375 0.12740384615384615 0.08774038461538461
0 0.16105769230769232 0.46033653846153844 0.12980769230769232 0.09014423076923077
0 0.27403846153846156 0.4831730769230769 0.12139423076923077 0.09014423076923077
0 0.4951923076923077 0.5 0.12139423076923077 0.09735576923076923
0 0.05889423076923077 0.5012019230769231 0.11658653846153846 0.09975961538461539
0 0.5408653846153846 0.5036057692307693 0.028846153846153848 0.09014423076923077
0 0.38221153846153844 0.5300480769230769 0.109375 0.09495192307692307
0 0.17067307692307693 0.5348557692307693 0.11658653846153846 0.08533653846153846
0 0.009615384615384616 0.5492788461538461 0.019230769230769232 0.09254807692307693
0 0.27283653846153844 0.5721153846153846 0.1141826923076923 0.08533653846153846
0 0.5360576923076923 0.5913461538461539 0.038461538461538464 0.08052884615384616
0 0.4651442307692308 0.5925480769230769 0.11177884615384616 0.08533653846153846
0 0.06490384615384616 0.6225961538461539 0.11899038461538461 0.09014423076923077
0 0.1778846153846154 0.6418269230769231 0.10697115384615384 0.0829326923076923
0 0.27524038461538464 0.6550480769230769 0.09735576923076923 0.078125
0 0.38341346153846156 0.6586538461538461 0.1045673076923077 0.078125
0 0.013221153846153846 0.6622596153846154 0.026442307692307692 0.08533653846153846
0 0.5829326923076923 0.040865384615384616 0.040865384615384616 0.08173076923076923
0 0.6225961538461539 0.04447115384615385 0.040865384615384616 0.08774038461538461
0 0.6622596153846154 0.046875 0.040865384615384616 0.09254807692307693
0 0.6971153846153846 0.04927884615384615 0.038461538461538464 0.09735576923076923
0 0.7668269230769231 0.05048076923076923 0.036057692307692304 0.09975961538461539
0 0.7331730769230769 0.05048076923076923 0.036057692307692304 0.09975961538461539
0 0.5721153846153846 0.1201923076923077 0.03125 0.11899038461538461
0 0.6057692307692307 0.12860576923076922 0.040865384615384616 0.11899038461538461
0 0.6466346153846154 0.12860576923076922 0.040865384615384616 0.11899038461538461
0 0.6838942307692307 0.13341346153846154 0.038461538461538464 0.11899038461538461
0 0.7536057692307693 0.13581730769230768 0.036057692307692304 0.109375
0 0.71875 0.13701923076923078 0.040865384615384616 0.11658653846153846
0 0.7872596153846154 0.13822115384615385 0.03365384615384615 0.1045673076923077
0 0.5612980769230769 0.22355769230769232 0.009615384615384616 0.12379807692307693
0 0.5877403846153846 0.22596153846153846 0.040865384615384616 0.12980769230769232
0 0.7391826923076923 0.2283653846153846 0.03365384615384615 0.11177884615384616
0 0.7019230769230769 0.2283653846153846 0.038461538461538464 0.11658653846153846
0 0.6658653846153846 0.2283653846153846 0.038461538461538464 0.12139423076923077
0 0.6274038461538461 0.2283653846153846 0.040865384615384616 0.12139423076923077
0 0.8028846153846154 0.2283653846153846 0.03365384615384615 0.10697115384615384
0 0.7716346153846154 0.2283653846153846 0.03365384615384615 0.109375
0 0.8173076923076923 0.3173076923076923 0.03365384615384615 0.1045673076923077
0 0.7836538461538461 0.31850961538461536 0.03365384615384615 0.10216346153846154
0 0.7524038461538461 0.31971153846153844 0.038461538461538464 0.10697115384615384
0 0.7199519230769231 0.3245192307692308 0.036057692307692304 0.1141826923076923
0 0.6478365384615384 0.3245192307692308 0.038461538461538464 0.1141826923076923
0 0.6826923076923077 0.328125 0.038461538461538464 0.1141826923076923
0 0.609375 0.3293269230769231 0.040865384615384616 0.11177884615384616
0 0.5721153846153846 0.3293269230769231 0.03125 0.12740384615384615
0 0.8317307692307693 0.4050480769230769 0.03125 0.09975961538461539
0 0.8028846153846154 0.4074519230769231 0.03365384615384615 0.10697115384615384
0 0.7716346153846154 0.4098557692307692 0.036057692307692304 0.1045673076923077
0 0.7379807692307693 0.41225961538461536 0.038461538461538464 0.11658653846153846
0 0.703125 0.41466346153846156 0.038461538461538464 0.1141826923076923
0 0.6670673076923077 0.4206730769230769 0.038461538461538464 0.11899038461538461
0 0.6298076923076923 0.4254807692307692 0.040865384615384616 0.12139423076923077
0 0.5865384615384616 0.43028846153846156 0.04447115384615385 0.12379807692307693
0 0.5612980769230769 0.43509615384615385 0.009615384615384616 0.12980769230769232
0 0.8185096153846154 0.49759615384615385 0.03365384615384615 0.09975961538461539
0 0.7884615384615384 0.4987980769230769 0.036057692307692304 0.1045673076923077
0 0.7572115384615384 0.5084134615384616 0.036057692307692304 0.109375
0 0.7223557692307693 0.5120192307692307 0.038461538461538464 0.11899038461538461
0 0.6850961538461539 0.515625 0.038461538461538464 0.11177884615384616
0 0.6466346153846154 0.5216346153846154 0.040865384615384616 0.11899038461538461
0 0.6057692307692307 0.5300480769230769 0.04447115384615385 0.1141826923076923
0 0.5709134615384616 0.5432692307692307 0.028846153846153848 0.12379807692307693
0 0.8040865384615384 0.5865384615384616 0.03125 0.1045673076923077
0 0.7728365384615384 0.5925480769230769 0.038461538461538464 0.109375
0 0.7379807692307693 0.5997596153846154 0.038461538461538464 0.11658653846153846
0 0.703125 0.6033653846153846 0.036057692307692304 0.11177884615384616
0 0.6670673076923077 0.6105769230769231 0.036057692307692304 0.12139423076923077
0 0.6286057692307693 0.6165865384615384 0.04447115384615385 0.11899038461538461
0 0.5841346153846154 0.6286057692307693 0.046875 0.11899038461538461
0 0.7872596153846154 0.6802884615384616 0.036057692307692304 0.1045673076923077
0 0.7548076923076923 0.6875 0.038461538461538464 0.1045673076923077
0 0.7175480769230769 0.6899038461538461 0.03365384615384615 0.10697115384615384
0 0.6826923076923077 0.6995192307692307 0.038461538461538464 0.10216346153846154
0 0.6466346153846154 0.6995192307692307 0.038461538461538464 0.10216346153846154
0 0.6045673076923077 0.7043269230769231 0.04447115384615385 0.09254807692307693
0 0.5709134615384616 0.7163461538461539 0.028846153846153848 0.07091346153846154
0 0.7704326923076923 0.7319711538461539 0.03365384615384615 0.038461538461538464
0 0.734375 0.7331730769230769 0.038461538461538464 0.036057692307692304
0 0.7007211538461539 0.7391826923076923 0.03125 0.02403846153846154
0 0.9915865384615384 0.40384615384615385 0.016826923076923076 0.11899038461538461
0 0.9927884615384616 0.49759615384615385 0.014423076923076924 0.11658653846153846
0 0.9975961538461539 0.59375 0.004807692307692308 0.09975961538461539
0 0.05048076923076923 0.9230769230769231 0.09975961538461539 0.15384615384615385
0 0.140625 0.9435096153846154 0.13942307692307693 0.11177884615384616
0 0.40024038461538464 0.9423076923076923 0.18990384615384615 0.1141826923076923
0 0.5024038461538461 0.9543269230769231 0.10697115384615384 0.09014423076923077
0 0.018028846153846152 0.8004807692307693 0.036057692307692304 0.09735576923076923
0 0.23557692307692307 0.8221153846153846 0.19230769230769232 0.14182692307692307
0 0.5132211538461539 0.8317307692307693 0.08533653846153846 0.16105769230769232
0 0.34615384615384615 0.8245192307692307 0.15625 0.1466346153846154
0 0.6454326923076923 0.7932692307692307 0.1778846153846154 0.0829326923076923
0 0.7211538461538461 0.9050480769230769 0.23197115384615385 0.18990384615384615
0 0.9206730769230769 0.9134615384615384 0.15865384615384615 0.17307692307692307