0 0.013221153846153846 0.078125 0.026442307692307692 0.15504807692307693
0 0.2668269230769231 0.1778846153846154 0.11538461538461539 0.18389423076923078
0 0.056490384615384616 0.18990384615384615 0.11177884615384616 0.1814903846153846
0 0.18629807692307693 0.3161057692307692 0.12259615384615384 0.18389423076923078
0 0.29447115384615385 0.35697115384615385 0.07451923076923077 0.18389423076923078
0 0.078125 0.3713942307692308 0.11177884615384616 0.17668269230769232
0 0.01201923076923077 0.38100961538461536 0.02403846153846154 0.15745192307692307
0 0.22956730769230768 0.42908653846153844 0.11778846153846154 0.06129807692307692
0 0.8533653846153846 0.42788461538461536 0.056490384615384616 0.06129807692307692
0 0.7067307692307693 0.6682692307692307 0.1310096153846154 0.20072115384615385
0 0.3954326923076923 0.7163461538461539 0.12860576923076922 0.28846153846153844
0 0.5817307692307693 0.765625 0.14182692307692307 0.21153846153846154
0 0.9507211538461539 0.7764423076923077 0.0985576923076923 0.22716346153846154
0 0.8125 0.7860576923076923 0.1201923076923077 0.2091346153846154
0 0.43990384615384615 0.8737980769230769 0.1466346153846154 0.22235576923076922
0 0.7055288461538461 0.8894230769230769 0.13341346153846154 0.21153846153846154
0 0.578125 0.9362980769230769 0.14182692307692307 0.12740384615384615
0 0.8473557692307693 0.9447115384615384 0.12259615384615384 0.109375
0 0.8569711538461539 0.49158653846153844 0.1310096153846154 0.06370192307692307
0 0.39663461538461536 0.5168269230769231 0.1310096153846154 0.11538461538461539
0 0.6538461538461539 0.5372596153846154 0.15745192307692307 0.15504807692307693
0 0.9807692307692307 0.5516826923076923 0.037259615384615384 0.18389423076923078
0 0.5192307692307693 0.5997596153846154 0.17668269230769232 0.2620192307692308