0 0.016826923076923076 0.31850961538461536 0.03365384615384615 0.06971153846153846
0 0.375 0.32572115384615385 0.109375 0.057692307692307696
0 0.4879807692307692 0.31850961538461536 0.11177884615384616 0.06971153846153846
0 0.10576923076923077 0.28846153846153844 0.15384615384615385 0.12980769230769232
0 0.2548076923076923 0.22235576923076922 0.15865384615384615 0.24519230769230768
0 0.421875 0.20552884615384615 0.15625 0.23677884615384615
0 0.03485576923076923 0.16826923076923078 0.06971153846153846 0.23677884615384615
0 0.5348557692307693 0.16346153846153846 0.055288461538461536 0.234375
0 0.13942307692307693 0.11298076923076923 0.15384615384615385 0.22596153846153846
0 0.3269230769230769 0.06490384615384616 0.15384615384615385 0.12980769230769232
0 0.48197115384615385 0.052884615384615384 0.15625 0.10576923076923077
0 0.6850961538461539 0.29927884615384615 0.0625 0.109375
0 0.6201923076923077 0.2848557692307692 0.06009615384615385 0.11177884615384616
0 0.5697115384615384 0.2704326923076923 0.015625 0.1141826923076923
0 0.8052884615384616 0.17668269230769232 0.06009615384615385 0.11177884615384616
0 0.7367788461538461 0.15865384615384615 0.06009615384615385 0.109375
0 0.6730769230769231 0.13221153846153846 0.06009615384615385 0.11177884615384616
0 0.6045673076923077 0.11778846153846154 0.0625 0.1141826923076923
0 0.796875 0.06490384615384616 0.06009615384615385 0.109375
0 0.7283653846153846 0.05048076923076923 0.06009615384615385 0.10096153846153846
0 0.6682692307692307 0.036057692307692304 0.0625 0.07211538461538461
0 0.6057692307692307 0.026442307692307692 0.06009615384615385 0.051682692307692304
0 0.7920673076923077 0.007211538461538462 0.055288461538461536 0.014423076923076924
0 0.4675480769230769 0.4230769230769231 0.18990384615384615 0.13822115384615385
0 0.08052884615384616 0.421875 0.16105769230769232 0.13581730769230768
0 0.2692307692307692 0.4206730769230769 0.20072115384615385 0.13221153846153846
0 0.7572115384615384 0.5769230769230769 0.390625 0.44471153846153844