0 0.3605769230769231 0.12379807692307693 0.04807692307692308 0.10096153846153846
0 0.18509615384615385 0.13822115384615385 0.0625 0.11778846153846154
0 0.030048076923076924 0.14783653846153846 0.05048076923076923 0.09495192307692307
0 0.7884615384615384 0.15865384615384615 0.1201923076923077 0.23677884615384615
0 0.3233173076923077 0.17548076923076922 0.055288461538461536 0.09254807692307693
0 0.0829326923076923 0.17668269230769232 0.037259615384615384 0.06009615384615385
0 0.12980769230769232 0.18629807692307693 0.055288461538461536 0.11298076923076923
0 0.24879807692307693 0.19591346153846154 0.05048076923076923 0.10576923076923077
0 0.45072115384615385 0.19831730769230768 0.16105769230769232 0.3245192307692308
0 0.33653846153846156 0.01201923076923077 0.04326923076923077 0.02403846153846154
0 0.009615384615384616 0.22956730769230768 0.019230769230769232 0.0889423076923077
0 0.3605769230769231 0.23317307692307693 0.04326923076923077 0.10096153846153846
0 0.11538461538461539 0.24639423076923078 0.04807692307692308 0.0829326923076923
0 0.0625 0.2512019230769231 0.05048076923076923 0.078125
0 0.29927884615384615 0.2536057692307692 0.06009615384615385 0.11538461538461539
0 0.21033653846153846 0.25600961538461536 0.04567307692307692 0.09014423076923077
0 0.25 0.016826923076923076 0.04326923076923077 0.03245192307692308
0 0.6550480769230769 0.2848557692307692 0.12620192307692307 0.25600961538461536
0 0.17307692307692307 0.2860576923076923 0.04567307692307692 0.08533653846153846
0 0.24639423076923078 0.30528846153846156 0.04807692307692308 0.09254807692307693
0 0.18990384615384615 0.02283653846153846 0.052884615384615384 0.04567307692307692
0 0.8966346153846154 0.32572115384615385 0.10817307692307693 0.2608173076923077
0 0.13341346153846154 0.3269230769230769 0.04567307692307692 0.08774038461538461
0 0.006009615384615385 0.3329326923076923 0.01201923076923077 0.10817307692307693
0 0.35336538461538464 0.33653846153846156 0.055288461538461536 0.10576923076923077
0 0.04567307692307692 0.3401442307692308 0.057692307692307696 0.10817307692307693
0 0.19110576923076922 0.34615384615384615 0.05048076923076923 0.0985576923076923
0 0.3088942307692308 0.3701923076923077 0.05048076923076923 0.10096153846153846
0 0.8088942307692307 0.40024038461538464 0.14302884615384615 0.3112980769230769
0 0.24158653846153846 0.40384615384615385 0.04807692307692308 0.09254807692307693
0 0.3954326923076923 0.40384615384615385 0.04567307692307692 0.09014423076923077
0 0.5168269230769231 0.4110576923076923 0.039663461538461536 0.08052884615384616
0 0.11298076923076923 0.4170673076923077 0.04807692307692308 0.09495192307692307
0 0.44471153846153844 0.4170673076923077 0.04326923076923077 0.09254807692307693
0 0.036057692307692304 0.42427884615384615 0.04807692307692308 0.08052884615384616
0 0.04567307692307692 0.03245192307692308 0.055288461538461536 0.06490384615384616
0 0.35697115384615385 0.4375 0.04807692307692308 0.08774038461538461
0 0.006009615384615385 0.43990384615384615 0.01201923076923077 0.09014423076923077
0 0.09014423076923077 0.44350961538461536 0.039663461538461536 0.08774038461538461
0 0.20072115384615385 0.44711538461538464 0.04807692307692308 0.09254807692307693
0 0.5552884615384616 0.4495192307692308 0.039663461538461536 0.08533653846153846
0 0.3762019230769231 0.03245192307692308 0.04807692307692308 0.06490384615384616
0 0.4831730769230769 0.45913461538461536 0.037259615384615384 0.08052884615384616
0 0.17908653846153846 0.47115384615384615 0.03485576923076923 0.08052884615384616
0 0.296875 0.4795673076923077 0.04807692307692308 0.0985576923076923
0 0.5204326923076923 0.5 0.04326923076923077 0.08533653846153846
0 0.4098557692307692 0.5048076923076923 0.04807692307692308 0.09254807692307693
0 0.453125 0.5108173076923077 0.037259615384615384 0.0829326923076923
0 0.02403846153846154 0.5132211538461539 0.04807692307692308 0.0985576923076923
0 0.9314903846153846 0.5192307692307693 0.09495192307692307 0.21394230769230768
0 0.234375 0.5300480769230769 0.055288461538461536 0.10576923076923077
0 0.3485576923076923 0.53125 0.05048076923076923 0.09495192307692307
0 0.5540865384615384 0.5324519230769231 0.039663461538461536 0.078125
0 0.08413461538461539 0.5360576923076923 0.05048076923076923 0.09495192307692307
0 0.4879807692307692 0.546875 0.039663461538461536 0.078125
0 0.671875 0.5552884615384616 0.14302884615384615 0.296875
0 0.8509615384615384 0.5661057692307693 0.12259615384615384 0.21394230769230768
0 0.5204326923076923 0.578125 0.03485576923076923 0.0673076923076923
0 0.390625 0.5841346153846154 0.04326923076923077 0.08533653846153846
0 0.29447115384615385 0.5853365384615384 0.05048076923076923 0.09495192307692307
0 0.4483173076923077 0.5901442307692307 0.039663461538461536 0.078125
0 0.054086538461538464 0.6021634615384616 0.04807692307692308 0.09014423076923077
0 0.5673076923076923 0.6213942307692307 0.04807692307692308 0.0985576923076923
0 0.4831730769230769 0.6346153846153846 0.039663461538461536 0.078125
0 0.004807692307692308 0.6346153846153846 0.009615384615384616 0.0985576923076923
0 0.41466346153846156 0.6370192307692307 0.037259615384615384 0.0733173076923077
0 0.19831730769230768 0.6478365384615384 0.052884615384615384 0.11057692307692307
0 0.3269230769230769 0.6502403846153846 0.055288461538461536 0.10576923076923077
0 0.4483173076923077 0.6610576923076923 0.037259615384615384 0.0673076923076923
0 0.13581730769230768 0.6634615384615384 0.052884615384615384 0.10817307692307693
0 0.38100961538461536 0.6646634615384616 0.03485576923076923 0.07091346153846154
0 0.20673076923076922 0.04567307692307692 0.052884615384615384 0.09014423076923077
0 0.6165865384615384 0.6766826923076923 0.04807692307692308 0.09495192307692307
0 0.1466346153846154 0.04567307692307692 0.04807692307692308 0.09014423076923077
0 0.5300480769230769 0.6899038461538461 0.052884615384615384 0.10096153846153846
0 0.06490384615384616 0.6959134615384616 0.05048076923076923 0.09495192307692307
0 0.4230769230769231 0.7019230769230769 0.03485576923076923 0.0733173076923077
0 0.5709134615384616 0.7127403846153846 0.039663461538461536 0.08774038461538461
0 0.24759615384615385 0.71875 0.055288461538461536 0.11057692307692307
0 0.8810096153846154 0.7199519230769231 0.10096153846153846 0.19831730769230768
0 0.32211538461538464 0.04807692307692308 0.04807692307692308 0.09254807692307693
0 0.453125 0.7283653846153846 0.030048076923076924 0.07572115384615384
0 0.7680288461538461 0.7319711538461539 0.10096153846153846 0.20552884615384615
0 0.48677884615384615 0.7391826923076923 0.04567307692307692 0.09495192307692307
0 0.16947115384615385 0.7391826923076923 0.03485576923076923 0.0829326923076923
0 0.6069711538461539 0.7427884615384616 0.039663461538461536 0.0733173076923077
0 0.3858173076923077 0.7463942307692307 0.037259615384615384 0.0733173076923077
0 0.3112980769230769 0.7475961538461539 0.052884615384615384 0.10336538461538461
0 0.1201923076923077 0.7536057692307693 0.04807692307692308 0.078125
0 0.2091346153846154 0.7548076923076923 0.052884615384615384 0.10096153846153846
0 0.3449519230769231 0.7692307692307693 0.03485576923076923 0.0733173076923077
0 0.4326923076923077 0.7692307692307693 0.03485576923076923 0.0733173076923077
0 0.53125 0.7764423076923077 0.04567307692307692 0.08533653846153846
0 0.1502403846153846 0.7800480769230769 0.04567307692307692 0.08774038461538461
0 0.5661057692307693 0.7932692307692307 0.039663461538461536 0.08533653846153846
0 0.6959134615384616 0.07091346153846154 0.13581730769230768 0.140625
0 0.006009615384615385 0.056490384615384616 0.01201923076923077 0.0985576923076923
0 0.49278846153846156 0.8209134615384616 0.04326923076923077 0.078125
0 0.07211538461538461 0.8233173076923077 0.04807692307692308 0.08533653846153846
0 0.13581730769230768 0.8257211538461539 0.03485576923076923 0.0673076923076923
0 0.18389423076923078 0.8269230769230769 0.04807692307692308 0.09014423076923077
0 0.31490384615384615 0.8269230769230769 0.04326923076923077 0.06490384615384616
0 0.3954326923076923 0.8293269230769231 0.037259615384615384 0.078125
0 0.6081730769230769 0.8329326923076923 0.04567307692307692 0.0985576923076923
0 0.35096153846153844 0.8545673076923077 0.04326923076923077 0.08052884615384616
0 0.2932692307692308 0.8557692307692307 0.037259615384615384 0.0829326923076923
0 0.234375 0.8629807692307693 0.06009615384615385 0.11298076923076923
0 0.16346153846153846 0.8629807692307693 0.04567307692307692 0.0829326923076923
0 0.4050480769230769 0.06129807692307692 0.04326923076923077 0.0733173076923077
0 0.5685096153846154 0.8689903846153846 0.03245192307692308 0.0733173076923077
0 0.5336538461538461 0.8725961538461539 0.04567307692307692 0.09254807692307693
0 0.4543269230769231 0.8810096153846154 0.039663461538461536 0.0829326923076923
0 0.6550480769230769 0.8882211538461539 0.04567307692307692 0.10096153846153846
0 0.006009615384615385 0.9050480769230769 0.01201923076923077 0.11057692307692307
0 0.9615384615384616 0.08173076923076923 0.07692307692307693 0.16346153846153846
0 0.41947115384615385 0.9158653846153846 0.039663461538461536 0.0829326923076923
0 0.33052884615384615 0.9170673076923077 0.04567307692307692 0.0829326923076923
0 0.9807692307692307 0.9086538461538461 0.03365384615384615 0.18269230769230768
0 0.8810096153846154 0.9158653846153846 0.10336538461538461 0.16826923076923078
0 0.49158653846153844 0.9254807692307693 0.039663461538461536 0.08533653846153846
0 0.6117788461538461 0.9459134615384616 0.04807692307692308 0.10096153846153846
0 0.039663461538461536 0.9507211538461539 0.055288461538461536 0.0985576923076923
0 0.24158653846153846 0.9579326923076923 0.04567307692307692 0.08413461538461539
0 0.10096153846153846 0.9603365384615384 0.057692307692307696 0.07932692307692307
0 0.4519230769230769 0.9639423076923077 0.04326923076923077 0.07211538461538461
0 0.38100961538461536 0.9675480769230769 0.04326923076923077 0.06490384615384616
0 0.6502403846153846 0.9675480769230769 0.04567307692307692 0.06490384615384616
0 0.29086538461538464 0.9699519230769231 0.04567307692307692 0.06009615384615385
0 0.3449519230769231 0.9699519230769231 0.037259615384615384 0.06009615384615385
0 0.5685096153846154 0.9723557692307693 0.04326923076923077 0.055288461538461536
0 0.41947115384615385 0.9771634615384616 0.039663461538461536 0.04567307692307692
0 0.49038461538461536 0.9807692307692307 0.039663461538461536 0.037259615384615384
0 0.2608173076923077 0.078125 0.052884615384615384 0.10576923076923077
0 0.06850961538461539 0.08052884615384616 0.057692307692307696 0.10817307692307693
0 0.5673076923076923 0.11658653846153846 0.1310096153846154 0.23317307692307693
0 0.5276442307692307 0.9963942307692307 0.039663461538461536 0.007211538461538462
0 0.20192307692307693 0.5432692307692307 0.037259615384615384 0.09014423076923077