0 0.8870192307692307 0.2860576923076923 0.10096153846153846 0.1622596153846154
0 0.2127403846153846 0.2980769230769231 0.10336538461538461 0.17067307692307693
0 0.7800480769230769 0.33052884615384615 0.0985576923076923 0.1622596153846154
0 0.6802884615384616 0.40024038461538464 0.0985576923076923 0.1622596153846154
0 0.9639423076923077 0.4014423076923077 0.07211538461538461 0.16466346153846154
0 0.4375 0.42788461538461536 0.09615384615384616 0.15985576923076922
0 0.2776442307692308 0.44591346153846156 0.10336538461538461 0.16706730769230768
0 0.8762019230769231 0.45072115384615385 0.10096153846153846 0.1622596153846154
0 0.5721153846153846 0.48677884615384615 0.0985576923076923 0.1622596153846154
0 0.75 0.5108173076923077 0.10096153846153846 0.16706730769230768
0 0.22956730769230768 0.5504807692307693 0.09615384615384616 0.16466346153846154
0 0.4795673076923077 0.5588942307692307 0.0985576923076923 0.16466346153846154
0 0.9483173076923077 0.5637019230769231 0.10336538461538461 0.1622596153846154
0 0.039663461538461536 0.5637019230769231 0.07932692307692307 0.17067307692307693
0 0.6658653846153846 0.6045673076923077 0.10697115384615384 0.16466346153846154
0 0.3894230769230769 0.6141826923076923 0.09615384615384616 0.1622596153846154
0 0.8173076923076923 0.6346153846153846 0.10096153846153846 0.16466346153846154
0 0.5673076923076923 0.6490384615384616 0.09615384615384616 0.15985576923076922
0 0.2956730769230769 0.6802884615384616 0.10096153846153846 0.16466346153846154
0 0.0985576923076923 0.6947115384615384 0.0985576923076923 0.15985576923076922
0 0.19591346153846154 0.7043269230769231 0.09615384615384616 0.15985576923076922
0 0.4723557692307692 0.7223557692307693 0.10096153846153846 0.15745192307692307
0 0.734375 0.7259615384615384 0.10336538461538461 0.17067307692307693
0 0.96875 0.8004807692307693 0.0625 0.15865384615384615
0 0.25721153846153844 0.8221153846153846 0.06610576923076923 0.140625
0 0.32572115384615385 0.8269230769230769 0.0985576923076923 0.16706730769230768
0 0.6646634615384616 0.8293269230769231 0.09615384615384616 0.1622596153846154
0 0.7824519230769231 0.8365384615384616 0.09254807692307693 0.14302884615384615
0 0.5228365384615384 0.8449519230769231 0.10336538461538461 0.17067307692307693
0 0.8786057692307693 0.8449519230769231 0.10096153846153846 0.15985576923076922
0 0.052884615384615384 0.8461538461538461 0.09014423076923077 0.16466346153846154
0 0.125 0.8617788461538461 0.0985576923076923 0.15144230769230768