0 0.23317307692307693 0.20552884615384615 0.0889423076923077 0.14182692307692307
0 0.49399038461538464 0.21754807692307693 0.10576923076923077 0.15384615384615385
0 0.609375 0.2247596153846154 0.11899038461538461 0.15865384615384615
0 0.39783653846153844 0.2283653846153846 0.09375 0.14903846153846154
0 0.14423076923076922 0.25600961538461536 0.08052884615384616 0.14423076923076922
0 0.054086538461538464 0.30408653846153844 0.0733173076923077 0.13581730769230768
0 0.6442307692307693 0.35216346153846156 0.1310096153846154 0.14903846153846154
0 0.5168269230769231 0.359375 0.1141826923076923 0.1466346153846154
0 0.3954326923076923 0.3737980769230769 0.10576923076923077 0.15625
0 0.2932692307692308 0.38461538461538464 0.09375 0.1466346153846154
0 0.17067307692307693 0.40865384615384615 0.08533653846153846 0.14182692307692307
0 0.07932692307692307 0.45072115384615385 0.078125 0.13942307692307693
0 0.015625 0.4855769230769231 0.030048076923076924 0.12379807692307693
0 0.625 0.5072115384615384 0.1466346153846154 0.1814903846153846
0 0.47836538461538464 0.5132211538461539 0.12379807692307693 0.17668269230769232
0 0.36177884615384615 0.5288461538461539 0.10817307692307693 0.16706730769230768
0 0.2704326923076923 0.5432692307692307 0.09615384615384616 0.15625
0 0.17067307692307693 0.5709134615384616 0.0829326923076923 0.15144230769230768
0 0.07692307692307693 0.59375 0.078125 0.14423076923076922
0 0.6502403846153846 0.6947115384615384 0.1466346153846154 0.1814903846153846
0 0.5072115384615384 0.7007211538461539 0.12620192307692307 0.17668269230769232
0 0.38100961538461536 0.7043269230769231 0.1141826923076923 0.171875
0 0.27283653846153844 0.7139423076923077 0.10096153846153846 0.16105769230769232
0 0.15264423076923078 0.7247596153846154 0.0889423076923077 0.15865384615384615
0 0.06971153846153846 0.7415865384615384 0.08052884615384616 0.14423076923076922
0 0.34134615384615385 0.8762019230769231 0.11899038461538461 0.17668269230769232
0 0.24519230769230768 0.8786057692307693 0.0985576923076923 0.16706730769230768
0 0.6141826923076923 0.8834134615384616 0.15384615384615385 0.20192307692307693
0 0.4699519230769231 0.8834134615384616 0.1310096153846154 0.18990384615384615
0 0.16346153846153846 0.8930288461538461 0.08052884615384616 0.15865384615384615
0 0.07692307692307693 0.8966346153846154 0.078125 0.1466346153846154
0 0.038461538461538464 0.9807692307692307 0.07572115384615384 0.038461538461538464
0 0.11177884615384616 0.9819711538461539 0.09375 0.03485576923076923
0 0.021634615384615384 0.6153846153846154 0.04326923076923077 0.12860576923076922
0 0.25600961538461536 0.9831730769230769 0.10336538461538461 0.03245192307692308
0 0.3605769230769231 0.9855769230769231 0.10576923076923077 0.027644230769230768
0 0.018028846153846152 0.8942307692307693 0.03485576923076923 0.1466346153846154