0 0.22716346153846154 0.22956730769230768 0.09014423076923077 0.14302884615384615
0 0.49158653846153844 0.24158653846153846 0.10817307692307693 0.15625
0 0.609375 0.24879807692307693 0.1201923076923077 0.16105769230769232
0 0.39302884615384615 0.25240384615384615 0.09495192307692307 0.15144230769230768
0 0.13581730769230768 0.28125 0.08173076923076923 0.1466346153846154
0 0.04447115384615385 0.3293269230769231 0.07451923076923077 0.13822115384615385
0 0.6430288461538461 0.3786057692307692 0.13341346153846154 0.15144230769230768
0 0.5144230769230769 0.3858173076923077 0.11538461538461539 0.14903846153846154
0 0.390625 0.40024038461538464 0.10817307692307693 0.15865384615384615
0 0.28725961538461536 0.4110576923076923 0.09495192307692307 0.14903846153846154
0 0.1622596153846154 0.4362980769230769 0.08774038461538461 0.14302884615384615
0 0.07091346153846154 0.47836538461538464 0.07932692307692307 0.140625
0 0.010817307692307692 0.5144230769230769 0.020432692307692308 0.12620192307692307
0 0.6237980769230769 0.5360576923076923 0.14903846153846154 0.18509615384615385
0 0.47596153846153844 0.5408653846153846 0.12620192307692307 0.17908653846153846
0 0.3581730769230769 0.5576923076923077 0.11057692307692307 0.16947115384615385
0 0.2644230769230769 0.5721153846153846 0.09735576923076923 0.15865384615384615
0 0.1622596153846154 0.5997596153846154 0.08413461538461539 0.15384615384615385
0 0.06850961538461539 0.6225961538461539 0.07932692307692307 0.1466346153846154
0 0.6502403846153846 0.7259615384615384 0.14903846153846154 0.18509615384615385
0 0.5048076923076923 0.7319711538461539 0.12860576923076922 0.17908653846153846
0 0.37740384615384615 0.7355769230769231 0.11538461538461539 0.17427884615384615
0 0.2668269230769231 0.7451923076923077 0.10216346153846154 0.16466346153846154
0 0.14543269230769232 0.7560096153846154 0.09014423076923077 0.16105769230769232
0 0.06009615384615385 0.7728365384615384 0.08173076923076923 0.1466346153846154
0 0.33533653846153844 0.9098557692307693 0.1201923076923077 0.17908653846153846
0 0.23798076923076922 0.9122596153846154 0.09975961538461539 0.16947115384615385
0 0.6117788461538461 0.9074519230769231 0.15625 0.18509615384615385
0 0.46634615384615385 0.9098557692307693 0.13341346153846154 0.17908653846153846
0 0.15384615384615385 0.9230769230769231 0.08173076923076923 0.15384615384615385
0 0.06850961538461539 0.9278846153846154 0.07932692307692307 0.14302884615384615
0 0.016826923076923076 0.6454326923076923 0.03365384615384615 0.1310096153846154
0 0.013221153846153846 0.9266826923076923 0.025240384615384616 0.1466346153846154