0 0.010817307692307692 0.27283653846153844 0.021634615384615384 0.1502403846153846
0 0.06610576923076923 0.2644230769230769 0.0733173076923077 0.1658653846153846
0 0.19110576923076922 0.2247596153846154 0.07091346153846154 0.24519230769230768
0 0.12139423076923077 0.15745192307692307 0.0733173076923077 0.27884615384615385
0 0.04567307692307692 0.09375 0.07091346153846154 0.18629807692307693
0 0.21394230769230768 0.09134615384615384 0.02403846153846154 0.1814903846153846
0 0.16947115384615385 0.051682692307692304 0.07091346153846154 0.10216346153846154
0 0.10096153846153846 0.01201923076923077 0.07091346153846154 0.02403846153846154
0 0.08173076923076923 0.8894230769230769 0.16346153846153846 0.22115384615384615
0 0.18990384615384615 0.9026442307692307 0.0733173076923077 0.19471153846153846
0 0.026442307692307692 0.5456730769230769 0.052884615384615384 0.3557692307692308
0 0.13581730769230768 0.5564903846153846 0.1814903846153846 0.3449519230769231
0 0.1658653846153846 0.38822115384615385 0.12139423076923077 0.08173076923076923
0 0.051682692307692304 0.390625 0.10216346153846154 0.08653846153846154
0 0.26322115384615385 0.5300480769230769 0.0733173076923077 0.2920673076923077
0 0.828125 0.5288461538461539 0.2127403846153846 0.30288461538461536
0 0.6141826923076923 0.5252403846153846 0.20552884615384615 0.3004807692307692
0 0.4026442307692308 0.5180288461538461 0.203125 0.30528846153846156
0 0.9735576923076923 0.4987980769230769 0.052884615384615384 0.30288461538461536
0 0.7283653846153846 0.3858173076923077 0.20552884615384615 0.07572115384615384
0 0.32091346153846156 0.3858173076923077 0.18990384615384615 0.07572115384615384
0 0.9170673076923077 0.38461538461538464 0.1658653846153846 0.0733173076923077
0 0.5216346153846154 0.3798076923076923 0.20552884615384615 0.06610576923076923