0 0.02283653846153846 0.28966346153846156 0.04567307692307692 0.2620192307692308
0 0.2608173076923077 0.3088942307692308 0.06370192307692307 0.2536057692307692
0 0.33533653846153844 0.3173076923076923 0.06850961538461539 0.265625
0 0.4951923076923077 0.31971153846153844 0.030048076923076924 0.2608173076923077
0 0.08052884615384616 0.3233173076923077 0.06129807692307692 0.2512019230769231
0 0.19951923076923078 0.37740384615384615 0.06129807692307692 0.2512019230769231
0 0.453125 0.3942307692307692 0.06610576923076923 0.25841346153846156
0 0.13701923076923078 0.4362980769230769 0.06370192307692307 0.2512019230769231
0 0.3870192307692308 0.4723557692307692 0.06850961538461539 0.2608173076923077
0 0.4987980769230769 0.05048076923076923 0.021634615384615384 0.10096153846153846
0 0.015625 0.5204326923076923 0.03125 0.21394230769230768
0 0.030048076923076924 0.054086538461538464 0.05889423076923077 0.10817307692307693
0 0.2439903846153846 0.53125 0.06370192307692307 0.19471153846153846
0 0.06490384615384616 0.5360576923076923 0.06129807692307692 0.18509615384615385
0 0.3161057692307692 0.5360576923076923 0.06610576923076923 0.18509615384615385
0 0.48677884615384615 0.5384615384615384 0.046875 0.18028846153846154
0 0.18269230769230768 0.5637019230769231 0.06370192307692307 0.12860576923076922
0 0.4326923076923077 0.5769230769230769 0.06610576923076923 0.10336538461538461
0 0.1201923076923077 0.5925480769230769 0.06370192307692307 0.07091346153846154
0 0.3557692307692308 0.08653846153846154 0.07091346153846154 0.171875
0 0.09134615384615384 0.09615384615384616 0.06850961538461539 0.19230769230769232
0 0.21394230769230768 0.12860576923076922 0.06370192307692307 0.2536057692307692
0 0.4699519230769231 0.13221153846153846 0.06850961538461539 0.2608173076923077
0 0.1502403846153846 0.18629807692307693 0.06370192307692307 0.24879807692307693
0 0.39783653846153844 0.20793269230769232 0.06850961538461539 0.2608173076923077
0 0.9350961538461539 0.13341346153846154 0.06129807692307692 0.08653846153846154
0 0.8762019230769231 0.12980769230769232 0.06129807692307692 0.0889423076923077
0 0.9807692307692307 0.13701923076923078 0.038461538461538464 0.08653846153846154
0 0.8713942307692307 0.27163461538461536 0.05889423076923077 0.08173076923076923
0 0.6117788461538461 0.4567307692307692 0.06129807692307692 0.07692307692307693
0 0.8112980769230769 0.5228365384615384 0.056490384615384616 0.07091346153846154
0 0.7536057692307693 0.1201923076923077 0.06370192307692307 0.0889423076923077
0 0.6983173076923077 0.3954326923076923 0.05889423076923077 0.07932692307692307
0 0.7572115384615384 0.5204326923076923 0.056490384615384616 0.07091346153846154
0 0.7560096153846154 0.39783653846153844 0.05889423076923077 0.07692307692307693
0 0.8641826923076923 0.5228365384615384 0.056490384615384616 0.07091346153846154
0 0.8425480769230769 0.33774038461538464 0.05889423076923077 0.07932692307692307
0 0.7271634615384616 0.3317307692307692 0.05889423076923077 0.07932692307692307
0 0.8389423076923077 0.46274038461538464 0.056490384615384616 0.0733173076923077
0 0.5528846153846154 0.45552884615384615 0.06129807692307692 0.07932692307692307
0 0.5216346153846154 0.10216346153846154 0.02403846153846154 0.08653846153846154
0 0.8125 0.40024038461538464 0.056490384615384616 0.07692307692307693
0 0.9290865384615384 0.27403846153846156 0.05889423076923077 0.08173076923076923
0 0.7848557692307693 0.46153846153846156 0.056490384615384616 0.0733173076923077
0 0.8894230769230769 0.5817307692307693 0.054086538461538464 0.07091346153846154
0 0.8677884615384616 0.4026442307692308 0.056490384615384616 0.07692307692307693
0 0.9170673076923077 0.5264423076923077 0.054086538461538464 0.07091346153846154
0 0.9903846153846154 0.34375 0.019230769230769232 0.07692307692307693
0 0.640625 0.39302884615384615 0.06129807692307692 0.07932692307692307
0 0.8149038461538461 0.12620192307692307 0.06129807692307692 0.08653846153846154
0 0.8942307692307693 0.4651442307692308 0.056490384615384616 0.0733173076923077
0 0.953125 0.34375 0.056490384615384616 0.07692307692307693
0 0.8137019230769231 0.26802884615384615 0.06129807692307692 0.08413461538461539
0 0.8449519230769231 0.19951923076923078 0.06129807692307692 0.08413461538461539
0 0.6670673076923077 0.3293269230769231 0.06129807692307692 0.07932692307692307
0 0.921875 0.4050480769230769 0.056490384615384616 0.07692307692307693
0 0.9471153846153846 0.46634615384615385 0.056490384615384616 0.0733173076923077
0 0.515625 0.453125 0.01201923076923077 0.07932692307692307
0 0.7848557692307693 0.33533653846153844 0.05889423076923077 0.07932692307692307
0 0.6730769230769231 0.5793269230769231 0.056490384615384616 0.07091346153846154
0 0.9735576923076923 0.40625 0.051682692307692304 0.0733173076923077
0 0.7848557692307693 0.19591346153846154 0.06129807692307692 0.08413461538461539
0 0.7007211538461539 0.5192307692307693 0.05889423076923077 0.0733173076923077
0 0.6358173076923077 0.25841346153846156 0.06129807692307692 0.08413461538461539
0 0.7295673076923077 0.45913461538461536 0.05889423076923077 0.0733173076923077
0 0.7548076923076923 0.2644230769230769 0.06129807692307692 0.08173076923076923
0 0.5733173076923077 0.25600961538461536 0.06370192307692307 0.08173076923076923
0 0.7836538461538461 0.5805288461538461 0.056490384615384616 0.07091346153846154
0 0.6959134615384616 0.2608173076923077 0.06370192307692307 0.08173076923076923
0 0.7548076923076923 0.6141826923076923 0.056490384615384616 0.027644230769230768
0 0.6057692307692307 0.3269230769230769 0.06129807692307692 0.08173076923076923
0 0.5793269230769231 0.3918269230769231 0.06129807692307692 0.07932692307692307
0 0.9699519230769231 0.5276442307692307 0.054086538461538464 0.07091346153846154
0 0.8365384615384616 0.5817307692307693 0.054086538461538464 0.07091346153846154
0 0.7235576923076923 0.19230769230769232 0.06370192307692307 0.08413461538461539
0 0.5456730769230769 0.32211538461538464 0.06129807692307692 0.08173076923076923
0 0.8076923076923077 0.6153846153846154 0.054086538461538464 0.02403846153846154
0 0.5264423076923077 0.2512019230769231 0.03245192307692308 0.08413461538461539
0 0.9411057692307693 0.5829326923076923 0.054086538461538464 0.06610576923076923
0 0.9026442307692307 0.20432692307692307 0.06129807692307692 0.08413461538461539
0 0.6923076923076923 0.11658653846153846 0.06370192307692307 0.0889423076923077
0 0.9855769230769231 0.4675480769230769 0.028846153846153848 0.06971153846153846
0 0.6009615384615384 0.18629807692307693 0.06370192307692307 0.08413461538461539
0 0.8605769230769231 0.6153846153846154 0.051682692307692304 0.02403846153846154
0 0.6622596153846154 0.18990384615384615 0.06370192307692307 0.08413461538461539
0 0.6177884615384616 0.578125 0.05889423076923077 0.07091346153846154
0 0.9603365384615384 0.20793269230769232 0.05889423076923077 0.08413461538461539
0 0.6298076923076923 0.11298076923076923 0.06610576923076923 0.08653846153846154
0 0.6442307692307693 0.5180288461538461 0.05889423076923077 0.0733173076923077
0 0.9122596153846154 0.6153846153846154 0.051682692307692304 0.02403846153846154
0 0.7007211538461539 0.6141826923076923 0.056490384615384616 0.027644230769230768
0 0.8978365384615384 0.3401442307692308 0.05889423076923077 0.07932692307692307
0 0.9939903846153846 0.2091346153846154 0.01201923076923077 0.08413461538461539
0 0.6706730769230769 0.4579326923076923 0.05889423076923077 0.07692307692307693
0 0.9819711538461539 0.5829326923076923 0.036057692307692304 0.06971153846153846
0 0.5661057692307693 0.10817307692307693 0.06610576923076923 0.0889423076923077
0 0.5300480769230769 0.3894230769230769 0.039663461538461536 0.07932692307692307
0 0.5192307692307693 0.5769230769230769 0.019230769230769232 0.0733173076923077
0 0.7295673076923077 0.5793269230769231 0.056490384615384616 0.07091346153846154
0 0.9615384615384616 0.6153846153846154 0.051682692307692304 0.02403846153846154
0 0.5600961538461539 0.578125 0.05889423076923077 0.07091346153846154
0 0.5396634615384616 0.1814903846153846 0.05889423076923077 0.08653846153846154
0 0.6466346153846154 0.6141826923076923 0.056490384615384616 0.027644230769230768
0 0.5865384615384616 0.5180288461538461 0.05889423076923077 0.0733173076923077
0 0.5372596153846154 0.6141826923076923 0.054086538461538464 0.027644230769230768
0 0.5913461538461539 0.6129807692307693 0.05889423076923077 0.030048076923076924
0 0.9771634615384616 0.2764423076923077 0.04567307692307692 0.08173076923076923
0 0.5336538461538461 0.515625 0.046875 0.07692307692307693
0 0.04567307692307692 0.8088942307692307 0.09134615384615384 0.15504807692307693
0 0.04807692307692308 0.9603365384615384 0.09615384615384616 0.07932692307692307
0 0.5456730769230769 0.6971153846153846 0.07091346153846154 0.13822115384615385
0 0.8545673076923077 0.7800480769230769 0.16706730769230768 0.28125
0 0.6298076923076923 0.7884615384615384 0.13581730769230768 0.24158653846153846
0 0.7199519230769231 0.8665865384615384 0.14543269230769232 0.2512019230769231
0 0.5420673076923077 0.9182692307692307 0.06370192307692307 0.1622596153846154
0 0.6105769230769231 0.9675480769230769 0.14302884615384615 0.06370192307692307
0 0.7680288461538461 0.6802884615384616 0.15264423076923078 0.10336538461538461