0 0.021634615384615384 0.3161057692307692 0.04326923076923077 0.28365384615384615
0 0.27524038461538464 0.33533653846153844 0.06971153846153846 0.27524038461538464
0 0.3557692307692308 0.3449519230769231 0.07451923076923077 0.28846153846153844
0 0.5288461538461539 0.3473557692307692 0.03245192307692308 0.28365384615384615
0 0.07932692307692307 0.35216346153846156 0.0673076923076923 0.27283653846153844
0 0.2091346153846154 0.40865384615384615 0.0673076923076923 0.27283653846153844
0 0.484375 0.42788461538461536 0.07211538461538461 0.28125
0 0.140625 0.4735576923076923 0.06971153846153846 0.27283653846153844
0 0.41225961538461536 0.5132211538461539 0.07451923076923077 0.28365384615384615
0 0.5336538461538461 0.055288461538461536 0.02403846153846154 0.109375
0 0.013221153846153846 0.5661057692307693 0.026442307692307692 0.23317307692307693
0 0.027644230769230768 0.05889423076923077 0.055288461538461536 0.11778846153846154
0 0.25721153846153844 0.5757211538461539 0.06971153846153846 0.21153846153846154
0 0.0625 0.5817307692307693 0.0673076923076923 0.20072115384615385
0 0.33533653846153844 0.5817307692307693 0.07211538461538461 0.20072115384615385
0 0.5204326923076923 0.5841346153846154 0.05048076923076923 0.19471153846153846
0 0.18990384615384615 0.6117788461538461 0.06971153846153846 0.13942307692307693
0 0.46153846153846156 0.6262019230769231 0.07211538461538461 0.11177884615384616
0 0.12259615384615384 0.6430288461538461 0.06971153846153846 0.078125
0 0.3786057692307692 0.09375 0.078125 0.1875
0 0.09134615384615384 0.1045673076923077 0.07451923076923077 0.2091346153846154
0 0.2247596153846154 0.13942307692307693 0.06971153846153846 0.27524038461538464
0 0.5024038461538461 0.14302884615384615 0.07451923076923077 0.28365384615384615
0 0.15504807692307693 0.20192307692307693 0.06971153846153846 0.2704326923076923
0 0.42427884615384615 0.22596153846153846 0.07451923076923077 0.28365384615384615
0 0.9867788461538461 0.14302884615384615 0.026442307692307692 0.09375
0 0.9423076923076923 0.140625 0.0673076923076923 0.09615384615384616
0 0.9387019230769231 0.2956730769230769 0.06370192307692307 0.08774038461538461
0 0.65625 0.4963942307692308 0.0673076923076923 0.0829326923076923
0 0.8725961538461539 0.5685096153846154 0.06129807692307692 0.078125
0 0.8100961538461539 0.1310096153846154 0.06971153846153846 0.09615384615384616
0 0.75 0.42908653846153844 0.06370192307692307 0.08533653846153846
0 0.8137019230769231 0.5661057692307693 0.06129807692307692 0.078125
0 0.8125 0.43149038461538464 0.06370192307692307 0.0829326923076923
0 0.9302884615384616 0.5685096153846154 0.06129807692307692 0.078125
0 0.90625 0.36658653846153844 0.06370192307692307 0.08533653846153846
0 0.78125 0.359375 0.06370192307692307 0.08533653846153846
0 0.9026442307692307 0.5024038461538461 0.06129807692307692 0.08052884615384616
0 0.5925480769230769 0.4951923076923077 0.0673076923076923 0.08533653846153846
0 0.5588942307692307 0.11057692307692307 0.026442307692307692 0.09375
0 0.8737980769230769 0.4338942307692308 0.06129807692307692 0.0829326923076923
0 0.9831730769230769 0.296875 0.03365384615384615 0.0889423076923077
0 0.84375 0.5012019230769231 0.06129807692307692 0.08052884615384616
0 0.9567307692307693 0.6310096153846154 0.05889423076923077 0.078125
0 0.9338942307692307 0.4375 0.06129807692307692 0.0829326923076923
0 0.9783653846153846 0.5709134615384616 0.04326923076923077 0.078125
0 0.6875 0.4266826923076923 0.0673076923076923 0.08533653846153846
0 0.8774038461538461 0.13581730769230768 0.0673076923076923 0.09375
0 0.9627403846153846 0.5048076923076923 0.06129807692307692 0.08052884615384616
0 0.8762019230769231 0.29086538461538464 0.0673076923076923 0.09134615384615384
0 0.9086538461538461 0.21634615384615385 0.0673076923076923 0.09134615384615384
0 0.7163461538461539 0.35697115384615385 0.0673076923076923 0.08533653846153846
0 0.9807692307692307 0.43990384615384615 0.037259615384615384 0.0829326923076923
0 0.5516826923076923 0.49158653846153844 0.013221153846153846 0.08533653846153846
0 0.84375 0.3641826923076923 0.06370192307692307 0.08533653846153846
0 0.7235576923076923 0.6286057692307693 0.06129807692307692 0.078125
0 0.84375 0.2127403846153846 0.0673076923076923 0.09134615384615384
0 0.7524038461538461 0.5637019230769231 0.06370192307692307 0.08052884615384616
0 0.6814903846153846 0.28125 0.0673076923076923 0.09134615384615384
0 0.7836538461538461 0.4987980769230769 0.06370192307692307 0.08052884615384616
0 0.8112980769230769 0.28725961538461536 0.0673076923076923 0.08774038461538461
0 0.6153846153846154 0.2776442307692308 0.06971153846153846 0.08774038461538461
0 0.8425480769230769 0.6298076923076923 0.06129807692307692 0.078125
0 0.7475961538461539 0.28365384615384615 0.06971153846153846 0.08774038461538461
0 0.8112980769230769 0.6670673076923077 0.06129807692307692 0.028846153846153848
0 0.6502403846153846 0.3545673076923077 0.0673076923076923 0.08774038461538461
0 0.6201923076923077 0.4254807692307692 0.0673076923076923 0.08533653846153846
0 0.9002403846153846 0.6310096153846154 0.05889423076923077 0.078125
0 0.7776442307692307 0.2091346153846154 0.06971153846153846 0.09134615384615384
0 0.5841346153846154 0.34975961538461536 0.0673076923076923 0.08774038461538461
0 0.8689903846153846 0.6682692307692307 0.05889423076923077 0.026442307692307692
0 0.5625 0.27283653846153844 0.03485576923076923 0.09134615384615384
0 0.9915865384615384 0.6322115384615384 0.015625 0.07211538461538461
0 0.96875 0.22235576923076922 0.06129807692307692 0.09134615384615384
0 0.7427884615384616 0.12740384615384615 0.06971153846153846 0.09615384615384616
0 0.6442307692307693 0.20192307692307693 0.06971153846153846 0.09134615384615384
0 0.9266826923076923 0.6682692307692307 0.056490384615384616 0.026442307692307692
0 0.7115384615384616 0.20552884615384615 0.06971153846153846 0.09134615384615384
0 0.6634615384615384 0.6274038461538461 0.06370192307692307 0.078125
0 0.6754807692307693 0.12259615384615384 0.07211538461538461 0.09375
0 0.6911057692307693 0.5625 0.06370192307692307 0.08052884615384616
0 0.9771634615384616 0.6682692307692307 0.04567307692307692 0.026442307692307692
0 0.7524038461538461 0.6670673076923077 0.06129807692307692 0.028846153846153848
0 0.9663461538461539 0.36899038461538464 0.06370192307692307 0.08533653846153846
0 0.7211538461538461 0.49759615384615385 0.06370192307692307 0.0829326923076923
0 0.6069711538461539 0.11778846153846154 0.07211538461538461 0.09615384615384616
0 0.5673076923076923 0.421875 0.04326923076923077 0.08533653846153846
0 0.5564903846153846 0.6262019230769231 0.021634615384615384 0.08052884615384616
0 0.7836538461538461 0.6286057692307693 0.06129807692307692 0.078125
0 0.5997596153846154 0.6274038461538461 0.06370192307692307 0.078125
0 0.578125 0.1971153846153846 0.06370192307692307 0.09375
0 0.6935096153846154 0.6670673076923077 0.06129807692307692 0.028846153846153848
0 0.6286057692307693 0.5625 0.06370192307692307 0.08052884615384616
0 0.5745192307692307 0.6670673076923077 0.05889423076923077 0.028846153846153848
0 0.6334134615384616 0.6658653846153846 0.06370192307692307 0.03245192307692308
0 0.5709134615384616 0.5600961538461539 0.05048076923076923 0.0829326923076923
0 0.04567307692307692 0.8786057692307693 0.09134615384615384 0.16826923076923078
0 0.5841346153846154 0.7572115384615384 0.078125 0.1502403846153846
0 0.9146634615384616 0.8449519230769231 0.17067307692307693 0.30528846153846156
0 0.6754807692307693 0.8557692307692307 0.1466346153846154 0.2620192307692308
0 0.7740384615384616 0.9026442307692307 0.15745192307692307 0.19471153846153846
0 0.5805288461538461 0.9543269230769231 0.06971153846153846 0.09134615384615384
0 0.8257211538461539 0.7379807692307693 0.1658653846153846 0.11177884615384616