0 0.8389423076923077 0.23317307692307693 0.12620192307692307 0.22716346153846154
0 0.7127403846153846 0.23798076923076922 0.11899038461538461 0.20072115384615385
0 0.5805288461538461 0.2439903846153846 0.13581730769230768 0.23798076923076922
0 0.44471153846153844 0.2512019230769231 0.1310096153846154 0.2127403846153846
0 0.2956730769230769 0.2512019230769231 0.16346153846153846 0.24278846153846154
0 0.7848557692307693 0.43509615384615385 0.109375 0.1935096153846154
0 0.6574519230769231 0.44591346153846156 0.1466346153846154 0.2247596153846154
0 0.5168269230769231 0.45552884615384615 0.12139423076923077 0.203125
0 0.375 0.46875 0.15625 0.24519230769230768
0 0.22235576923076922 0.47716346153846156 0.13581730769230768 0.2127403846153846
0 0.5841346153846154 0.055288461538461536 0.1201923076923077 0.11057692307692307
0 0.7728365384615384 0.6466346153846154 0.12860576923076922 0.21754807692307693
0 0.2920673076923077 0.055288461538461536 0.14182692307692307 0.11057692307692307
0 0.8461538461538461 0.056490384615384616 0.11538461538461539 0.11298076923076923
0 0.6502403846153846 0.6706730769230769 0.11658653846153846 0.1935096153846154
0 0.5072115384615384 0.6790865384615384 0.1466346153846154 0.2247596153846154
0 0.4387019230769231 0.06129807692307692 0.1466346153846154 0.12259615384615384
0 0.3641826923076923 0.6971153846153846 0.12860576923076922 0.20072115384615385
0 0.21514423076923078 0.7115384615384616 0.16346153846153846 0.24278846153846154
0 0.71875 0.06370192307692307 0.13581730769230768 0.12620192307692307
0 0.8497596153846154 0.8449519230769231 0.12139423076923077 0.20552884615384615
0 0.7259615384615384 0.8677884615384616 0.11899038461538461 0.19110576923076922
0 0.59375 0.8822115384615384 0.1310096153846154 0.21995192307692307
0 0.4543269230769231 0.9026442307692307 0.12980769230769232 0.19471153846153846
0 0.30528846153846156 0.9050480769230769 0.15384615384615385 0.18990384615384615
0 0.8377403846153846 0.9771634615384616 0.10096153846153846 0.04447115384615385
0 0.7163461538461539 0.984375 0.10096153846153846 0.03125