0 0.8245192307692307 0.25 0.12259615384615384 0.22115384615384615
0 0.7019230769230769 0.2548076923076923 0.11538461538461539 0.19471153846153846
0 0.5733173076923077 0.2608173076923077 0.13221153846153846 0.23076923076923078
0 0.4411057692307692 0.26802884615384615 0.12740384615384615 0.20673076923076922
0 0.296875 0.26802884615384615 0.15865384615384615 0.23557692307692307
0 0.7716346153846154 0.44711538461538464 0.10576923076923077 0.1875
0 0.6478365384615384 0.4567307692307692 0.14182692307692307 0.21875
0 0.5120192307692307 0.46634615384615385 0.11778846153846154 0.1971153846153846
0 0.3737980769230769 0.4795673076923077 0.15144230769230768 0.23798076923076922
0 0.22596153846153846 0.4879807692307692 0.13221153846153846 0.20673076923076922
0 0.578125 0.06610576923076923 0.11778846153846154 0.13221153846153846
0 0.7596153846153846 0.6514423076923077 0.125 0.21153846153846154
0 0.2956730769230769 0.06610576923076923 0.13701923076923078 0.13221153846153846
0 0.8341346153846154 0.06850961538461539 0.11298076923076923 0.1346153846153846
0 0.640625 0.6754807692307693 0.11298076923076923 0.1875
0 0.5024038461538461 0.6838942307692307 0.14182692307692307 0.21875
0 0.4362980769230769 0.07211538461538461 0.14182692307692307 0.14423076923076922
0 0.3629807692307692 0.7007211538461539 0.125 0.19471153846153846
0 0.21875 0.7151442307692307 0.15865384615384615 0.23557692307692307
0 0.7079326923076923 0.0733173076923077 0.13221153846153846 0.1466346153846154
0 0.8353365384615384 0.8449519230769231 0.11778846153846154 0.19951923076923078
0 0.7151442307692307 0.8665865384615384 0.11538461538461539 0.18509615384615385
0 0.5865384615384616 0.8810096153846154 0.12740384615384615 0.21394230769230768
0 0.453125 0.9038461538461539 0.125 0.18990384615384615
0 0.3088942307692308 0.90625 0.14903846153846154 0.18509615384615385
0 0.8233173076923077 0.9759615384615384 0.0985576923076923 0.04807692307692308
0 0.7055288461538461 0.9831730769230769 0.0985576923076923 0.03365384615384615