0 0.07932692307692307 0.09615384615384616 0.15745192307692307 0.19230769230769232
0 0.2764423076923077 0.10817307692307693 0.22355769230769232 0.21634615384615385
0 0.484375 0.09615384615384616 0.1814903846153846 0.19230769230769232
0 0.08533653846153846 0.2776442307692308 0.16947115384615385 0.15745192307692307
0 0.47115384615384615 0.2776442307692308 0.21394230769230768 0.15745192307692307
0 0.2704326923076923 0.2920673076923077 0.17668269230769232 0.12860576923076922
0 0.1658653846153846 0.4050480769230769 0.05048076923076923 0.09014423076923077
0 0.37259615384615385 0.41586538461538464 0.055288461538461536 0.10216346153846154
0 0.021634615384615384 0.42788461538461536 0.04326923076923077 0.1141826923076923
0 0.46033653846153844 0.4362980769230769 0.055288461538461536 0.10216346153846154
0 0.11177884615384616 0.4543269230769231 0.055288461538461536 0.09975961538461539
0 0.23197115384615385 0.4567307692307692 0.055288461538461536 0.09975961538461539
0 0.3233173076923077 0.4579326923076923 0.055288461538461536 0.09975961538461539
0 0.5961538461538461 0.46875 0.06610576923076923 0.1141826923076923
0 0.41586538461538464 0.49399038461538464 0.057692307692307696 0.09975961538461539
0 0.171875 0.49759615384615385 0.055288461538461536 0.09735576923076923
0 0.01201923076923077 0.5096153846153846 0.02403846153846154 0.09735576923076923
0 0.27283653846153844 0.5192307692307693 0.055288461538461536 0.09735576923076923
0 0.49038461538461536 0.5240384615384616 0.055288461538461536 0.09735576923076923
0 0.05889423076923077 0.5252403846153846 0.057692307692307696 0.10697115384615384
0 0.3581730769230769 0.5324519230769231 0.055288461538461536 0.09975961538461539
0 0.12740384615384615 0.5504807692307693 0.055288461538461536 0.09495192307692307
0 0.6165865384615384 0.5564903846153846 0.06370192307692307 0.109375
0 0.22115384615384615 0.5576923076923077 0.057692307692307696 0.1045673076923077
0 0.4639423076923077 0.5901442307692307 0.06009615384615385 0.10697115384615384
0 0.03245192307692308 0.5961538461538461 0.052884615384615384 0.09735576923076923
0 0.3112980769230769 0.5973557692307693 0.055288461538461536 0.09735576923076923
0 0.6334134615384616 0.6033653846153846 0.038461538461538464 0.09975961538461539
0 0.5300480769230769 0.6117788461538461 0.057692307692307696 0.09975961538461539
0 0.171875 0.6129807692307693 0.055288461538461536 0.09735576923076923
0 0.38822115384615385 0.6177884615384616 0.055288461538461536 0.09735576923076923
0 0.08533653846153846 0.6310096153846154 0.055288461538461536 0.09495192307692307
0 0.25721153846153844 0.6334134615384616 0.055288461538461536 0.09735576923076923
0 0.5889423076923077 0.640625 0.055288461538461536 0.0829326923076923
0 0.4807692307692308 0.6670673076923077 0.055288461538461536 0.09735576923076923
0 0.13341346153846154 0.6754807692307693 0.055288461538461536 0.09254807692307693
0 0.3401442307692308 0.6814903846153846 0.052884615384615384 0.09495192307692307
0 0.4182692307692308 0.7007211538461539 0.055288461538461536 0.09495192307692307
0 0.6298076923076923 0.7019230769230769 0.04567307692307692 0.09735576923076923
0 0.28846153846153844 0.7199519230769231 0.052884615384615384 0.09254807692307693
0 0.21033653846153846 0.7367788461538461 0.06610576923076923 0.1141826923076923
0 0.5949519230769231 0.7391826923076923 0.06370192307692307 0.109375
0 0.1658653846153846 0.7512019230769231 0.04807692307692308 0.09495192307692307
0 0.38100961538461536 0.7728365384615384 0.057692307692307696 0.09735576923076923
0 0.24278846153846154 0.78125 0.052884615384615384 0.09735576923076923
0 0.6334134615384616 0.7956730769230769 0.038461538461538464 0.09735576923076923
0 0.3233173076923077 0.7980769230769231 0.055288461538461536 0.09495192307692307
0 0.20072115384615385 0.8377403846153846 0.055288461538461536 0.09254807692307693
0 0.025240384615384616 0.8413461538461539 0.05048076923076923 0.3173076923076923
0 0.5709134615384616 0.8569711538461539 0.07091346153846154 0.12379807692307693
0 0.47596153846153844 0.8713942307692307 0.06610576923076923 0.1141826923076923
0 0.078125 0.8942307692307693 0.07572115384615384 0.12860576923076922
0 0.2704326923076923 0.9014423076923077 0.10216346153846154 0.17427884615384615
0 0.18629807692307693 0.9314903846153846 0.04807692307692308 0.09254807692307693
0 0.1310096153846154 0.9423076923076923 0.06490384615384616 0.11538461538461539
0 0.5072115384615384 0.9278846153846154 0.11177884615384616 0.14302884615384615
0 0.39783653846153844 0.9314903846153846 0.11658653846153846 0.13581730769230768
0 0.09134615384615384 0.9651442307692307 0.15384615384615385 0.06971153846153846
0 0.31850961538461536 0.9783653846153846 0.10216346153846154 0.04326923076923077
0 0.5600961538461539 0.375 0.057692307692307696 0.036057692307692304
0 0.3293269230769231 0.37740384615384615 0.055288461538461536 0.040865384615384616
0 0.2127403846153846 0.38341346153846156 0.055288461538461536 0.052884615384615384
0 0.4206730769230769 0.38461538461538464 0.055288461538461536 0.055288461538461536
0 0.08173076923076923 0.3858173076923077 0.055288461538461536 0.057692307692307696
0 0.6310096153846154 0.3870192307692308 0.04326923076923077 0.06009615384615385
0 0.008413461538461538 0.38822115384615385 0.016826923076923076 0.06370192307692307
0 0.5060096153846154 0.3918269230769231 0.055288461538461536 0.07091346153846154
0 0.2764423076923077 0.39783653846153844 0.057692307692307696 0.0829326923076923
0 0.9627403846153846 0.5961538461538461 0.05048076923076923 0.07091346153846154
0 0.9110576923076923 0.5961538461538461 0.05048076923076923 0.07091346153846154
0 0.9927884615384616 0.5949519230769231 0.014423076923076924 0.06850961538461539
0 0.6742788461538461 0.5985576923076923 0.04326923076923077 0.06610576923076923
0 0.7211538461538461 0.6009615384615384 0.04807692307692308 0.06610576923076923
0 0.8629807692307693 0.6009615384615384 0.04807692307692308 0.07091346153846154
0 0.7668269230769231 0.6009615384615384 0.04807692307692308 0.06850961538461539
0 0.8161057692307693 0.6009615384615384 0.04807692307692308 0.06610576923076923
0 0.9795673076923077 0.6526442307692307 0.040865384615384616 0.06850961538461539
0 0.6634615384615384 0.6538461538461539 0.021634615384615384 0.06610576923076923
0 0.9350961538461539 0.6538461538461539 0.05048076923076923 0.06850961538461539
0 0.6983173076923077 0.6550480769230769 0.04567307692307692 0.06610576923076923
0 0.7439903846153846 0.65625 0.04807692307692308 0.06610576923076923
0 0.7896634615384616 0.65625 0.04807692307692308 0.06610576923076923
0 0.8858173076923077 0.65625 0.05048076923076923 0.06850961538461539
0 0.8377403846153846 0.6574519230769231 0.04807692307692308 0.06610576923076923
0 0.6754807692307693 0.7091346153846154 0.04567307692307692 0.06610576923076923
0 0.7211538461538461 0.7103365384615384 0.04567307692307692 0.06610576923076923
0 0.765625 0.7115384615384616 0.04807692307692308 0.06610576923076923
0 0.9579326923076923 0.7115384615384616 0.05048076923076923 0.06850961538461539
0 0.9903846153846154 0.7103365384615384 0.019230769230769232 0.06610576923076923
0 0.8137019230769231 0.7127403846153846 0.04807692307692308 0.06610576923076923
0 0.8605769230769231 0.7127403846153846 0.04807692307692308 0.06610576923076923
0 0.9074519230769231 0.7139423076923077 0.05048076923076923 0.06850961538461539
0 0.6634615384615384 0.7596153846153846 0.021634615384615384 0.06370192307692307
0 0.6995192307692307 0.7620192307692307 0.04567307692307692 0.06370192307692307
0 0.7439903846153846 0.7632211538461539 0.04567307692307692 0.06610576923076923
0 0.7884615384615384 0.765625 0.04807692307692308 0.06610576923076923
0 0.8353365384615384 0.7668269230769231 0.04807692307692308 0.06610576923076923
0 0.9771634615384616 0.765625 0.04567307692307692 0.06610576923076923
0 0.8822115384615384 0.7680288461538461 0.04807692307692308 0.06610576923076923
0 0.9302884615384616 0.7680288461538461 0.05048076923076923 0.06850961538461539
0 0.6754807692307693 0.8112980769230769 0.04567307692307692 0.06370192307692307
0 0.7211538461538461 0.8149038461538461 0.04567307692307692 0.06009615384615385
0 0.765625 0.8173076923076923 0.04567307692307692 0.06370192307692307
0 0.8100961538461539 0.8197115384615384 0.04807692307692308 0.06610576923076923
0 0.8581730769230769 0.8209134615384616 0.04807692307692308 0.06610576923076923
0 0.9038461538461539 0.8233173076923077 0.04807692307692308 0.06610576923076923
0 0.9879807692307693 0.8221153846153846 0.02403846153846154 0.06610576923076923
0 0.953125 0.8245192307692307 0.05048076923076923 0.06610576923076923
0 0.6634615384615384 0.8617788461538461 0.021634615384615384 0.06370192307692307
0 0.6995192307692307 0.8653846153846154 0.04326923076923077 0.06370192307692307
0 0.7427884615384616 0.8677884615384616 0.04326923076923077 0.06370192307692307
0 0.7872596153846154 0.8701923076923077 0.04567307692307692 0.06370192307692307
0 0.8341346153846154 0.8725961538461539 0.04807692307692308 0.06370192307692307
0 0.8798076923076923 0.875 0.04807692307692308 0.06610576923076923
0 0.9266826923076923 0.8774038461538461 0.04807692307692308 0.06610576923076923
0 0.9747596153846154 0.8798076923076923 0.05048076923076923 0.06610576923076923
0 0.6766826923076923 0.9134615384615384 0.04326923076923077 0.06009615384615385
0 0.7211538461538461 0.9158653846153846 0.04567307692307692 0.06370192307692307
0 0.7644230769230769 0.9182692307692307 0.04567307692307692 0.06009615384615385
0 0.8088942307692307 0.921875 0.04567307692307692 0.06370192307692307
0 0.8557692307692307 0.9242788461538461 0.04807692307692308 0.06370192307692307
0 0.9014423076923077 0.9278846153846154 0.04807692307692308 0.06370192307692307
0 0.9495192307692307 0.9302884615384616 0.04807692307692308 0.06370192307692307
0 0.9855769230769231 0.9326923076923077 0.028846153846153848 0.06610576923076923
0 0.6646634615384616 0.9627403846153846 0.02403846153846154 0.06009615384615385
0 0.6995192307692307 0.9651442307692307 0.04326923076923077 0.06370192307692307
0 0.7427884615384616 0.9675480769230769 0.04326923076923077 0.06370192307692307
0 0.7848557692307693 0.9675480769230769 0.04567307692307692 0.06490384615384616
0 0.8317307692307693 0.9711538461538461 0.04567307692307692 0.057692307692307696
0 0.8762019230769231 0.9735576923076923 0.04807692307692308 0.052884615384615384
0 0.9242788461538461 0.9747596153846154 0.04807692307692308 0.05048076923076923
0 0.9711538461538461 0.9759615384615384 0.04807692307692308 0.04807692307692308
0 0.6766826923076923 0.9915865384615384 0.04326923076923077 0.016826923076923076
0 0.71875 0.9927884615384616 0.04326923076923077 0.014423076923076924
0 0.7632211538461539 0.9939903846153846 0.04567307692307692 0.01201923076923077
0 0.8064903846153846 0.9951923076923077 0.04567307692307692 0.009615384615384616
0 0.984375 0.41466346153846156 0.03125 0.0733173076923077
0 0.8918269230769231 0.4170673076923077 0.05048076923076923 0.07091346153846154
0 0.8425480769230769 0.4182692307692308 0.05048076923076923 0.07091346153846154
0 0.7920673076923077 0.42427884615384615 0.05048076923076923 0.06850961538461539
0 0.7439903846153846 0.4254807692307692 0.04807692307692308 0.07091346153846154
0 0.6971153846153846 0.4254807692307692 0.05048076923076923 0.06850961538461539
0 0.6610576923076923 0.4254807692307692 0.016826923076923076 0.06610576923076923
0 0.9663461538461539 0.47716346153846156 0.05048076923076923 0.07091346153846154
0 0.9951923076923077 0.47716346153846156 0.009615384615384616 0.07091346153846154
0 0.9158653846153846 0.47836538461538464 0.05048076923076923 0.07091346153846154
0 0.8665865384615384 0.47836538461538464 0.05048076923076923 0.0733173076923077
0 0.8173076923076923 0.484375 0.05048076923076923 0.07091346153846154
0 0.7680288461538461 0.484375 0.04807692307692308 0.07091346153846154
0 0.7199519230769231 0.4855769230769231 0.04807692307692308 0.06850961538461539
0 0.6730769230769231 0.484375 0.040865384615384616 0.07091346153846154
0 0.9399038461538461 0.5360576923076923 0.05048076923076923 0.07091346153846154
0 0.9819711538461539 0.5348557692307693 0.036057692307692304 0.07091346153846154
0 0.8894230769230769 0.5372596153846154 0.05048076923076923 0.07091346153846154
0 0.8401442307692307 0.5420673076923077 0.04807692307692308 0.07091346153846154
0 0.7908653846153846 0.5420673076923077 0.04807692307692308 0.07091346153846154
0 0.6622596153846154 0.5408653846153846 0.019230769230769232 0.06850961538461539
0 0.6971153846153846 0.5432692307692307 0.04807692307692308 0.06610576923076923
0 0.7439903846153846 0.5432692307692307 0.04807692307692308 0.06850961538461539