0 0.35697115384615385 0.04567307692307692 0.0889423076923077 0.09134615384615384
0 0.38822115384615385 0.125 0.027644230769230768 0.14423076923076922
0 0.10817307692307693 0.13942307692307693 0.0985576923076923 0.14182692307692307
0 0.20552884615384615 0.14423076923076922 0.09615384615384616 0.14182692307692307
0 0.3088942307692308 0.1466346153846154 0.09375 0.1466346153846154
0 0.021634615384615384 0.14903846153846154 0.04326923076923077 0.1466346153846154
0 0.3641826923076923 0.2536057692307692 0.07572115384615384 0.14423076923076922
0 0.055288461538461536 0.265625 0.09615384615384616 0.14903846153846154
0 0.25721153846153844 0.2692307692307692 0.09375 0.14423076923076922
0 0.15264423076923078 0.27283653846153844 0.09375 0.14423076923076922
0 0.32091346153846156 0.3762019230769231 0.09375 0.14423076923076922
0 0.3894230769230769 0.38100961538461536 0.025240384615384616 0.1466346153846154
0 0.027644230769230768 0.3894230769230769 0.055288461538461536 0.14182692307692307
0 0.20793269230769232 0.3954326923076923 0.09615384615384616 0.14423076923076922
0 0.1045673076923077 0.39663461538461536 0.09615384615384616 0.1466346153846154
0 0.3641826923076923 0.5024038461538461 0.07572115384615384 0.1466346153846154
0 0.27403846153846156 0.5036057692307693 0.09615384615384616 0.1466346153846154
0 0.04927884615384615 0.5144230769230769 0.0985576923076923 0.13942307692307693
0 0.15625 0.515625 0.09615384615384616 0.13581730769230768
0 0.22235576923076922 0.5685096153846154 0.09615384615384616 0.030048076923076924
0 0.46153846153846156 0.20072115384615385 0.12139423076923077 0.4014423076923077
0 0.5841346153846154 0.16706730769230768 0.17908653846153846 0.3329326923076923
0 0.7007211538461539 0.13581730769230768 0.09375 0.27163461538461536
0 0.8305288461538461 0.12860576923076922 0.11658653846153846 0.25721153846153844
0 0.9254807692307693 0.11899038461538461 0.10336538461538461 0.23677884615384615
0 0.9831730769230769 0.10576923076923077 0.03245192307692308 0.21153846153846154
0 0.875 0.328125 0.09134615384615384 0.265625
0 0.7944711538461539 0.36899038461538464 0.10336538461538461 0.28846153846153844
0 0.6658653846153846 0.41947115384615385 0.13581730769230768 0.3233173076923077
0 0.4987980769230769 0.4423076923076923 0.15865384615384615 0.2824519230769231
0 0.7151442307692307 0.5324519230769231 0.13581730769230768 0.10096153846153846
0 0.9230769230769231 0.4795673076923077 0.09375 0.20673076923076922
0 0.9783653846153846 0.47596153846153844 0.04326923076923077 0.21514423076923078
0 0.9615384615384616 0.28966346153846156 0.07572115384615384 0.24519230769230768
0 0.828125 0.5192307692307693 0.11057692307692307 0.12860576923076922
0 0.17427884615384615 0.6358173076923077 0.13581730769230768 0.10576923076923077
0 0.3137019230769231 0.6670673076923077 0.14182692307692307 0.16706730769230768
0 0.09735576923076923 0.6286057692307693 0.057692307692307696 0.09134615384615384
0 0.8305288461538461 0.7908653846153846 0.33413461538461536 0.4182692307692308