0 0.34134615384615385 0.051682692307692304 0.09014423076923077 0.10336538461538461
0 0.37259615384615385 0.13822115384615385 0.028846153846153848 0.1466346153846154
0 0.08774038461538461 0.15264423076923078 0.10096153846153846 0.14423076923076922
0 0.18629807692307693 0.15745192307692307 0.09735576923076923 0.14423076923076922
0 0.2920673076923077 0.15985576923076922 0.09495192307692307 0.14903846153846154
0 0.010817307692307692 0.1622596153846154 0.020432692307692308 0.14903846153846154
0 0.3473557692307692 0.2692307692307692 0.07692307692307693 0.1466346153846154
0 0.040865384615384616 0.27884615384615385 0.08173076923076923 0.15384615384615385
0 0.23918269230769232 0.2848557692307692 0.09495192307692307 0.1466346153846154
0 0.13221153846153846 0.28846153846153844 0.09495192307692307 0.1466346153846154
0 0.30408653846153844 0.3942307692307692 0.09495192307692307 0.1466346153846154
0 0.3737980769230769 0.39903846153846156 0.025240384615384616 0.14903846153846154
0 0.016826923076923076 0.4074519230769231 0.03365384615384615 0.14423076923076922
0 0.18990384615384615 0.41346153846153844 0.09735576923076923 0.1466346153846154
0 0.08413461538461539 0.41466346153846156 0.09735576923076923 0.14903846153846154
0 0.3473557692307692 0.5228365384615384 0.07692307692307693 0.14903846153846154
0 0.25600961538461536 0.5240384615384616 0.09735576923076923 0.14903846153846154
0 0.038461538461538464 0.5348557692307693 0.07692307692307693 0.14182692307692307
0 0.13701923076923078 0.5360576923076923 0.09735576923076923 0.13942307692307693
0 0.203125 0.5901442307692307 0.09735576923076923 0.03125
0 0.4483173076923077 0.21033653846153846 0.12379807692307693 0.4206730769230769
0 0.5733173076923077 0.17548076923076922 0.18269230769230768 0.35096153846153844
0 0.6923076923076923 0.14423076923076922 0.09495192307692307 0.28846153846153844
0 0.8245192307692307 0.13701923076923078 0.11899038461538461 0.27283653846153844
0 0.921875 0.12620192307692307 0.10576923076923077 0.25240384615384615
0 0.9819711538461539 0.11298076923076923 0.036057692307692304 0.22596153846153846
0 0.8701923076923077 0.3449519230769231 0.09254807692307693 0.2704326923076923
0 0.7872596153846154 0.3870192307692308 0.10576923076923077 0.2932692307692308
0 0.65625 0.4387019230769231 0.13942307692307693 0.3293269230769231
0 0.4855769230769231 0.46153846153846156 0.1622596153846154 0.28846153846153844
0 0.7067307692307693 0.5540865384615384 0.13942307692307693 0.10336538461538461
0 0.9182692307692307 0.5 0.09495192307692307 0.21153846153846154
0 0.9759615384615384 0.4963942307692308 0.04807692307692308 0.21875
0 0.9603365384615384 0.30528846153846156 0.07932692307692307 0.25
0 0.8221153846153846 0.5396634615384616 0.11298076923076923 0.1310096153846154
0 0.15504807692307693 0.6598557692307693 0.13942307692307693 0.10817307692307693
0 0.296875 0.6911057692307693 0.14423076923076922 0.17067307692307693
0 0.07572115384615384 0.6526442307692307 0.05889423076923077 0.09254807692307693
0 0.8269230769230769 0.8028846153846154 0.3449519230769231 0.3942307692307692