0 0.13581730769230768 0.04927884615384615 0.10216346153846154 0.09735576923076923
0 0.24639423076923078 0.046875 0.0985576923076923 0.09375
0 0.03125 0.054086538461538464 0.0625 0.10817307692307693
0 0.28725961538461536 0.14783653846153846 0.0733173076923077 0.14783653846153846
0 0.19471153846153846 0.14903846153846154 0.09975961538461539 0.14783653846153846
0 0.08413461538461539 0.1502403846153846 0.10216346153846154 0.1502403846153846
0 0.039663461538461536 0.27403846153846156 0.07932692307692307 0.14783653846153846
0 0.24759615384615385 0.27403846153846156 0.09735576923076923 0.14783653846153846
0 0.140625 0.2776442307692308 0.10576923076923077 0.1502403846153846
0 0.31009615384615385 0.27884615384615385 0.026442307692307692 0.15264423076923078
0 0.08052884615384616 0.4026442307692308 0.09975961538461539 0.15264423076923078
0 0.19591346153846154 0.40384615384615385 0.10216346153846154 0.1502403846153846
0 0.013221153846153846 0.4050480769230769 0.026442307692307692 0.15264423076923078
0 0.2860576923076923 0.4050480769230769 0.07572115384615384 0.15264423076923078
0 0.13942307692307693 0.5288461538461539 0.09975961538461539 0.15264423076923078
0 0.24639423076923078 0.5336538461538461 0.09975961538461539 0.1502403846153846
0 0.040865384615384616 0.5360576923076923 0.08173076923076923 0.1502403846153846
0 0.3137019230769231 0.5372596153846154 0.021634615384615384 0.14783653846153846
0 0.08774038461538461 0.6213942307692307 0.10216346153846154 0.0733173076923077
0 0.19110576923076922 0.6237980769230769 0.10216346153846154 0.06850961538461539
0 0.014423076923076924 0.6237980769230769 0.028846153846153848 0.06850961538461539
0 0.2860576923076923 0.6237980769230769 0.07572115384615384 0.06850961538461539
0 0.5961538461538461 0.2668269230769231 0.16826923076923078 0.23197115384615385
0 0.06370192307692307 0.7103365384615384 0.12620192307692307 0.10576923076923077
0 0.2247596153846154 0.7259615384615384 0.1971153846153846 0.13701923076923078
0 0.12620192307692307 0.875 0.22115384615384615 0.25
0 0.28125 0.875 0.08413461538461539 0.25
0 0.640625 0.7536057692307693 0.21875 0.19230769230769232
0 0.8942307692307693 0.7872596153846154 0.21033653846153846 0.25841346153846156
0 0.41346153846153844 0.9350961538461539 0.17908653846153846 0.12860576923076922
0 0.8774038461538461 0.9471153846153846 0.203125 0.10576923076923077
0 0.6478365384615384 0.9326923076923077 0.30528846153846156 0.1346153846153846
0 0.4254807692307692 0.7608173076923077 0.203125 0.20552884615384615