0 0.31009615384615385 0.038461538461538464 0.09134615384615384 0.07692307692307693
0 0.3762019230769231 0.11298076923076923 0.09495192307692307 0.14302884615384615
0 0.0625 0.12620192307692307 0.0985576923076923 0.140625
0 0.15985576923076922 0.1310096153846154 0.09495192307692307 0.140625
0 0.2620192307692308 0.13341346153846154 0.09254807692307693 0.14543269230769232
0 0.3269230769230769 0.2403846153846154 0.09495192307692307 0.14302884615384615
0 0.40024038461538464 0.24158653846153846 0.052884615384615384 0.140625
0 0.028846153846153848 0.25 0.057692307692307696 0.14783653846153846
0 0.21153846153846154 0.2548076923076923 0.09254807692307693 0.14302884615384615
0 0.10697115384615384 0.25841346153846156 0.09254807692307693 0.14302884615384615
0 0.27283653846153844 0.3557692307692308 0.09254807692307693 0.13341346153846154
0 0.3786057692307692 0.3581730769230769 0.0985576923076923 0.12860576923076922
0 0.004807692307692308 0.3629807692307692 0.009615384615384616 0.11778846153846154
0 0.16105769230769232 0.36538461538461536 0.09495192307692307 0.11298076923076923
0 0.057692307692307696 0.36538461538461536 0.09495192307692307 0.11298076923076923
0 0.953125 0.04807692307692308 0.09254807692307693 0.09495192307692307
0 0.6754807692307693 0.051682692307692304 0.17548076923076922 0.10336538461538461
0 0.5096153846153846 0.039663461538461536 0.12980769230769232 0.07932692307692307
0 0.7956730769230769 0.04326923076923077 0.11298076923076923 0.08533653846153846
0 0.9326923076923077 0.1971153846153846 0.09014423076923077 0.19110576923076922
0 0.8245192307692307 0.203125 0.16346153846153846 0.2536057692307692
0 0.6514423076923077 0.2091346153846154 0.11778846153846154 0.1935096153846154
0 0.5132211538461539 0.20673076923076922 0.17307692307692307 0.2692307692307692
0 0.796875 0.36778846153846156 0.11538461538461539 0.10817307692307693
0 0.5204326923076923 0.3737980769230769 0.12620192307692307 0.09495192307692307
0 0.9555288461538461 0.36778846153846156 0.08774038461538461 0.10817307692307693
0 0.6826923076923077 0.3737980769230769 0.17307692307692307 0.09495192307692307
0 0.3389423076923077 0.5324519230769231 0.17548076923076922 0.22115384615384615
0 0.12259615384615384 0.5456730769230769 0.22115384615384615 0.24639423076923078
0 0.4014423076923077 0.7439903846153846 0.05048076923076923 0.30649038461538464
0 0.025240384615384616 0.7944711538461539 0.05048076923076923 0.3112980769230769
0 0.2439903846153846 0.8173076923076923 0.24639423076923078 0.3641826923076923
0 0.33413461538461536 0.9399038461538461 0.18629807692307693 0.1201923076923077
0 0.09375 0.9411057692307693 0.1875 0.11778846153846154
0 0.984375 0.6826923076923077 0.030048076923076924 0.23317307692307693
0 0.7331730769230769 0.6862980769230769 0.15625 0.23317307692307693
0 0.8942307692307693 0.6875 0.14783653846153846 0.22596153846153846
0 0.4795673076923077 0.7007211538461539 0.10576923076923077 0.21634615384615385
0 0.9483173076923077 0.8822115384615384 0.10336538461538461 0.23076923076923078
0 0.8161057692307693 0.8834134615384616 0.15625 0.23317307692307693
0 0.65625 0.8834134615384616 0.15625 0.23317307692307693
0 0.5300480769230769 0.8882211538461539 0.1310096153846154 0.22355769230769232
0 0.4423076923076923 0.8882211538461539 0.030048076923076924 0.22355769230769232
0 0.7379807692307693 0.984375 0.15384615384615385 0.030048076923076924
0 0.8918269230769231 0.984375 0.1502403846153846 0.030048076923076924