0 0.18269230769230768 0.04927884615384615 0.0985576923076923 0.0985576923076923
0 0.28846153846153844 0.04807692307692308 0.09495192307692307 0.09495192307692307
0 0.0673076923076923 0.054086538461538464 0.09014423076923077 0.10817307692307693
0 0.3269230769230769 0.14543269230769232 0.07091346153846154 0.140625
0 0.23918269230769232 0.1466346153846154 0.09495192307692307 0.140625
0 0.13341346153846154 0.14783653846153846 0.0985576923076923 0.14302884615384615
0 0.03125 0.15384615384615385 0.0625 0.140625
0 0.07932692307692307 0.2668269230769231 0.0985576923076923 0.140625
0 0.28846153846153844 0.2668269230769231 0.09254807692307693 0.140625
0 0.1875 0.2704326923076923 0.10096153846153846 0.14302884615384615
0 0.34975961538461536 0.27163461538461536 0.025240384615384616 0.14543269230769232
0 0.006009615384615385 0.27884615384615385 0.01201923076923077 0.14543269230769232
0 0.12980769230769232 0.3894230769230769 0.09495192307692307 0.14543269230769232
0 0.2403846153846154 0.390625 0.0985576923076923 0.14302884615384615
0 0.038461538461538464 0.390625 0.07692307692307693 0.1466346153846154
0 0.32572115384615385 0.3918269230769231 0.0733173076923077 0.14543269230769232
0 0.18629807692307693 0.5096153846153846 0.09495192307692307 0.14543269230769232
0 0.28725961538461536 0.515625 0.09495192307692307 0.14302884615384615
0 0.08413461538461539 0.5168269230769231 0.09495192307692307 0.14302884615384615
0 0.015625 0.5168269230769231 0.030048076923076924 0.14302884615384615
0 0.35216346153846156 0.5180288461538461 0.020432692307692308 0.140625
0 0.13701923076923078 0.5985576923076923 0.0985576923076923 0.07091346153846154
0 0.234375 0.6009615384615384 0.0985576923076923 0.06490384615384616
0 0.039663461538461536 0.5997596153846154 0.07932692307692307 0.06490384615384616
0 0.32572115384615385 0.6009615384615384 0.0733173076923077 0.06490384615384616
0 0.6213942307692307 0.25961538461538464 0.16105769230769232 0.22115384615384615
0 0.08653846153846154 0.6838942307692307 0.17307692307692307 0.10096153846153846
0 0.26802884615384615 0.6983173076923077 0.18870192307692307 0.1310096153846154
0 0.03245192307692308 0.8425480769230769 0.06490384615384616 0.3137019230769231
0 0.17307692307692307 0.8605769230769231 0.21153846153846154 0.27884615384615385
0 0.32211538461538464 0.8605769230769231 0.08052884615384616 0.27884615384615385
0 0.6646634615384616 0.7247596153846154 0.2091346153846154 0.18389423076923078
0 0.9026442307692307 0.7548076923076923 0.19471153846153846 0.24519230769230768
0 0.44711538461538464 0.9182692307692307 0.17067307692307693 0.16346153846153846
0 0.890625 0.9290865384615384 0.1935096153846154 0.140625
0 0.6706730769230769 0.9158653846153846 0.29086538461538464 0.16826923076923078
0 0.45913461538461536 0.7307692307692307 0.1935096153846154 0.19591346153846154