0 0.9567307692307693 0.18870192307692307 0.08533653846153846 0.21514423076923078
0 0.828125 0.32572115384615385 0.15985576923076922 0.25
0 0.6790865384615384 0.3629807692307692 0.1346153846153846 0.21033653846153846
0 0.9435096153846154 0.4098557692307692 0.11298076923076923 0.20072115384615385
0 0.5733173076923077 0.5372596153846154 0.17427884615384615 0.2644230769230769
0 0.8870192307692307 0.5600961538461539 0.15985576923076922 0.2548076923076923
0 0.6959134615384616 0.5769230769230769 0.125 0.20552884615384615
0 0.9783653846153846 0.6033653846153846 0.04326923076923077 0.1971153846153846
0 0.7896634615384616 0.7427884615384616 0.13221153846153846 0.20793269230769232
0 0.9230769230769231 0.7620192307692307 0.125 0.19591346153846154
0 0.5108173076923077 0.7764423076923077 0.171875 0.2668269230769231
0 0.6538461538461539 0.7848557692307693 0.13221153846153846 0.21033653846153846
0 0.3473557692307692 0.8028846153846154 0.14182692307692307 0.21754807692307693
0 0.7596153846153846 0.8798076923076923 0.15144230769230768 0.0985576923076923
0 0.9242788461538461 0.8930288461538461 0.13221153846153846 0.06129807692307692
0 0.4411057692307692 0.9182692307692307 0.13701923076923078 0.078125
0 0.6141826923076923 0.9122596153846154 0.14903846153846154 0.0733173076923077