0 0.03245192307692308 0.18509615384615385 0.06490384615384616 0.3701923076923077
0 0.46274038461538464 0.09375 0.04326923076923077 0.1875
0 0.23557692307692307 0.08413461538461539 0.1622596153846154 0.16706730769230768
0 0.6983173076923077 0.36538461538461536 0.19230769230769232 0.27884615384615385
0 0.5432692307692307 0.3557692307692308 0.11658653846153846 0.2848557692307692
0 0.8954326923076923 0.35096153846153844 0.20072115384615385 0.30408653846153844
0 0.5372596153846154 0.1045673076923077 0.1045673076923077 0.20793269230769232
0 0.6754807692307693 0.10096153846153846 0.20673076923076922 0.20192307692307693
0 0.8930288461538461 0.09495192307692307 0.19831730769230768 0.18990384615384615
0 0.0673076923076923 0.6069711538461539 0.1346153846153846 0.203125
0 0.2776442307692308 0.546875 0.27163461538461536 0.08413461538461539
0 0.9891826923076923 0.9639423076923077 0.021634615384615384 0.0673076923076923
0 0.9507211538461539 0.9879807692307693 0.038461538461538464 0.02283653846153846
0 0.7283653846153846 0.9423076923076923 0.09615384615384616 0.1141826923076923
0 0.9615384615384616 0.9098557692307693 0.07572115384615384 0.12980769230769232
0 0.8461538461538461 0.9038461538461539 0.0985576923076923 0.15504807692307693
0 0.8665865384615384 0.7800480769230769 0.0985576923076923 0.12379807692307693
0 0.7896634615384616 0.75 0.08173076923076923 0.11177884615384616
0 0.9519230769230769 0.7487980769230769 0.08413461538461539 0.11177884615384616
0 0.8629807692307693 0.5709134615384616 0.0889423076923077 0.11899038461538461
0 0.9627403846153846 0.5685096153846154 0.0733173076923077 0.12740384615384615