0 0.2127403846153846 0.40384615384615385 0.15745192307692307 0.21875
0 0.4723557692307692 0.3701923076923077 0.0985576923076923 0.2860576923076923
0 0.0829326923076923 0.3425480769230769 0.1658653846153846 0.3161057692307692
0 0.10336538461538461 0.15144230769230768 0.19230769230769232 0.2860576923076923
0 0.38341346153846156 0.12740384615384615 0.15264423076923078 0.2536057692307692
0 0.015625 0.11658653846153846 0.03125 0.23317307692307693
0 0.6514423076923077 0.15985576923076922 0.25961538461538464 0.31971153846153844
0 0.40384615384615385 0.828125 0.203125 0.3125
0 0.19471153846153846 0.8028846153846154 0.21153846153846154 0.32091346153846156
0 0.038461538461538464 0.7944711538461539 0.07692307692307693 0.3245192307692308
0 0.4182692307692308 0.5805288461538461 0.20552884615384615 0.13341346153846154
0 0.19831730769230768 0.5733173076923077 0.2091346153846154 0.1201923076923077
0 0.040865384615384616 0.5649038461538461 0.08173076923076923 0.10576923076923077
0 0.20192307692307693 0.9855769230769231 0.22235576923076922 0.028846153846153848
0 0.9290865384615384 0.9807692307692307 0.09375 0.037259615384615384
0 0.7536057692307693 0.9795673076923077 0.06971153846153846 0.039663461538461536
0 0.6105769230769231 0.9795673076923077 0.078125 0.039663461538461536
0 0.6862980769230769 0.9783653846153846 0.078125 0.04326923076923077
0 0.5492788461538461 0.9795673076923077 0.056490384615384616 0.039663461538461536
0 0.7944711538461539 0.9651442307692307 0.09134615384615384 0.06971153846153846
0 0.6706730769230769 0.9074519230769231 0.078125 0.14182692307692307
0 0.5372596153846154 0.9026442307692307 0.03245192307692308 0.14182692307692307
0 0.5925480769230769 0.9038461538461539 0.078125 0.1466346153846154
0 0.7307692307692307 0.9038461538461539 0.056490384615384616 0.15745192307692307
0 0.9014423076923077 0.8978365384615384 0.09134615384615384 0.1658653846153846
0 0.9699519230769231 0.8894230769230769 0.06009615384615385 0.16826923076923078
0 0.7836538461538461 0.8737980769230769 0.09134615384615384 0.16346153846153846
0 0.5612980769230769 0.7668269230769231 0.078125 0.14423076923076922
0 0.6394230769230769 0.7632211538461539 0.08052884615384616 0.1502403846153846
0 0.7175480769230769 0.7632211538461539 0.078125 0.15264423076923078
0 0.8810096153846154 0.75 0.08533653846153846 0.15985576923076922
0 0.9603365384615384 0.7487980769230769 0.07932692307692307 0.1658653846153846
0 0.7956730769230769 0.7463942307692307 0.08533653846153846 0.1310096153846154
0 0.5432692307692307 0.6430288461538461 0.04326923076923077 0.1466346153846154
0 0.6995192307692307 0.6274038461538461 0.08052884615384616 0.15264423076923078
0 0.7764423076923077 0.6165865384615384 0.0829326923076923 0.15745192307692307
0 0.5925480769230769 0.6117788461538461 0.08052884615384616 0.15264423076923078
0 0.8617788461538461 0.6117788461538461 0.0829326923076923 0.15985576923076922
0 0.9387019230769231 0.6033653846153846 0.08774038461538461 0.1658653846153846
0 0.9879807692307693 0.5961538461538461 0.02403846153846154 0.1658653846153846
0 0.5456730769230769 0.5528846153846154 0.04807692307692308 0.08052884615384616
0 0.6778846153846154 0.5456730769230769 0.0829326923076923 0.06370192307692307
0 0.7524038461538461 0.5372596153846154 0.07211538461538461 0.04807692307692308
0 0.9146634615384616 0.5324519230769231 0.08533653846153846 0.037259615384615384
0 0.9771634615384616 0.5252403846153846 0.04567307692307692 0.02403846153846154
0 0.8016826923076923 0.5276442307692307 0.08052884615384616 0.028846153846153848