0 0.003605769230769231 0.171875 0.007211538461538462 0.21514423076923078
0 0.2824519230769231 0.25600961538461536 0.025240384615384616 0.19591346153846154
0 0.15504807692307693 0.28846153846153844 0.10697115384615384 0.203125
0 0.051682692307692304 0.29447115384615385 0.10336538461538461 0.20793269230769232
0 0.21153846153846154 0.43509615384615385 0.109375 0.19831730769230768
0 0.026442307692307692 0.49038461538461536 0.051682692307692304 0.20793269230769232
0 0.25600961538461536 0.6298076923076923 0.07692307692307693 0.20552884615384615
0 0.16706730769230768 0.6478365384615384 0.11177884615384616 0.17548076923076922
0 0.16826923076923078 0.09134615384615384 0.109375 0.18269230769230768
0 0.056490384615384616 0.09375 0.11298076923076923 0.1875
0 0.25961538461538464 0.09975961538461539 0.0673076923076923 0.19951923076923078
0 0.45072115384615385 0.25841346153846156 0.12860576923076922 0.19110576923076922
0 0.6862980769230769 0.265625 0.12620192307692307 0.19591346153846154
0 0.3485576923076923 0.265625 0.09615384615384616 0.1310096153846154
0 0.9290865384615384 0.27163461538461536 0.12379807692307693 0.19110576923076922
0 0.5745192307692307 0.27884615384615385 0.0985576923076923 0.13822115384615385
0 0.7848557692307693 0.2848557692307692 0.0985576923076923 0.15144230769230768
0 0.9831730769230769 0.28725961538461536 0.03365384615384615 0.15144230769230768
0 0.3605769230769231 0.40865384615384615 0.1310096153846154 0.1935096153846154
0 0.8401442307692307 0.41346153846153844 0.12860576923076922 0.20072115384615385
0 0.6009615384615384 0.4170673076923077 0.12860576923076922 0.20072115384615385
0 0.9567307692307693 0.42908653846153844 0.08653846153846154 0.15144230769230768
0 0.5012019230769231 0.43149038461538464 0.09375 0.15865384615384615
0 0.7211538461538461 0.4326923076923077 0.10096153846153846 0.15384615384615385
0 0.9230769230769231 0.5588942307692307 0.12620192307692307 0.1935096153846154
0 0.3401442307692308 0.5637019230769231 0.09134615384615384 0.13822115384615385
0 0.7824519230769231 0.5637019230769231 0.09375 0.14903846153846154
0 0.5649038461538461 0.5685096153846154 0.0985576923076923 0.14903846153846154
0 0.9819711538461539 0.5697115384615384 0.036057692307692304 0.15384615384615385
0 0.43990384615384615 0.5757211538461539 0.12860576923076922 0.19110576923076922
0 0.6778846153846154 0.5769230769230769 0.12860576923076922 0.19110576923076922
0 0.9447115384615384 0.6826923076923077 0.09134615384615384 0.10336538461538461
0 0.7259615384615384 0.6838942307692307 0.09615384615384616 0.10096153846153846
0 0.4951923076923077 0.6862980769230769 0.0889423076923077 0.09615384615384616
0 0.8461538461538461 0.6778846153846154 0.12379807692307693 0.1141826923076923
0 0.35336538461538464 0.6838942307692307 0.11899038461538461 0.10096153846153846
0 0.59375 0.6838942307692307 0.12860576923076922 0.10096153846153846
0 0.3713942307692308 0.09375 0.13221153846153846 0.1875
0 0.6129807692307693 0.09495192307692307 0.12980769230769232 0.18990384615384615
0 0.859375 0.10216346153846154 0.12620192307692307 0.19110576923076922
0 0.7331730769230769 0.14182692307692307 0.10096153846153846 0.14903846153846154
0 0.5132211538461539 0.14302884615384615 0.0985576923076923 0.15144230769230768
0 0.9519230769230769 0.1466346153846154 0.09134615384615384 0.13581730769230768
0 0.06971153846153846 0.8822115384615384 0.13822115384615385 0.23557692307692307
0 0.6286057692307693 0.7872596153846154 0.32211538461538464 0.10336538461538461
0 0.9038461538461539 0.7896634615384616 0.19230769230769232 0.11298076923076923
0 0.4519230769230769 0.8978365384615384 0.3173076923076923 0.20432692307692307
0 0.7908653846153846 0.9014423076923077 0.3269230769230769 0.1971153846153846
0 0.6153846153846154 0.9903846153846154 0.3293269230769231 0.019230769230769232