0 0.2247596153846154 0.06610576923076923 0.18629807692307693 0.1310096153846154
0 0.4326923076923077 0.08653846153846154 0.15865384615384615 0.17307692307692307
0 0.625 0.004807692307692308 0.08653846153846154 0.009615384615384616
0 0.7644230769230769 0.01201923076923077 0.09254807692307693 0.02403846153846154
0 0.9254807692307693 0.015625 0.09254807692307693 0.03125
0 0.6838942307692307 0.026442307692307692 0.0889423076923077 0.052884615384615384
0 0.6117788461538461 0.036057692307692304 0.06610576923076923 0.042067307692307696
0 0.9759615384615384 0.038461538461538464 0.046875 0.055288461538461536
0 0.7644230769230769 0.054086538461538464 0.0889423076923077 0.055288461538461536
0 0.5288461538461539 0.06009615384615385 0.03125 0.037259615384615384
0 0.6766826923076923 0.06370192307692307 0.06370192307692307 0.028846153846153848
0 0.9254807692307693 0.0733173076923077 0.09254807692307693 0.057692307692307696
0 0.5504807692307693 0.08413461538461539 0.0733173076923077 0.046875
0 0.8389423076923077 0.09134615384615384 0.0889423076923077 0.057692307692307696
0 0.5300480769230769 0.10336538461538461 0.03365384615384615 0.04447115384615385
0 0.6935096153846154 0.10697115384615384 0.06850961538461539 0.05048076923076923
0 0.7620192307692307 0.10697115384615384 0.07091346153846154 0.04447115384615385
0 0.6129807692307693 0.11057692307692307 0.07932692307692307 0.046875
0 0.9663461538461539 0.13701923076923078 0.0673076923076923 0.0673076923076923
0 0.5456730769230769 0.14783653846153846 0.06610576923076923 0.052884615384615384
0 0.6814903846153846 0.15264423076923078 0.06610576923076923 0.04447115384615385
0 0.7475961538461539 0.15865384615384615 0.08173076923076923 0.046875
0 0.8882211538461539 0.16105769230769232 0.09735576923076923 0.06610576923076923
0 0.9699519230769231 0.18509615384615385 0.06009615384615385 0.04447115384615385
0 0.5913461538461539 0.19110576923076922 0.0733173076923077 0.05048076923076923
0 0.8185096153846154 0.19831730769230768 0.07091346153846154 0.046875
0 0.9014423076923077 0.20072115384615385 0.0889423076923077 0.046875
0 0.7451923076923077 0.20673076923076922 0.0733173076923077 0.046875
0 0.6682692307692307 0.21153846153846154 0.07091346153846154 0.04447115384615385
0 0.5949519230769231 0.22115384615384615 0.07091346153846154 0.03125
0 0.5324519230769231 0.2247596153846154 0.039663461538461536 0.04447115384615385
0 0.9603365384615384 0.23677884615384615 0.07932692307692307 0.057692307692307696
0 0.8653846153846154 0.2403846153846154 0.0733173076923077 0.046875
0 0.7908653846153846 0.24639423076923078 0.0733173076923077 0.046875
0 0.7163461538461539 0.2512019230769231 0.06850961538461539 0.046875
0 0.6418269230769231 0.2536057692307692 0.0733173076923077 0.04447115384615385
0 0.5540865384615384 0.2692307692307692 0.07091346153846154 0.046875
0 0.9170673076923077 0.27524038461538464 0.0733173076923077 0.046875
0 0.8413461538461539 0.28725961538461536 0.0733173076923077 0.046875
0 0.9867788461538461 0.28846153846153844 0.026442307692307692 0.055288461538461536
0 0.7632211538461539 0.2920673076923077 0.0733173076923077 0.046875
0 0.6887019230769231 0.29447115384615385 0.07091346153846154 0.042067307692307696
0 0.6153846153846154 0.2956730769230769 0.0733173076923077 0.039663461538461536
0 0.890625 0.30408653846153844 0.07091346153846154 0.02403846153846154
0 0.9651442307692307 0.30528846153846156 0.06971153846153846 0.019230769230769232
0 0.5384615384615384 0.30649038461538464 0.05048076923076923 0.018028846153846152
0 0.47596153846153844 0.6057692307692307 0.0733173076923077 0.10576923076923077
0 0.3762019230769231 0.6225961538461539 0.08653846153846154 0.11057692307692307
0 0.28846153846153844 0.6826923076923077 0.07572115384615384 0.10216346153846154
0 0.5012019230769231 0.6911057692307693 0.02403846153846154 0.11899038461538461
0 0.4338942307692308 0.7127403846153846 0.07932692307692307 0.11538461538461539
0 0.34375 0.7247596153846154 0.09495192307692307 0.11899038461538461
0 0.4831730769230769 0.796875 0.06009615384615385 0.12620192307692307
0 0.22235576923076922 0.8425480769230769 0.09495192307692307 0.11899038461538461
0 0.12139423076923077 0.8858173076923077 0.09735576923076923 0.12139423076923077
0 0.4831730769230769 0.9507211538461539 0.06009615384615385 0.09735576923076923
0 0.40865384615384615 0.9711538461538461 0.10817307692307693 0.057692307692307696
0 0.2860576923076923 0.9735576923076923 0.10817307692307693 0.052884615384615384
0 0.4182692307692308 0.5192307692307693 0.08413461538461539 0.10216346153846154
0 0.49399038461538464 0.5192307692307693 0.039663461538461536 0.10216346153846154
0 0.1935096153846154 0.75 0.07932692307692307 0.07932692307692307
0 0.24158653846153846 0.6550480769230769 0.06610576923076923 0.09254807692307693
0 0.5576923076923077 0.39903846153846156 0.0889423076923077 0.1658653846153846
0 0.9266826923076923 0.4074519230769231 0.1310096153846154 0.18389423076923078
0 0.6694711538461539 0.4074519230769231 0.12860576923076922 0.18389423076923078
0 0.8004807692307693 0.4074519230769231 0.11899038461538461 0.16826923076923078
0 0.5600961538461539 0.5877403846153846 0.09495192307692307 0.203125
0 0.6694711538461539 0.5889423076923077 0.11899038461538461 0.17427884615384615
0 0.9290865384615384 0.5913461538461539 0.12139423076923077 0.17668269230769232
0 0.7992788461538461 0.5949519230769231 0.1346153846153846 0.203125
0 0.5637019230769231 0.7644230769230769 0.09975961538461539 0.1658653846153846
0 0.8112980769230769 0.7728365384615384 0.11899038461538461 0.17067307692307693
0 0.9350961538461539 0.7740384615384616 0.12860576923076922 0.18990384615384615
0 0.6826923076923077 0.7752403846153846 0.1346153846153846 0.1971153846153846
0 0.8149038461538461 0.9338942307692307 0.1346153846153846 0.1310096153846154
0 0.5612980769230769 0.9362980769230769 0.09735576923076923 0.12620192307692307
0 0.9435096153846154 0.9435096153846154 0.11298076923076923 0.11298076923076923
0 0.6814903846153846 0.9435096153846154 0.12139423076923077 0.11298076923076923