0 0.06370192307692307 0.09615384615384616 0.12740384615384615 0.19110576923076922
0 0.20072115384615385 0.109375 0.1622596153846154 0.21875
0 0.390625 0.11057692307692307 0.15384615384615385 0.22115384615384615
0 0.5396634615384616 0.14302884615384615 0.16947115384615385 0.2860576923076923
0 0.052884615384615384 0.30649038461538464 0.10576923076923077 0.1466346153846154
0 0.12980769230769232 0.33774038461538464 0.19951923076923078 0.08413461538461539
0 0.36177884615384615 0.33653846153846156 0.20192307692307693 0.08653846153846154
0 0.8665865384615384 0.1658653846153846 0.07451923076923077 0.11899038461538461
0 0.9483173076923077 0.19230769230769232 0.08653846153846154 0.14182692307692307
0 0.84375 0.004807692307692308 0.09014423076923077 0.009615384615384616
0 0.9447115384615384 0.007211538461538462 0.09495192307692307 0.014423076923076924
0 0.9795673076923077 0.06490384615384616 0.039663461538461536 0.109375
0 0.8858173076923077 0.08653846153846154 0.09014423076923077 0.15144230769230768
0 0.5913461538461539 0.7019230769230769 0.0673076923076923 0.16466346153846154
0 0.34375 0.765625 0.12980769230769232 0.2980769230769231
0 0.18389423076923078 0.7956730769230769 0.14903846153846154 0.3137019230769231
0 0.052884615384615384 0.8329326923076923 0.10576923076923077 0.3293269230769231
0 0.5973557692307693 0.9122596153846154 0.055288461538461536 0.17548076923076922
0 0.8137019230769231 0.47596153846153844 0.3233173076923077 0.19110576923076922
0 0.9038461538461539 0.7487980769230769 0.19110576923076922 0.5024038461538461
0 0.7223557692307693 0.7475961538461539 0.1971153846153846 0.47475961538461536