0 0.21634615384615385 0.30528846153846156 0.10576923076923077 0.09254807692307693
0 0.12860576923076922 0.25721153846153844 0.17548076923076922 0.18870192307692307
0 0.15745192307692307 0.1466346153846154 0.12259615384615384 0.15865384615384615
0 0.3112980769230769 0.14302884615384615 0.06490384615384616 0.22596153846153846
0 0.038461538461538464 0.12259615384615384 0.07692307692307693 0.1875
0 0.29086538461538464 0.03365384615384615 0.10576923076923077 0.0673076923076923
0 0.2127403846153846 0.018028846153846152 0.14783653846153846 0.03485576923076923
0 0.6141826923076923 0.3449519230769231 0.0829326923076923 0.01201923076923077
0 0.7560096153846154 0.3401442307692308 0.08052884615384616 0.02283653846153846
0 0.9807692307692307 0.3389423076923077 0.037259615384615384 0.025240384615384616
0 0.5348557692307693 0.33533653846153844 0.09014423076923077 0.03245192307692308
0 0.9266826923076923 0.3317307692307692 0.08533653846153846 0.039663461538461536
0 0.6850961538461539 0.3293269230769231 0.0829326923076923 0.04567307692307692
0 0.4483173076923077 0.328125 0.09254807692307693 0.04807692307692308
0 0.8257211538461539 0.32211538461538464 0.078125 0.052884615384615384
0 0.6057692307692307 0.3112980769230769 0.08533653846153846 0.057692307692307696
0 0.7536057692307693 0.30288461538461536 0.08533653846153846 0.052884615384615384
0 0.9723557692307693 0.2956730769230769 0.055288461538461536 0.057692307692307696
0 0.5168269230769231 0.29086538461538464 0.09014423076923077 0.057692307692307696
0 0.9002403846153846 0.2824519230769231 0.08533653846153846 0.055288461538461536
0 0.6754807692307693 0.2800480769230769 0.08533653846153846 0.055288461538461536
0 0.42908653846153844 0.2704326923076923 0.09014423076923077 0.057692307692307696
0 0.8161057692307693 0.26802884615384615 0.0829326923076923 0.052884615384615384
0 0.5877403846153846 0.25600961538461536 0.08774038461538461 0.055288461538461536
0 0.7439903846153846 0.24759615384615385 0.08533653846153846 0.055288461538461536
0 0.3798076923076923 0.24278846153846154 0.07091346153846154 0.052884615384615384
0 0.5060096153846154 0.23317307692307693 0.08774038461538461 0.055288461538461536
0 0.9483173076923077 0.2247596153846154 0.10096153846153846 0.0625
0 0.6610576923076923 0.2247596153846154 0.08774038461538461 0.055288461538461536
0 0.8052884615384616 0.21394230769230768 0.08533653846153846 0.055288461538461536
0 0.42908653846153844 0.20673076923076922 0.08533653846153846 0.057692307692307696
0 0.36778846153846156 0.1935096153846154 0.04807692307692308 0.039663461538461536
0 0.7295673076923077 0.19230769230769232 0.08533653846153846 0.052884615384615384
0 0.8689903846153846 0.18269230769230768 0.0829326923076923 0.052884615384615384
0 0.5060096153846154 0.17668269230769232 0.08533653846153846 0.052884615384615384
0 0.421875 0.16826923076923078 0.06009615384615385 0.027644230769230768
0 0.6598557692307693 0.15865384615384615 0.08774038461538461 0.055288461538461536
0 0.7824519230769231 0.14783653846153846 0.08533653846153846 0.055288461538461536
0 0.578125 0.14182692307692307 0.08533653846153846 0.055288461538461536
0 0.9411057692307693 0.14182692307692307 0.08533653846153846 0.055288461538461536
0 0.4387019230769231 0.12740384615384615 0.06490384615384616 0.04807692307692308
0 0.5036057692307693 0.12740384615384615 0.0673076923076923 0.04326923076923077
0 0.3713942307692308 0.12259615384615384 0.055288461538461536 0.04567307692307692
0 0.8617788461538461 0.12139423076923077 0.08533653846153846 0.057692307692307696
0 0.9711538461538461 0.10697115384615384 0.057692307692307696 0.052884615384615384
0 0.71875 0.09615384615384616 0.0985576923076923 0.0625
0 0.7956730769230769 0.08653846153846154 0.078125 0.057692307692307696
0 0.9254807692307693 0.0829326923076923 0.08533653846153846 0.057692307692307696
0 0.4266826923076923 0.0829326923076923 0.0625 0.04326923076923077
0 0.49038461538461536 0.07692307692307693 0.078125 0.04567307692307692
0 0.6237980769230769 0.07572115384615384 0.09254807692307693 0.0625
0 0.7175480769230769 0.051682692307692304 0.08774038461538461 0.04326923076923077
0 0.8557692307692307 0.051682692307692304 0.08774038461538461 0.057692307692307696
0 0.359375 0.046875 0.030048076923076924 0.04807692307692308
0 0.5576923076923077 0.038461538461538464 0.0673076923076923 0.04567307692307692
0 0.6370192307692307 0.036057692307692304 0.08533653846153846 0.04567307692307692
0 0.9663461538461539 0.036057692307692304 0.0673076923076923 0.057692307692307696
0 0.4879807692307692 0.03125 0.07091346153846154 0.04567307692307692
0 0.41466346153846156 0.026442307692307692 0.0673076923076923 0.04326923076923077
0 0.78125 0.02403846153846154 0.08533653846153846 0.04807692307692308
0 0.3605769230769231 0.018028846153846152 0.03245192307692308 0.030048076923076924
0 0.9050480769230769 0.015625 0.08533653846153846 0.030048076923076924
0 0.6983173076923077 0.015625 0.08533653846153846 0.030048076923076924
0 0.6021634615384616 0.009615384615384616 0.06971153846153846 0.019230769230769232
0 0.5288461538461539 0.007211538461538462 0.07211538461538461 0.014423076923076924
0 0.46033653846153844 0.004807692307692308 0.06490384615384616 0.009615384615384616
0 0.3894230769230769 0.003605769230769231 0.07091346153846154 0.007211538461538462
0 0.24519230769230768 0.9242788461538461 0.13822115384615385 0.1502403846153846
0 0.10096153846153846 0.8954326923076923 0.17067307692307693 0.2091346153846154
0 0.3293269230769231 0.7307692307692307 0.030048076923076924 0.17067307692307693
0 0.09134615384615384 0.7211538461538461 0.13341346153846154 0.17548076923076922
0 0.24759615384615385 0.6838942307692307 0.16346153846153846 0.22115384615384615
0 0.009615384615384616 0.6670673076923077 0.019230769230769232 0.2091346153846154
0 0.16826923076923078 0.5805288461538461 0.1310096153846154 0.17548076923076922
0 0.29447115384615385 0.5360576923076923 0.10096153846153846 0.2091346153846154
0 0.054086538461538464 0.5180288461538461 0.10817307692307693 0.21153846153846154
0 0.17668269230769232 0.390625 0.14783653846153846 0.078125
0 0.05048076923076923 0.3786057692307692 0.10096153846153846 0.052884615384615384
0 0.7584134615384616 0.6682692307692307 0.48197115384615385 0.6334134615384616