0 0.22716346153846154 0.06129807692307692 0.1778846153846154 0.12259615384615384
0 0.4266826923076923 0.08173076923076923 0.1502403846153846 0.16346153846153846
0 0.7415865384615384 0.009615384615384616 0.0889423076923077 0.019230769230769232
0 0.8942307692307693 0.013221153846153846 0.08653846153846154 0.026442307692307692
0 0.6658653846153846 0.02403846153846154 0.08533653846153846 0.04807692307692308
0 0.5961538461538461 0.03125 0.0625 0.039663461538461536
0 0.9603365384615384 0.03365384615384615 0.07932692307692307 0.052884615384615384
0 0.7427884615384616 0.04927884615384615 0.08533653846153846 0.052884615384615384
0 0.5180288461538461 0.055288461538461536 0.030048076923076924 0.03485576923076923
0 0.6586538461538461 0.057692307692307696 0.06009615384615385 0.027644230769230768
0 0.8954326923076923 0.0673076923076923 0.08774038461538461 0.055288461538461536
0 0.9867788461538461 0.078125 0.026442307692307692 0.055288461538461536
0 0.5372596153846154 0.078125 0.07091346153846154 0.04567307692307692
0 0.8137019230769231 0.08413461538461539 0.08533653846153846 0.055288461538461536
0 0.5192307692307693 0.09615384615384616 0.03245192307692308 0.04326923076923077
0 0.6742788461538461 0.09975961538461539 0.06490384615384616 0.04807692307692308
0 0.7403846153846154 0.09975961538461539 0.0673076923076923 0.04326923076923077
0 0.5985576923076923 0.10336538461538461 0.07572115384615384 0.04567307692307692
0 0.9519230769230769 0.12980769230769232 0.09495192307692307 0.0625
0 0.5336538461538461 0.13822115384615385 0.0625 0.05048076923076923
0 0.6634615384615384 0.14302884615384615 0.0625 0.04326923076923077
0 0.7259615384615384 0.14903846153846154 0.078125 0.04567307692307692
0 0.8605769230769231 0.1502403846153846 0.09254807692307693 0.0625
0 0.953125 0.17427884615384615 0.08774038461538461 0.04326923076923077
0 0.5769230769230769 0.17908653846153846 0.07091346153846154 0.04807692307692308
0 0.7944711538461539 0.1875 0.0673076923076923 0.04567307692307692
0 0.8725961538461539 0.18990384615384615 0.08533653846153846 0.04567307692307692
0 0.7235576923076923 0.19471153846153846 0.07091346153846154 0.04567307692307692
0 0.6502403846153846 0.19951923076923078 0.0673076923076923 0.04326923076923077
0 0.9867788461538461 0.203125 0.026442307692307692 0.055288461538461536
0 0.5805288461538461 0.2091346153846154 0.0673076923076923 0.030048076923076924
0 0.5216346153846154 0.2127403846153846 0.037259615384615384 0.04326923076923077
0 0.9362980769230769 0.22355769230769232 0.08533653846153846 0.055288461538461536
0 0.8389423076923077 0.22716346153846154 0.07091346153846154 0.04567307692307692
0 0.7680288461538461 0.23197115384615385 0.07091346153846154 0.04567307692307692
0 0.6959134615384616 0.23798076923076922 0.06490384615384616 0.04567307692307692
0 0.6262019230769231 0.2403846153846154 0.07091346153846154 0.04326923076923077
0 0.5408653846153846 0.2548076923076923 0.0673076923076923 0.04567307692307692
0 0.8882211538461539 0.25961538461538464 0.07091346153846154 0.04567307692307692
0 0.8149038461538461 0.27163461538461536 0.07091346153846154 0.04567307692307692
0 0.9711538461538461 0.27283653846153844 0.057692307692307696 0.052884615384615384
0 0.7415865384615384 0.2764423076923077 0.07091346153846154 0.04567307692307692
0 0.6694711538461539 0.27884615384615385 0.0673076923076923 0.039663461538461536
0 0.6009615384615384 0.2800480769230769 0.07091346153846154 0.037259615384615384
0 0.8629807692307693 0.28725961538461536 0.0673076923076923 0.02283653846153846
0 0.9362980769230769 0.28966346153846156 0.0673076923076923 0.018028846153846152
0 0.5264423076923077 0.28966346153846156 0.04807692307692308 0.018028846153846152
0 0.4675480769230769 0.5757211538461539 0.07091346153846154 0.10096153846153846
0 0.3713942307692308 0.5913461538461539 0.0829326923076923 0.10576923076923077
0 0.28725961538461536 0.6490384615384616 0.0733173076923077 0.0985576923076923
0 0.49158653846153844 0.6574519230769231 0.02283653846153846 0.11298076923076923
0 0.4266826923076923 0.6778846153846154 0.07572115384615384 0.11057692307692307
0 0.3401442307692308 0.6899038461538461 0.09014423076923077 0.11298076923076923
0 0.4735576923076923 0.7584134615384616 0.057692307692307696 0.1201923076923077
0 0.2247596153846154 0.8016826923076923 0.09014423076923077 0.11298076923076923
0 0.12860576923076922 0.8425480769230769 0.09254807692307693 0.11538461538461539
0 0.4735576923076923 0.9206730769230769 0.057692307692307696 0.12259615384615384
0 0.40384615384615385 0.9483173076923077 0.10336538461538461 0.10336538461538461
0 0.2848557692307692 0.9507211538461539 0.10336538461538461 0.0985576923076923
0 0.1658653846153846 0.984375 0.1310096153846154 0.030048076923076924
0 0.41225961538461536 0.49399038461538464 0.08052884615384616 0.0985576923076923
0 0.4831730769230769 0.49399038461538464 0.037259615384615384 0.0985576923076923
0 0.1971153846153846 0.7139423076923077 0.07572115384615384 0.07572115384615384
0 0.2439903846153846 0.6225961538461539 0.0625 0.08774038461538461
0 0.5456730769230769 0.3786057692307692 0.08533653846153846 0.15865384615384615
0 0.8966346153846154 0.3870192307692308 0.12620192307692307 0.17548076923076922
0 0.6514423076923077 0.3870192307692308 0.12259615384615384 0.17548076923076922
0 0.9771634615384616 0.38221153846153844 0.04567307692307692 0.15625
0 0.7764423076923077 0.3870192307692308 0.11298076923076923 0.16105769230769232
0 0.9759615384615384 0.5528846153846154 0.04807692307692308 0.17548076923076922
0 0.5480769230769231 0.5588942307692307 0.09014423076923077 0.1935096153846154
0 0.6514423076923077 0.5600961538461539 0.11298076923076923 0.1658653846153846
0 0.8990384615384616 0.5612980769230769 0.11538461538461539 0.16826923076923078
0 0.7752403846153846 0.5649038461538461 0.12860576923076922 0.1935096153846154
0 0.5504807692307693 0.7271634615384616 0.09495192307692307 0.15865384615384615
0 0.9879807692307693 0.7319711538461539 0.02403846153846154 0.15625
0 0.7872596153846154 0.734375 0.11298076923076923 0.16346153846153846
0 0.9098557692307693 0.7379807692307693 0.12860576923076922 0.1814903846153846
0 0.6646634615384616 0.7379807692307693 0.12860576923076922 0.18870192307692307
0 0.9891826923076923 0.9110576923076923 0.021634615384615384 0.1778846153846154
0 0.7896634615384616 0.9134615384615384 0.12860576923076922 0.17307692307692307
0 0.5492788461538461 0.9158653846153846 0.09254807692307693 0.16826923076923078
0 0.9158653846153846 0.921875 0.11298076923076923 0.15625
0 0.6634615384615384 0.921875 0.11538461538461539 0.15625