0 0.22596153846153846 0.07692307692307693 0.17548076923076922 0.15384615384615385
0 0.4230769230769231 0.09615384615384616 0.14903846153846154 0.19230769230769232
0 0.6586538461538461 0.008413461538461538 0.0889423076923077 0.016826923076923076
0 0.8125 0.014423076923076924 0.08653846153846154 0.028846153846153848
0 0.9627403846153846 0.018028846153846152 0.07451923076923077 0.036057692307692304
0 0.6009615384615384 0.019230769230769232 0.08173076923076923 0.038461538461538464
0 0.734375 0.026442307692307692 0.08653846153846154 0.051682692307692304
0 0.8858173076923077 0.03365384615384615 0.08653846153846154 0.054086538461538464
0 0.9927884615384616 0.04447115384615385 0.014423076923076924 0.054086538461538464
0 0.6586538461538461 0.05048076923076923 0.08413461538461539 0.056490384615384616
0 0.5901442307692307 0.06370192307692307 0.06129807692307692 0.039663461538461536
0 0.9543269230769231 0.06610576923076923 0.08413461538461539 0.051682692307692304
0 0.734375 0.08052884615384616 0.08413461538461539 0.051682692307692304
0 0.5120192307692307 0.08653846153846154 0.030048076923076924 0.03485576923076923
0 0.6514423076923077 0.0889423076923077 0.05889423076923077 0.027644230769230768
0 0.8846153846153846 0.0985576923076923 0.08653846153846154 0.054086538461538464
0 0.9807692307692307 0.10817307692307693 0.038461538461538464 0.052884615384615384
0 0.5324519230769231 0.109375 0.06971153846153846 0.04447115384615385
0 0.8040865384615384 0.11538461538461539 0.08413461538461539 0.054086538461538464
0 0.5132211538461539 0.12740384615384615 0.03245192307692308 0.042067307692307696
0 0.6670673076923077 0.12980769230769232 0.06490384615384616 0.046875
0 0.7319711538461539 0.12980769230769232 0.0673076923076923 0.042067307692307696
0 0.5913461538461539 0.13341346153846154 0.07451923076923077 0.04447115384615385
0 0.9435096153846154 0.15985576923076922 0.09615384615384616 0.06129807692307692
0 0.9903846153846154 0.16947115384615385 0.019230769230769232 0.056490384615384616
0 0.5288461538461539 0.16826923076923078 0.06129807692307692 0.04927884615384615
0 0.65625 0.17307692307692307 0.06129807692307692 0.042067307692307696
0 0.7175480769230769 0.17908653846153846 0.07692307692307693 0.04447115384615385
0 0.8497596153846154 0.18028846153846154 0.09134615384615384 0.06129807692307692
0 0.9423076923076923 0.20432692307692307 0.08653846153846154 0.042067307692307696
0 0.5709134615384616 0.2091346153846154 0.06971153846153846 0.046875
0 0.7848557692307693 0.21634615384615385 0.0673076923076923 0.04447115384615385
0 0.8629807692307693 0.21875 0.08413461538461539 0.04447115384615385
0 0.7151442307692307 0.22355769230769232 0.06971153846153846 0.04447115384615385
0 0.6430288461538461 0.2283653846153846 0.0673076923076923 0.042067307692307696
0 0.9807692307692307 0.23197115384615385 0.038461538461538464 0.055288461538461536
0 0.5745192307692307 0.23798076923076922 0.0673076923076923 0.030048076923076924
0 0.515625 0.24158653846153846 0.037259615384615384 0.042067307692307696
0 0.9242788461538461 0.25240384615384615 0.08413461538461539 0.054086538461538464
0 0.8293269230769231 0.25600961538461536 0.06971153846153846 0.04447115384615385
0 0.7584134615384616 0.2608173076923077 0.06971153846153846 0.04447115384615385
0 0.6887019230769231 0.265625 0.06490384615384616 0.04447115384615385
0 0.6189903846153846 0.26802884615384615 0.06971153846153846 0.042067307692307696
0 0.5360576923076923 0.28365384615384615 0.0673076923076923 0.04447115384615385
0 0.8774038461538461 0.28846153846153844 0.06971153846153846 0.04447115384615385
0 0.8052884615384616 0.29927884615384615 0.06971153846153846 0.04447115384615385
0 0.9651442307692307 0.3004807692307692 0.06971153846153846 0.051682692307692304
0 0.7331730769230769 0.30408653846153844 0.06971153846153846 0.04447115384615385
0 0.6622596153846154 0.30649038461538464 0.0673076923076923 0.039663461538461536
0 0.59375 0.3076923076923077 0.06971153846153846 0.037259615384615384
0 0.8521634615384616 0.3161057692307692 0.0673076923076923 0.02283653846153846
0 0.9242788461538461 0.31850961538461536 0.0673076923076923 0.016826923076923076
0 0.5216346153846154 0.31850961538461536 0.046875 0.016826923076923076
0 0.46274038461538464 0.5985576923076923 0.06971153846153846 0.0985576923076923
0 0.36899038461538464 0.6153846153846154 0.08173076923076923 0.10336538461538461
0 0.2860576923076923 0.671875 0.07211538461538461 0.09615384615384616
0 0.48677884615384615 0.6790865384615384 0.02283653846153846 0.11177884615384616
0 0.4230769230769231 0.7007211538461539 0.07451923076923077 0.109375
0 0.33774038461538464 0.7115384615384616 0.0889423076923077 0.11177884615384616
0 0.46875 0.7800480769230769 0.056490384615384616 0.11899038461538461
0 0.22355769230769232 0.8221153846153846 0.0889423076923077 0.11177884615384616
0 0.12860576923076922 0.8629807692307693 0.09134615384615384 0.1141826923076923
0 0.4675480769230769 0.9387019230769231 0.055288461538461536 0.12259615384615384
0 0.40024038461538464 0.9579326923076923 0.10096153846153846 0.08413461538461539
0 0.28365384615384615 0.9603365384615384 0.10096153846153846 0.07932692307692307
0 0.1658653846153846 0.9939903846153846 0.12860576923076922 0.01201923076923077
0 0.40865384615384615 0.5180288461538461 0.07932692307692307 0.09615384615384616
0 0.47836538461538464 0.5180288461538461 0.037259615384615384 0.09615384615384616
0 0.1971153846153846 0.7355769230769231 0.07451923076923077 0.07451923076923077
0 0.24278846153846154 0.6466346153846154 0.06129807692307692 0.08653846153846154
0 0.5396634615384616 0.4050480769230769 0.08413461538461539 0.15625
0 0.8858173076923077 0.41346153846153844 0.12379807692307693 0.17307692307692307
0 0.6442307692307693 0.41346153846153844 0.12139423076923077 0.17307692307692307
0 0.9711538461538461 0.40865384615384615 0.056490384615384616 0.15384615384615385
0 0.7668269230769231 0.41346153846153844 0.11177884615384616 0.15865384615384615
0 0.9699519230769231 0.5769230769230769 0.05889423076923077 0.17307692307692307
0 0.5420673076923077 0.5829326923076923 0.0889423076923077 0.19110576923076922
0 0.6442307692307693 0.5841346153846154 0.11177884615384616 0.16346153846153846
0 0.8882211538461539 0.5853365384615384 0.1141826923076923 0.1658653846153846
0 0.765625 0.5889423076923077 0.12620192307692307 0.19110576923076922
0 0.5444711538461539 0.7487980769230769 0.09375 0.15625
0 0.9819711538461539 0.7548076923076923 0.036057692307692304 0.15384615384615385
0 0.7788461538461539 0.7560096153846154 0.11177884615384616 0.16105769230769232
0 0.8990384615384616 0.7584134615384616 0.12620192307692307 0.1778846153846154
0 0.6574519230769231 0.7584134615384616 0.12620192307692307 0.18509615384615385
0 0.9831730769230769 0.9206730769230769 0.03365384615384615 0.15865384615384615
0 0.78125 0.9230769230769231 0.12620192307692307 0.15384615384615385
0 0.5432692307692307 0.9254807692307693 0.09134615384615384 0.14903846153846154
0 0.9050480769230769 0.9314903846153846 0.11177884615384616 0.13581730769230768
0 0.65625 0.9314903846153846 0.1141826923076923 0.13581730769230768