0 0.028846153846153848 0.20673076923076922 0.056490384615384616 0.41225961538461536
0 0.9399038461538461 0.2692307692307692 0.1201923076923077 0.28365384615384615
0 0.796875 0.2668269230769231 0.19110576923076922 0.29086538461538464
0 0.6129807692307693 0.2668269230769231 0.19110576923076922 0.29086538461538464
0 0.4651442307692308 0.2668269230769231 0.12620192307692307 0.29086538461538464
0 0.04567307692307692 0.7295673076923077 0.09014423076923077 0.5408653846153846
0 0.5060096153846154 0.7019230769230769 0.07692307692307693 0.11298076923076923
0 0.9050480769230769 0.7836538461538461 0.07211538461538461 0.10817307692307693
0 0.8317307692307693 0.7884615384615384 0.07211538461538461 0.11057692307692307
0 0.546875 0.7932692307692307 0.0673076923076923 0.09735576923076923
0 0.47596153846153844 0.7932692307692307 0.0673076923076923 0.09735576923076923
0 0.6862980769230769 0.7956730769230769 0.07211538461538461 0.11057692307692307
0 0.6153846153846154 0.796875 0.0673076923076923 0.10096153846153846
0 0.4170673076923077 0.7992788461538461 0.03125 0.11298076923076923
0 0.7572115384615384 0.8028846153846154 0.07211538461538461 0.10096153846153846
0 0.9723557692307693 0.8052884615384616 0.054086538461538464 0.10096153846153846
0 0.7259615384615384 0.8822115384615384 0.06490384615384616 0.09735576923076923
0 0.7956730769230769 0.8990384615384616 0.07451923076923077 0.10817307692307693
0 0.43149038461538464 0.9098557692307693 0.05889423076923077 0.10336538461538461
0 0.5733173076923077 0.9158653846153846 0.07692307692307693 0.11298076923076923
0 0.9903846153846154 0.9206730769230769 0.018028846153846152 0.10336538461538461
0 0.8713942307692307 0.9338942307692307 0.07211538461538461 0.10817307692307693
0 0.953125 0.9399038461538461 0.07451923076923077 0.10817307692307693
0 0.6478365384615384 0.9399038461538461 0.07932692307692307 0.1201923076923077
0 0.4795673076923077 0.9543269230769231 0.08774038461538461 0.09014423076923077