0 0.33052884615384615 0.38221153846153844 0.07692307692307693 0.10817307692307693
0 0.20432692307692307 0.3701923076923077 0.09495192307692307 0.1310096153846154
0 0.08533653846153846 0.3581730769230769 0.11538461538461539 0.15625
0 0.021634615384615384 0.35336538461538464 0.04326923076923077 0.14302884615384615
0 0.3329326923076923 0.22235576923076922 0.07211538461538461 0.13581730769230768
0 0.1045673076923077 0.21514423076923078 0.08774038461538461 0.13341346153846154
0 0.19110576923076922 0.20793269230769232 0.10817307692307693 0.15384615384615385
0 0.019230769230769232 0.18629807692307693 0.038461538461538464 0.16105769230769232
0 0.21875 0.0625 0.09615384615384616 0.125
0 0.3269230769230769 0.0625 0.08173076923076923 0.125
0 0.030048076923076924 0.05048076923076923 0.05889423076923077 0.09975961538461539
0 0.09975961538461539 0.05048076923076923 0.11298076923076923 0.09975961538461539
0 0.40384615384615385 0.10216346153846154 0.06370192307692307 0.04567307692307692
0 0.6490384615384616 0.265625 0.06370192307692307 0.04927884615384615
0 0.4891826923076923 0.3076923076923077 0.06610576923076923 0.051682692307692304
0 0.7103365384615384 0.1045673076923077 0.06129807692307692 0.04927884615384615
0 0.6502403846153846 0.1045673076923077 0.06370192307692307 0.04567307692307692
0 0.4014423076923077 0.18389423076923078 0.06370192307692307 0.04927884615384615
0 0.5276442307692307 0.10336538461538461 0.06370192307692307 0.04927884615384615
0 0.5252403846153846 0.18389423076923078 0.06370192307692307 0.04927884615384615
0 0.4987980769230769 0.06370192307692307 0.06370192307692307 0.04927884615384615
0 0.46274038461538464 0.18389423076923078 0.06370192307692307 0.04927884615384615
0 0.5889423076923077 0.10336538461538461 0.06370192307692307 0.04927884615384615
0 0.3870192307692308 0.0625 0.036057692307692304 0.04927884615384615
0 0.9278846153846154 0.3076923076923077 0.06129807692307692 0.04927884615384615
0 0.46634615384615385 0.10336538461538461 0.06370192307692307 0.04927884615384615
0 0.5600961538461539 0.06490384615384616 0.06370192307692307 0.04927884615384615
0 0.421875 0.30528846153846156 0.06971153846153846 0.04927884615384615
0 0.3870192307692308 0.004807692307692308 0.038461538461538464 0.009615384615384616
0 0.4375 0.06370192307692307 0.06370192307692307 0.04927884615384615
0 0.4963942307692308 0.14302884615384615 0.06370192307692307 0.04927884615384615
0 0.6490384615384616 0.18509615384615385 0.06370192307692307 0.04927884615384615
0 0.4338942307692308 0.14302884615384615 0.06370192307692307 0.051682692307692304
0 0.5853365384615384 0.265625 0.06370192307692307 0.04927884615384615
0 0.5300480769230769 0.026442307692307692 0.06370192307692307 0.04927884615384615
0 0.5889423076923077 0.18389423076923078 0.06370192307692307 0.04927884615384615
0 0.5913461538461539 0.027644230769230768 0.06370192307692307 0.04927884615384615
0 0.6790865384615384 0.14543269230769232 0.06129807692307692 0.04927884615384615
0 0.7692307692307693 0.10697115384615384 0.06129807692307692 0.04927884615384615
0 0.42788461538461536 0.22355769230769232 0.06610576923076923 0.04927884615384615
0 0.8653846153846154 0.30649038461538464 0.06129807692307692 0.051682692307692304
0 0.890625 0.18629807692307693 0.06370192307692307 0.04927884615384615
0 0.5576923076923077 0.14302884615384615 0.06370192307692307 0.051682692307692304
0 0.7103365384615384 0.2644230769230769 0.06129807692307692 0.04927884615384615
0 0.6790865384615384 0.06610576923076923 0.06129807692307692 0.04927884615384615
0 0.6189903846153846 0.14302884615384615 0.06129807692307692 0.04927884615384615
0 0.7427884615384616 0.30649038461538464 0.06129807692307692 0.051682692307692304
0 0.921875 0.1466346153846154 0.06370192307692307 0.04927884615384615
0 0.7391826923076923 0.06850961538461539 0.06129807692307692 0.04927884615384615
0 0.8605769230769231 0.1466346153846154 0.06370192307692307 0.04927884615384615
0 0.9783653846153846 0.30649038461538464 0.04326923076923077 0.04927884615384615
0 0.8040865384615384 0.30649038461538464 0.06370192307692307 0.051682692307692304
0 0.9507211538461539 0.18629807692307693 0.06370192307692307 0.04927884615384615
0 0.7391826923076923 0.1466346153846154 0.06129807692307692 0.04927884615384615
0 0.859375 0.06971153846153846 0.06129807692307692 0.04927884615384615
0 0.40625 0.025240384615384616 0.06370192307692307 0.04927884615384615
0 0.9483173076923077 0.109375 0.06129807692307692 0.04927884615384615
0 0.38221153846153844 0.21995192307692307 0.025240384615384616 0.051682692307692304
0 0.8305288461538461 0.18629807692307693 0.06129807692307692 0.04927884615384615
0 0.7103365384615384 0.18509615384615385 0.06129807692307692 0.04927884615384615
0 0.9735576923076923 0.1466346153846154 0.052884615384615384 0.04807692307692308
0 0.8557692307692307 0.007211538461538462 0.0625 0.014423076923076924
0 0.4362980769230769 0.004807692307692308 0.06490384615384616 0.009615384615384616
0 0.6165865384615384 0.2247596153846154 0.06370192307692307 0.051682692307692304
0 0.8317307692307693 0.265625 0.06129807692307692 0.051682692307692304
0 0.7944711538461539 0.007211538461538462 0.06009615384615385 0.014423076923076924
0 0.4675480769230769 0.025240384615384616 0.06370192307692307 0.04927884615384615
0 0.8930288461538461 0.2668269230769231 0.06129807692307692 0.04927884615384615
0 0.9134615384615384 0.008413461538461538 0.057692307692307696 0.016826923076923076
0 0.6514423076923077 0.027644230769230768 0.06370192307692307 0.04927884615384615
0 0.9555288461538461 0.2668269230769231 0.06129807692307692 0.04927884615384615
0 0.3858173076923077 0.14182692307692307 0.03365384615384615 0.04927884615384615
0 0.7716346153846154 0.18509615384615385 0.06129807692307692 0.04927884615384615
0 0.7716346153846154 0.265625 0.06129807692307692 0.051682692307692304
0 0.3786057692307692 0.30408653846153844 0.018028846153846152 0.04927884615384615
0 0.9879807692307693 0.109375 0.02283653846153846 0.04927884615384615
0 0.9459134615384616 0.03245192307692308 0.05889423076923077 0.04567307692307692
0 0.6790865384615384 0.2247596153846154 0.06370192307692307 0.051682692307692304
0 0.5228365384615384 0.265625 0.06370192307692307 0.051682692307692304
0 0.9903846153846154 0.18509615384615385 0.019230769230769232 0.04807692307692308
0 0.8293269230769231 0.10817307692307693 0.06129807692307692 0.04567307692307692
0 0.7103365384615384 0.030048076923076924 0.06129807692307692 0.04927884615384615
0 0.8293269230769231 0.03125 0.06129807692307692 0.04927884615384615
0 0.9182692307692307 0.06971153846153846 0.06129807692307692 0.04927884615384615
0 0.45913461538461536 0.265625 0.06610576923076923 0.051682692307692304
0 0.5552884615384616 0.2247596153846154 0.06370192307692307 0.051682692307692304
0 0.7692307692307693 0.03125 0.06129807692307692 0.04927884615384615
0 0.6189903846153846 0.06610576923076923 0.06129807692307692 0.04927884615384615
0 0.6778846153846154 0.006009615384615385 0.0625 0.01201923076923077
0 0.49759615384615385 0.004807692307692308 0.0625 0.009615384615384616
0 0.8894230769230769 0.10817307692307693 0.06129807692307692 0.04927884615384615
0 0.7415865384615384 0.2247596153846154 0.06129807692307692 0.04927884615384615
0 0.9711538461538461 0.008413461538461538 0.057692307692307696 0.016826923076923076
0 0.8882211538461539 0.03125 0.06129807692307692 0.04567307692307692
0 0.9915865384615384 0.265625 0.016826923076923076 0.05048076923076923
0 0.6189903846153846 0.006009615384615385 0.06009615384615385 0.01201923076923077
0 0.9723557692307693 0.06971153846153846 0.055288461538461536 0.04807692307692308
0 0.8016826923076923 0.22596153846153846 0.06129807692307692 0.04927884615384615
0 0.5576923076923077 0.004807692307692308 0.0625 0.009615384615384616
0 0.39663461538461536 0.2620192307692308 0.054086538461538464 0.051682692307692304
0 0.7367788461538461 0.007211538461538462 0.06009615384615385 0.014423076923076924
0 0.9747596153846154 0.22355769230769232 0.05048076923076923 0.04807692307692308
0 0.8004807692307693 0.06850961538461539 0.06129807692307692 0.04927884615384615
0 0.9867788461538461 0.03365384615384615 0.025240384615384616 0.04567307692307692
0 0.5540865384615384 0.3076923076923077 0.06370192307692307 0.051682692307692304
0 0.8004807692307693 0.1466346153846154 0.06129807692307692 0.04927884615384615
0 0.49278846153846156 0.2247596153846154 0.06370192307692307 0.051682692307692304
0 0.9230769230769231 0.22596153846153846 0.06370192307692307 0.04927884615384615
0 0.8617788461538461 0.22596153846153846 0.06370192307692307 0.04927884615384615
0 0.32091346153846156 0.9879807692307693 0.09735576923076923 0.02283653846153846
0 0.10817307692307693 0.9915865384615384 0.11538461538461539 0.016826923076923076
0 0.21875 0.8942307692307693 0.15384615384615385 0.21153846153846154
0 0.1045673076923077 0.9002403846153846 0.11298076923076923 0.19951923076923078
0 0.03245192307692308 0.8990384615384616 0.06370192307692307 0.1971153846153846
0 0.3233173076923077 0.7415865384615384 0.09254807692307693 0.18990384615384615
0 0.16105769230769232 0.7115384615384616 0.1466346153846154 0.21754807692307693
0 0.052884615384615384 0.5841346153846154 0.1045673076923077 0.19471153846153846
0 0.29086538461538464 0.5637019230769231 0.13341346153846154 0.203125
0 0.16947115384615385 0.5600961538461539 0.12860576923076922 0.15865384615384615
0 0.33533653846153844 0.4675480769230769 0.06610576923076923 0.06370192307692307
0 0.234375 0.46274038461538464 0.12620192307692307 0.054086538461538464
0 0.02283653846153846 0.46153846153846156 0.04567307692307692 0.051682692307692304
0 0.10817307692307693 0.45913461538461536 0.12860576923076922 0.04567307692307692
0 0.7692307692307693 0.9831730769230769 0.10817307692307693 0.03365384615384615
0 0.953125 0.9735576923076923 0.09375 0.052884615384615384
0 0.7836538461538461 0.8401442307692307 0.10817307692307693 0.1875
0 0.9483173076923077 0.8377403846153846 0.10216346153846154 0.1875
0 0.8185096153846154 0.5949519230769231 0.10817307692307693 0.1875
0 0.9783653846153846 0.5805288461538461 0.04326923076923077 0.1875