0 0.11658653846153846 0.09975961538461539 0.10096153846153846 0.14783653846153846
0 0.03365384615384615 0.10336538461538461 0.06610576923076923 0.17427884615384615
0 0.12259615384615384 0.2608173076923077 0.11658653846153846 0.17427884615384615
0 0.4579326923076923 0.26322115384615385 0.06370192307692307 0.14543269230769232
0 0.38341346153846156 0.2668269230769231 0.10817307692307693 0.16947115384615385
0 0.03485576923076923 0.26802884615384615 0.06850961538461539 0.1502403846153846
0 0.33413461538461536 0.4206730769230769 0.09254807692307693 0.13701923076923078
0 0.22355769230769232 0.42427884615384615 0.08774038461538461 0.12980769230769232
0 0.44350961538461536 0.41947115384615385 0.09254807692307693 0.140625
0 0.037259615384615384 0.43509615384615385 0.07451923076923077 0.10817307692307693
0 0.1310096153846154 0.4338942307692308 0.10817307692307693 0.11057692307692307
0 0.9314903846153846 0.3701923076923077 0.13701923076923078 0.23798076923076922
0 0.7247596153846154 0.36778846153846156 0.2800480769230769 0.24278846153846154
0 0.6334134615384616 0.12259615384615384 0.28125 0.24519230769230768
0 0.8954326923076923 0.13221153846153846 0.2091346153846154 0.2644230769230769
0 0.5132211538461539 0.10576923076923077 0.04807692307692308 0.21153846153846154
0 0.18629807692307693 0.765625 0.171875 0.2644230769230769
0 0.3629807692307692 0.765625 0.171875 0.2620192307692308
0 0.04927884615384615 0.765625 0.09735576923076923 0.2620192307692308
0 0.4699519230769231 0.7716346153846154 0.039663461538461536 0.25721153846153844
0 0.2668269230769231 0.9290865384615384 0.16826923076923078 0.14182692307692307
0 0.09615384615384616 0.9290865384615384 0.16826923076923078 0.14182692307692307
0 0.4230769230769231 0.9326923076923077 0.13221153846153846 0.1346153846153846
0 0.039663461538461536 0.5408653846153846 0.07932692307692307 0.10336538461538461
0 0.16947115384615385 0.5408653846153846 0.17427884615384615 0.10336538461538461
0 0.3449519230769231 0.5432692307692307 0.171875 0.10817307692307693
0 0.7451923076923077 0.5625 0.1346153846153846 0.14543269230769232
0 0.5913461538461539 0.5661057692307693 0.140625 0.15384615384615385
0 0.8834134615384616 0.5685096153846154 0.14302884615384615 0.15865384615384615
0 0.9771634615384616 0.5769230769230769 0.04447115384615385 0.17427884615384615
0 0.5480769230769231 0.6838942307692307 0.11658653846153846 0.14543269230769232
0 0.8149038461538461 0.6947115384615384 0.1346153846153846 0.15625
0 0.6706730769230769 0.703125 0.13701923076923078 0.15384615384615385
0 0.9411057692307693 0.7091346153846154 0.11778846153846154 0.15384615384615385
0 0.5144230769230769 0.8161057692307693 0.05048076923076923 0.140625
0 0.7451923076923077 0.8329326923076923 0.13221153846153846 0.14302884615384615
0 0.8798076923076923 0.84375 0.1346153846153846 0.15384615384615385
0 0.5997596153846154 0.8449519230769231 0.13221153846153846 0.14543269230769232
0 0.9759615384615384 0.8509615384615384 0.04807692307692308 0.1502403846153846
0 0.5504807692307693 0.9399038461538461 0.12139423076923077 0.11899038461538461
0 0.8112980769230769 0.9459134615384616 0.12980769230769232 0.10817307692307693
0 0.6754807692307693 0.9471153846153846 0.12980769230769232 0.10576923076923077
0 0.9399038461538461 0.9627403846153846 0.11899038461538461 0.07451923076923077