0 0.3293269230769231 0.33533653846153844 0.07692307692307693 0.10817307692307693
0 0.20192307692307693 0.3233173076923077 0.09495192307692307 0.1310096153846154
0 0.08413461538461539 0.31009615384615385 0.11538461538461539 0.15745192307692307
0 0.020432692307692308 0.30649038461538464 0.040865384615384616 0.14423076923076922
0 0.3329326923076923 0.17427884615384615 0.07211538461538461 0.13701923076923078
0 0.10336538461538461 0.16706730769230768 0.08774038461538461 0.1346153846153846
0 0.18990384615384615 0.15985576923076922 0.10817307692307693 0.15504807692307693
0 0.018028846153846152 0.13822115384615385 0.036057692307692304 0.1622596153846154
0 0.21875 0.038461538461538464 0.09735576923076923 0.07692307692307693
0 0.3269230769230769 0.038461538461538464 0.0829326923076923 0.07692307692307693
0 0.027644230769230768 0.025240384615384616 0.055288461538461536 0.05048076923076923
0 0.09735576923076923 0.025240384615384616 0.11298076923076923 0.05048076923076923
0 0.40384615384615385 0.054086538461538464 0.06490384615384616 0.046875
0 0.6490384615384616 0.21754807692307693 0.06490384615384616 0.04927884615384615
0 0.4891826923076923 0.2608173076923077 0.0673076923076923 0.051682692307692304
0 0.7115384615384616 0.056490384615384616 0.06129807692307692 0.04927884615384615
0 0.6502403846153846 0.056490384615384616 0.06490384615384616 0.046875
0 0.40024038461538464 0.13581730769230768 0.06490384615384616 0.04927884615384615
0 0.5288461538461539 0.055288461538461536 0.06490384615384616 0.04927884615384615
0 0.5252403846153846 0.13581730769230768 0.06490384615384616 0.04927884615384615
0 0.4987980769230769 0.019230769230769232 0.06490384615384616 0.038461538461538464
0 0.46274038461538464 0.13581730769230768 0.06490384615384616 0.04927884615384615
0 0.5889423076923077 0.055288461538461536 0.06490384615384616 0.04927884615384615
0 0.3870192307692308 0.019230769230769232 0.036057692307692304 0.038461538461538464
0 0.9302884615384616 0.2608173076923077 0.06129807692307692 0.04927884615384615
0 0.46634615384615385 0.055288461538461536 0.06490384615384616 0.04927884615384615
0 0.5600961538461539 0.020432692307692308 0.06490384615384616 0.040865384615384616
0 0.421875 0.25721153846153844 0.06971153846153846 0.04927884615384615
0 0.4362980769230769 0.019230769230769232 0.06490384615384616 0.038461538461538464
0 0.4963942307692308 0.09495192307692307 0.06490384615384616 0.04927884615384615
0 0.6490384615384616 0.13701923076923078 0.06490384615384616 0.04927884615384615
0 0.4326923076923077 0.09495192307692307 0.06490384615384616 0.051682692307692304
0 0.5865384615384616 0.21754807692307693 0.06490384615384616 0.04927884615384615
0 0.5889423076923077 0.13581730769230768 0.06490384615384616 0.04927884615384615
0 0.6802884615384616 0.09615384615384616 0.06129807692307692 0.04927884615384615
0 0.7704326923076923 0.057692307692307696 0.06129807692307692 0.04927884615384615
0 0.42788461538461536 0.17548076923076922 0.0673076923076923 0.04927884615384615
0 0.8677884615384616 0.25961538461538464 0.06129807692307692 0.051682692307692304
0 0.8930288461538461 0.13822115384615385 0.06490384615384616 0.04927884615384615
0 0.5576923076923077 0.09495192307692307 0.06490384615384616 0.051682692307692304
0 0.7115384615384616 0.21634615384615385 0.06129807692307692 0.04927884615384615
0 0.6802884615384616 0.020432692307692308 0.06129807692307692 0.040865384615384616
0 0.6201923076923077 0.09495192307692307 0.06129807692307692 0.04927884615384615
0 0.7439903846153846 0.25961538461538464 0.06129807692307692 0.051682692307692304
0 0.9242788461538461 0.09735576923076923 0.06490384615384616 0.04927884615384615
0 0.7391826923076923 0.021634615384615384 0.06129807692307692 0.04326923076923077
0 0.8617788461538461 0.09735576923076923 0.06490384615384616 0.04927884615384615
0 0.9795673076923077 0.25961538461538464 0.040865384615384616 0.04927884615384615
0 0.8052884615384616 0.25961538461538464 0.06490384615384616 0.051682692307692304
0 0.953125 0.13822115384615385 0.06490384615384616 0.04927884615384615
0 0.7403846153846154 0.09735576923076923 0.06129807692307692 0.04927884615384615
0 0.8605769230769231 0.021634615384615384 0.06129807692307692 0.04326923076923077
0 0.9507211538461539 0.06009615384615385 0.06129807692307692 0.04927884615384615
0 0.38100961538461536 0.17307692307692307 0.025240384615384616 0.051682692307692304
0 0.8329326923076923 0.13822115384615385 0.06129807692307692 0.04927884615384615
0 0.7115384615384616 0.13701923076923078 0.06129807692307692 0.04927884615384615
0 0.9747596153846154 0.0985576923076923 0.05048076923076923 0.04807692307692308
0 0.6177884615384616 0.17668269230769232 0.06490384615384616 0.051682692307692304
0 0.8341346153846154 0.21754807692307693 0.06129807692307692 0.051682692307692304
0 0.8954326923076923 0.21875 0.06129807692307692 0.04927884615384615
0 0.9579326923076923 0.21875 0.06129807692307692 0.04927884615384615
0 0.3858173076923077 0.09375 0.03365384615384615 0.04927884615384615
0 0.7728365384615384 0.13701923076923078 0.06129807692307692 0.04927884615384615
0 0.7728365384615384 0.21754807692307693 0.06129807692307692 0.051682692307692304
0 0.37740384615384615 0.25600961538461536 0.018028846153846152 0.04927884615384615
0 0.9891826923076923 0.06009615384615385 0.020432692307692308 0.04927884615384615
0 0.6802884615384616 0.17668269230769232 0.06490384615384616 0.051682692307692304
0 0.5228365384615384 0.21754807692307693 0.06490384615384616 0.051682692307692304
0 0.9915865384615384 0.13701923076923078 0.016826923076923076 0.04807692307692308
0 0.8317307692307693 0.05889423076923077 0.06129807692307692 0.046875
0 0.9206730769230769 0.021634615384615384 0.06129807692307692 0.04326923076923077
0 0.45913461538461536 0.21754807692307693 0.0673076923076923 0.051682692307692304
0 0.5552884615384616 0.17668269230769232 0.06490384615384616 0.051682692307692304
0 0.6189903846153846 0.020432692307692308 0.06129807692307692 0.040865384615384616
0 0.8918269230769231 0.05889423076923077 0.06129807692307692 0.04927884615384615
0 0.7427884615384616 0.17668269230769232 0.06129807692307692 0.04927884615384615
0 0.9927884615384616 0.21754807692307693 0.014423076923076924 0.05048076923076923
0 0.9735576923076923 0.02283653846153846 0.052884615384615384 0.04567307692307692
0 0.8028846153846154 0.1778846153846154 0.06129807692307692 0.04927884615384615
0 0.3954326923076923 0.21394230769230768 0.054086538461538464 0.051682692307692304
0 0.9759615384615384 0.17548076923076922 0.04807692307692308 0.04807692307692308
0 0.8016826923076923 0.021634615384615384 0.06129807692307692 0.04326923076923077
0 0.5540865384615384 0.2608173076923077 0.06490384615384616 0.051682692307692304
0 0.8016826923076923 0.09735576923076923 0.06129807692307692 0.04927884615384615
0 0.49278846153846156 0.17668269230769232 0.06490384615384616 0.051682692307692304
0 0.9254807692307693 0.1778846153846154 0.06490384615384616 0.04927884615384615
0 0.8629807692307693 0.1778846153846154 0.06490384615384616 0.04927884615384615
0 0.2247596153846154 0.9783653846153846 0.11899038461538461 0.04326923076923077
0 0.31971153846153844 0.9663461538461539 0.09735576923076923 0.0673076923076923
0 0.10697115384615384 0.9699519230769231 0.11538461538461539 0.05889423076923077
0 0.21995192307692307 0.8605769230769231 0.15504807692307693 0.23197115384615385
0 0.1045673076923077 0.8581730769230769 0.11298076923076923 0.20673076923076922
0 0.03125 0.8545673076923077 0.06129807692307692 0.19831730769230768
0 0.32211538461538464 0.6959134615384616 0.09254807692307693 0.19110576923076922
0 0.15985576923076922 0.6658653846153846 0.1466346153846154 0.21875
0 0.051682692307692304 0.5384615384615384 0.10336538461538461 0.19591346153846154
0 0.28966346153846156 0.5180288461538461 0.1346153846153846 0.203125
0 0.16706730769230768 0.5144230769230769 0.12860576923076922 0.15985576923076922
0 0.33533653846153844 0.421875 0.0673076923076923 0.06490384615384616
0 0.23317307692307693 0.41586538461538464 0.12620192307692307 0.054086538461538464
0 0.021634615384615384 0.41466346153846156 0.04326923076923077 0.051682692307692304
0 0.10576923076923077 0.41225961538461536 0.12860576923076922 0.046875
0 0.7704326923076923 0.9615384615384616 0.10817307692307693 0.07692307692307693
0 0.9543269230769231 0.9519230769230769 0.09014423076923077 0.09495192307692307
0 0.7848557692307693 0.7956730769230769 0.10817307692307693 0.18870192307692307
0 0.9495192307692307 0.7920673076923077 0.10096153846153846 0.18870192307692307
0 0.8197115384615384 0.5492788461538461 0.10817307692307693 0.18870192307692307
0 0.9795673076923077 0.5348557692307693 0.040865384615384616 0.18870192307692307