0 0.34375 0.37259615384615385 0.078125 0.109375
0 0.21514423076923078 0.3605769230769231 0.09615384615384616 0.13221153846153846
0 0.09495192307692307 0.3473557692307692 0.11778846153846154 0.15865384615384615
0 0.026442307692307692 0.34375 0.051682692307692304 0.14543269230769232
0 0.34615384615384615 0.2091346153846154 0.0733173076923077 0.13822115384615385
0 0.1141826923076923 0.203125 0.0889423076923077 0.13581730769230768
0 0.20192307692307693 0.19471153846153846 0.109375 0.15625
0 0.02403846153846154 0.17307692307692307 0.046875 0.16346153846153846
0 0.23197115384615385 0.056490384615384616 0.0985576923076923 0.11177884615384616
0 0.34134615384615385 0.056490384615384616 0.0829326923076923 0.11177884615384616
0 0.03365384615384615 0.04326923076923077 0.0673076923076923 0.08653846153846154
0 0.109375 0.04326923076923077 0.1141826923076923 0.08653846153846154
0 0.4182692307692308 0.0889423076923077 0.06490384615384616 0.046875
0 0.6670673076923077 0.2536057692307692 0.06490384615384616 0.04927884615384615
0 0.5048076923076923 0.296875 0.0673076923076923 0.051682692307692304
0 0.7295673076923077 0.09134615384615384 0.0625 0.04927884615384615
0 0.6682692307692307 0.09134615384615384 0.06490384615384616 0.046875
0 0.41586538461538464 0.17067307692307693 0.06490384615384616 0.04927884615384615
0 0.5444711538461539 0.09014423076923077 0.06490384615384616 0.04927884615384615
0 0.5420673076923077 0.17067307692307693 0.06490384615384616 0.04927884615384615
0 0.5144230769230769 0.04927884615384615 0.06490384615384616 0.04927884615384615
0 0.47836538461538464 0.17067307692307693 0.06490384615384616 0.04927884615384615
0 0.6057692307692307 0.09014423076923077 0.06490384615384616 0.04927884615384615
0 0.4014423076923077 0.04807692307692308 0.036057692307692304 0.04927884615384615
0 0.9507211538461539 0.296875 0.0625 0.04927884615384615
0 0.48197115384615385 0.09014423076923077 0.06490384615384616 0.04927884615384615
0 0.5769230769230769 0.05048076923076923 0.06490384615384616 0.04927884615384615
0 0.4362980769230769 0.29447115384615385 0.06971153846153846 0.04927884615384615
0 0.4519230769230769 0.04927884615384615 0.06490384615384616 0.04927884615384615
0 0.5120192307692307 0.12980769230769232 0.06490384615384616 0.04927884615384615
0 0.6670673076923077 0.171875 0.06490384615384616 0.04927884615384615
0 0.4483173076923077 0.12980769230769232 0.06490384615384616 0.051682692307692304
0 0.6033653846153846 0.2536057692307692 0.06490384615384616 0.04927884615384615
0 0.5456730769230769 0.018028846153846152 0.06490384615384616 0.036057692307692304
0 0.6057692307692307 0.17067307692307693 0.06490384615384616 0.04927884615384615
0 0.6081730769230769 0.018028846153846152 0.06490384615384616 0.036057692307692304
0 0.6983173076923077 0.1310096153846154 0.0625 0.04927884615384615
0 0.7884615384615384 0.09254807692307693 0.0625 0.04927884615384615
0 0.4423076923076923 0.21153846153846154 0.0673076923076923 0.04927884615384615
0 0.8870192307692307 0.2956730769230769 0.0625 0.051682692307692304
0 0.9122596153846154 0.17307692307692307 0.06490384615384616 0.04927884615384615
0 0.5745192307692307 0.12980769230769232 0.06490384615384616 0.051682692307692304
0 0.7295673076923077 0.25240384615384615 0.0625 0.04927884615384615
0 0.6983173076923077 0.051682692307692304 0.0625 0.04927884615384615
0 0.6370192307692307 0.12980769230769232 0.0625 0.04927884615384615
0 0.7620192307692307 0.2956730769230769 0.0625 0.051682692307692304
0 0.9435096153846154 0.13221153846153846 0.06490384615384616 0.04927884615384615
0 0.7596153846153846 0.052884615384615384 0.0625 0.04927884615384615
0 0.8810096153846154 0.13221153846153846 0.06490384615384616 0.04927884615384615
0 0.9891826923076923 0.2956730769230769 0.020432692307692308 0.04927884615384615
0 0.8245192307692307 0.2956730769230769 0.06490384615384616 0.051682692307692304
0 0.9699519230769231 0.17307692307692307 0.06009615384615385 0.04927884615384615
0 0.7596153846153846 0.13221153846153846 0.0625 0.04927884615384615
0 0.8798076923076923 0.055288461538461536 0.0625 0.04927884615384615
0 0.4206730769230769 0.016826923076923076 0.06490384615384616 0.03365384615384615
0 0.9699519230769231 0.09495192307692307 0.06009615384615385 0.04927884615384615
0 0.3954326923076923 0.20793269230769232 0.026442307692307692 0.051682692307692304
0 0.8509615384615384 0.17307692307692307 0.0625 0.04927884615384615
0 0.7295673076923077 0.171875 0.0625 0.04927884615384615
0 0.9855769230769231 0.1346153846153846 0.028846153846153848 0.04927884615384615
0 0.6346153846153846 0.2127403846153846 0.06490384615384616 0.051682692307692304
0 0.8533653846153846 0.2536057692307692 0.0625 0.051682692307692304
0 0.4831730769230769 0.016826923076923076 0.06490384615384616 0.03365384615384615
0 0.9158653846153846 0.2548076923076923 0.0625 0.04927884615384615
0 0.6682692307692307 0.018028846153846152 0.06490384615384616 0.036057692307692304
0 0.9723557692307693 0.2536057692307692 0.055288461538461536 0.04927884615384615
0 0.40024038461538464 0.12860576923076922 0.03365384615384615 0.04927884615384615
0 0.7920673076923077 0.171875 0.0625 0.04927884615384615
0 0.7920673076923077 0.2536057692307692 0.0625 0.051682692307692304
0 0.3918269230769231 0.2932692307692308 0.018028846153846152 0.04927884615384615
0 0.9675480769230769 0.019230769230769232 0.06009615384615385 0.038461538461538464
0 0.6983173076923077 0.2127403846153846 0.06490384615384616 0.051682692307692304
0 0.5384615384615384 0.2536057692307692 0.06490384615384616 0.051682692307692304
0 0.8497596153846154 0.09375 0.0625 0.046875
0 0.7295673076923077 0.019230769230769232 0.0625 0.038461538461538464
0 0.8485576923076923 0.019230769230769232 0.0625 0.038461538461538464
0 0.9399038461538461 0.055288461538461536 0.0625 0.04927884615384615
0 0.4735576923076923 0.2536057692307692 0.0673076923076923 0.051682692307692304
0 0.5721153846153846 0.2127403846153846 0.06490384615384616 0.051682692307692304
0 0.7884615384615384 0.019230769230769232 0.0625 0.038461538461538464
0 0.6370192307692307 0.051682692307692304 0.0625 0.04927884615384615
0 0.9110576923076923 0.09375 0.0625 0.04927884615384615
0 0.7608173076923077 0.2127403846153846 0.0625 0.04927884615384615
0 0.9086538461538461 0.019230769230769232 0.0625 0.038461538461538464
0 0.984375 0.056490384615384616 0.03125 0.04927884615384615
0 0.8221153846153846 0.21394230769230768 0.0625 0.04927884615384615
0 0.4098557692307692 0.25 0.055288461538461536 0.051682692307692304
0 0.9867788461538461 0.2127403846153846 0.026442307692307692 0.04927884615384615
0 0.8197115384615384 0.052884615384615384 0.0625 0.04927884615384615
0 0.5697115384615384 0.296875 0.06490384615384616 0.051682692307692304
0 0.8197115384615384 0.13221153846153846 0.0625 0.04927884615384615
0 0.5072115384615384 0.2127403846153846 0.06490384615384616 0.051682692307692304
0 0.9447115384615384 0.21394230769230768 0.06490384615384616 0.04927884615384615
0 0.8822115384615384 0.21394230769230768 0.06490384615384616 0.04927884615384615
0 0.3329326923076923 0.9879807692307693 0.0985576923076923 0.02403846153846154
0 0.11899038461538461 0.9915865384615384 0.11778846153846154 0.016826923076923076
0 0.23197115384615385 0.8930288461538461 0.15625 0.21394230769230768
0 0.11298076923076923 0.8978365384615384 0.11538461538461539 0.20432692307692307
0 0.036057692307692304 0.8954326923076923 0.07211538461538461 0.19951923076923078
0 0.33653846153846156 0.7367788461538461 0.09375 0.19230769230769232
0 0.171875 0.7067307692307693 0.14783653846153846 0.22115384615384615
0 0.057692307692307696 0.578125 0.1141826923076923 0.19831730769230768
0 0.30288461538461536 0.5576923076923077 0.13581730769230768 0.20552884615384615
0 0.18028846153846154 0.5528846153846154 0.12980769230769232 0.16105769230769232
0 0.3485576923076923 0.45913461538461536 0.0673076923076923 0.06490384615384616
0 0.24639423076923078 0.4543269230769231 0.12740384615384615 0.055288461538461536
0 0.027644230769230768 0.453125 0.055288461538461536 0.051682692307692304
0 0.11778846153846154 0.45072115384615385 0.12980769230769232 0.046875
0 0.7884615384615384 0.9831730769230769 0.109375 0.03365384615384615
0 0.9651442307692307 0.9735576923076923 0.06971153846153846 0.051682692307692304
0 0.8028846153846154 0.8377403846153846 0.109375 0.18990384615384615
0 0.9591346153846154 0.8341346153846154 0.08052884615384616 0.18990384615384615
0 0.8389423076923077 0.5889423076923077 0.109375 0.18990384615384615
0 0.9891826923076923 0.5745192307692307 0.020432692307692308 0.18990384615384615