0 0.2668269230769231 0.4362980769230769 0.109375 0.10096153846153846
0 0.171875 0.43990384615384615 0.09134615384615384 0.09615384615384616
0 0.04326923076923077 0.42788461538461536 0.08653846153846154 0.11899038461538461
0 0.4495192307692308 0.3173076923076923 0.051682692307692304 0.13341346153846154
0 0.3629807692307692 0.31009615384615385 0.08173076923076923 0.1310096153846154
0 0.17668269230769232 0.28966346153846156 0.09134615384615384 0.1310096153846154
0 0.2776442307692308 0.2824519230769231 0.10096153846153846 0.15384615384615385
0 0.039663461538461536 0.27524038461538464 0.07932692307692307 0.14903846153846154
0 0.27163461538461536 0.15264423076923078 0.08653846153846154 0.12139423076923077
0 0.45913461538461536 0.14783653846153846 0.03245192307692308 0.15144230769230768
0 0.37259615384615385 0.1466346153846154 0.10096153846153846 0.15144230769230768
0 0.057692307692307696 0.12980769230769232 0.09375 0.1310096153846154
0 0.17427884615384615 0.11899038461538461 0.10336538461538461 0.15384615384615385
0 0.7584134615384616 0.4723557692307692 0.051682692307692304 0.030048076923076924
0 0.5480769230769231 0.4639423076923077 0.056490384615384616 0.046875
0 0.9146634615384616 0.45552884615384615 0.0673076923076923 0.06490384615384616
0 0.8137019230769231 0.44591346153846156 0.056490384615384616 0.08413461538461539
0 0.6923076923076923 0.44471153846153844 0.056490384615384616 0.08653846153846154
0 0.5973557692307693 0.44471153846153844 0.056490384615384616 0.08653846153846154
0 0.9735576923076923 0.44471153846153844 0.051682692307692304 0.08653846153846154
0 0.5036057692307693 0.41466346153846156 0.056490384615384616 0.10096153846153846
0 0.7524038461538461 0.4110576923076923 0.056490384615384616 0.0985576923076923
0 0.9314903846153846 0.39783653846153844 0.056490384615384616 0.0985576923076923
0 0.6502403846153846 0.38822115384615385 0.056490384615384616 0.0985576923076923
0 0.8677884615384616 0.38221153846153844 0.05889423076923077 0.109375
0 0.5637019230769231 0.375 0.056490384615384616 0.10096153846153846
0 0.7980769230769231 0.35697115384615385 0.056490384615384616 0.09615384615384616
0 0.703125 0.3485576923076923 0.05889423076923077 0.10697115384615384
0 0.8942307692307693 0.31009615384615385 0.054086538461538464 0.0985576923076923
0 0.6105769230769231 0.3088942307692308 0.056490384615384616 0.0985576923076923
0 0.9579326923076923 0.3076923076923077 0.05889423076923077 0.10336538461538461
0 0.7524038461538461 0.2932692307692308 0.056490384615384616 0.0985576923076923
0 0.5324519230769231 0.28846153846153844 0.056490384615384616 0.0985576923076923
0 0.8413461538461539 0.27524038461538464 0.056490384615384616 0.09615384615384616
0 0.6658653846153846 0.27283653846153844 0.056490384615384616 0.0985576923076923
0 0.7920673076923077 0.2283653846153846 0.056490384615384616 0.09375
0 0.5817307692307693 0.22235576923076922 0.054086538461538464 0.09615384615384616
0 0.5024038461538461 0.20432692307692307 0.054086538461538464 0.09615384615384616
0 0.6334134615384616 0.18389423076923078 0.054086538461538464 0.09375
0 0.7139423076923077 0.16706730769230768 0.0673076923076923 0.11658653846153846
0 0.7584134615384616 0.15264423076923078 0.04927884615384615 0.09615384615384616
0 0.5396634615384616 0.12980769230769232 0.05889423076923077 0.0985576923076923
0 0.6802884615384616 0.12139423076923077 0.054086538461538464 0.0985576923076923
0 0.5985576923076923 0.10336538461538461 0.056490384615384616 0.09615384615384616
0 0.7235576923076923 0.06490384615384616 0.056490384615384616 0.09375
0 0.9362980769230769 0.11057692307692307 0.12620192307692307 0.21995192307692307
0 0.8473557692307693 0.036057692307692304 0.07692307692307693 0.07211538461538461
0 0.6514423076923077 0.04326923076923077 0.10336538461538461 0.08653846153846154
0 0.7379807692307693 0.007211538461538462 0.04927884615384615 0.014423076923076924
0 0.24519230769230768 0.9182692307692307 0.13822115384615385 0.16346153846153846
0 0.2403846153846154 0.5973557692307693 0.14302884615384615 0.21995192307692307
0 0.44350961538461536 0.5384615384615384 0.06490384615384616 0.10096153846153846
0 0.2776442307692308 0.5012019230769231 0.10336538461538461 0.027644230769230768
0 0.09014423076923077 0.5408653846153846 0.08653846153846154 0.10697115384615384
0 0.051682692307692304 0.6622596153846154 0.10336538461538461 0.21033653846153846
0 0.28125 0.7848557692307693 0.12860576923076922 0.16346153846153846
0 0.05048076923076923 0.9435096153846154 0.10096153846153846 0.11298076923076923
0 0.08173076923076923 0.8329326923076923 0.10697115384615384 0.1466346153846154
0 0.9675480769230769 0.9459134615384616 0.06490384615384616 0.09375
0 0.8882211538461539 0.9447115384615384 0.07692307692307693 0.09375
0 0.5949519230769231 0.8737980769230769 0.06971153846153846 0.08653846153846154
0 0.8449519230769231 0.8629807692307693 0.07692307692307693 0.09615384615384616
0 0.9807692307692307 0.8569711538461539 0.038461538461538464 0.0889423076923077
0 0.9206730769230769 0.8461538461538461 0.06490384615384616 0.07932692307692307
0 0.6947115384615384 0.8461538461538461 0.06490384615384616 0.08413461538461539
0 0.7584134615384616 0.8401442307692307 0.07211538461538461 0.08653846153846154
0 0.5120192307692307 0.8341346153846154 0.06971153846153846 0.0889423076923077
0 0.6334134615384616 0.7980769230769231 0.06971153846153846 0.08653846153846154
0 0.8112980769230769 0.7824519230769231 0.0673076923076923 0.08173076923076923
0 0.8858173076923077 0.7788461538461539 0.06971153846153846 0.08413461538461539
0 0.9651442307692307 0.7752403846153846 0.06971153846153846 0.0889423076923077
0 0.5600961538461539 0.7692307692307693 0.06971153846153846 0.08653846153846154
0 0.7223557692307693 0.7680288461538461 0.06971153846153846 0.08413461538461539
0 0.4987980769230769 0.7536057692307693 0.046875 0.08653846153846154
0 0.7764423076923077 0.7127403846153846 0.06129807692307692 0.08173076923076923
0 0.8449519230769231 0.7091346153846154 0.07211538461538461 0.0889423076923077
0 0.9266826923076923 0.7043269230769231 0.07451923076923077 0.09134615384615384
0 0.6105769230769231 0.7007211538461539 0.06971153846153846 0.08653846153846154
0 0.6862980769230769 0.6983173076923077 0.06971153846153846 0.08413461538461539
0 0.9903846153846154 0.6983173076923077 0.019230769230769232 0.09375
0 0.5408653846153846 0.6923076923076923 0.0673076923076923 0.07932692307692307
0 0.7307692307692307 0.6382211538461539 0.07211538461538461 0.08653846153846154
0 0.8040865384615384 0.6382211538461539 0.07211538461538461 0.08413461538461539
0 0.8822115384615384 0.6358173076923077 0.06971153846153846 0.08173076923076923
0 0.9627403846153846 0.6286057692307693 0.07451923076923077 0.0889423076923077
0 0.5012019230769231 0.6262019230769231 0.051682692307692304 0.08413461538461539
0 0.6478365384615384 0.6237980769230769 0.06971153846153846 0.08413461538461539
0 0.5745192307692307 0.6225961538461539 0.06971153846153846 0.08653846153846154
0 0.7728365384615384 0.5721153846153846 0.0673076923076923 0.08173076923076923
0 0.8413461538461539 0.5661057692307693 0.07211538461538461 0.08413461538461539
0 0.5384615384615384 0.5649038461538461 0.0673076923076923 0.08173076923076923
0 0.6995192307692307 0.5649038461538461 0.07211538461538461 0.08413461538461539
0 0.9206730769230769 0.5576923076923077 0.07451923076923077 0.0889423076923077
0 0.625 0.5528846153846154 0.06490384615384616 0.08173076923076923
0 0.48677884615384615 0.5456730769230769 0.02283653846153846 0.08173076923076923
0 0.9831730769230769 0.5348557692307693 0.03365384615384615 0.09375
0 0.8064903846153846 0.5132211538461539 0.06971153846153846 0.051682692307692304
0 0.734375 0.5096153846153846 0.07211538461538461 0.04447115384615385
0 0.8798076923076923 0.5096153846153846 0.07211538461538461 0.04447115384615385
0 0.6646634615384616 0.5072115384615384 0.07211538461538461 0.039663461538461536
0 0.5132211538461539 0.5048076923076923 0.0673076923076923 0.03485576923076923
0 0.9555288461538461 0.5036057692307693 0.07451923076923077 0.03245192307692308
0 0.5805288461538461 0.5012019230769231 0.0673076923076923 0.027644230769230768