0 0.109375 0.007211538461538462 0.10096153846153846 0.014423076923076924
0 0.21153846153846154 0.007211538461538462 0.0985576923076923 0.014423076923076924
0 0.3125 0.018028846153846152 0.10096153846153846 0.036057692307692304
0 0.057692307692307696 0.07572115384615384 0.10096153846153846 0.1502403846153846
0 0.16105769230769232 0.07572115384615384 0.10576923076923077 0.1502403846153846
0 0.28966346153846156 0.11177884615384616 0.10336538461538461 0.15264423076923078
0 0.028846153846153848 0.20673076923076922 0.056490384615384616 0.15745192307692307
0 0.11057692307692307 0.21033653846153846 0.10336538461538461 0.15745192307692307
0 0.21514423076923078 0.21033653846153846 0.10336538461538461 0.15745192307692307
0 0.3449519230769231 0.24639423076923078 0.10096153846153846 0.15264423076923078
0 0.26802884615384615 0.34615384615384615 0.10336538461538461 0.15504807692307693
0 0.057692307692307696 0.34615384615384615 0.10336538461538461 0.15745192307692307
0 0.1622596153846154 0.34975961538461536 0.10336538461538461 0.15745192307692307
0 0.31490384615384615 0.47596153846153844 0.10336538461538461 0.14783653846153846
0 0.027644230769230768 0.47716346153846156 0.054086538461538464 0.14543269230769232
0 0.10817307692307693 0.47716346153846156 0.10336538461538461 0.14543269230769232
0 0.21153846153846154 0.47836538461538464 0.10336538461538461 0.14302884615384615
0 0.8605769230769231 0.34975961538461536 0.25841346153846156 0.3641826923076923
0 0.5901442307692307 0.41466346153846156 0.26322115384615385 0.26802884615384615
0 0.203125 0.6141826923076923 0.328125 0.1310096153846154
0 0.07932692307692307 0.7932692307692307 0.15745192307692307 0.40384615384615385
0 0.30408653846153844 0.8413461538461539 0.23918269230769232 0.3173076923076923
0 0.7536057692307693 0.5576923076923077 0.039663461538461536 0.016826923076923076
0 0.8990384615384616 0.5649038461538461 0.039663461538461536 0.03245192307692308
0 0.859375 0.5673076923076923 0.039663461538461536 0.037259615384615384
0 0.7151442307692307 0.5685096153846154 0.042067307692307696 0.039663461538461536
0 0.8233173076923077 0.5769230769230769 0.042067307692307696 0.054086538461538464
0 0.7848557692307693 0.5817307692307693 0.039663461538461536 0.054086538461538464
0 0.5612980769230769 0.5913461538461539 0.056490384615384616 0.07932692307692307
0 0.6153846153846154 0.5913461538461539 0.054086538461538464 0.08173076923076923
0 0.5048076923076923 0.59375 0.054086538461538464 0.08173076923076923
0 0.45072115384615385 0.5973557692307693 0.054086538461538464 0.08173076923076923
0 0.7451923076923077 0.5997596153846154 0.039663461538461536 0.056490384615384616
0 0.890625 0.6117788461538461 0.039663461538461536 0.054086538461538464
0 0.8521634615384616 0.6201923076923077 0.037259615384615384 0.056490384615384616
0 0.9447115384615384 0.6382211538461539 0.054086538461538464 0.07692307692307693
0 0.6911057692307693 0.640625 0.046875 0.06610576923076923
0 0.8137019230769231 0.6478365384615384 0.039663461538461536 0.056490384615384616
0 0.7728365384615384 0.6490384615384616 0.039663461538461536 0.054086538461538464
0 0.9879807692307693 0.65625 0.02403846153846154 0.08173076923076923
0 0.59375 0.65625 0.056490384615384616 0.07692307692307693
0 0.5372596153846154 0.6622596153846154 0.054086538461538464 0.07932692307692307
0 0.4831730769230769 0.6634615384615384 0.056490384615384616 0.07692307692307693
0 0.7355769230769231 0.6682692307692307 0.046875 0.06610576923076923
0 0.4411057692307692 0.6694711538461539 0.03485576923076923 0.07932692307692307
0 0.6526442307692307 0.6838942307692307 0.04927884615384615 0.06610576923076923
0 0.7788461538461539 0.6983173076923077 0.04927884615384615 0.06129807692307692
0 0.9134615384615384 0.6995192307692307 0.054086538461538464 0.0733173076923077
0 0.828125 0.7127403846153846 0.04927884615384615 0.06370192307692307
0 0.9711538461538461 0.7127403846153846 0.054086538461538464 0.07091346153846154
0 0.6971153846153846 0.7151442307692307 0.04927884615384615 0.06850961538461539
0 0.5120192307692307 0.7379807692307693 0.054086538461538464 0.07932692307692307
0 0.46153846153846156 0.7391826923076923 0.054086538461538464 0.0733173076923077
0 0.5661057692307693 0.7403846153846154 0.056490384615384616 0.07692307692307693
0 0.6622596153846154 0.7512019230769231 0.04927884615384615 0.06610576923076923
0 0.7932692307692307 0.7584134615384616 0.046875 0.06370192307692307
0 0.984375 0.7692307692307693 0.03125 0.07692307692307693
0 0.9290865384615384 0.7740384615384616 0.054086538461538464 0.0733173076923077
0 0.7079326923076923 0.7764423076923077 0.046875 0.06610576923076923
0 0.8401442307692307 0.7776442307692307 0.046875 0.06370192307692307
0 0.7572115384615384 0.8016826923076923 0.046875 0.06370192307692307
0 0.6201923076923077 0.8209134615384616 0.046875 0.06610576923076923
0 0.6694711538461539 0.8257211538461539 0.046875 0.06610576923076923
0 0.7992788461538461 0.8329326923076923 0.046875 0.06129807692307692
0 0.7199519230769231 0.8485576923076923 0.046875 0.06370192307692307
0 0.9903846153846154 0.8497596153846154 0.019230769230769232 0.0733173076923077
0 0.953125 0.8521634615384616 0.051682692307692304 0.07692307692307693
0 0.8425480769230769 0.8641826923076923 0.04927884615384615 0.06129807692307692
0 0.765625 0.8713942307692307 0.046875 0.06370192307692307
0 0.6875 0.8786057692307693 0.04447115384615385 0.06370192307692307
0 0.8100961538461539 0.8894230769230769 0.04447115384615385 0.05889423076923077
0 0.6310096153846154 0.8930288461538461 0.04927884615384615 0.06850961538461539
0 0.7307692307692307 0.9134615384615384 0.046875 0.06370192307692307
0 0.9759615384615384 0.9158653846153846 0.04807692307692308 0.07211538461538461
0 0.4963942307692308 0.8858173076923077 0.1466346153846154 0.2283653846153846
0 0.6971153846153846 0.9459134615384616 0.04447115384615385 0.06370192307692307
0 0.6478365384615384 0.9495192307692307 0.046875 0.06610576923076923
0 0.9927884615384616 0.9723557692307693 0.014423076923076924 0.054086538461538464
0 0.8810096153846154 0.9411057692307693 0.22956730769230768 0.11778846153846154
0 0.6574519230769231 0.9711538461538461 0.23197115384615385 0.056490384615384616