0 0.020432692307692308 0.5132211538461539 0.040865384615384616 0.08533653846153846
0 0.0985576923076923 0.5132211538461539 0.09975961538461539 0.08533653846153846
0 0.20192307692307693 0.5108173076923077 0.10216346153846154 0.09014423076923077
0 0.30649038461538464 0.5084134615384616 0.09975961538461539 0.09495192307692307
0 0.40865384615384615 0.5072115384615384 0.09975961538461539 0.09735576923076923
0 0.5108173076923077 0.5060096153846154 0.09975961538461539 0.09975961538461539
0 0.6069711538461539 0.5048076923076923 0.08774038461538461 0.10216346153846154
0 0.04807692307692308 0.4074519230769231 0.09495192307692307 0.15144230769230768
0 0.25240384615384615 0.40625 0.10216346153846154 0.15625
0 0.1502403846153846 0.4050480769230769 0.09975961538461539 0.15384615384615385
0 0.3557692307692308 0.4026442307692308 0.10216346153846154 0.15625
0 0.46033653846153844 0.39903846153846156 0.09975961538461539 0.15384615384615385
0 0.5625 0.39783653846153844 0.1045673076923077 0.15384615384615385
0 0.020432692307692308 0.27283653846153844 0.040865384615384616 0.15144230769230768
0 0.09495192307692307 0.2704326923076923 0.09975961538461539 0.15625
0 0.19831730769230768 0.2692307692307692 0.10216346153846154 0.15625
0 0.30288461538461536 0.2668269230769231 0.1045673076923077 0.15625
0 0.4074519230769231 0.265625 0.10216346153846154 0.15625
0 0.5120192307692307 0.2620192307692308 0.10216346153846154 0.15625
0 0.6069711538461539 0.2608173076923077 0.08774038461538461 0.15625
0 0.046875 0.13701923076923078 0.09254807692307693 0.15625
0 0.14543269230769232 0.13341346153846154 0.10216346153846154 0.15384615384615385
0 0.25 0.1310096153846154 0.10216346153846154 0.15865384615384615
0 0.3545673076923077 0.1310096153846154 0.1045673076923077 0.15865384615384615
0 0.6346153846153846 0.12860576923076922 0.03365384615384615 0.15384615384615385
0 0.46033653846153844 0.12860576923076922 0.10216346153846154 0.15625
0 0.5637019230769231 0.12379807692307693 0.10216346153846154 0.15625
0 0.018028846153846152 0.039663461538461536 0.036057692307692304 0.07932692307692307
0 0.09014423076923077 0.037259615384615384 0.10336538461538461 0.07451923076923077
0 0.1935096153846154 0.036057692307692304 0.10336538461538461 0.07211538461538461
0 0.29927884615384615 0.03485576923076923 0.10336538461538461 0.06971153846153846
0 0.40384615384615385 0.03485576923076923 0.10096153846153846 0.06971153846153846
0 0.5084134615384616 0.03365384615384615 0.10336538461538461 0.0673076923076923
0 0.6045673076923077 0.03245192307692308 0.0889423076923077 0.06490384615384616
0 0.6935096153846154 0.4699519230769231 0.08533653846153846 0.15384615384615385
0 0.9038461538461539 0.4206730769230769 0.0733173076923077 0.11658653846153846
0 0.7319711538461539 0.39903846153846156 0.0829326923076923 0.12740384615384615
0 0.8245192307692307 0.3942307692307692 0.08533653846153846 0.13942307692307693
0 0.671875 0.3317307692307692 0.040865384615384616 0.1466346153846154
0 0.7728365384615384 0.5108173076923077 0.078125 0.09014423076923077
0 0.8858173076923077 0.4891826923076923 0.08774038461538461 0.1346153846153846
0 0.5865384615384616 0.9771634615384616 0.12980769230769232 0.04567307692307692
0 0.26802884615384615 0.9507211538461539 0.10697115384615384 0.09735576923076923
0 0.1622596153846154 0.9519230769230769 0.1045673076923077 0.09495192307692307
0 0.3798076923076923 0.9483173076923077 0.11899038461538461 0.10216346153846154
0 0.06129807692307692 0.9519230769230769 0.09735576923076923 0.09495192307692307
0 0.6081730769230769 0.8725961538461539 0.08533653846153846 0.18990384615384615
0 0.11778846153846154 0.8485576923076923 0.09495192307692307 0.16105769230769232
0 0.21033653846153846 0.8365384615384616 0.09735576923076923 0.17067307692307693
0 0.3076923076923077 0.8197115384615384 0.12379807692307693 0.18990384615384615
0 0.5408653846153846 0.6634615384615384 0.12379807692307693 0.17548076923076922
0 0.2403846153846154 0.6598557692307693 0.078125 0.11899038461538461
0 0.15625 0.6586538461538461 0.078125 0.11899038461538461
0 0.32211538461538464 0.6574519230769231 0.08052884615384616 0.11658653846153846
0 0.6274038461538461 0.6538461538461539 0.04927884615384615 0.17548076923076922
0 0.40625 0.6526442307692307 0.08533653846153846 0.12740384615384615
0 0.203125 0.5853365384615384 0.07572115384615384 0.05889423076923077
0 0.28125 0.5805288461538461 0.08052884615384616 0.04927884615384615
0 0.36538461538461536 0.5805288461538461 0.0829326923076923 0.04927884615384615
0 0.5961538461538461 0.5769230769230769 0.109375 0.040865384615384616
0 0.36778846153846156 0.7596153846153846 0.08533653846153846 0.12139423076923077
0 0.828125 0.8497596153846154 0.09735576923076923 0.15384615384615385
0 0.921875 0.8497596153846154 0.09254807692307693 0.14423076923076922
0 0.9819711538461539 0.84375 0.036057692307692304 0.13701923076923078
0 0.8774038461538461 0.7367788461538461 0.08774038461538461 0.13942307692307693
0 0.9567307692307693 0.7331730769230769 0.08533653846153846 0.13942307692307693
0 0.7884615384615384 0.7319711538461539 0.09254807692307693 0.14903846153846154
0 0.90625 0.6298076923076923 0.08533653846153846 0.1346153846153846
0 0.9747596153846154 0.625 0.05048076923076923 0.1346153846153846
0 0.828125 0.6201923076923077 0.09495192307692307 0.12980769230769232
0 0.6838942307692307 0.5961538461538461 0.06610576923076923 0.08052884615384616
0 0.8762019230769231 0.9459134615384616 0.09735576923076923 0.10697115384615384
0 0.9603365384615384 0.9447115384615384 0.07932692307692307 0.10576923076923077