0 0.01201923076923077 0.4831730769230769 0.02403846153846154 0.09254807692307693
0 0.08533653846153846 0.4831730769230769 0.10817307692307693 0.09254807692307693
0 0.1971153846153846 0.4807692307692308 0.11057692307692307 0.09735576923076923
0 0.3088942307692308 0.47716346153846156 0.10817307692307693 0.10216346153846154
0 0.41947115384615385 0.47596153846153844 0.10817307692307693 0.10576923076923077
0 0.5300480769230769 0.47475961538461536 0.10817307692307693 0.10817307692307693
0 0.6346153846153846 0.4735576923076923 0.09495192307692307 0.11057692307692307
0 0.040865384615384616 0.36899038461538464 0.08173076923076923 0.16346153846153846
0 0.2512019230769231 0.36658653846153844 0.11057692307692307 0.16826923076923078
0 0.140625 0.36538461538461536 0.10817307692307693 0.1658653846153846
0 0.3629807692307692 0.3629807692307692 0.11057692307692307 0.16826923076923078
0 0.47475961538461536 0.359375 0.10817307692307693 0.1658653846153846
0 0.5853365384615384 0.3581730769230769 0.11298076923076923 0.1658653846153846
0 0.01201923076923077 0.22355769230769232 0.02403846153846154 0.16346153846153846
0 0.08173076923076923 0.22115384615384615 0.10817307692307693 0.16826923076923078
0 0.1935096153846154 0.21995192307692307 0.11057692307692307 0.16826923076923078
0 0.30528846153846156 0.21754807692307693 0.11298076923076923 0.16826923076923078
0 0.4182692307692308 0.21634615384615385 0.11057692307692307 0.16826923076923078
0 0.53125 0.21153846153846154 0.11057692307692307 0.16826923076923078
0 0.6346153846153846 0.21033653846153846 0.09495192307692307 0.16826923076923078
0 0.039663461538461536 0.08052884615384616 0.07932692307692307 0.16105769230769232
0 0.1346153846153846 0.078125 0.11057692307692307 0.15504807692307693
0 0.24759615384615385 0.078125 0.11057692307692307 0.15504807692307693
0 0.36177884615384615 0.078125 0.11298076923076923 0.15504807692307693
0 0.6622596153846154 0.07451923076923077 0.036057692307692304 0.14903846153846154
0 0.4735576923076923 0.07451923076923077 0.11057692307692307 0.14903846153846154
0 0.5865384615384616 0.0733173076923077 0.11057692307692307 0.1466346153846154
0 0.7271634615384616 0.43509615384615385 0.09254807692307693 0.1658653846153846
0 0.9543269230769231 0.38341346153846156 0.07932692307692307 0.12620192307692307
0 0.7680288461538461 0.359375 0.0889423076923077 0.13701923076923078
0 0.8689903846153846 0.35336538461538464 0.09254807692307693 0.1502403846153846
0 0.7043269230769231 0.28725961538461536 0.04447115384615385 0.15745192307692307
0 0.8137019230769231 0.4807692307692308 0.08413461538461539 0.09735576923076923
0 0.9338942307692307 0.4567307692307692 0.09495192307692307 0.14423076923076922
0 0.6105769230769231 0.9795673076923077 0.13942307692307693 0.040865384615384616
0 0.26802884615384615 0.9507211538461539 0.11538461538461539 0.09735576923076923
0 0.15264423076923078 0.9519230769230769 0.11298076923076923 0.09615384615384616
0 0.38822115384615385 0.9483173076923077 0.12860576923076922 0.10216346153846154
0 0.04807692307692308 0.9519230769230769 0.09615384615384616 0.09615384615384616
0 0.6358173076923077 0.8713942307692307 0.09254807692307693 0.20552884615384615
0 0.10697115384615384 0.8449519230769231 0.10216346153846154 0.17427884615384615
0 0.20552884615384615 0.8317307692307693 0.10576923076923077 0.18389423076923078
0 0.31009615384615385 0.8137019230769231 0.1346153846153846 0.20552884615384615
0 0.5637019230769231 0.6442307692307693 0.1346153846153846 0.18990384615384615
0 0.23798076923076922 0.640625 0.08413461538461539 0.12860576923076922
0 0.14783653846153846 0.6394230769230769 0.08413461538461539 0.12860576923076922
0 0.32572115384615385 0.6382211538461539 0.08653846153846154 0.12620192307692307
0 0.6550480769230769 0.6346153846153846 0.052884615384615384 0.18990384615384615
0 0.4170673076923077 0.6334134615384616 0.09254807692307693 0.13701923076923078
0 0.19831730769230768 0.5600961538461539 0.08173076923076923 0.06370192307692307
0 0.2824519230769231 0.5552884615384616 0.08653846153846154 0.052884615384615384
0 0.3737980769230769 0.5552884615384616 0.0889423076923077 0.052884615384615384
0 0.6225961538461539 0.5516826923076923 0.11899038461538461 0.04447115384615385
0 0.3762019230769231 0.7487980769230769 0.09254807692307693 0.1310096153846154
0 0.8725961538461539 0.8461538461538461 0.10576923076923077 0.1658653846153846
0 0.9615384615384616 0.8461538461538461 0.07572115384615384 0.15504807692307693
0 0.9254807692307693 0.7235576923076923 0.09495192307692307 0.1502403846153846
0 0.9831730769230769 0.7199519230769231 0.03365384615384615 0.1502403846153846
0 0.8305288461538461 0.71875 0.09975961538461539 0.16105769230769232
0 0.9555288461538461 0.6069711538461539 0.0889423076923077 0.14423076923076922
0 0.8725961538461539 0.5985576923076923 0.10216346153846154 0.13942307692307693
0 0.7175480769230769 0.5721153846153846 0.07091346153846154 0.08653846153846154
0 0.9242788461538461 0.9459134615384616 0.10576923076923077 0.10817307692307693
0 0.9867788461538461 0.9459134615384616 0.026442307692307692 0.10817307692307693