0 0.013221153846153846 0.06009615384615385 0.026442307692307692 0.1201923076923077
0 0.0829326923076923 0.0625 0.10336538461538461 0.125
0 0.2920673076923077 0.06370192307692307 0.10336538461538461 0.12740384615384615
0 0.18990384615384615 0.06370192307692307 0.10096153846153846 0.12740384615384615
0 0.39783653846153844 0.06610576923076923 0.10336538461538461 0.13221153846153846
0 0.4879807692307692 0.0673076923076923 0.07211538461538461 0.1346153846153846
0 0.040865384615384616 0.18269230769230768 0.08173076923076923 0.15264423076923078
0 0.13581730769230768 0.1875 0.10096153846153846 0.15745192307692307
0 0.2403846153846154 0.18870192307692307 0.10336538461538461 0.15745192307692307
0 0.3449519230769231 0.19110576923076922 0.10576923076923077 0.15745192307692307
0 0.45072115384615385 0.19230769230769232 0.10336538461538461 0.15745192307692307
0 0.01201923076923077 0.3173076923076923 0.02403846153846154 0.15745192307692307
0 0.08052884615384616 0.32211538461538464 0.10576923076923077 0.15745192307692307
0 0.18629807692307693 0.3269230769230769 0.10336538461538461 0.15504807692307693
0 0.2920673076923077 0.3293269230769231 0.10336538461538461 0.15985576923076922
0 0.39783653846153844 0.3293269230769231 0.10576923076923077 0.15985576923076922
0 0.4879807692307692 0.33052884615384615 0.0733173076923077 0.15745192307692307
0 0.038461538461538464 0.45072115384615385 0.07692307692307693 0.14302884615384615
0 0.13221153846153846 0.453125 0.10576923076923077 0.13822115384615385
0 0.23677884615384615 0.4543269230769231 0.10336538461538461 0.13581730769230768
0 0.3425480769230769 0.4543269230769231 0.10336538461538461 0.13581730769230768
0 0.4483173076923077 0.45552884615384615 0.10336538461538461 0.13341346153846154
0 0.6730769230769231 0.3137019230769231 0.10336538461538461 0.18509615384615385
0 0.5721153846153846 0.31490384615384615 0.09615384615384616 0.18269230769230768
0 0.7800480769230769 0.31490384615384615 0.10336538461538461 0.18269230769230768
0 0.9651442307692307 0.3137019230769231 0.06850961538461539 0.17427884615384615
0 0.8846153846153846 0.31850961538461536 0.10576923076923077 0.18269230769230768
0 0.5456730769230769 0.4519230769230769 0.042067307692307696 0.140625
0 0.8221153846153846 0.45072115384615385 0.10336538461538461 0.14302884615384615
0 0.9879807692307693 0.4519230769230769 0.02403846153846154 0.140625
0 0.6177884615384616 0.4519230769230769 0.10336538461538461 0.140625
0 0.9266826923076923 0.4543269230769231 0.0985576923076923 0.13581730769230768
0 0.7211538461538461 0.453125 0.10336538461538461 0.13822115384615385
0 0.5805288461538461 0.04447115384615385 0.11057692307692307 0.0889423076923077
0 0.828125 0.14783653846153846 0.09615384615384616 0.1778846153846154
0 0.7355769230769231 0.15144230769230768 0.10576923076923077 0.19471153846153846
0 0.546875 0.15144230769230768 0.04447115384615385 0.19951923076923078
0 0.6286057692307693 0.15504807692307693 0.11298076923076923 0.20192307692307693
0 0.9519230769230769 0.15985576923076922 0.09615384615384616 0.20192307692307693
0 0.7992788461538461 0.5985576923076923 0.16947115384615385 0.15264423076923078
0 0.6274038461538461 0.6009615384615384 0.18028846153846154 0.15745192307692307
0 0.953125 0.6057692307692307 0.09375 0.16706730769230768
0 0.7211538461538461 0.78125 0.16706730769230768 0.265625
0 0.5853365384615384 0.7980769230769231 0.1201923076923077 0.31490384615384615
0 0.9074519230769231 0.8016826923076923 0.18509615384615385 0.3125