0 0.01201923076923077 0.06490384615384616 0.02403846153846154 0.12980769230769232
0 0.08052884615384616 0.0673076923076923 0.10336538461538461 0.1346153846153846
0 0.28966346153846156 0.06850961538461539 0.10336538461538461 0.13701923076923078
0 0.1875 0.06850961538461539 0.10096153846153846 0.13701923076923078
0 0.3942307692307692 0.07091346153846154 0.10336538461538461 0.14182692307692307
0 0.484375 0.07211538461538461 0.07091346153846154 0.14423076923076922
0 0.039663461538461536 0.19110576923076922 0.078125 0.15144230769230768
0 0.13221153846153846 0.19591346153846154 0.10096153846153846 0.15745192307692307
0 0.23677884615384615 0.1971153846153846 0.10336538461538461 0.15745192307692307
0 0.3401442307692308 0.19951923076923078 0.10576923076923077 0.15745192307692307
0 0.44591346153846156 0.20072115384615385 0.10336538461538461 0.15745192307692307
0 0.010817307692307692 0.32572115384615385 0.021634615384615384 0.15745192307692307
0 0.07692307692307693 0.33052884615384615 0.10576923076923077 0.15745192307692307
0 0.18269230769230768 0.33413461538461536 0.10336538461538461 0.15384615384615385
0 0.28846153846153844 0.33653846153846156 0.10336538461538461 0.15985576923076922
0 0.39302884615384615 0.33653846153846156 0.10576923076923077 0.15985576923076922
0 0.4831730769230769 0.33774038461538464 0.0733173076923077 0.15745192307692307
0 0.037259615384615384 0.4579326923076923 0.0733173076923077 0.14182692307692307
0 0.12860576923076922 0.46033653846153844 0.10576923076923077 0.13701923076923078
0 0.23317307692307693 0.46153846153846156 0.10336538461538461 0.1346153846153846
0 0.33774038461538464 0.46153846153846156 0.10336538461538461 0.1346153846153846
0 0.44350961538461536 0.46274038461538464 0.10336538461538461 0.13221153846153846
0 0.6682692307692307 0.32211538461538464 0.10336538461538461 0.18389423076923078
0 0.5673076923076923 0.3233173076923077 0.09615384615384616 0.1814903846153846
0 0.7728365384615384 0.3233173076923077 0.10336538461538461 0.1814903846153846
0 0.9615384615384616 0.32211538461538464 0.07572115384615384 0.17427884615384615
0 0.8774038461538461 0.3269230769230769 0.10576923076923077 0.1814903846153846
0 0.5408653846153846 0.45913461538461536 0.042067307692307696 0.13942307692307693
0 0.8161057692307693 0.4579326923076923 0.10336538461538461 0.14182692307692307
0 0.9831730769230769 0.45913461538461536 0.03365384615384615 0.13942307692307693
0 0.6129807692307693 0.45913461538461536 0.10336538461538461 0.13942307692307693
0 0.9194711538461539 0.46153846153846156 0.0985576923076923 0.1346153846153846
0 0.7151442307692307 0.46033653846153844 0.10336538461538461 0.13701923076923078
0 0.5745192307692307 0.04927884615384615 0.11057692307692307 0.0985576923076923
0 0.8209134615384616 0.15745192307692307 0.09615384615384616 0.17668269230769232
0 0.7295673076923077 0.16105769230769232 0.10576923076923077 0.1935096153846154
0 0.5420673076923077 0.16105769230769232 0.04447115384615385 0.19831730769230768
0 0.6225961538461539 0.16466346153846154 0.11298076923076923 0.20072115384615385
0 0.9483173076923077 0.16947115384615385 0.10336538461538461 0.20072115384615385
0 0.7932692307692307 0.6057692307692307 0.16947115384615385 0.15144230769230768
0 0.6213942307692307 0.6081730769230769 0.17908653846153846 0.15745192307692307
0 0.9495192307692307 0.6129807692307693 0.10096153846153846 0.16706730769230768
0 0.7151442307692307 0.7872596153846154 0.16706730769230768 0.2644230769230769
0 0.5793269230769231 0.8040865384615384 0.1201923076923077 0.3137019230769231
0 0.9038461538461539 0.8076923076923077 0.19110576923076922 0.3112980769230769