0 0.007211538461538462 0.53125 0.014423076923076924 0.09134615384615384
0 0.07572115384615384 0.5324519230769231 0.1045673076923077 0.09014423076923077
0 0.18509615384615385 0.5300480769230769 0.10817307692307693 0.09495192307692307
0 0.2932692307692308 0.5264423076923077 0.1045673076923077 0.09975961538461539
0 0.4014423076923077 0.5252403846153846 0.1045673076923077 0.10216346153846154
0 0.5084134615384616 0.5240384615384616 0.1045673076923077 0.1045673076923077
0 0.6105769230769231 0.5228365384615384 0.09254807692307693 0.10817307692307693
0 0.036057692307692304 0.4206730769230769 0.07211538461538461 0.15865384615384615
0 0.23677884615384615 0.41947115384615385 0.10817307692307693 0.16466346153846154
0 0.12980769230769232 0.4182692307692308 0.1045673076923077 0.16105769230769232
0 0.34615384615384615 0.41586538461538464 0.10817307692307693 0.16466346153846154
0 0.45552884615384615 0.4110576923076923 0.1045673076923077 0.16105769230769232
0 0.5625 0.4098557692307692 0.11057692307692307 0.16105769230769232
0 0.007211538461538462 0.27884615384615385 0.014423076923076924 0.15865384615384615
0 0.07211538461538461 0.2764423076923077 0.1045673076923077 0.16466346153846154
0 0.18028846153846154 0.27524038461538464 0.10817307692307693 0.16466346153846154
0 0.28966346153846156 0.27283653846153844 0.11057692307692307 0.16466346153846154
0 0.40024038461538464 0.27163461538461536 0.10817307692307693 0.16466346153846154
0 0.5108173076923077 0.26802884615384615 0.10817307692307693 0.16466346153846154
0 0.6105769230769231 0.2668269230769231 0.09254807692307693 0.16466346153846154
0 0.03485576923076923 0.13581730769230768 0.06971153846153846 0.16466346153846154
0 0.12379807692307693 0.13221153846153846 0.10817307692307693 0.16105769230769232
0 0.234375 0.12980769230769232 0.10817307692307693 0.16706730769230768
0 0.3449519230769231 0.12980769230769232 0.11057692307692307 0.16706730769230768
0 0.6382211538461539 0.12740384615384615 0.036057692307692304 0.16105769230769232
0 0.45552884615384615 0.12740384615384615 0.10817307692307693 0.16466346153846154
0 0.5637019230769231 0.12259615384615384 0.10817307692307693 0.16466346153846154
0 0.06850961538461539 0.036057692307692304 0.11057692307692307 0.07211538461538461
0 0.17668269230769232 0.03485576923076923 0.10817307692307693 0.06971153846153846
0 0.28725961538461536 0.03365384615384615 0.10817307692307693 0.06610576923076923
0 0.39783653846153844 0.03365384615384615 0.10817307692307693 0.06610576923076923
0 0.5072115384615384 0.03245192307692308 0.10817307692307693 0.06370192307692307
0 0.609375 0.03125 0.09495192307692307 0.06129807692307692
0 0.7007211538461539 0.4855769230769231 0.09014423076923077 0.16105769230769232
0 0.921875 0.43509615384615385 0.07692307692307693 0.12259615384615384
0 0.7415865384615384 0.4110576923076923 0.08774038461538461 0.13341346153846154
0 0.8389423076923077 0.40625 0.09014423076923077 0.1466346153846154
0 0.6778846153846154 0.34134615384615385 0.04326923076923077 0.15384615384615385
0 0.7848557692307693 0.5300480769230769 0.08173076923076923 0.09495192307692307
0 0.9026442307692307 0.5060096153846154 0.09254807692307693 0.140625
0 0.2536057692307692 0.9699519230769231 0.11298076923076923 0.05889423076923077
0 0.14182692307692307 0.9711538461538461 0.11057692307692307 0.057692307692307696
0 0.3701923076923077 0.9675480769230769 0.12620192307692307 0.06370192307692307
0 0.04326923076923077 0.9711538461538461 0.08653846153846154 0.057692307692307696
0 0.6117788461538461 0.9050480769230769 0.09014423076923077 0.18990384615384615
0 0.09615384615384616 0.8846153846153846 0.09975961538461539 0.16947115384615385
0 0.19230769230769232 0.8713942307692307 0.10216346153846154 0.17908653846153846
0 0.29447115384615385 0.8533653846153846 0.1310096153846154 0.19951923076923078
0 0.5408653846153846 0.6899038461538461 0.1310096153846154 0.18509615384615385
0 0.2247596153846154 0.6862980769230769 0.08173076923076923 0.12620192307692307
0 0.13581730769230768 0.6850961538461539 0.08173076923076923 0.12620192307692307
0 0.31009615384615385 0.6838942307692307 0.08413461538461539 0.12259615384615384
0 0.6310096153846154 0.6790865384615384 0.051682692307692304 0.18509615384615385
0 0.39903846153846156 0.6778846153846154 0.09014423076923077 0.13341346153846154
0 0.18629807692307693 0.6081730769230769 0.07932692307692307 0.06129807692307692
0 0.26802884615384615 0.6021634615384616 0.08413461538461539 0.051682692307692304
0 0.35697115384615385 0.6021634615384616 0.08774038461538461 0.051682692307692304
0 0.5985576923076923 0.5985576923076923 0.11538461538461539 0.04326923076923077
0 0.359375 0.7908653846153846 0.09014423076923077 0.12860576923076922
0 0.8425480769230769 0.8858173076923077 0.10216346153846154 0.16105769230769232
0 0.9411057692307693 0.8858173076923077 0.09735576923076923 0.15144230769230768
0 0.9915865384615384 0.8786057692307693 0.016826923076923076 0.14182692307692307
0 0.8930288461538461 0.7668269230769231 0.09254807692307693 0.1466346153846154
0 0.9663461538461539 0.7632211538461539 0.06610576923076923 0.1466346153846154
0 0.8016826923076923 0.7620192307692307 0.09735576923076923 0.15625
0 0.9242788461538461 0.6538461538461539 0.09014423076923077 0.140625
0 0.9855769230769231 0.6502403846153846 0.027644230769230768 0.140625
0 0.8425480769230769 0.6454326923076923 0.09975961538461539 0.13581730769230768
0 0.6911057692307693 0.6189903846153846 0.06971153846153846 0.08413461538461539
0 0.8918269230769231 0.9651442307692307 0.10216346153846154 0.06971153846153846
0 0.9699519230769231 0.9651442307692307 0.05889423076923077 0.06971153846153846