0 0.38100961538461536 0.19951923076923078 0.16706730769230768 0.15865384615384615
0 0.6129807692307693 0.25240384615384615 0.11298076923076923 0.054086538461538464
0 0.7860576923076923 0.1875 0.15625 0.18509615384615385
0 0.9567307692307693 0.15865384615384615 0.08413461538461539 0.16466346153846154
0 0.6911057692307693 0.12379807692307693 0.11298076923076923 0.16466346153846154
0 0.8822115384615384 0.1045673076923077 0.1310096153846154 0.20793269230769232
0 0.5901442307692307 0.08413461538461539 0.11298076923076923 0.16826923076923078
0 0.06610576923076923 0.30408653846153844 0.04567307692307692 0.04927884615384615
0 0.11057692307692307 0.30288461538461536 0.04567307692307692 0.04567307692307692
0 0.02283653846153846 0.30649038461538464 0.04567307692307692 0.054086538461538464
0 0.06370192307692307 0.4951923076923077 0.04927884615384615 0.06129807692307692
0 0.0889423076923077 0.44471153846153844 0.04927884615384615 0.06129807692307692
0 0.08533653846153846 0.5444711538461539 0.04927884615384615 0.06129807692307692
0 0.05889423076923077 0.7091346153846154 0.051682692307692304 0.06610576923076923
0 0.006009615384615385 0.6538461538461539 0.01201923076923077 0.0625
0 0.04326923076923077 0.44711538461538464 0.04567307692307692 0.05889423076923077
0 0.020432692307692308 0.4987980769230769 0.040865384615384616 0.05889423076923077
0 0.46033653846153844 0.9855769230769231 0.05889423076923077 0.027644230769230768
0 0.15384615384615385 0.3016826923076923 0.04567307692307692 0.04326923076923077
0 0.01201923076923077 0.9459134615384616 0.02283653846153846 0.07211538461538461
0 0.3713942307692308 0.9459134615384616 0.056490384615384616 0.07932692307692307
0 0.013221153846153846 0.3545673076923077 0.025240384615384616 0.05889423076923077
0 0.40625 0.9867788461538461 0.05889423076923077 0.025240384615384616
0 0.42908653846153844 0.9435096153846154 0.05889423076923077 0.07932692307692307
0 0.08413461538461539 0.6514423076923077 0.04927884615384615 0.06610576923076923
0 0.02283653846153846 0.4014423076923077 0.04567307692307692 0.056490384615384616
0 0.11057692307692307 0.49278846153846156 0.04927884615384615 0.06129807692307692
0 0.02403846153846154 0.9855769230769231 0.04807692307692308 0.02403846153846154
0 0.5216346153846154 0.9423076923076923 0.02283653846153846 0.07932692307692307
0 0.051682692307692304 0.9495192307692307 0.054086538461538464 0.07451923076923077
0 0.04567307692307692 0.35096153846153844 0.04567307692307692 0.06129807692307692
0 0.07451923076923077 0.9867788461538461 0.056490384615384616 0.025240384615384616
0 0.18028846153846154 0.9867788461538461 0.054086538461538464 0.025240384615384616
0 0.484375 0.9435096153846154 0.056490384615384616 0.07932692307692307
0 0.5120192307692307 0.9855769230769231 0.04326923076923077 0.027644230769230768
0 0.078125 0.8858173076923077 0.051682692307692304 0.07451923076923077
0 0.24759615384615385 0.38461538461538464 0.04927884615384615 0.06129807692307692
0 0.5060096153846154 0.8774038461538461 0.054086538461538464 0.07692307692307693
0 0.20793269230769232 0.9483173076923077 0.054086538461538464 0.07932692307692307
0 0.2692307692307692 0.3317307692307692 0.04927884615384615 0.05889423076923077
0 0.15504807692307693 0.9483173076923077 0.054086538461538464 0.07692307692307693
0 0.008413461538461538 0.5504807692307693 0.016826923076923076 0.0625
0 0.3641826923076923 0.8185096153846154 0.056490384615384616 0.07451923076923077
0 0.019230769230769232 0.6009615384615384 0.038461538461538464 0.06370192307692307
0 0.5120192307692307 0.6911057692307693 0.04326923076923077 0.06971153846153846
0 0.39663461538461536 0.8810096153846154 0.056490384615384616 0.07692307692307693
0 0.1814903846153846 0.8834134615384616 0.054086538461538464 0.07451923076923077
0 0.15625 0.4891826923076923 0.04927884615384615 0.06129807692307692
0 0.453125 0.5805288461538461 0.054086538461538464 0.06370192307692307
0 0.12740384615384615 0.9867788461538461 0.054086538461538464 0.025240384615384616
0 0.28966346153846156 0.9867788461538461 0.056490384615384616 0.025240384615384616
0 0.10697115384615384 0.7055288461538461 0.051682692307692304 0.06610576923076923
0 0.2620192307692308 0.9471153846153846 0.056490384615384616 0.07932692307692307
0 0.027644230769230768 0.8870192307692307 0.051682692307692304 0.07451923076923077
0 0.3161057692307692 0.9471153846153846 0.056490384615384616 0.07692307692307693
0 0.037259615384615384 0.6538461538461539 0.04927884615384615 0.06370192307692307
0 0.23317307692307693 0.8834134615384616 0.054086538461538464 0.07692307692307693
0 0.015625 0.8257211538461539 0.03125 0.07211538461538461
0 0.1045673076923077 0.8233173076923077 0.051682692307692304 0.07211538461538461
0 0.03245192307692308 0.7668269230769231 0.04927884615384615 0.06971153846153846
0 0.27403846153846156 0.5348557692307693 0.04927884615384615 0.06370192307692307
0 0.003605769230769231 0.7680288461538461 0.007211538461538462 0.06971153846153846
0 0.234375 0.9867788461538461 0.054086538461538464 0.025240384615384616
0 0.12980769230769232 0.8846153846153846 0.054086538461538464 0.07451923076923077
0 0.13221153846153846 0.5420673076923077 0.04927884615384615 0.06129807692307692
0 0.34134615384615385 0.8822115384615384 0.056490384615384616 0.07451923076923077
0 0.22716346153846154 0.5372596153846154 0.051682692307692304 0.06370192307692307
0 0.2860576923076923 0.8834134615384616 0.056490384615384616 0.07692307692307693
0 0.25 0.484375 0.04927884615384615 0.06370192307692307
0 0.10336538461538461 0.9483173076923077 0.054086538461538464 0.07692307692307693
0 0.2932692307692308 0.3798076923076923 0.04927884615384615 0.06129807692307692
0 0.4230769230769231 0.5276442307692307 0.054086538461538464 0.06370192307692307
0 0.13341346153846154 0.4411057692307692 0.04567307692307692 0.05889423076923077
0 0.5048076923076923 0.5769230769230769 0.056490384615384616 0.06610576923076923
0 0.15504807692307693 0.8209134615384616 0.051682692307692304 0.07211538461538461
0 0.47475961538461536 0.8137019230769231 0.05889423076923077 0.07451923076923077
0 0.203125 0.48677884615384615 0.051682692307692304 0.06129807692307692
0 0.22355769230769232 0.33533653846153844 0.04567307692307692 0.05889423076923077
0 0.055288461538461536 0.8257211538461539 0.051682692307692304 0.07211538461538461
0 0.20673076923076922 0.8209134615384616 0.054086538461538464 0.07211538461538461
0 0.453125 0.8774038461538461 0.056490384615384616 0.07692307692307693
0 0.15625 0.703125 0.051682692307692304 0.06971153846153846
0 0.13341346153846154 0.34375 0.04567307692307692 0.05889423076923077
0 0.09014423076923077 0.3473557692307692 0.04567307692307692 0.05889423076923077
0 0.06610576923076923 0.39783653846153844 0.04567307692307692 0.05889423076923077
0 0.11177884615384616 0.39302884615384615 0.04567307692307692 0.05889423076923077
0 0.31009615384615385 0.8197115384615384 0.056490384615384616 0.07451923076923077
0 0.5264423076923077 0.4651442307692308 0.013221153846153846 0.06370192307692307
0 0.4879807692307692 0.36538461538461536 0.054086538461538464 0.06129807692307692
0 0.25721153846153844 0.8209134615384616 0.051682692307692304 0.07451923076923077
0 0.5168269230769231 0.8112980769230769 0.03365384615384615 0.07451923076923077
0 0.3954326923076923 0.47716346153846156 0.051682692307692304 0.06370192307692307
0 0.2283653846153846 0.6454326923076923 0.051682692307692304 0.06610576923076923
0 0.17908653846153846 0.5396634615384616 0.04927884615384615 0.06370192307692307
0 0.31971153846153844 0.42788461538461536 0.051682692307692304 0.06129807692307692
0 0.36778846153846156 0.4254807692307692 0.051682692307692304 0.06370192307692307
0 0.41947115384615385 0.8161057692307693 0.056490384615384616 0.07451923076923077
0 0.109375 0.5961538461538461 0.04567307692307692 0.06370192307692307
0 0.3473557692307692 0.9867788461538461 0.05889423076923077 0.025240384615384616
0 0.1310096153846154 0.7620192307692307 0.051682692307692304 0.07211538461538461
0 0.18028846153846154 0.7608173076923077 0.051682692307692304 0.06971153846153846
0 0.4110576923076923 0.3161057692307692 0.051682692307692304 0.06129807692307692
0 0.4963942307692308 0.46875 0.054086538461538464 0.06370192307692307
0 0.46274038461538464 0.6947115384615384 0.056490384615384616 0.06971153846153846
0 0.3629807692307692 0.3233173076923077 0.051682692307692304 0.06129807692307692
0 0.515625 0.5216346153846154 0.036057692307692304 0.06370192307692307
0 0.4411057692307692 0.7548076923076923 0.056490384615384616 0.07211538461538461
0 0.5120192307692307 0.41586538461538464 0.04326923076923077 0.06129807692307692
0 0.4387019230769231 0.36778846153846156 0.051682692307692304 0.06370192307692307
0 0.27163461538461536 0.43149038461538464 0.04927884615384615 0.06129807692307692
0 0.31490384615384615 0.3269230769230769 0.04927884615384615 0.06129807692307692
0 0.15504807692307693 0.59375 0.04927884615384615 0.06370192307692307
0 0.33533653846153844 0.2920673076923077 0.04567307692307692 0.025240384615384616
0 0.3449519230769231 0.47836538461538464 0.051682692307692304 0.06370192307692307
0 0.44471153846153844 0.4735576923076923 0.054086538461538464 0.06370192307692307
0 0.3870192307692308 0.7560096153846154 0.056490384615384616 0.06971153846153846
0 0.296875 0.4807692307692308 0.051682692307692304 0.06129807692307692
0 0.5216346153846154 0.6298076923076923 0.02283653846153846 0.06971153846153846
0 0.039663461538461536 0.546875 0.04927884615384615 0.06370192307692307
0 0.30528846153846156 0.6995192307692307 0.051682692307692304 0.06971153846153846
0 0.46634615384615385 0.4182692307692308 0.054086538461538464 0.06129807692307692
0 0.1778846153846154 0.4387019230769231 0.04927884615384615 0.06129807692307692
0 0.17908653846153846 0.6478365384615384 0.051682692307692304 0.06610576923076923
0 0.4014423076923077 0.5841346153846154 0.054086538461538464 0.06610576923076923
0 0.15625 0.390625 0.04567307692307692 0.06129807692307692
0 0.23076923076923078 0.7608173076923077 0.051682692307692304 0.07211538461538461
0 0.20432692307692307 0.5913461538461539 0.051682692307692304 0.06370192307692307
0 0.43149038461538464 0.28725961538461536 0.04927884615384615 0.015625
0 0.28966346153846156 0.29447115384615385 0.04567307692307692 0.03125
0 0.2548076923076923 0.7007211538461539 0.051682692307692304 0.06971153846153846
0 0.19831730769230768 0.29927884615384615 0.04927884615384615 0.038461538461538464
0 0.4963942307692308 0.7524038461538461 0.056490384615384616 0.07211538461538461
0 0.2824519230769231 0.7584134615384616 0.054086538461538464 0.06971153846153846
0 0.3233173076923077 0.5336538461538461 0.04927884615384615 0.06370192307692307
0 0.4170673076923077 0.421875 0.051682692307692304 0.06370192307692307
0 0.25240384615384615 0.5901442307692307 0.051682692307692304 0.06370192307692307
0 0.3713942307692308 0.53125 0.051682692307692304 0.06370192307692307
0 0.34134615384615385 0.3762019230769231 0.051682692307692304 0.06129807692307692
0 0.08173076923076923 0.7644230769230769 0.04927884615384615 0.06971153846153846
0 0.2776442307692308 0.6430288461538461 0.051682692307692304 0.06610576923076923
0 0.3329326923076923 0.7584134615384616 0.054086538461538464 0.07211538461538461
0 0.484375 0.6358173076923077 0.056490384615384616 0.06971153846153846
0 0.3016826923076923 0.5889423076923077 0.051682692307692304 0.06370192307692307
0 0.40865384615384615 0.6959134615384616 0.056490384615384616 0.06971153846153846
0 0.47475961538461536 0.5252403846153846 0.054086538461538464 0.06370192307692307
0 0.06129807692307692 0.5985576923076923 0.04927884615384615 0.06370192307692307
0 0.018028846153846152 0.7091346153846154 0.036057692307692304 0.06971153846153846
0 0.20072115384615385 0.3870192307692308 0.04927884615384615 0.06129807692307692
0 0.35697115384615385 0.6983173076923077 0.054086538461538464 0.06971153846153846
0 0.3798076923076923 0.640625 0.054086538461538464 0.06610576923076923
0 0.46033653846153844 0.31490384615384615 0.04927884615384615 0.06129807692307692
0 0.010817307692307692 0.4495192307692308 0.020432692307692308 0.05889423076923077
0 0.4795673076923077 0.2860576923076923 0.051682692307692304 0.013221153846153846
0 0.2439903846153846 0.2956730769230769 0.04567307692307692 0.03365384615384615
0 0.2247596153846154 0.4362980769230769 0.04567307692307692 0.06129807692307692
0 0.5072115384615384 0.3112980769230769 0.051682692307692304 0.06370192307692307
0 0.38341346153846156 0.28966346153846156 0.04927884615384615 0.020432692307692308
0 0.1778846153846154 0.34134615384615385 0.04567307692307692 0.05889423076923077
0 0.34975961538461536 0.5877403846153846 0.051682692307692304 0.06370192307692307
0 0.43149038461538464 0.6382211538461539 0.054086538461538464 0.06610576923076923
0 0.328125 0.6418269230769231 0.051682692307692304 0.06610576923076923
0 0.3894230769230769 0.3713942307692308 0.051682692307692304 0.06370192307692307
0 0.5216346153846154 0.36177884615384615 0.02283653846153846 0.06129807692307692
0 0.1310096153846154 0.6490384615384616 0.04927884615384615 0.06610576923076923
0 0.20552884615384615 0.7007211538461539 0.051682692307692304 0.06971153846153846
0 0.7139423076923077 0.8665865384615384 0.10216346153846154 0.140625
0 0.6069711538461539 0.8665865384615384 0.10817307692307693 0.13581730769230768
0 0.8185096153846154 0.859375 0.1045673076923077 0.14302884615384615
0 0.9182692307692307 0.8581730769230769 0.09735576923076923 0.1310096153846154
0 0.9819711538461539 0.8569711538461539 0.036057692307692304 0.12860576923076922
0 0.5709134615384616 0.7427884615384616 0.07451923076923077 0.140625
0 0.6622596153846154 0.7427884615384616 0.1045673076923077 0.1466346153846154
0 0.7668269230769231 0.7415865384615384 0.09735576923076923 0.13581730769230768
0 0.9615384615384616 0.7391826923076923 0.07692307692307693 0.1310096153846154
0 0.8725961538461539 0.7379807692307693 0.09975961538461539 0.1310096153846154
0 0.7127403846153846 0.6237980769230769 0.10216346153846154 0.13581730769230768
0 0.6033653846153846 0.6237980769230769 0.11298076923076923 0.15144230769230768
0 0.8245192307692307 0.6189903846153846 0.09975961538461539 0.140625
0 0.9338942307692307 0.6153846153846154 0.11298076923076923 0.14903846153846154
0 0.9927884615384616 0.6069711538461539 0.014423076923076924 0.14182692307692307
0 0.7704326923076923 0.5012019230769231 0.11298076923076923 0.16105769230769232
0 0.6610576923076923 0.49399038461538464 0.10216346153846154 0.15144230769230768
0 0.8846153846153846 0.49278846153846156 0.11538461538461539 0.16706730769230768
0 0.9699519230769231 0.4831730769230769 0.05889423076923077 0.1466346153846154
0 0.5649038461538461 0.48197115384615385 0.06370192307692307 0.15384615384615385
0 0.7163461538461539 0.359375 0.11538461538461539 0.15865384615384615
0 0.6009615384615384 0.35697115384615385 0.11538461538461539 0.15384615384615385
0 0.8341346153846154 0.35697115384615385 0.11538461538461539 0.15384615384615385
0 0.9459134615384616 0.3545673076923077 0.10817307692307693 0.15144230769230768
0 0.5649038461538461 0.9639423076923077 0.06370192307692307 0.07211538461538461
0 0.6574519230769231 0.9579326923076923 0.09495192307692307 0.08413461538461539
0 0.7692307692307693 0.9579326923076923 0.09254807692307693 0.08413461538461539
0 0.9579326923076923 0.9555288461538461 0.08413461538461539 0.0889423076923077
0 0.8641826923076923 0.9543269230769231 0.09375 0.09134615384615384