0 0.037259615384615384 0.23197115384615385 0.07451923076923077 0.203125
0 0.16706730769230768 0.23677884615384615 0.1502403846153846 0.22716346153846154
0 0.421875 0.328125 0.1346153846153846 0.21153846153846154
0 0.027644230769230768 0.36658653846153844 0.055288461538461536 0.1346153846153846
0 0.11658653846153846 0.36538461538461536 0.12740384615384615 0.13701923076923078
0 0.28365384615384615 0.35697115384615385 0.14783653846153846 0.15384615384615385
0 0.9483173076923077 0.2704326923076923 0.10336538461538461 0.328125
0 0.6165865384615384 0.30408653846153844 0.18028846153846154 0.25961538461538464
0 0.828125 0.3245192307692308 0.18028846153846154 0.21995192307692307
0 0.7199519230769231 0.09735576923076923 0.19471153846153846 0.19471153846153846
0 0.5516826923076923 0.09975961538461539 0.12379807692307693 0.19831730769230768
0 0.9110576923076923 0.140625 0.17668269230769232 0.2800480769230769
0 0.4423076923076923 0.7319711538461539 0.09495192307692307 0.203125
0 0.18509615384615385 0.8173076923076923 0.13221153846153846 0.20072115384615385
0 0.34134615384615385 0.8930288461538461 0.140625 0.21153846153846154
0 0.4495192307692308 0.9182692307692307 0.07932692307692307 0.16346153846153846
0 0.11899038461538461 0.9555288461538461 0.13221153846153846 0.0889423076923077
0 0.6201923076923077 0.609375 0.10817307692307693 0.21634615384615385
0 0.5108173076923077 0.7235576923076923 0.042067307692307696 0.21394230769230768
0 0.734375 0.7524038461538461 0.10576923076923077 0.203125
0 0.8425480769230769 0.7524038461538461 0.10817307692307693 0.2091346153846154
0 0.9807692307692307 0.7860576923076923 0.038461538461538464 0.21634615384615385
0 0.6466346153846154 0.8185096153846154 0.10336538461538461 0.19831730769230768
0 0.5180288461538461 0.9182692307692307 0.057692307692307696 0.16346153846153846
0 0.9495192307692307 0.9194711538461539 0.10096153846153846 0.16105769230769232
0 0.6995192307692307 0.9350961538461539 0.10336538461538461 0.12980769230769232
0 0.8064903846153846 0.9350961538461539 0.11658653846153846 0.12980769230769232
0 0.6081730769230769 0.9663461538461539 0.10576923076923077 0.06610576923076923
0 0.5108173076923077 0.5228365384615384 0.042067307692307696 0.17668269230769232
0 0.9723557692307693 0.5625 0.055288461538461536 0.2247596153846154
0 0.7752403846153846 0.5661057692307693 0.11057692307692307 0.21153846153846154
0 0.8834134615384616 0.5829326923076923 0.1141826923076923 0.22235576923076922