0 0.02403846153846154 0.21153846153846154 0.04807692307692308 0.19591346153846154
0 0.13701923076923078 0.21754807692307693 0.14423076923076922 0.21875
0 0.38221153846153844 0.30408653846153844 0.12980769230769232 0.203125
0 0.015625 0.34134615384615385 0.030048076923076924 0.12980769230769232
0 0.0889423076923077 0.3401442307692308 0.12139423076923077 0.13221153846153846
0 0.24879807692307693 0.3329326923076923 0.14182692307692307 0.1466346153846154
0 0.9182692307692307 0.24879807692307693 0.1622596153846154 0.31490384615384615
0 0.5685096153846154 0.28125 0.17307692307692307 0.24879807692307693
0 0.7716346153846154 0.3004807692307692 0.17307692307692307 0.21033653846153846
0 0.6682692307692307 0.0889423076923077 0.18509615384615385 0.1778846153846154
0 0.5060096153846154 0.09014423076923077 0.11899038461538461 0.18028846153846154
0 0.859375 0.12980769230769232 0.18509615384615385 0.25841346153846156
0 0.4014423076923077 0.6911057692307693 0.09134615384615384 0.19591346153846154
0 0.15504807692307693 0.7740384615384616 0.12740384615384615 0.19230769230769232
0 0.30408653846153844 0.8461538461538461 0.1346153846153846 0.203125
0 0.40865384615384615 0.8882211538461539 0.07572115384615384 0.19230769230769232
0 0.09134615384615384 0.9326923076923077 0.12740384615384615 0.1346153846153846
0 0.35697115384615385 0.9699519230769231 0.09375 0.06009615384615385
0 0.5721153846153846 0.5745192307692307 0.1045673076923077 0.20793269230769232
0 0.4675480769230769 0.6838942307692307 0.040865384615384616 0.20552884615384615
0 0.6814903846153846 0.7115384615384616 0.10096153846153846 0.19591346153846154
0 0.7860576923076923 0.7115384615384616 0.1045673076923077 0.20072115384615385
0 0.9507211538461539 0.7439903846153846 0.0985576923076923 0.20793269230769232
0 0.5973557692307693 0.7752403846153846 0.0985576923076923 0.18990384615384615
0 0.47475961538461536 0.8894230769230769 0.055288461538461536 0.19591346153846154
0 0.8966346153846154 0.8954326923076923 0.11177884615384616 0.203125
0 0.6490384615384616 0.9122596153846154 0.0985576923076923 0.17548076923076922
0 0.7512019230769231 0.9122596153846154 0.11177884615384616 0.17548076923076922
0 0.5612980769230769 0.9423076923076923 0.10096153846153846 0.1141826923076923
0 0.4675480769230769 0.49158653846153844 0.040865384615384616 0.16947115384615385
0 0.9399038461538461 0.5300480769230769 0.11177884615384616 0.21514423076923078
0 0.7211538461538461 0.5324519230769231 0.10697115384615384 0.203125
0 0.8245192307692307 0.5492788461538461 0.109375 0.2127403846153846