0 0.036057692307692304 0.20072115384615385 0.07211538461538461 0.19471153846153846
0 0.16105769230769232 0.20673076923076922 0.14302884615384615 0.21634615384615385
0 0.40384615384615385 0.29447115384615385 0.12860576923076922 0.20072115384615385
0 0.027644230769230768 0.33052884615384615 0.055288461538461536 0.12860576923076922
0 0.11298076923076923 0.3293269230769231 0.1201923076923077 0.1310096153846154
0 0.27163461538461536 0.32211538461538464 0.140625 0.14543269230769232
0 0.9266826923076923 0.23918269230769232 0.14543269230769232 0.3112980769230769
0 0.5877403846153846 0.27163461538461536 0.17067307692307693 0.24639423076923078
0 0.7884615384615384 0.28966346153846156 0.17067307692307693 0.2091346153846154
0 0.6875 0.08413461538461539 0.18389423076923078 0.16826923076923078
0 0.5264423076923077 0.08533653846153846 0.11778846153846154 0.17067307692307693
0 0.875 0.12379807692307693 0.18269230769230768 0.24759615384615385
0 0.421875 0.6766826923076923 0.09014423076923077 0.1935096153846154
0 0.1778846153846154 0.7584134615384616 0.12620192307692307 0.19110576923076922
0 0.3269230769230769 0.8305288461538461 0.13341346153846154 0.20072115384615385
0 0.42908653846153844 0.8713942307692307 0.07572115384615384 0.19110576923076922
0 0.11538461538461539 0.9242788461538461 0.12620192307692307 0.1502403846153846
0 0.37740384615384615 0.9615384615384616 0.09134615384615384 0.07692307692307693
0 0.5913461538461539 0.5612980769230769 0.10336538461538461 0.20552884615384615
0 0.4879807692307692 0.6694711538461539 0.039663461538461536 0.203125
0 0.6995192307692307 0.6971153846153846 0.10096153846153846 0.1935096153846154
0 0.8028846153846154 0.6971153846153846 0.10336538461538461 0.19831730769230768
0 0.9579326923076923 0.7271634615384616 0.08413461538461539 0.20432692307692307
0 0.6165865384615384 0.7596153846153846 0.0985576923076923 0.18870192307692307
0 0.4951923076923077 0.8725961538461539 0.055288461538461536 0.1935096153846154
0 0.9134615384615384 0.8798076923076923 0.11057692307692307 0.20072115384615385
0 0.6670673076923077 0.9038461538461539 0.0985576923076923 0.19230769230769232
0 0.7692307692307693 0.9038461538461539 0.11057692307692307 0.19230769230769232
0 0.5793269230769231 0.9338942307692307 0.10096153846153846 0.13221153846153846
0 0.4879807692307692 0.47836538461538464 0.039663461538461536 0.16826923076923078
0 0.9495192307692307 0.5168269230769231 0.10096153846153846 0.21394230769230768
0 0.7391826923076923 0.5204326923076923 0.10576923076923077 0.20072115384615385
0 0.8413461538461539 0.5360576923076923 0.10817307692307693 0.21153846153846154