0 0.6358173076923077 0.37259615384615385 0.1201923076923077 0.0985576923076923
0 0.07932692307692307 0.3245192307692308 0.14302884615384615 0.19591346153846154
0 0.48677884615384615 0.30408653846153844 0.14302884615384615 0.2091346153846154
0 0.33052884615384615 0.2439903846153846 0.14302884615384615 0.21153846153846154
0 0.046875 0.1935096153846154 0.09254807692307693 0.17067307692307693
0 0.19110576923076922 0.18990384615384615 0.140625 0.20552884615384615
0 0.6454326923076923 0.17668269230769232 0.12620192307692307 0.1778846153846154
0 0.018028846153846152 0.0625 0.036057692307692304 0.125
0 0.5637019230769231 0.04807692307692308 0.14302884615384615 0.09495192307692307
0 0.07692307692307693 0.036057692307692304 0.14423076923076922 0.07211538461538461
0 0.22596153846153846 0.02403846153846154 0.14543269230769232 0.04807692307692308
0 0.8497596153846154 0.2608173076923077 0.07091346153846154 0.10576923076923077
0 0.9771634615384616 0.25841346153846156 0.04567307692307692 0.09495192307692307
0 0.7776442307692307 0.25600961538461536 0.07091346153846154 0.10817307692307693
0 0.7259615384615384 0.24278846153846154 0.030048076923076924 0.0985576923076923
0 0.9242788461538461 0.23918269230769232 0.0673076923076923 0.0985576923076923
0 0.9903846153846154 0.15384615384615385 0.019230769230769232 0.10576923076923077
0 0.7451923076923077 0.14783653846153846 0.0673076923076923 0.10576923076923077
0 0.9591346153846154 0.12860576923076922 0.06490384615384616 0.10096153846153846
0 0.8161057692307693 0.1141826923076923 0.07091346153846154 0.10576923076923077
0 0.8966346153846154 0.109375 0.0733173076923077 0.10576923076923077
0 0.04447115384615385 0.7560096153846154 0.06490384615384616 0.16105769230769232
0 0.04807692307692308 0.6009615384615384 0.06490384615384616 0.1502403846153846
0 0.04927884615384615 0.47475961538461536 0.0625 0.10576923076923077
0 0.9903846153846154 0.8341346153846154 0.019230769230769232 0.15384615384615385
0 0.9230769230769231 0.8353365384615384 0.11057692307692307 0.15865384615384615
0 0.7319711538461539 0.8341346153846154 0.04326923076923077 0.15625
0 0.8100961538461539 0.8329326923076923 0.10576923076923077 0.15865384615384615
0 0.9627403846153846 0.6911057692307693 0.07451923076923077 0.15625
0 0.7596153846153846 0.6911057692307693 0.0985576923076923 0.15625
0 0.8677884615384616 0.6911057692307693 0.10576923076923077 0.15865384615384615
0 0.9903846153846154 0.5504807692307693 0.019230769230769232 0.15865384615384615
0 0.9230769230769231 0.5480769230769231 0.10336538461538461 0.15384615384615385
0 0.8125 0.546875 0.10576923076923077 0.15865384615384615
0 0.9627403846153846 0.45072115384615385 0.07451923076923077 0.06009615384615385
0 0.8689903846153846 0.4519230769230769 0.10576923076923077 0.06009615384615385
0 0.7596153846153846 0.4495192307692308 0.0985576923076923 0.055288461538461536
0 0.8641826923076923 0.9507211538461539 0.10576923076923077 0.0985576923076923
0 0.7584134615384616 0.9483173076923077 0.09495192307692307 0.10336538461538461
0 0.9603365384615384 0.9459134615384616 0.07932692307692307 0.10817307692307693