0 0.13221153846153846 0.3713942307692308 0.1466346153846154 0.07451923076923077
0 0.03245192307692308 0.3449519230769231 0.06490384615384616 0.12620192307692307
0 0.30528846153846156 0.3329326923076923 0.07211538461538461 0.15144230769230768
0 0.20552884615384615 0.30288461538461536 0.1466346153846154 0.19831730769230768
0 0.06610576923076923 0.2512019230769231 0.1310096153846154 0.20552884615384615
0 0.7548076923076923 0.3137019230769231 0.04927884615384615 0.07211538461538461
0 0.7067307692307693 0.3112980769230769 0.04927884615384615 0.07211538461538461
0 0.6105769230769231 0.31009615384615385 0.04927884615384615 0.06971153846153846
0 0.6586538461538461 0.3088942307692308 0.04927884615384615 0.06971153846153846
0 0.8725961538461539 0.2548076923076923 0.04927884615384615 0.0673076923076923
0 0.9951923076923077 0.2536057692307692 0.009615384615384616 0.0673076923076923
0 0.9675480769230769 0.2536057692307692 0.046875 0.06490384615384616
0 0.9206730769230769 0.2536057692307692 0.04927884615384615 0.06490384615384616
0 0.8257211538461539 0.2536057692307692 0.04927884615384615 0.06490384615384616
0 0.7788461538461539 0.25240384615384615 0.046875 0.0673076923076923
0 0.7319711538461539 0.25240384615384615 0.04927884615384615 0.06971153846153846
0 0.6838942307692307 0.2512019230769231 0.04927884615384615 0.06971153846153846
0 0.6358173076923077 0.25 0.04927884615384615 0.06971153846153846
0 0.5889423076923077 0.25 0.04927884615384615 0.06971153846153846
0 0.5408653846153846 0.24879807692307693 0.04927884615384615 0.0673076923076923
0 0.49278846153846156 0.24759615384615385 0.04927884615384615 0.06971153846153846
0 0.44471153846153844 0.24639423076923078 0.04927884615384615 0.06971153846153846
0 0.39663461538461536 0.24519230769230768 0.04927884615384615 0.06971153846153846
0 0.35697115384615385 0.24158653846153846 0.030048076923076924 0.0673076923076923
0 0.9807692307692307 0.19951923076923078 0.038461538461538464 0.0673076923076923
0 0.8942307692307693 0.19951923076923078 0.04927884615384615 0.0673076923076923
0 0.9423076923076923 0.19831730769230768 0.04927884615384615 0.0673076923076923
0 0.8473557692307693 0.19831730769230768 0.046875 0.0673076923076923
0 0.8016826923076923 0.1971153846153846 0.046875 0.0673076923076923
0 0.7548076923076923 0.19591346153846154 0.046875 0.0673076923076923
0 0.7091346153846154 0.19471153846153846 0.046875 0.0673076923076923
0 0.6634615384615384 0.1935096153846154 0.046875 0.0673076923076923
0 0.6165865384615384 0.1935096153846154 0.04927884615384615 0.0673076923076923
0 0.5685096153846154 0.19230769230769232 0.04927884615384615 0.0673076923076923
0 0.5216346153846154 0.19110576923076922 0.04927884615384615 0.0673076923076923
0 0.4723557692307692 0.18990384615384615 0.04927884615384615 0.0673076923076923
0 0.4254807692307692 0.18870192307692307 0.04927884615384615 0.0673076923076923
0 0.37740384615384615 0.18629807692307693 0.04927884615384615 0.0673076923076923
0 0.34615384615384615 0.18389423076923078 0.009615384615384616 0.0673076923076923
0 0.9915865384615384 0.14423076923076922 0.016826923076923076 0.06129807692307692
0 0.9615384615384616 0.14423076923076922 0.046875 0.06490384615384616
0 0.9158653846153846 0.14423076923076922 0.046875 0.06490384615384616
0 0.8689903846153846 0.14302884615384615 0.046875 0.06490384615384616
0 0.8245192307692307 0.14182692307692307 0.046875 0.0673076923076923
0 0.7788461538461539 0.140625 0.046875 0.0673076923076923
0 0.7331730769230769 0.13942307692307693 0.046875 0.06490384615384616
0 0.6862980769230769 0.13822115384615385 0.046875 0.06490384615384616
0 0.640625 0.13701923076923078 0.046875 0.0673076923076923
0 0.5949519230769231 0.13581730769230768 0.04927884615384615 0.0673076923076923
0 0.5480769230769231 0.13581730769230768 0.04927884615384615 0.0673076923076923
0 0.5012019230769231 0.13341346153846154 0.04927884615384615 0.0673076923076923
0 0.4543269230769231 0.13341346153846154 0.04927884615384615 0.0673076923076923
0 0.4074519230769231 0.1310096153846154 0.04927884615384615 0.06490384615384616
0 0.36177884615384615 0.12980769230769232 0.039663461538461536 0.0673076923076923
0 0.9338942307692307 0.09254807692307693 0.04447115384615385 0.06490384615384616
0 0.9783653846153846 0.09254807692307693 0.042067307692307696 0.06129807692307692
0 0.8882211538461539 0.09134615384615384 0.046875 0.06129807692307692
0 0.84375 0.0889423076923077 0.04447115384615385 0.06129807692307692
0 0.8004807692307693 0.08774038461538461 0.04447115384615385 0.06490384615384616
0 0.7560096153846154 0.08774038461538461 0.04447115384615385 0.06490384615384616
0 0.7115384615384616 0.08533653846153846 0.046875 0.06490384615384616
0 0.6658653846153846 0.08533653846153846 0.046875 0.06490384615384616
0 0.6213942307692307 0.0829326923076923 0.04447115384615385 0.06490384615384616
0 0.5757211538461539 0.08173076923076923 0.046875 0.06490384615384616
0 0.5300480769230769 0.08052884615384616 0.04927884615384615 0.06490384615384616
0 0.4831730769230769 0.07932692307692307 0.04927884615384615 0.06490384615384616
0 0.43509615384615385 0.078125 0.04927884615384615 0.06490384615384616
0 0.38822115384615385 0.07692307692307693 0.04927884615384615 0.06490384615384616
0 0.35216346153846156 0.07451923076923077 0.02283653846153846 0.06490384615384616
0 0.9867788461538461 0.039663461538461536 0.026442307692307692 0.06009615384615385
0 0.9543269230769231 0.042067307692307696 0.04447115384615385 0.06129807692307692
0 0.9110576923076923 0.040865384615384616 0.04447115384615385 0.06129807692307692
0 0.8665865384615384 0.039663461538461536 0.04447115384615385 0.06129807692307692
0 0.8221153846153846 0.037259615384615384 0.04447115384615385 0.06129807692307692
0 0.7776442307692307 0.036057692307692304 0.04447115384615385 0.06129807692307692
0 0.734375 0.03485576923076923 0.04447115384615385 0.05889423076923077
0 0.6911057692307693 0.03365384615384615 0.04447115384615385 0.05889423076923077
0 0.6466346153846154 0.03245192307692308 0.04447115384615385 0.06129807692307692
0 0.6009615384615384 0.03125 0.04447115384615385 0.06129807692307692
0 0.5552884615384616 0.030048076923076924 0.046875 0.05889423076923077
0 0.5084134615384616 0.028846153846153848 0.046875 0.056490384615384616
0 0.46153846153846156 0.028846153846153848 0.046875 0.056490384615384616
0 0.4170673076923077 0.027644230769230768 0.046875 0.054086538461538464
0 0.3701923076923077 0.027644230769230768 0.046875 0.054086538461538464
0 0.9723557692307693 0.010817307692307692 0.04567307692307692 0.021634615384615384
0 0.9278846153846154 0.009615384615384616 0.04447115384615385 0.019230769230769232
0 0.8858173076923077 0.009615384615384616 0.04447115384615385 0.019230769230769232
0 0.8413461538461539 0.008413461538461538 0.04447115384615385 0.016826923076923076
0 0.7992788461538461 0.008413461538461538 0.04447115384615385 0.016826923076923076
0 0.7548076923076923 0.007211538461538462 0.04447115384615385 0.014423076923076924
0 0.7127403846153846 0.006009615384615385 0.04447115384615385 0.01201923076923077
0 0.6682692307692307 0.006009615384615385 0.04447115384615385 0.01201923076923077
0 0.6262019230769231 0.004807692307692308 0.04447115384615385 0.009615384615384616
0 0.6694711538461539 0.9435096153846154 0.21394230769230768 0.11298076923076923
0 0.4639423076923077 0.9507211538461539 0.21033653846153846 0.0985576923076923
0 0.4074519230769231 0.8149038461538461 0.1310096153846154 0.2668269230769231
0 0.5745192307692307 0.8064903846153846 0.21033653846153846 0.2644230769230769
0 0.7776442307692307 0.8052884615384616 0.21995192307692307 0.2848557692307692
0 0.8725961538461539 0.5661057692307693 0.21754807692307693 0.2668269230769231
0 0.6766826923076923 0.5817307692307693 0.21033653846153846 0.2644230769230769
0 0.4675480769230769 0.5877403846153846 0.203125 0.25240384615384615
0 0.9831730769230769 0.5865384615384616 0.03365384615384615 0.2644230769230769
0 0.78125 0.4423076923076923 0.20552884615384615 0.0673076923076923
0 0.5697115384615384 0.4519230769230769 0.203125 0.08653846153846154
0 0.40865384615384615 0.4567307692307692 0.13341346153846154 0.09615384615384616