0 0.17668269230769232 0.12139423076923077 0.35216346153846156 0.24158653846153846
0 0.5372596153846154 0.17067307692307693 0.10576923076923077 0.14182692307692307
0 0.7944711538461539 0.17067307692307693 0.11057692307692307 0.14182692307692307
0 0.4266826923076923 0.1622596153846154 0.09975961538461539 0.16105769230769232
0 0.6646634615384616 0.16346153846153846 0.15504807692307693 0.15745192307692307
0 0.9242788461538461 0.16706730769230768 0.15144230769230768 0.1466346153846154
0 0.09254807692307693 0.7355769230769231 0.18389423076923078 0.39783653846153844
0 0.4579326923076923 0.33653846153846156 0.03125 0.18990384615384615
0 0.7608173076923077 0.3641826923076923 0.06370192307692307 0.24519230769230768
0 0.7007211538461539 0.3858173076923077 0.055288461538461536 0.25240384615384615
0 0.6478365384615384 0.41225961538461536 0.052884615384615384 0.24158653846153846
0 0.5528846153846154 0.46033653846153844 0.042067307692307696 0.21875
0 0.5120192307692307 0.484375 0.037259615384615384 0.20793269230769232
0 0.47475961538461536 0.5012019230769231 0.03365384615384615 0.1971153846153846
0 0.4423076923076923 0.5180288461538461 0.03125 0.1814903846153846
0 0.8641826923076923 0.5576923076923077 0.0733173076923077 0.28966346153846156
0 0.7932692307692307 0.5793269230769231 0.06850961538461539 0.2764423076923077
0 0.7307692307692307 0.5961538461538461 0.057692307692307696 0.2608173076923077
0 0.6742788461538461 0.6153846153846154 0.052884615384615384 0.24759615384615385
0 0.6213942307692307 0.6310096153846154 0.046875 0.23918269230769232
0 0.5733173076923077 0.6466346153846154 0.042067307692307696 0.22355769230769232
0 0.53125 0.6586538461538461 0.039663461538461536 0.2127403846153846
0 0.49399038461538464 0.671875 0.037259615384615384 0.19951923076923078
0 0.4579326923076923 0.6814903846153846 0.03365384615384615 0.19230769230769232
0 0.42788461538461536 0.6971153846153846 0.03125 0.17427884615384615
0 0.828125 0.8209134615384616 0.06850961538461539 0.28365384615384615
0 0.7620192307692307 0.8257211538461539 0.06370192307692307 0.265625
0 0.7007211538461539 0.8329326923076923 0.055288461538461536 0.25
0 0.6478365384615384 0.8377403846153846 0.052884615384615384 0.24519230769230768
0 0.5528846153846154 0.8461538461538461 0.042067307692307696 0.2127403846153846
0 0.5132211538461539 0.8497596153846154 0.039663461538461536 0.20793269230769232
0 0.47475961538461536 0.8533653846153846 0.03365384615384615 0.1971153846153846
0 0.4423076923076923 0.8605769230769231 0.03125 0.18389423076923078
0 0.4579326923076923 0.9663461538461539 0.03125 0.0673076923076923
0 0.49038461538461536 0.9663461538461539 0.038461538461538464 0.0673076923076923
0 0.5288461538461539 0.9663461538461539 0.038461538461538464 0.0673076923076923
0 0.7932692307692307 0.9639423076923077 0.06610576923076923 0.07091346153846154
0 0.7283653846153846 0.9651442307692307 0.057692307692307696 0.06971153846153846
0 0.671875 0.9651442307692307 0.055288461538461536 0.06971153846153846
0 0.6742788461538461 0.27283653846153844 0.052884615384615384 0.06009615384615385
0 0.5300480769230769 0.3161057692307692 0.039663461538461536 0.14783653846153846
0 0.49158653846153844 0.32572115384615385 0.037259615384615384 0.16826923076923078
0 0.8257211538461539 0.34975961538461536 0.06850961538461539 0.21634615384615385