0 0.23798076923076922 0.19591346153846154 0.07692307692307693 0.12740384615384615
0 0.04447115384615385 0.12860576923076922 0.0889423076923077 0.25721153846153844
0 0.13942307692307693 0.11658653846153846 0.06971153846153846 0.11538461538461539
0 0.20432692307692307 0.09615384615384616 0.07211538461538461 0.1201923076923077
0 0.27884615384615385 0.08173076923076923 0.07932692307692307 0.1201923076923077
0 0.109375 0.040865384615384616 0.06971153846153846 0.08173076923076923
0 0.171875 0.03125 0.07451923076923077 0.0625
0 0.23918269230769232 0.02283653846153846 0.07451923076923077 0.04567307692307692
0 0.31490384615384615 0.013221153846153846 0.07692307692307693 0.026442307692307692
0 0.7752403846153846 0.4423076923076923 0.22596153846153846 0.3293269230769231
0 0.9483173076923077 0.4387019230769231 0.10336538461538461 0.3293269230769231
0 0.5637019230769231 0.43509615384615385 0.17067307692307693 0.2932692307692308
0 0.5024038461538461 0.15985576923076922 0.04807692307692308 0.3004807692307692
0 0.6646634615384616 0.15985576923076922 0.19951923076923078 0.2956730769230769
0 0.8894230769230769 0.15985576923076922 0.22115384615384615 0.31971153846153844
0 0.6502403846153846 0.609375 0.21875 0.07932692307692307
0 0.8942307692307693 0.6057692307692307 0.21153846153846154 0.08653846153846154
0 0.7560096153846154 0.7235576923076923 0.10817307692307693 0.14903846153846154
0 0.6490384615384616 0.7199519230769231 0.10096153846153846 0.14182692307692307
0 0.5360576923076923 0.71875 0.11057692307692307 0.13942307692307693
0 0.8557692307692307 0.7115384615384616 0.09615384615384616 0.125
0 0.9483173076923077 0.7079326923076923 0.0889423076923077 0.11778846153846154
0 0.6442307692307693 0.9699519230769231 0.10096153846153846 0.06009615384615385
0 0.7451923076923077 0.9603365384615384 0.09615384615384616 0.07932692307692307
0 0.5432692307692307 0.9555288461538461 0.10096153846153846 0.0889423076923077
0 0.8389423076923077 0.9555288461538461 0.09134615384615384 0.0889423076923077
0 0.9290865384615384 0.9507211538461539 0.09375 0.0985576923076923
0 0.6298076923076923 0.8701923076923077 0.10336538461538461 0.15384615384615385
0 0.7307692307692307 0.8521634615384616 0.0985576923076923 0.14423076923076922
0 0.8245192307692307 0.8485576923076923 0.09134615384615384 0.13701923076923078
0 0.9879807692307693 0.8449519230769231 0.02403846153846154 0.14182692307692307
0 0.5324519230769231 0.8401442307692307 0.09615384615384616 0.13701923076923078
0 0.9242788461538461 0.8341346153846154 0.09615384615384616 0.14182692307692307