0 0.20552884615384615 0.13581730769230768 0.08413461538461539 0.13942307692307693
0 0.020432692307692308 0.10096153846153846 0.040865384615384616 0.20192307692307693
0 0.09615384615384616 0.055288461538461536 0.07572115384615384 0.11057692307692307
0 0.16706730769230768 0.04567307692307692 0.07932692307692307 0.09134615384615384
0 0.24879807692307693 0.038461538461538464 0.08653846153846154 0.07572115384615384
0 0.7932692307692307 0.4050480769230769 0.24759615384615385 0.3605769230769231
0 0.9627403846153846 0.4014423076923077 0.0733173076923077 0.3605769230769231
0 0.5612980769230769 0.39783653846153844 0.18629807692307693 0.32091346153846156
0 0.4951923076923077 0.12980769230769232 0.052884615384615384 0.25961538461538464
0 0.671875 0.12860576923076922 0.21875 0.25721153846153844
0 0.8978365384615384 0.13581730769230768 0.20432692307692307 0.27163461538461536
0 0.65625 0.5877403846153846 0.23918269230769232 0.08653846153846154
0 0.9038461538461539 0.5841346153846154 0.19230769230769232 0.09495192307692307
0 0.7728365384615384 0.7127403846153846 0.11899038461538461 0.16346153846153846
0 0.6550480769230769 0.7091346153846154 0.11057692307692307 0.15504807692307693
0 0.53125 0.7079326923076923 0.12139423076923077 0.15264423076923078
0 0.8810096153846154 0.6995192307692307 0.10576923076923077 0.13701923076923078
0 0.9663461538461539 0.6947115384615384 0.0673076923076923 0.12980769230769232
0 0.6502403846153846 0.9747596153846154 0.11057692307692307 0.05048076923076923
0 0.7608173076923077 0.9639423076923077 0.10576923076923077 0.07091346153846154
0 0.5396634615384616 0.9591346153846154 0.11057692307692307 0.08173076923076923
0 0.8629807692307693 0.9591346153846154 0.09975961538461539 0.08173076923076923
0 0.9555288461538461 0.953125 0.0889423076923077 0.09375
0 0.6346153846153846 0.8737980769230769 0.11298076923076923 0.16826923076923078
0 0.7451923076923077 0.8533653846153846 0.10817307692307693 0.15745192307692307
0 0.8473557692307693 0.8497596153846154 0.09975961538461539 0.1502403846153846
0 0.5276442307692307 0.8413461538461539 0.10576923076923077 0.1502403846153846
0 0.9507211538461539 0.8329326923076923 0.09735576923076923 0.15504807692307693