0 0.8185096153846154 0.1971153846153846 0.09254807692307693 0.14182692307692307
0 0.8545673076923077 0.3088942307692308 0.08413461538461539 0.13221153846153846
0 0.7692307692307693 0.3125 0.09254807692307693 0.14423076923076922
0 0.6754807692307693 0.31490384615384615 0.11177884615384616 0.15625
0 0.44350961538461536 0.31850961538461536 0.1466346153846154 0.1814903846153846
0 0.5673076923076923 0.32091346153846156 0.11899038461538461 0.16466346153846154
0 0.8762019230769231 0.4074519230769231 0.08173076923076923 0.12980769230769232
0 0.8028846153846154 0.421875 0.09254807692307693 0.13942307692307693
0 0.7199519230769231 0.4326923076923077 0.109375 0.14903846153846154
0 0.6225961538461539 0.45072115384615385 0.1141826923076923 0.15625
0 0.5204326923076923 0.46875 0.13701923076923078 0.16466346153846154
0 0.3870192307692308 0.4735576923076923 0.1466346153846154 0.17668269230769232
0 0.9002403846153846 0.5036057692307693 0.07211538461538461 0.12139423076923077
0 0.8293269230769231 0.5216346153846154 0.07692307692307693 0.12379807692307693
0 0.7560096153846154 0.5384615384615384 0.08413461538461539 0.1346153846153846
0 0.671875 0.5637019230769231 0.10216346153846154 0.1466346153846154
0 0.9266826923076923 0.5853365384615384 0.06971153846153846 0.1141826923076923
0 0.5709134615384616 0.5901442307692307 0.11658653846153846 0.15865384615384615
0 0.8605769230769231 0.6081730769230769 0.07211538461538461 0.12139423076923077
0 0.4579326923076923 0.6213942307692307 0.12980769230769232 0.1622596153846154
0 0.7884615384615384 0.6310096153846154 0.08413461538461539 0.12139423076923077
0 0.3173076923076923 0.6382211538461539 0.15865384615384615 0.1814903846153846
0 0.7139423076923077 0.6646634615384616 0.09254807692307693 0.13221153846153846
0 0.9519230769230769 0.6658653846153846 0.055288461538461536 0.10697115384615384
0 0.8894230769230769 0.6887019230769231 0.06971153846153846 0.11658653846153846
0 0.6213942307692307 0.6983173076923077 0.109375 0.14182692307692307
0 0.8209134615384616 0.7163461538461539 0.07692307692307693 0.11658653846153846
0 0.5168269230769231 0.734375 0.12740384615384615 0.15384615384615385
0 0.7475961538461539 0.7487980769230769 0.08653846153846154 0.12740384615384615
0 0.39302884615384615 0.7728365384615384 0.13701923076923078 0.16466346153846154
0 0.6646634615384616 0.7896634615384616 0.09254807692307693 0.13221153846153846
0 0.25 0.8028846153846154 0.1622596153846154 0.17427884615384615
0 0.5685096153846154 0.8329326923076923 0.11177884615384616 0.14182692307692307
0 0.4567307692307692 0.8786057692307693 0.12740384615384615 0.15865384615384615
0 0.328125 0.9242788461538461 0.14423076923076922 0.15144230769230768
0 0.1778846153846154 0.9447115384615384 0.1814903846153846 0.109375
0 0.5048076923076923 0.16826923076923078 0.13221153846153846 0.17668269230769232
0 0.6225961538461539 0.18389423076923078 0.11658653846153846 0.1622596153846154
0 0.7283653846153846 0.18990384615384615 0.09975961538461539 0.14903846153846154