0 0.25841346153846156 0.06971153846153846 0.08413461538461539 0.13942307692307693
0 0.4891826923076923 0.1466346153846154 0.13701923076923078 0.2920673076923077
0 0.36538461538461536 0.15625 0.07572115384615384 0.12620192307692307
0 0.29447115384615385 0.17908653846153846 0.07932692307692307 0.1310096153846154
0 0.2127403846153846 0.19471153846153846 0.08653846153846154 0.1310096153846154
0 0.39783653846153844 0.25841346153846156 0.07932692307692307 0.12860576923076922
0 0.3293269230769231 0.27884615384615385 0.08413461538461539 0.12620192307692307
0 0.2548076923076923 0.29927884615384615 0.08413461538461539 0.1310096153846154
0 0.171875 0.31971153846153844 0.08413461538461539 0.1310096153846154
0 0.08774038461538461 0.3425480769230769 0.09254807692307693 0.13701923076923078
0 0.7608173076923077 0.046875 0.0889423076923077 0.09375
0 0.9483173076923077 0.05048076923076923 0.09254807692307693 0.09975961538461539
0 0.6706730769230769 0.04927884615384615 0.0889423076923077 0.09735576923076923
0 0.8569711538461539 0.052884615384615384 0.09254807692307693 0.10576923076923077
0 0.5925480769230769 0.05048076923076923 0.06850961538461539 0.09975961538461539
0 0.9723557692307693 0.15384615384615385 0.055288461538461536 0.1502403846153846
0 0.8978365384615384 0.15625 0.09254807692307693 0.15504807692307693
0 0.8052884615384616 0.15745192307692307 0.0889423076923077 0.14783653846153846
0 0.5745192307692307 0.1622596153846154 0.03365384615384615 0.14423076923076922
0 0.7259615384615384 0.16346153846153846 0.08173076923076923 0.14182692307692307
0 0.6394230769230769 0.16346153846153846 0.08653846153846154 0.14182692307692307
0 0.9435096153846154 0.28365384615384615 0.09495192307692307 0.1502403846153846
0 0.671875 0.2860576923076923 0.0889423076923077 0.1502403846153846
0 0.5889423076923077 0.2860576923076923 0.06370192307692307 0.1502403846153846
0 0.8461538461538461 0.2860576923076923 0.09254807692307693 0.1502403846153846
0 0.765625 0.28846153846153844 0.08413461538461539 0.14423076923076922
0 0.6165865384615384 0.41346153846153844 0.0889423076923077 0.14423076923076922
0 0.7055288461538461 0.4170673076923077 0.0889423076923077 0.1502403846153846
0 0.7992788461538461 0.4170673076923077 0.09254807692307693 0.1502403846153846
0 0.8930288461538461 0.4182692307692308 0.09495192307692307 0.15264423076923078
0 0.9747596153846154 0.41947115384615385 0.05048076923076923 0.15504807692307693
0 0.65625 0.5144230769230769 0.09254807692307693 0.08653846153846154
0 0.5865384615384616 0.5144230769230769 0.057692307692307696 0.08653846153846154
0 0.75 0.515625 0.09495192307692307 0.08413461538461539
0 0.8425480769230769 0.515625 0.0889423076923077 0.08413461538461539
0 0.9350961538461539 0.515625 0.09735576923076923 0.08413461538461539
0 0.32091346153846156 0.7259615384615384 0.3425480769230769 0.33653846153846156
0 0.6057692307692307 0.8461538461538461 0.06009615384615385 0.08173076923076923
0 0.9603365384615384 0.7055288461538461 0.06009615384615385 0.08653846153846154
0 0.6346153846153846 0.9158653846153846 0.06009615384615385 0.08173076923076923
0 0.9194711538461539 0.9290865384615384 0.057692307692307696 0.07932692307692307
0 0.71875 0.9747596153846154 0.057692307692307696 0.05048076923076923
0 0.6923076923076923 0.921875 0.06009615384615385 0.07932692307692307
0 0.7487980769230769 0.9254807692307693 0.057692307692307696 0.07932692307692307
0 0.7524038461538461 0.7884615384615384 0.06009615384615385 0.08413461538461539
0 0.984375 0.9747596153846154 0.03125 0.05048076923076923
0 0.7788461538461539 0.859375 0.06009615384615385 0.08173076923076923
0 0.9014423076923077 0.7175480769230769 0.06009615384615385 0.08413461538461539
0 0.8365384615384616 0.8617788461538461 0.057692307692307696 0.08173076923076923
0 0.9783653846153846 0.7740384615384616 0.042067307692307696 0.08413461538461539
0 0.6033653846153846 0.9699519230769231 0.06009615384615385 0.06009615384615385
0 0.9423076923076923 0.9771634615384616 0.057692307692307696 0.04447115384615385
0 0.8064903846153846 0.9278846153846154 0.057692307692307696 0.07932692307692307
0 0.7223557692307693 0.8569711538461539 0.06009615384615385 0.08173076923076923
0 0.5661057692307693 0.9675480769230769 0.016826923076923076 0.06490384615384616
0 0.5817307692307693 0.9134615384615384 0.046875 0.07932692307692307
0 0.8629807692307693 0.9290865384615384 0.057692307692307696 0.07932692307692307
0 0.9903846153846154 0.8473557692307693 0.018028846153846152 0.08413461538461539
0 0.8870192307692307 0.9771634615384616 0.057692307692307696 0.04447115384615385
0 0.5661057692307693 0.84375 0.015625 0.08173076923076923
0 0.7764423076923077 0.9759615384615384 0.057692307692307696 0.046875
0 0.953125 0.8569711538461539 0.06009615384615385 0.08413461538461539
0 0.6646634615384616 0.8497596153846154 0.06009615384615385 0.08173076923076923
0 0.8112980769230769 0.7908653846153846 0.06009615384615385 0.08173076923076923
0 0.9290865384615384 0.7884615384615384 0.06009615384615385 0.08413461538461539
0 0.9735576923076923 0.9242788461538461 0.052884615384615384 0.07932692307692307
0 0.5649038461538461 0.6971153846153846 0.013221153846153846 0.0889423076923077
0 0.8317307692307693 0.9759615384615384 0.057692307692307696 0.046875
0 0.6622596153846154 0.9723557692307693 0.06009615384615385 0.055288461538461536
0 0.6346153846153846 0.7776442307692307 0.06370192307692307 0.08413461538461539
0 0.8425480769230769 0.71875 0.06009615384615385 0.08653846153846154
0 0.7223557692307693 0.7091346153846154 0.06370192307692307 0.08653846153846154
0 0.6622596153846154 0.7055288461538461 0.06370192307692307 0.08413461538461539
0 0.6947115384615384 0.78125 0.06009615384615385 0.08413461538461539
0 0.5805288461538461 0.7740384615384616 0.04447115384615385 0.08413461538461539
0 0.78125 0.7163461538461539 0.06009615384615385 0.08653846153846154
0 0.6009615384615384 0.7007211538461539 0.06009615384615385 0.08653846153846154
0 0.8701923076923077 0.7908653846153846 0.06009615384615385 0.08653846153846154
0 0.8942307692307693 0.8617788461538461 0.06009615384615385 0.08173076923076923