0 0.20072115384615385 0.14543269230769232 0.34375 0.28966346153846156
0 0.5444711538461539 0.2247596153846154 0.09735576923076923 0.13221153846153846
0 0.7824519230769231 0.2247596153846154 0.10216346153846154 0.13221153846153846
0 0.4411057692307692 0.21634615384615385 0.09254807692307693 0.14903846153846154
0 0.6622596153846154 0.21754807692307693 0.14423076923076922 0.1466346153846154
0 0.984375 0.2283653846153846 0.03125 0.12379807692307693
0 0.90625 0.22235576923076922 0.14423076923076922 0.13701923076923078
0 0.10817307692307693 0.7463942307692307 0.21634615384615385 0.36778846153846156
0 0.47115384615384615 0.3786057692307692 0.028846153846153848 0.17548076923076922
0 0.7512019230769231 0.40384615384615385 0.05889423076923077 0.22716346153846154
0 0.6959134615384616 0.4230769230769231 0.051682692307692304 0.234375
0 0.6466346153846154 0.44711538461538464 0.04927884615384615 0.2247596153846154
0 0.5588942307692307 0.49278846153846156 0.038461538461538464 0.20192307692307693
0 0.5204326923076923 0.5144230769230769 0.03365384615384615 0.19230769230769232
0 0.48677884615384615 0.5300480769230769 0.03125 0.18269230769230768
0 0.45552884615384615 0.546875 0.028846153846153848 0.16826923076923078
0 0.8473557692307693 0.5829326923076923 0.06850961538461539 0.26802884615384615
0 0.78125 0.6021634615384616 0.06370192307692307 0.25600961538461536
0 0.7235576923076923 0.6177884615384616 0.054086538461538464 0.24158653846153846
0 0.6706730769230769 0.6370192307692307 0.04927884615384615 0.22956730769230768
0 0.6213942307692307 0.6514423076923077 0.04447115384615385 0.22235576923076922
0 0.578125 0.6646634615384616 0.038461538461538464 0.20673076923076922
0 0.5384615384615384 0.6766826923076923 0.036057692307692304 0.1971153846153846
0 0.5036057692307693 0.6887019230769231 0.03365384615384615 0.18509615384615385
0 0.47115384615384615 0.6971153846153846 0.03125 0.1778846153846154
0 0.4423076923076923 0.7127403846153846 0.028846153846153848 0.16105769230769232
0 0.8137019230769231 0.8269230769230769 0.06370192307692307 0.26322115384615385
0 0.7524038461538461 0.8317307692307693 0.05889423076923077 0.24639423076923078
0 0.6959134615384616 0.8377403846153846 0.051682692307692304 0.23197115384615385
0 0.6466346153846154 0.8425480769230769 0.04927884615384615 0.22716346153846154
0 0.5588942307692307 0.8497596153846154 0.038461538461538464 0.1971153846153846
0 0.5216346153846154 0.8533653846153846 0.036057692307692304 0.19230769230769232
0 0.48677884615384615 0.8569711538461539 0.03125 0.18269230769230768
0 0.45552884615384615 0.8629807692307693 0.028846153846153848 0.17067307692307693
0 0.47115384615384615 0.9651442307692307 0.028846153846153848 0.06971153846153846
0 0.5024038461538461 0.9651442307692307 0.03365384615384615 0.06971153846153846
0 0.5372596153846154 0.9651442307692307 0.036057692307692304 0.06971153846153846
0 0.7800480769230769 0.9627403846153846 0.06009615384615385 0.07451923076923077
0 0.7211538461538461 0.9639423076923077 0.052884615384615384 0.07211538461538461
0 0.6682692307692307 0.9639423076923077 0.052884615384615384 0.07211538461538461
0 0.6706730769230769 0.31850961538461536 0.04927884615384615 0.056490384615384616
0 0.5372596153846154 0.3581730769230769 0.036057692307692304 0.13701923076923078
0 0.5024038461538461 0.36778846153846156 0.03365384615384615 0.15625
0 0.8125 0.390625 0.06370192307692307 0.19951923076923078