0 0.9747596153846154 0.15865384615384615 0.05048076923076923 0.1502403846153846
0 0.7319711538461539 0.25240384615384615 0.0829326923076923 0.12620192307692307
0 0.9459134615384616 0.2980769230769231 0.09975961538461539 0.14783653846153846
0 0.7752403846153846 0.33413461538461536 0.09975961538461539 0.14783653846153846
0 0.6730769230769231 0.3557692307692308 0.10216346153846154 0.15264423076923078
0 0.5685096153846154 0.36538461538461536 0.10216346153846154 0.15264423076923078
0 0.9807692307692307 0.4254807692307692 0.037259615384615384 0.14783653846153846
0 0.9110576923076923 0.4423076923076923 0.09735576923076923 0.13221153846153846
0 0.8112980769230769 0.4495192307692308 0.09735576923076923 0.11778846153846154
0 0.7127403846153846 0.4579326923076923 0.09735576923076923 0.09975961538461539
0 0.5096153846153846 0.46634615384615385 0.09975961538461539 0.0829326923076923
0 0.6105769230769231 0.46875 0.10216346153846154 0.078125
0 0.6478365384615384 0.007211538461538462 0.04326923076923077 0.013221153846153846
0 0.11177884615384616 0.6514423076923077 0.07211538461538461 0.14302884615384615
0 0.18509615384615385 0.6670673076923077 0.10697115384615384 0.17427884615384615
0 0.28846153846153844 0.6814903846153846 0.09134615384615384 0.15865384615384615
0 0.3870192307692308 0.7007211538461539 0.11778846153846154 0.19591346153846154
0 0.7079326923076923 0.7463942307692307 0.171875 0.23677884615384615