0 0.30408653846153844 0.13221153846153846 0.2127403846153846 0.2644230769230769
0 0.1201923076923077 0.08653846153846154 0.2403846153846154 0.17307692307692307
0 0.06009615384615385 0.47115384615384615 0.11899038461538461 0.2512019230769231
0 0.020432692307692308 0.27283653846153844 0.040865384615384616 0.2512019230769231
0 0.12139423076923077 0.2512019230769231 0.17548076923076922 0.22596153846153846
0 0.7740384615384616 0.5144230769230769 0.13701923076923078 0.16466346153846154
0 0.9122596153846154 0.49278846153846156 0.13701923076923078 0.20072115384615385
0 0.6670673076923077 0.4519230769230769 0.13221153846153846 0.19831730769230768
0 0.8004807692307693 0.4014423076923077 0.1346153846153846 0.18509615384615385
0 0.9314903846153846 0.3605769230769231 0.13221153846153846 0.1778846153846154
0 0.9915865384615384 0.28966346153846156 0.016826923076923076 0.14182692307692307
0 0.6177884615384616 0.22716346153846154 0.08413461538461539 0.20552884615384615
0 0.7307692307692307 0.1875 0.13701923076923078 0.20072115384615385
0 0.8677884615384616 0.15264423076923078 0.13701923076923078 0.20552884615384615
0 0.6370192307692307 0.09975961538461539 0.12139423076923077 0.18509615384615385
0 0.765625 0.0733173076923077 0.1346153846153846 0.1466346153846154
0 0.9591346153846154 0.07451923076923077 0.07692307692307693 0.14903846153846154
0 0.8858173076923077 0.03125 0.13221153846153846 0.0625
0 0.6586538461538461 0.5697115384615384 0.13942307692307693 0.052884615384615384
0 0.5961538461538461 0.5276442307692307 0.040865384615384616 0.13701923076923078
0 0.515625 0.7223557692307693 0.12139423076923077 0.18509615384615385
0 0.4723557692307692 0.8689903846153846 0.13221153846153846 0.17548076923076922
0 0.46153846153846156 0.6237980769230769 0.13221153846153846 0.055288461538461536
0 0.40625 0.7139423076923077 0.12740384615384615 0.1622596153846154
0 0.34975961538461536 0.8533653846153846 0.11658653846153846 0.16466346153846154
0 0.24759615384615385 0.84375 0.10096153846153846 0.1502403846153846
0 0.15865384615384615 0.8413461538461539 0.09615384615384616 0.14182692307692307
0 0.12259615384615384 0.7331730769230769 0.08653846153846154 0.1346153846153846
0 0.20552884615384615 0.7247596153846154 0.0985576923076923 0.1466346153846154
0 0.3016826923076923 0.7223557692307693 0.10697115384615384 0.15264423076923078
0 0.09615384615384616 0.6454326923076923 0.08173076923076923 0.0985576923076923
0 0.34975961538461536 0.6334134615384616 0.11658653846153846 0.0733173076923077
0 0.2536057692307692 0.6358173076923077 0.10697115384615384 0.078125
0 0.16826923076923078 0.6394230769230769 0.0889423076923077 0.08653846153846154