0 0.11177884615384616 0.01201923076923077 0.09014423076923077 0.02403846153846154
0 0.03485576923076923 0.01201923076923077 0.06971153846153846 0.02403846153846154
0 0.14783653846153846 0.07091346153846154 0.07211538461538461 0.13581730769230768
0 0.06490384615384616 0.0733173076923077 0.09014423076923077 0.13581730769230768
0 0.010817307692307692 0.07451923076923077 0.021634615384615384 0.13822115384615385
0 0.1141826923076923 0.19110576923076922 0.08774038461538461 0.13822115384615385
0 0.03485576923076923 0.19110576923076922 0.06971153846153846 0.13822115384615385
0 0.01201923076923077 0.46153846153846156 0.02403846153846154 0.15144230769230768
0 0.078125 0.46634615384615385 0.10096153846153846 0.15144230769230768
0 0.040865384615384616 0.5516826923076923 0.08173076923076923 0.08413461538461539
0 0.13341346153846154 0.5552884615384616 0.10096153846153846 0.07932692307692307
0 0.9098557692307693 0.06009615384615385 0.18028846153846154 0.1201923076923077
0 0.4362980769230769 0.0625 0.25 0.125
0 0.6838942307692307 0.0625 0.24519230769230768 0.125
0 0.24759615384615385 0.06129807692307692 0.12740384615384615 0.12259615384615384
0 0.8197115384615384 0.25961538461538464 0.25841346153846156 0.3798076923076923
0 0.3088942307692308 0.25961538461538464 0.25 0.3701923076923077
0 0.5576923076923077 0.2608173076923077 0.25240384615384615 0.37740384615384615
0 0.9122596153846154 0.4963942307692308 0.17548076923076922 0.19951923076923078
0 0.42788461538461536 0.4963942307692308 0.2608173076923077 0.19951923076923078
0 0.6911057692307693 0.49759615384615385 0.27163461538461536 0.1971153846153846
0 0.24158653846153846 0.49759615384615385 0.11658653846153846 0.1971153846153846
0 0.9723557692307693 0.25721153846153844 0.055288461538461536 0.3701923076923077
0 0.140625 0.8473557692307693 0.08533653846153846 0.30528846153846156
0 0.046875 0.8677884615384616 0.09254807692307693 0.26322115384615385
0 0.04447115384615385 0.6586538461538461 0.08774038461538461 0.125
0 0.9338942307692307 0.6490384615384616 0.04807692307692308 0.10697115384615384
0 0.8846153846153846 0.6526442307692307 0.05048076923076923 0.11177884615384616
0 0.8305288461538461 0.6550480769230769 0.055288461538461536 0.1141826923076923
0 0.7764423076923077 0.6574519230769231 0.055288461538461536 0.11658653846153846
0 0.7163461538461539 0.6610576923076923 0.05889423076923077 0.11658653846153846
0 0.6466346153846154 0.6622596153846154 0.052884615384615384 0.11177884615384616
0 0.5216346153846154 0.6694711538461539 0.06971153846153846 0.13581730769230768
0 0.5901442307692307 0.6706730769230769 0.06610576923076923 0.13822115384615385
0 0.4423076923076923 0.6766826923076923 0.06129807692307692 0.13822115384615385
0 0.37259615384615385 0.6766826923076923 0.07451923076923077 0.1622596153846154
0 0.9675480769230769 0.75 0.04807692307692308 0.13581730769230768
0 0.9170673076923077 0.7548076923076923 0.05048076923076923 0.13581730769230768
0 0.8665865384615384 0.7620192307692307 0.052884615384615384 0.140625
0 0.8125 0.7680288461538461 0.055288461538461536 0.140625
0 0.7536057692307693 0.7728365384615384 0.06129807692307692 0.14302884615384615
0 0.6995192307692307 0.7788461538461539 0.055288461538461536 0.1466346153846154
0 0.6454326923076923 0.7872596153846154 0.06610576923076923 0.15384615384615385
0 0.5661057692307693 0.7908653846153846 0.06370192307692307 0.15985576923076922
0 0.5048076923076923 0.8028846153846154 0.07451923076923077 0.16706730769230768
0 0.4170673076923077 0.8088942307692307 0.07692307692307693 0.16706730769230768
0 0.33774038461538464 0.8173076923076923 0.07932692307692307 0.17307692307692307