0 0.08052884615384616 0.421875 0.16105769230769232 0.18629807692307693
0 0.3233173076923077 0.4182692307692308 0.328125 0.19471153846153846
0 0.17067307692307693 0.18870192307692307 0.34134615384615385 0.35096153846153844
0 0.4182692307692308 0.18509615384615385 0.13942307692307693 0.34615384615384615
0 0.33052884615384615 0.027644230769230768 0.3137019230769231 0.055288461538461536
0 0.8028846153846154 0.15384615384615385 0.22716346153846154 0.3076923076923077
0 0.5865384615384616 0.14903846153846154 0.19951923076923078 0.2980769230769231
0 0.953125 0.12139423076923077 0.09375 0.24278846153846154
0 0.9002403846153846 0.4026442307692308 0.19951923076923078 0.2247596153846154
0 0.5276442307692307 0.3954326923076923 0.08052884615384616 0.2403846153846154
0 0.6947115384615384 0.3798076923076923 0.24278846153846154 0.2704326923076923
0 0.44711538461538464 0.9963942307692307 0.06009615384615385 0.007211538461538462
0 0.33533653846153844 0.8918269230769231 0.057692307692307696 0.07572115384615384
0 0.25 0.9447115384615384 0.057692307692307696 0.07572115384615384
0 0.3870192307692308 0.9915865384615384 0.057692307692307696 0.016826923076923076
0 0.13581730769230768 0.9314903846153846 0.057692307692307696 0.078125
0 0.30528846153846156 0.9507211538461539 0.057692307692307696 0.0733173076923077
0 0.16947115384615385 0.8725961538461539 0.055288461538461536 0.07572115384615384
0 0.36177884615384615 0.9567307692307693 0.06009615384615385 0.078125
0 0.3918269230769231 0.8978365384615384 0.057692307692307696 0.0733173076923077
0 0.3317307692307692 0.9891826923076923 0.057692307692307696 0.021634615384615384
0 0.4182692307692308 0.9615384615384616 0.057692307692307696 0.07572115384615384
0 0.1935096153846154 0.9387019230769231 0.06009615384615385 0.07572115384615384
0 0.46634615384615385 0.9651442307692307 0.04326923076923077 0.06971153846153846
0 0.15865384615384615 0.9795673076923077 0.06009615384615385 0.040865384615384616
0 0.10096153846153846 0.9771634615384616 0.06009615384615385 0.04567307692307692
0 0.2247596153846154 0.8786057692307693 0.055288461538461536 0.0733173076923077
0 0.23197115384615385 0.7560096153846154 0.057692307692307696 0.0733173076923077
0 0.4206730769230769 0.8401442307692307 0.055288461538461536 0.07572115384615384
0 0.1466346153846154 0.8088942307692307 0.055288461538461536 0.0733173076923077
0 0.21634615384615385 0.9819711538461539 0.057692307692307696 0.03485576923076923
0 0.4795673076923077 0.9098557692307693 0.015625 0.0733173076923077
0 0.1778846153846154 0.7524038461538461 0.055288461538461536 0.0733173076923077
0 0.09134615384615384 0.8028846153846154 0.057692307692307696 0.0733173076923077
0 0.2800480769230769 0.8846153846153846 0.057692307692307696 0.0733173076923077
0 0.31009615384615385 0.8269230769230769 0.055288461538461536 0.0733173076923077
0 0.2091346153846154 0.6959134615384616 0.055288461538461536 0.06850961538461539
0 0.44711538461538464 0.9038461538461539 0.057692307692307696 0.07572115384615384
0 0.4675480769230769 0.8449519230769231 0.040865384615384616 0.0733173076923077
0 0.36658653846153844 0.8329326923076923 0.057692307692307696 0.0733173076923077
0 0.04326923076923077 0.9735576923076923 0.06009615384615385 0.052884615384615384
0 0.15504807692307693 0.6911057692307693 0.055288461538461536 0.0733173076923077
0 0.026442307692307692 0.9194711538461539 0.052884615384615384 0.07572115384615384
0 0.07932692307692307 0.9254807692307693 0.06009615384615385 0.0733173076923077
0 0.34134615384615385 0.7704326923076923 0.057692307692307696 0.0733173076923077
0 0.20192307692307693 0.8149038461538461 0.055288461538461536 0.07572115384615384
0 0.26322115384615385 0.7019230769230769 0.055288461538461536 0.07091346153846154
0 0.4495192307692308 0.7824519230769231 0.055288461538461536 0.0733173076923077
0 0.12379807692307693 0.7463942307692307 0.057692307692307696 0.0733173076923077
0 0.2860576923076923 0.765625 0.055288461538461536 0.07091346153846154
0 0.25600961538461536 0.8209134615384616 0.055288461538461536 0.0733173076923077
0 0.03485576923076923 0.796875 0.057692307692307696 0.0733173076923077
0 0.40024038461538464 0.6574519230769231 0.055288461538461536 0.06850961538461539
0 0.015625 0.8521634615384616 0.030048076923076924 0.0733173076923077
0 0.4807692307692308 0.7884615384615384 0.013221153846153846 0.07091346153846154
0 0.42427884615384615 0.7199519230769231 0.055288461538461536 0.07091346153846154
0 0.3713942307692308 0.7151442307692307 0.055288461538461536 0.0733173076923077
0 0.057692307692307696 0.8605769230769231 0.06009615384615385 0.07572115384615384
0 0.06971153846153846 0.7403846153846154 0.057692307692307696 0.0733173076923077
0 0.3954326923076923 0.7764423076923077 0.057692307692307696 0.0733173076923077
0 0.27403846153846156 0.9855769230769231 0.057692307692307696 0.027644230769230768
0 0.3173076923076923 0.7079326923076923 0.055288461538461536 0.0733173076923077
0 0.10096153846153846 0.6826923076923077 0.057692307692307696 0.0733173076923077
0 0.2932692307692308 0.6478365384615384 0.052884615384615384 0.07091346153846154
0 0.2403846153846154 0.6418269230769231 0.052884615384615384 0.07091346153846154
0 0.18629807692307693 0.6346153846153846 0.052884615384615384 0.06850961538461539
0 0.4519230769230769 0.6658653846153846 0.052884615384615384 0.07091346153846154
0 0.4699519230769231 0.609375 0.03485576923076923 0.06850961538461539
0 0.34615384615384615 0.6526442307692307 0.055288461538461536 0.07091346153846154
0 0.046875 0.6778846153846154 0.055288461538461536 0.07091346153846154
0 0.07932692307692307 0.6237980769230769 0.055288461538461536 0.06850961538461539
0 0.21754807692307693 0.5817307692307693 0.052884615384615384 0.06850961538461539
0 0.021634615384615384 0.7319711538461539 0.04326923076923077 0.07091346153846154
0 0.2692307692307692 0.5889423076923077 0.052884615384615384 0.06850961538461539
0 0.4266826923076923 0.6045673076923077 0.052884615384615384 0.06850961538461539
0 0.16466346153846154 0.5757211538461539 0.055288461538461536 0.06850961538461539
0 0.13341346153846154 0.6298076923076923 0.055288461538461536 0.07091346153846154
0 0.375 0.5997596153846154 0.052884615384615384 0.06850961538461539
0 0.026442307692307692 0.6177884615384616 0.052884615384615384 0.06850961538461539
0 0.11057692307692307 0.5709134615384616 0.052884615384615384 0.06850961538461539
0 0.057692307692307696 0.5649038461538461 0.052884615384615384 0.06850961538461539
0 0.1141826923076923 0.8677884615384616 0.057692307692307696 0.07572115384615384
0 0.32211538461538464 0.5949519230769231 0.052884615384615384 0.06850961538461539
0 0.016826923076923076 0.5588942307692307 0.03245192307692308 0.06850961538461539
0 0.009615384615384616 0.6694711538461539 0.019230769230769232 0.06971153846153846
0 0.46875 0.7247596153846154 0.038461538461538464 0.07091346153846154
0 0.8485576923076923 0.8918269230769231 0.030048076923076924 0.1814903846153846
0 0.5576923076923077 0.8737980769230769 0.06009615384615385 0.25240384615384615
0 0.6153846153846154 0.8449519230769231 0.052884615384615384 0.24278846153846154
0 0.6670673076923077 0.8197115384615384 0.05048076923076923 0.23197115384615385
0 0.7572115384615384 0.7728365384615384 0.040865384615384616 0.2091346153846154
0 0.796875 0.75 0.03485576923076923 0.19951923076923078
0 0.8317307692307693 0.7331730769230769 0.03245192307692308 0.18990384615384615
0 0.8641826923076923 0.7175480769230769 0.030048076923076924 0.17427884615384615
0 0.5264423076923077 0.6586538461538461 0.06610576923076923 0.265625
0 0.5865384615384616 0.6430288461538461 0.055288461538461536 0.25
0 0.6418269230769231 0.6286057692307693 0.05048076923076923 0.22716346153846154
0 0.6923076923076923 0.6189903846153846 0.04567307692307692 0.20673076923076922
0 0.7367788461538461 0.6081730769230769 0.040865384615384616 0.18629807692307693
0 0.7764423076923077 0.5997596153846154 0.038461538461538464 0.16947115384615385
0 0.8137019230769231 0.5901442307692307 0.03485576923076923 0.14903846153846154
0 0.8473557692307693 0.5829326923076923 0.03245192307692308 0.13581730769230768
0 0.8762019230769231 0.5721153846153846 0.030048076923076924 0.1141826923076923
0 0.5853365384615384 0.9795673076923077 0.055288461538461536 0.040865384615384616
0 0.6418269230769231 0.9615384615384616 0.05048076923076923 0.07572115384615384
0 0.7764423076923077 0.9194711538461539 0.038461538461538464 0.16105769230769232
0 0.8137019230769231 0.9098557692307693 0.03485576923076923 0.17908653846153846
0 0.5060096153846154 0.8858173076923077 0.038461538461538464 0.22716346153846154