0 0.9134615384615384 0.30408653846153844 0.17307692307692307 0.31971153846153844
0 0.5444711538461539 0.31009615384615385 0.21875 0.3173076923076923
0 0.7295673076923077 0.33533653846153844 0.17307692307692307 0.2668269230769231
0 0.8125 0.484375 0.21875 0.15264423076923078
0 0.4723557692307692 0.4879807692307692 0.11658653846153846 0.14423076923076922
0 0.9591346153846154 0.5024038461538461 0.08173076923076923 0.11658653846153846
0 0.6201923076923077 0.5072115384615384 0.16947115384615385 0.10697115384615384
0 0.8209134615384616 0.09615384615384616 0.22115384615384615 0.19230769230769232
0 0.47475961538461536 0.0985576923076923 0.12259615384615384 0.1971153846153846
0 0.9567307692307693 0.109375 0.08653846153846154 0.21875
0 0.6298076923076923 0.11177884615384616 0.1778846153846154 0.22355769230769232
0 0.046875 0.5817307692307693 0.09375 0.040865384615384616
0 0.14182692307692307 0.5829326923076923 0.09134615384615384 0.04326923076923077
0 0.23317307692307693 0.5841346153846154 0.09134615384615384 0.04567307692307692
0 0.3245192307692308 0.5853365384615384 0.09134615384615384 0.04807692307692308
0 0.021634615384615384 0.6502403846153846 0.04326923076923077 0.14182692307692307
0 0.09134615384615384 0.6550480769230769 0.09375 0.13701923076923078
0 0.18509615384615385 0.6586538461538461 0.09134615384615384 0.13701923076923078
0 0.27884615384615385 0.6622596153846154 0.09134615384615384 0.1346153846153846
0 0.3701923076923077 0.6622596153846154 0.08653846153846154 0.13701923076923078
0 0.04567307692307692 0.7776442307692307 0.09134615384615384 0.13942307692307693
0 0.13822115384615385 0.7800480769230769 0.09375 0.13942307692307693
0 0.3245192307692308 0.7860576923076923 0.09134615384615384 0.13942307692307693
0 0.23076923076923078 0.7860576923076923 0.09134615384615384 0.13942307692307693
0 0.39302884615384615 0.7884615384615384 0.040865384615384616 0.13942307692307693
0 0.020432692307692308 0.9014423076923077 0.040865384615384616 0.14182692307692307
0 0.0889423076923077 0.9038461538461539 0.09134615384615384 0.14423076923076922
0 0.18269230769230768 0.9038461538461539 0.09134615384615384 0.14182692307692307
0 0.27524038461538464 0.90625 0.0889423076923077 0.14182692307692307
0 0.36778846153846156 0.9074519230769231 0.0889423076923077 0.13701923076923078
0 0.04326923076923077 0.9771634615384616 0.08653846153846154 0.04567307692307692
0 0.1346153846153846 0.9795673076923077 0.09615384615384616 0.040865384615384616
0 0.2283653846153846 0.9807692307692307 0.09134615384615384 0.038461538461538464
0 0.32211538461538464 0.9807692307692307 0.09134615384615384 0.038461538461538464
0 0.3894230769230769 0.9819711538461539 0.04807692307692308 0.036057692307692304
0 0.8701923076923077 0.6382211538461539 0.2127403846153846 0.15504807692307693
0 0.65625 0.6394230769230769 0.21514423076923078 0.15745192307692307
0 0.9362980769230769 0.7800480769230769 0.12740384615384615 0.19591346153846154
0 0.7596153846153846 0.7884615384615384 0.21033653846153846 0.20072115384615385
0 0.5432692307692307 0.7896634615384616 0.20793269230769232 0.19831730769230768
0 0.984375 0.9230769230769231 0.026442307692307692 0.15384615384615385
0 0.8689903846153846 0.9266826923076923 0.20072115384615385 0.1466346153846154
0 0.65625 0.9290865384615384 0.20552884615384615 0.14182692307692307