0 0.03485576923076923 0.13341346153846154 0.06971153846153846 0.2668269230769231
0 0.15144230769230768 0.1141826923076923 0.17908653846153846 0.2283653846153846
0 0.3629807692307692 0.140625 0.25 0.28125
0 0.018028846153846152 0.40024038461538464 0.036057692307692304 0.2764423076923077
0 0.15504807692307693 0.40865384615384615 0.2439903846153846 0.3798076923076923
0 0.3605769230769231 0.40865384615384615 0.1814903846153846 0.2848557692307692
0 0.1466346153846154 0.6418269230769231 0.17908653846153846 0.09975961538461539
0 0.35336538461538464 0.6177884615384616 0.24639423076923078 0.14903846153846154
0 0.5973557692307693 0.21995192307692307 0.12620192307692307 0.16105769230769232
0 0.7776442307692307 0.234375 0.1045673076923077 0.14302884615384615
0 0.9146634615384616 0.2439903846153846 0.12620192307692307 0.17908653846153846
0 0.6923076923076923 0.37740384615384615 0.1045673076923077 0.15144230769230768
0 0.59375 0.4254807692307692 0.12860576923076922 0.17668269230769232
0 0.8100961538461539 0.43990384615384615 0.11778846153846154 0.171875
0 0.7271634615384616 0.5637019230769231 0.12259615384615384 0.18509615384615385
0 0.9266826923076923 0.5733173076923077 0.1466346153846154 0.23798076923076922
0 0.6081730769230769 0.6081730769230769 0.13341346153846154 0.16947115384615385
0 0.9639423076923077 0.026442307692307692 0.03125 0.04567307692307692
0 0.8341346153846154 0.054086538461538464 0.1201923076923077 0.10817307692307693
0 0.7043269230769231 0.08774038461538461 0.12620192307692307 0.15865384615384615
0 0.5084134615384616 0.7944711538461539 0.038461538461538464 0.20552884615384615
0 0.41225961538461536 0.8052884615384616 0.14302884615384615 0.22596153846153846
0 0.2608173076923077 0.8185096153846154 0.14903846153846154 0.24158653846153846
0 0.09014423076923077 0.8233173076923077 0.15384615384615385 0.23557692307692307
0 0.4795673076923077 0.9459134615384616 0.09735576923076923 0.10817307692307693
0 0.030048076923076924 0.9471153846153846 0.05889423076923077 0.1045673076923077
0 0.16706730769230768 0.9495192307692307 0.15384615384615385 0.09975961538461539
0 0.3449519230769231 0.9519230769230769 0.15144230769230768 0.09615384615384616
0 0.7307692307692307 0.8834134615384616 0.16947115384615385 0.23076923076923078