0 0.10697115384615384 0.5384615384615384 0.08774038461538461 0.038461538461538464
0 0.5384615384615384 0.5408653846153846 0.0829326923076923 0.03365384615384615
0 0.03125 0.5384615384615384 0.0625 0.038461538461538464
0 0.36899038461538464 0.5384615384615384 0.08052884615384616 0.038461538461538464
0 0.28846153846153844 0.5372596153846154 0.08052884615384616 0.040865384615384616
0 0.5 0.48197115384615385 0.0829326923076923 0.12379807692307693
0 0.578125 0.4795673076923077 0.0733173076923077 0.12379807692307693
0 0.4110576923076923 0.47836538461538464 0.08052884615384616 0.11899038461538461
0 0.3293269230769231 0.47716346153846156 0.08052884615384616 0.11899038461538461
0 0.25 0.47475961538461536 0.078125 0.11899038461538461
0 0.06850961538461539 0.4723557692307692 0.08533653846153846 0.13221153846153846
0 0.15264423076923078 0.4723557692307692 0.08533653846153846 0.1346153846153846
0 0.01201923076923077 0.4699519230769231 0.02403846153846154 0.12980769230769232
0 0.3701923076923077 0.37259615384615385 0.078125 0.11899038461538461
0 0.29086538461538464 0.3713942307692308 0.078125 0.12139423076923077
0 0.5384615384615384 0.3701923076923077 0.08052884615384616 0.12740384615384615
0 0.5973557692307693 0.3701923076923077 0.03365384615384615 0.12740384615384615
0 0.11057692307692307 0.35697115384615385 0.0829326923076923 0.1346153846153846
0 0.03365384615384615 0.3557692307692308 0.0673076923076923 0.12980769230769232
0 0.5697115384615384 0.11778846153846154 0.09014423076923077 0.13942307692307693
0 0.08653846153846154 0.11057692307692307 0.09254807692307693 0.14182692307692307
0 0.016826923076923076 0.10817307692307693 0.03365384615384615 0.13942307692307693
0 0.38100961538461536 0.10697115384615384 0.09735576923076923 0.14182692307692307
0 0.28125 0.10576923076923077 0.09735576923076923 0.13942307692307693
0 0.5889423076923077 0.038461538461538464 0.04807692307692308 0.07692307692307693
0 0.5204326923076923 0.03485576923076923 0.09375 0.06971153846153846
0 0.04326923076923077 0.028846153846153848 0.08653846153846154 0.057692307692307696
0 0.1346153846153846 0.025240384615384616 0.09615384615384616 0.05048076923076923
0 0.4266826923076923 0.025240384615384616 0.09375 0.05048076923076923
0 0.33052884615384615 0.025240384615384616 0.0985576923076923 0.05048076923076923
0 0.23317307692307693 0.025240384615384616 0.09615384615384616 0.05048076923076923
0 0.9447115384615384 0.1346153846153846 0.08533653846153846 0.1658653846153846
0 0.8016826923076923 0.10096153846153846 0.08533653846153846 0.16826923076923078
0 0.23197115384615385 0.9771634615384616 0.11778846153846154 0.04567307692307692
0 0.5793269230769231 0.9242788461538461 0.07091346153846154 0.15144230769230768
0 0.45913461538461536 0.9098557692307693 0.10697115384615384 0.18028846153846154
0 0.3233173076923077 0.8762019230769231 0.1141826923076923 0.24158653846153846
0 0.19591346153846154 0.8269230769230769 0.11899038461538461 0.24879807692307693
0 0.5252403846153846 0.7391826923076923 0.09975961538461539 0.22716346153846154
0 0.42788461538461536 0.6911057692307693 0.10697115384615384 0.23918269230769232
0 0.29086538461538464 0.6526442307692307 0.11899038461538461 0.1875
0 0.16706730769230768 0.6225961538461539 0.1346153846153846 0.12980769230769232
0 0.5865384615384616 0.6117788461538461 0.056490384615384616 0.10697115384615384
0 0.5024038461538461 0.5901442307692307 0.10697115384615384 0.06370192307692307
0 0.6502403846153846 0.6694711538461539 0.038461538461538464 0.07572115384615384
0 0.6911057692307693 0.6670673076923077 0.03365384615384615 0.07572115384615384
0 0.7247596153846154 0.6646634615384616 0.03125 0.07091346153846154
0 0.7584134615384616 0.6622596153846154 0.03125 0.07091346153846154
0 0.7740384615384616 0.6009615384615384 0.028846153846153848 0.06610576923076923
0 0.8052884615384616 0.5997596153846154 0.028846153846153848 0.06610576923076923
0 0.6694711538461539 0.5997596153846154 0.036057692307692304 0.07572115384615384
0 0.7439903846153846 0.5997596153846154 0.03125 0.07091346153846154
0 0.7043269230769231 0.5985576923076923 0.03365384615384615 0.06850961538461539
0 0.6334134615384616 0.5961538461538461 0.036057692307692304 0.07572115384615384