0 0.03365384615384615 0.1045673076923077 0.06610576923076923 0.2091346153846154
0 0.34615384615384615 0.11658653846153846 0.1045673076923077 0.23197115384615385
0 0.16346153846153846 0.15865384615384615 0.16826923076923078 0.24278846153846154
0 0.9603365384615384 0.07091346153846154 0.07932692307692307 0.14182692307692307
0 0.8245192307692307 0.078125 0.18389423076923078 0.15504807692307693
0 0.6418269230769231 0.0889423076923077 0.20192307692307693 0.1778846153846154
0 0.4639423076923077 0.10096153846153846 0.13221153846153846 0.20192307692307693
0 0.96875 0.2644230769230769 0.0625 0.22596153846153846
0 0.8401442307692307 0.2764423076923077 0.19110576923076922 0.21995192307692307
0 0.6442307692307693 0.2932692307692308 0.20192307692307693 0.2091346153846154
0 0.46634615384615385 0.30288461538461536 0.13822115384615385 0.19110576923076922
0 0.05889423076923077 0.484375 0.11778846153846154 0.17307692307692307
0 0.38100961538461536 0.49759615384615385 0.03365384615384615 0.19951923076923078
0 0.2920673076923077 0.5492788461538461 0.14543269230769232 0.21634615384615385
0 0.11899038461538461 0.6526442307692307 0.1502403846153846 0.2247596153846154
0 0.3798076923076923 0.7055288461538461 0.036057692307692304 0.21153846153846154
0 0.28966346153846156 0.7572115384615384 0.13822115384615385 0.20192307692307693
0 0.039663461538461536 0.8149038461538461 0.07932692307692307 0.21153846153846154
0 0.15985576923076922 0.8329326923076923 0.1346153846153846 0.19591346153846154
0 0.35697115384615385 0.8918269230769231 0.08173076923076923 0.20192307692307693
0 0.2548076923076923 0.9338942307692307 0.13221153846153846 0.13221153846153846
0 0.0673076923076923 0.9387019230769231 0.1346153846153846 0.12259615384615384
0 0.31850961538461536 0.4206730769230769 0.14302884615384615 0.04567307692307692
0 0.1778846153846154 0.45072115384615385 0.1346153846153846 0.1045673076923077
0 0.8665865384615384 0.8149038461538461 0.25240384615384615 0.3701923076923077
0 0.43509615384615385 0.8581730769230769 0.07451923076923077 0.24278846153846154
0 0.9711538461538461 0.8798076923076923 0.057692307692307696 0.23557692307692307
0 0.5168269230769231 0.9254807692307693 0.17067307692307693 0.14783653846153846