0 0.07211538461538461 0.2283653846153846 0.14423076923076922 0.18269230769230768
0 0.2127403846153846 0.27283653846153844 0.14423076923076922 0.17067307692307693
0 0.46274038461538464 0.34975961538461536 0.11057692307692307 0.1466346153846154
0 0.03485576923076923 0.3737980769230769 0.06971153846153846 0.20072115384615385
0 0.5300480769230769 0.3762019230769231 0.038461538461538464 0.13942307692307693
0 0.14182692307692307 0.40384615384615385 0.15745192307692307 0.18028846153846154
0 0.28846153846153844 0.4326923076923077 0.1346153846153846 0.17067307692307693
0 0.41586538461538464 0.46875 0.12139423076923077 0.15745192307692307
0 0.5108173076923077 0.4831730769230769 0.07692307692307693 0.1466346153846154
0 0.078125 0.5576923076923077 0.15625 0.21153846153846154
0 0.22596153846153846 0.5733173076923077 0.15504807692307693 0.18870192307692307
0 0.4891826923076923 0.6057692307692307 0.11298076923076923 0.1622596153846154
0 0.9651442307692307 0.3004807692307692 0.06971153846153846 0.3737980769230769
0 0.6069711538461539 0.3545673076923077 0.11538461538461539 0.3112980769230769
0 0.8569711538461539 0.4855769230769231 0.16466346153846154 0.24278846153846154
0 0.7920673076923077 0.6826923076923077 0.17307692307692307 0.09254807692307693
0 0.6081730769230769 0.8641826923076923 0.11899038461538461 0.2704326923076923
0 0.7836538461538461 0.8209134615384616 0.22716346153846154 0.18269230769230768
0 0.6658653846153846 0.9399038461538461 0.23557692307692307 0.1201923076923077
0 0.9759615384615384 0.8629807692307693 0.04807692307692308 0.2692307692307692
0 0.8701923076923077 0.8978365384615384 0.1935096153846154 0.203125