0 0.4735576923076923 0.1875 0.051682692307692304 0.19110576923076922
0 0.2548076923076923 0.21634615384615385 0.14423076923076922 0.1935096153846154
0 0.9122596153846154 0.2127403846153846 0.17548076923076922 0.3389423076923077
0 0.5600961538461539 0.2247596153846154 0.11899038461538461 0.3161057692307692
0 0.7391826923076923 0.3233173076923077 0.24879807692307693 0.11899038461538461
0 0.7163461538461539 0.11778846153846154 0.28365384615384615 0.23557692307692307
0 0.46033653846153844 0.4230769230769231 0.07932692307692307 0.07932692307692307
0 0.15745192307692307 0.42908653846153844 0.13701923076923078 0.09254807692307693
0 0.38341346153846156 0.46274038461538464 0.12980769230769232 0.15865384615384615
0 0.06009615384615385 0.46033653846153844 0.11899038461538461 0.15384615384615385
0 0.4735576923076923 0.49399038461538464 0.051682692307692304 0.1814903846153846
0 0.18870192307692307 0.5216346153846154 0.13221153846153846 0.18389423076923078
0 0.014423076923076924 0.6454326923076923 0.028846153846153848 0.20432692307692307
0 0.3088942307692308 0.6658653846153846 0.13701923076923078 0.20192307692307693
0 0.09615384615384616 0.7019230769230769 0.13701923076923078 0.20192307692307693
0 0.4387019230769231 0.703125 0.12139423076923077 0.1971153846153846
0 0.3473557692307692 0.7896634615384616 0.13221153846153846 0.1814903846153846
0 0.03245192307692308 0.7992788461538461 0.06490384615384616 0.12139423076923077
0 0.21634615384615385 0.8125 0.13701923076923078 0.20192307692307693
0 0.4567307692307692 0.8365384615384616 0.08653846153846154 0.18629807692307693
0 0.11057692307692307 0.8894230769230769 0.13221153846153846 0.1935096153846154
0 0.24158653846153846 0.9170673076923077 0.13701923076923078 0.1658653846153846
0 0.421875 0.9819711538461539 0.14182692307692307 0.036057692307692304
0 0.27403846153846156 0.4098557692307692 0.11899038461538461 0.055288461538461536
0 0.5564903846153846 0.4338942307692308 0.09254807692307693 0.10216346153846154
0 0.6502403846153846 0.4387019230769231 0.11177884615384616 0.11177884615384616
0 0.8822115384615384 0.44711538461538464 0.1466346153846154 0.12740384615384615
0 0.7584134615384616 0.44350961538461536 0.11899038461538461 0.12139423076923077
0 0.5336538461538461 0.5228365384615384 0.0673076923076923 0.13942307692307693
0 0.6057692307692307 0.5348557692307693 0.109375 0.14903846153846154
0 0.703125 0.5516826923076923 0.1141826923076923 0.15625
0 0.8064903846153846 0.5709134615384616 0.13701923076923078 0.16466346153846154
0 0.9326923076923077 0.5745192307692307 0.1346153846153846 0.17908653846153846
0 0.5168269230769231 0.6213942307692307 0.03485576923076923 0.12379807692307693
0 0.5697115384615384 0.640625 0.08413461538461539 0.1346153846153846
0 0.6538461538461539 0.6658653846153846 0.10216346153846154 0.1466346153846154
0 0.7548076923076923 0.6911057692307693 0.11658653846153846 0.15865384615384615
0 0.8677884615384616 0.7235576923076923 0.12980769230769232 0.1622596153846154
0 0.5384615384615384 0.7307692307692307 0.07692307692307693 0.11899038461538461
0 0.9639423076923077 0.7403846153846154 0.07211538461538461 0.1814903846153846
0 0.6117788461538461 0.765625 0.09254807692307693 0.13221153846153846
0 0.7043269230769231 0.7992788461538461 0.109375 0.14182692307692307
0 0.5216346153846154 0.8173076923076923 0.042067307692307696 0.11658653846153846
0 0.8088942307692307 0.8353365384615384 0.12740384615384615 0.15384615384615385
0 0.578125 0.8509615384615384 0.08653846153846154 0.12740384615384615
0 0.9314903846153846 0.8725961538461539 0.13701923076923078 0.16466346153846154
0 0.6622596153846154 0.8918269230769231 0.09254807692307693 0.13221153846153846
0 0.7572115384615384 0.9314903846153846 0.11177884615384616 0.13701923076923078
0 0.8665865384615384 0.9495192307692307 0.12259615384615384 0.10096153846153846
0 0.9627403846153846 0.9747596153846154 0.07451923076923077 0.04927884615384615