0 0.08052884615384616 0.4807692307692308 0.08173076923076923 0.12860576923076922
0 0.3473557692307692 0.4807692307692308 0.08413461538461539 0.12379807692307693
0 0.26322115384615385 0.47716346153846156 0.08413461538461539 0.12379807692307693
0 0.021634615384615384 0.4735576923076923 0.042067307692307696 0.12620192307692307
0 0.33653846153846156 0.2848557692307692 0.0889423076923077 0.13581730769230768
0 0.2512019230769231 0.2824519230769231 0.08413461538461539 0.1310096153846154
0 0.09134615384615384 0.27524038461538464 0.07932692307692307 0.12860576923076922
0 0.025240384615384616 0.27524038461538464 0.04927884615384615 0.12860576923076922
0 0.4651442307692308 0.16947115384615385 0.04927884615384615 0.12139423076923077
0 0.296875 0.16706730769230768 0.08653846153846154 0.13341346153846154
0 0.38221153846153844 0.16706730769230768 0.08653846153846154 0.13581730769230768
0 0.21033653846153846 0.1658653846153846 0.08413461538461539 0.1310096153846154
0 0.04927884615384615 0.16466346153846154 0.07932692307692307 0.12620192307692307
0 0.003605769230769231 0.16346153846153846 0.007211538461538462 0.12379807692307693
0 0.12860576923076922 0.16346153846153846 0.07932692307692307 0.12620192307692307
0 0.09014423076923077 0.05889423076923077 0.07932692307692307 0.11778846153846154
0 0.02403846153846154 0.05889423076923077 0.04807692307692308 0.11778846153846154
0 0.33774038461538464 0.05889423076923077 0.08413461538461539 0.11778846153846154
0 0.25240384615384615 0.057692307692307696 0.08653846153846154 0.11538461538461539
0 0.3870192307692308 0.5673076923076923 0.08173076923076923 0.07451923076923077
0 0.046875 0.5649038461538461 0.07932692307692307 0.07932692307692307
0 0.12740384615384615 0.5637019230769231 0.08173076923076923 0.08173076923076923
0 0.30528846153846156 0.5612980769230769 0.08173076923076923 0.08413461538461539
0 0.22235576923076922 0.5612980769230769 0.07932692307692307 0.08413461538461539
0 0.4651442307692308 0.5564903846153846 0.04927884615384615 0.09375
0 0.7548076923076923 0.40625 0.20072115384615385 0.3088942307692308
0 0.5721153846153846 0.4026442307692308 0.16346153846153846 0.27524038461538464
0 0.9266826923076923 0.39903846153846156 0.1466346153846154 0.2668269230769231
0 0.8233173076923077 0.16466346153846154 0.17067307692307693 0.25961538461538464
0 0.6514423076923077 0.16346153846153846 0.18028846153846154 0.2692307692307692
0 0.5252403846153846 0.15745192307692307 0.06971153846153846 0.27524038461538464
0 0.9651442307692307 0.15144230769230768 0.06971153846153846 0.2668269230769231
0 0.7451923076923077 0.03125 0.16826923076923078 0.06129807692307692
0 0.5793269230769231 0.03485576923076923 0.1778846153846154 0.06971153846153846
0 0.9194711538461539 0.03245192307692308 0.16105769230769232 0.06490384615384616
0 0.37259615384615385 0.9663461538461539 0.0673076923076923 0.0673076923076923
0 0.44350961538461536 0.9627403846153846 0.05889423076923077 0.07451923076923077
0 0.28725961538461536 0.9435096153846154 0.08413461538461539 0.11298076923076923
0 0.0985576923076923 0.9338942307692307 0.1141826923076923 0.1310096153846154
0 0.019230769230769232 0.921875 0.038461538461538464 0.15625
0 0.4326923076923077 0.8798076923076923 0.06490384615384616 0.109375
0 0.3389423076923077 0.8233173076923077 0.08173076923076923 0.12620192307692307
0 0.484375 0.7992788461538461 0.01201923076923077 0.08413461538461539
0 0.4567307692307692 0.7824519230769231 0.05889423076923077 0.10096153846153846
0 0.14903846153846154 0.7764423076923077 0.1141826923076923 0.15384615384615385
0 0.036057692307692304 0.7728365384615384 0.07211538461538461 0.15384615384615385
0 0.3173076923076923 0.6826923076923077 0.0889423076923077 0.13581730769230768
0 0.40625 0.6322115384615384 0.03485576923076923 0.056490384615384616
0 0.10336538461538461 0.6442307692307693 0.12379807692307693 0.08173076923076923
0 0.9771634615384616 0.8894230769230769 0.04447115384615385 0.13581730769230768