0 0.051682692307692304 0.12740384615384615 0.10336538461538461 0.2548076923076923
0 0.484375 0.17307692307692307 0.21394230769230768 0.34615384615384615
0 0.21514423076923078 0.08052884615384616 0.31009615384615385 0.16105769230769232
0 0.2800480769230769 0.45072115384615385 0.18990384615384615 0.22355769230769232
0 0.3605769230769231 0.265625 0.18990384615384615 0.25721153846153844
0 0.18509615384615385 0.24278846153846154 0.18028846153846154 0.23197115384615385
0 0.6430288461538461 0.46153846153846156 0.1045673076923077 0.203125
0 0.7944711538461539 0.4579326923076923 0.19230769230769232 0.20793269230769232
0 0.9447115384615384 0.44350961538461536 0.109375 0.23677884615384615
0 0.7139423076923077 0.16346153846153846 0.24519230769230768 0.3269230769230769
0 0.9206730769230769 0.15745192307692307 0.15865384615384615 0.31490384615384615
0 0.4831730769230769 0.9459134615384616 0.11057692307692307 0.10817307692307693
0 0.26802884615384615 0.9338942307692307 0.125 0.13221153846153846
0 0.04807692307692308 0.9122596153846154 0.09615384615384616 0.17427884615384615
0 0.5564903846153846 0.828125 0.06971153846153846 0.22355769230769232
0 0.3641826923076923 0.7740384615384616 0.1201923076923077 0.24519230769230768
0 0.13701923076923078 0.7379807692307693 0.13221153846153846 0.265625
0 0.4495192307692308 0.625 0.11177884615384616 0.125
0 0.23557692307692307 0.6045673076923077 0.12740384615384615 0.0829326923076923
0 0.8293269230769231 0.78125 0.32572115384615385 0.4375