0 0.12740384615384615 0.12740384615384615 0.18870192307692307 0.2536057692307692
0 0.018028846153846152 0.15504807692307693 0.036057692307692304 0.31009615384615385
0 0.12620192307692307 0.35336538461538464 0.24158653846153846 0.2091346153846154
0 0.9362980769230769 0.14302884615384615 0.12740384615384615 0.2860576923076923
0 0.38100961538461536 0.16346153846153846 0.16466346153846154 0.32572115384615385
0 0.7247596153846154 0.19110576923076922 0.16947115384615385 0.2956730769230769
0 0.5264423076923077 0.234375 0.16947115384615385 0.30649038461538464
0 0.9338942307692307 0.38461538461538464 0.13221153846153846 0.1466346153846154
0 0.6850961538461539 0.4026442307692308 0.17668269230769232 0.109375
0 0.6286057692307693 0.03125 0.1814903846153846 0.0625
0 0.8125 0.03245192307692308 0.16706730769230768 0.06490384615384616
0 0.4387019230769231 0.07091346153846154 0.1814903846153846 0.14182692307692307
0 0.3701923076923077 0.34615384615384615 0.14423076923076922 0.22355769230769232
0 0.7764423076923077 0.9122596153846154 0.28846153846153844 0.17548076923076922