0 0.9278846153846154 0.33413461538461536 0.14423076923076922 0.33653846153846156
0 0.5576923076923077 0.3401442307692308 0.22956730769230768 0.33413461538461536
0 0.7524038461538461 0.36658653846153844 0.1814903846153846 0.28125
0 0.8401442307692307 0.5240384615384616 0.22956730769230768 0.15985576923076922
0 0.4807692307692308 0.5276442307692307 0.12259615384615384 0.15264423076923078
0 0.9759615384615384 0.5432692307692307 0.04807692307692308 0.12259615384615384
0 0.6382211538461539 0.5480769230769231 0.17908653846153846 0.11177884615384616
0 0.8485576923076923 0.10817307692307693 0.23317307692307693 0.21634615384615385
0 0.484375 0.11057692307692307 0.13221153846153846 0.22115384615384615
0 0.9735576923076923 0.12139423076923077 0.052884615384615384 0.24278846153846154
0 0.6466346153846154 0.12379807692307693 0.1875 0.24759615384615385
0 0.040865384615384616 0.625 0.08173076923076923 0.04326923076923077
0 0.13341346153846154 0.6274038461538461 0.09615384615384616 0.04567307692307692
0 0.22956730769230768 0.6286057692307693 0.09615384615384616 0.04807692307692308
0 0.32572115384615385 0.6298076923076923 0.09615384615384616 0.05048076923076923
0 0.014423076923076924 0.6983173076923077 0.028846153846153848 0.1502403846153846
0 0.08052884615384616 0.703125 0.0985576923076923 0.14423076923076922
0 0.17908653846153846 0.7067307692307693 0.09615384615384616 0.14423076923076922
0 0.2776442307692308 0.7115384615384616 0.09615384615384616 0.14182692307692307
0 0.3737980769230769 0.7115384615384616 0.09134615384615384 0.14423076923076922
0 0.039663461538461536 0.8329326923076923 0.07932692307692307 0.1466346153846154
0 0.12980769230769232 0.8353365384615384 0.0985576923076923 0.1466346153846154
0 0.32572115384615385 0.8413461538461539 0.09615384615384616 0.1466346153846154
0 0.22716346153846154 0.8413461538461539 0.09615384615384616 0.1466346153846154
0 0.39783653846153844 0.84375 0.04326923076923077 0.1466346153846154
0 0.013221153846153846 0.9435096153846154 0.026442307692307692 0.11177884615384616
0 0.078125 0.9435096153846154 0.09615384615384616 0.11177884615384616
0 0.17668269230769232 0.9447115384615384 0.09615384615384616 0.109375
0 0.27283653846153844 0.9459134615384616 0.09375 0.10817307692307693
0 0.36899038461538464 0.9471153846153846 0.09375 0.10576923076923077
0 0.8942307692307693 0.6862980769230769 0.21153846153846154 0.16346153846153846
0 0.6754807692307693 0.6875 0.22716346153846154 0.1658653846153846
0 0.9519230769230769 0.8353365384615384 0.09615384615384616 0.20552884615384615
0 0.7848557692307693 0.84375 0.22235576923076922 0.21153846153846154
0 0.5564903846153846 0.8449519230769231 0.21875 0.2091346153846154
0 0.8966346153846154 0.9555288461538461 0.20552884615384615 0.08774038461538461
0 0.6754807692307693 0.9579326923076923 0.21634615384615385 0.08413461538461539