0 0.3425480769230769 0.038461538461538464 0.36778846153846156 0.07692307692307693
0 0.08052884615384616 0.042067307692307696 0.16105769230769232 0.0829326923076923
0 0.45913461538461536 0.2127403846153846 0.24759615384615385 0.36177884615384615
0 0.16346153846153846 0.21394230769230768 0.3269230769230769 0.3557692307692308
0 0.33052884615384615 0.44471153846153844 0.359375 0.1875
0 0.07572115384615384 0.44350961538461536 0.15144230769230768 0.18990384615384615
0 0.6574519230769231 0.3641826923076923 0.14783653846153846 0.22956730769230768
0 0.14423076923076922 0.5733173076923077 0.11177884615384616 0.0673076923076923
0 0.359375 0.5805288461538461 0.1201923076923077 0.0829326923076923
0 0.5540865384615384 0.5817307692307693 0.057692307692307696 0.08653846153846154
0 0.2608173076923077 0.5745192307692307 0.09375 0.06971153846153846
0 0.06490384615384616 0.5769230769230769 0.0829326923076923 0.07572115384615384
0 0.4639423076923077 0.5805288461538461 0.0985576923076923 0.0829326923076923
0 0.04927884615384615 0.6826923076923077 0.0985576923076923 0.16706730769230768
0 0.25721153846153844 0.6862980769230769 0.12259615384615384 0.17427884615384615
0 0.15985576923076922 0.6899038461538461 0.0829326923076923 0.13822115384615385
0 0.3605769230769231 0.703125 0.09615384615384616 0.14783653846153846
0 0.5516826923076923 0.7079326923076923 0.0625 0.14543269230769232
0 0.06009615384615385 0.8401442307692307 0.08052884615384616 0.13822115384615385
0 0.14543269230769232 0.8425480769230769 0.11177884615384616 0.171875
0 0.25961538461538464 0.8473557692307693 0.09375 0.14543269230769232
0 0.3629807692307692 0.8557692307692307 0.125 0.17668269230769232
0 0.4675480769230769 0.8641826923076923 0.0985576923076923 0.15144230769230768
0 0.5564903846153846 0.8713942307692307 0.055288461538461536 0.18028846153846154
0 0.05048076923076923 0.953125 0.10096153846153846 0.09375
0 0.15625 0.9615384615384616 0.09134615384615384 0.07692307692307693
0 0.2548076923076923 0.9591346153846154 0.1141826923076923 0.08052884615384616
0 0.36177884615384615 0.9711538461538461 0.0985576923076923 0.057692307692307696
0 0.5564903846153846 0.9759615384615384 0.055288461538461536 0.046875
0 0.4807692307692308 0.9723557692307693 0.12259615384615384 0.055288461538461536
0 0.9963942307692307 0.5793269230769231 0.007211538461538462 0.08052884615384616
0 0.9375 0.6045673076923077 0.0889423076923077 0.12980769230769232
0 0.7391826923076923 0.6141826923076923 0.1201923076923077 0.15144230769230768
0 0.6298076923076923 0.6274038461538461 0.09375 0.17668269230769232
0 0.9735576923076923 0.7379807692307693 0.051682692307692304 0.13221153846153846
0 0.7920673076923077 0.7872596153846154 0.1201923076923077 0.16105769230769232
0 0.6466346153846154 0.7884615384615384 0.12740384615384615 0.16105769230769232
0 0.9603365384615384 0.8834134615384616 0.07932692307692307 0.14182692307692307
0 0.7451923076923077 0.9399038461538461 0.12980769230769232 0.1201923076923077
0 0.6298076923076923 0.9627403846153846 0.09615384615384616 0.07451923076923077