0 0.12860576923076922 0.078125 0.12860576923076922 0.15625
0 0.1935096153846154 0.23076923076923078 0.140625 0.19951923076923078
0 0.015625 0.25 0.03125 0.1875
0 0.5997596153846154 0.003605769230769231 0.07211538461538461 0.007211538461538462
0 0.3737980769230769 0.04927884615384615 0.03125 0.09735576923076923
0 0.4230769230769231 0.04927884615384615 0.06610576923076923 0.09735576923076923
0 0.49278846153846156 0.05048076923076923 0.07211538461538461 0.09975961538461539
0 0.6358173076923077 0.04927884615384615 0.06610576923076923 0.09735576923076923
0 0.7091346153846154 0.05048076923076923 0.06971153846153846 0.09975961538461539
0 0.5661057692307693 0.051682692307692304 0.07211538461538461 0.10216346153846154
0 0.9807692307692307 0.046875 0.038461538461538464 0.09375
0 0.7800480769230769 0.05048076923076923 0.06610576923076923 0.09975961538461539
0 0.8533653846153846 0.04927884615384615 0.06610576923076923 0.09735576923076923
0 0.9278846153846154 0.05048076923076923 0.06610576923076923 0.09975961538461539
0 0.3954326923076923 0.29927884615384615 0.06610576923076923 0.09014423076923077
0 0.5961538461538461 0.30408653846153844 0.06610576923076923 0.09014423076923077
0 0.5252403846153846 0.3076923076923077 0.06971153846153846 0.09495192307692307
0 0.9927884615384616 0.3173076923076923 0.014423076923076924 0.08653846153846154
0 0.7307692307692307 0.31850961538461536 0.07211538461538461 0.08774038461538461
0 0.8088942307692307 0.32091346153846156 0.06971153846153846 0.08173076923076923
0 0.9555288461538461 0.32091346153846156 0.06971153846153846 0.08173076923076923
0 0.43028846153846156 0.34375 0.06129807692307692 0.036057692307692304
0 0.4891826923076923 0.34975961538461536 0.06610576923076923 0.02283653846153846
0 0.6274038461538461 0.35216346153846156 0.06370192307692307 0.018028846153846152
0 0.5600961538461539 0.35096153846153844 0.06370192307692307 0.020432692307692308
0 0.19110576923076922 0.765625 0.21033653846153846 0.44350961538461536
0 0.3786057692307692 0.7283653846153846 0.038461538461538464 0.07211538461538461
0 0.4230769230769231 0.7295673076923077 0.051682692307692304 0.07211538461538461
0 0.47475961538461536 0.7295673076923077 0.051682692307692304 0.07451923076923077
0 0.5264423076923077 0.7307692307692307 0.051682692307692304 0.07211538461538461
0 0.6298076923076923 0.7319711538461539 0.051682692307692304 0.07451923076923077
0 0.8353365384615384 0.7319711538461539 0.04927884615384615 0.06971153846153846
0 0.8858173076923077 0.7319711538461539 0.051682692307692304 0.07211538461538461
0 0.9375 0.7319711538461539 0.051682692307692304 0.06971153846153846
0 0.9819711538461539 0.7319711538461539 0.036057692307692304 0.06971153846153846
0 0.578125 0.7319711538461539 0.051682692307692304 0.07451923076923077
0 0.7872596153846154 0.7319711538461539 0.051682692307692304 0.07451923076923077
0 0.7331730769230769 0.7331730769230769 0.051682692307692304 0.07211538461538461
0 0.6814903846153846 0.7331730769230769 0.051682692307692304 0.07451923076923077
0 0.39783653846153844 0.7896634615384616 0.054086538461538464 0.06971153846153846
0 0.45072115384615385 0.7896634615384616 0.054086538461538464 0.06971153846153846
0 0.5024038461538461 0.7896634615384616 0.051682692307692304 0.06971153846153846
0 0.8569711538461539 0.7908653846153846 0.051682692307692304 0.06971153846153846
0 0.9086538461538461 0.7908653846153846 0.054086538461538464 0.06971153846153846
0 0.9627403846153846 0.7908653846153846 0.054086538461538464 0.07211538461538461
0 0.5540865384615384 0.7908653846153846 0.051682692307692304 0.07211538461538461
0 0.9927884615384616 0.7884615384615384 0.014423076923076924 0.07211538461538461
0 0.6045673076923077 0.7920673076923077 0.051682692307692304 0.06971153846153846
0 0.65625 0.7920673076923077 0.04927884615384615 0.07211538461538461
0 0.7572115384615384 0.7920673076923077 0.051682692307692304 0.07211538461538461
0 0.8076923076923077 0.7920673076923077 0.04927884615384615 0.07211538461538461
0 0.7067307692307693 0.7932692307692307 0.051682692307692304 0.07211538461538461
0 0.47716346153846156 0.8497596153846154 0.051682692307692304 0.07211538461538461
0 0.42427884615384615 0.8497596153846154 0.054086538461538464 0.07451923076923077
0 0.9795673076923077 0.8497596153846154 0.040865384615384616 0.06971153846153846
0 0.9350961538461539 0.8497596153846154 0.051682692307692304 0.07211538461538461
0 0.3786057692307692 0.8485576923076923 0.038461538461538464 0.07211538461538461
0 0.8834134615384616 0.8509615384615384 0.051682692307692304 0.06971153846153846
0 0.5300480769230769 0.8509615384615384 0.051682692307692304 0.06971153846153846
0 0.5793269230769231 0.8509615384615384 0.051682692307692304 0.06971153846153846
0 0.6298076923076923 0.8509615384615384 0.051682692307692304 0.06971153846153846
0 0.7824519230769231 0.8509615384615384 0.051682692307692304 0.06971153846153846
0 0.8329326923076923 0.8509615384615384 0.051682692307692304 0.06971153846153846
0 0.7307692307692307 0.8521634615384616 0.051682692307692304 0.06971153846153846
0 0.6802884615384616 0.8521634615384616 0.051682692307692304 0.06971153846153846
0 0.9567307692307693 0.9086538461538461 0.051682692307692304 0.06971153846153846
0 0.9903846153846154 0.9074519230769231 0.019230769230769232 0.06971153846153846
0 0.9074519230769231 0.9086538461538461 0.051682692307692304 0.06610576923076923
0 0.8581730769230769 0.9086538461538461 0.051682692307692304 0.06971153846153846
0 0.7560096153846154 0.9098557692307693 0.051682692307692304 0.06971153846153846
0 0.8064903846153846 0.9098557692307693 0.051682692307692304 0.06971153846153846
0 0.45072115384615385 0.9098557692307693 0.054086538461538464 0.07451923076923077
0 0.7067307692307693 0.9110576923076923 0.04927884615384615 0.06971153846153846
0 0.6045673076923077 0.9110576923076923 0.051682692307692304 0.07211538461538461
0 0.65625 0.9110576923076923 0.051682692307692304 0.06971153846153846
0 0.39663461538461536 0.9110576923076923 0.056490384615384616 0.07211538461538461
0 0.5024038461538461 0.9110576923076923 0.051682692307692304 0.07451923076923077
0 0.5540865384615384 0.9122596153846154 0.051682692307692304 0.07211538461538461
0 0.9290865384615384 0.9639423076923077 0.051682692307692304 0.06610576923076923
0 0.8798076923076923 0.9651442307692307 0.04927884615384615 0.06971153846153846
0 0.9771634615384616 0.9651442307692307 0.04567307692307692 0.06971153846153846
0 0.8305288461538461 0.9663461538461539 0.051682692307692304 0.06610576923076923
0 0.7824519230769231 0.9663461538461539 0.051682692307692304 0.06610576923076923
0 0.7307692307692307 0.9663461538461539 0.051682692307692304 0.06610576923076923
0 0.6790865384615384 0.9675480769230769 0.051682692307692304 0.06370192307692307
0 0.6298076923076923 0.9663461538461539 0.04927884615384615 0.06610576923076923
0 0.3762019230769231 0.9675480769230769 0.03365384615384615 0.06370192307692307
0 0.578125 0.9675480769230769 0.054086538461538464 0.06370192307692307
0 0.41947115384615385 0.9675480769230769 0.054086538461538464 0.06370192307692307
0 0.5264423076923077 0.9675480769230769 0.054086538461538464 0.06370192307692307
0 0.4735576923076923 0.96875 0.054086538461538464 0.06129807692307692
0 0.9002403846153846 0.9915865384615384 0.05048076923076923 0.016826923076923076
0 0.9519230769230769 0.9927884615384616 0.04807692307692308 0.014423076923076924
0 0.8533653846153846 0.9939903846153846 0.04807692307692308 0.01201923076923077
0 0.37740384615384615 0.6045673076923077 0.036057692307692304 0.07211538461538461
0 0.47596153846153844 0.609375 0.051682692307692304 0.07451923076923077
0 0.5276442307692307 0.609375 0.051682692307692304 0.07211538461538461
0 0.42427884615384615 0.609375 0.054086538461538464 0.06971153846153846
0 0.5793269230769231 0.6105769230769231 0.051682692307692304 0.07451923076923077
0 0.6310096153846154 0.6117788461538461 0.051682692307692304 0.06971153846153846
0 0.6814903846153846 0.6117788461538461 0.04927884615384615 0.06971153846153846
0 0.36538461538461536 0.6670673076923077 0.013221153846153846 0.07211538461538461
0 0.39903846153846156 0.6694711538461539 0.051682692307692304 0.07211538461538461
0 0.4483173076923077 0.6694711538461539 0.051682692307692304 0.07211538461538461
0 0.5012019230769231 0.6694711538461539 0.054086538461538464 0.07211538461538461
0 0.5540865384615384 0.6706730769230769 0.051682692307692304 0.07451923076923077
0 0.7608173076923077 0.671875 0.051682692307692304 0.07451923076923077
0 0.8100961538461539 0.671875 0.04927884615384615 0.07211538461538461
0 0.8617788461538461 0.671875 0.051682692307692304 0.07211538461538461
0 0.9146634615384616 0.671875 0.051682692307692304 0.06971153846153846
0 0.6045673076923077 0.671875 0.051682692307692304 0.07211538461538461
0 0.7079326923076923 0.671875 0.054086538461538464 0.07211538461538461
0 0.65625 0.671875 0.051682692307692304 0.07211538461538461
0 0.9639423076923077 0.6730769230769231 0.04567307692307692 0.06971153846153846
0 0.9915865384615384 0.671875 0.016826923076923076 0.06971153846153846