0 0.5877403846153846 0.007211538461538462 0.037259615384615384 0.014423076923076924
0 0.5480769230769231 0.010817307692307692 0.038461538461538464 0.021634615384615384
0 0.5108173076923077 0.01201923076923077 0.036057692307692304 0.02403846153846154
0 0.47475961538461536 0.013221153846153846 0.036057692307692304 0.026442307692307692
0 0.5709134615384616 0.038461538461538464 0.037259615384615384 0.051682692307692304
0 0.5324519230769231 0.04326923076923077 0.037259615384615384 0.042067307692307696
0 0.9807692307692307 0.19591346153846154 0.038461538461538464 0.31971153846153844
0 0.9182692307692307 0.24879807692307693 0.09134615384615384 0.13822115384615385
0 0.671875 0.33413461538461536 0.07692307692307693 0.11658653846153846
0 0.9627403846153846 0.36778846153846156 0.07451923076923077 0.140625
0 0.8689903846153846 0.3762019230769231 0.09134615384615384 0.13581730769230768
0 0.7115384615384616 0.4098557692307692 0.09134615384615384 0.13581730769230768
0 0.6177884615384616 0.42908653846153844 0.09375 0.140625
0 0.5216346153846154 0.4387019230769231 0.09375 0.140625
0 0.9855769230769231 0.47596153846153844 0.028846153846153848 0.13942307692307693
0 0.9278846153846154 0.49399038461538464 0.0889423076923077 0.13581730769230768
0 0.8365384615384616 0.5084134615384616 0.0889423076923077 0.12139423076923077
0 0.7451923076923077 0.5144230769230769 0.0889423076923077 0.109375
0 0.6538461538461539 0.5240384615384616 0.0889423076923077 0.09134615384615384
0 0.46634615384615385 0.53125 0.09134615384615384 0.07692307692307693
0 0.5588942307692307 0.5336538461538461 0.09375 0.07211538461538461
0 0.59375 0.08413461538461539 0.039663461538461536 0.06129807692307692
0 0.09975961538461539 0.7019230769230769 0.0673076923076923 0.1310096153846154
0 0.16826923076923078 0.7151442307692307 0.0985576923076923 0.16105769230769232
0 0.26322115384615385 0.7283653846153846 0.08413461538461539 0.1466346153846154
0 0.35336538461538464 0.7463942307692307 0.109375 0.18028846153846154
0 0.6502403846153846 0.7884615384615384 0.15865384615384615 0.21754807692307693