0 0.051682692307692304 0.14423076923076922 0.10336538461538461 0.28846153846153844
0 0.1814903846153846 0.12620192307692307 0.16947115384615385 0.25240384615384615
0 0.38341346153846156 0.15144230769230768 0.23798076923076922 0.30288461538461536
0 0.036057692307692304 0.41466346153846156 0.07211538461538461 0.2620192307692308
0 0.18509615384615385 0.4230769230769231 0.23076923076923078 0.359375
0 0.3798076923076923 0.4230769230769231 0.171875 0.2692307692307692
0 0.17668269230769232 0.6442307692307693 0.16947115384615385 0.09495192307692307
0 0.3737980769230769 0.6213942307692307 0.23317307692307693 0.140625
0 0.6045673076923077 0.24519230769230768 0.11899038461538461 0.15264423076923078
0 0.7752403846153846 0.25841346153846156 0.09975961538461539 0.13581730769230768
0 0.9038461538461539 0.2668269230769231 0.11899038461538461 0.16947115384615385
0 0.6947115384615384 0.39302884615384615 0.09975961538461539 0.14302884615384615
0 0.6009615384615384 0.43990384615384615 0.12139423076923077 0.16706730769230768
0 0.8052884615384616 0.453125 0.11177884615384616 0.1622596153846154
0 0.7271634615384616 0.5709134615384616 0.11658653846153846 0.17427884615384615
0 0.9230769230769231 0.5793269230769231 0.15264423076923078 0.22596153846153846
0 0.6141826923076923 0.6117788461538461 0.12620192307692307 0.15985576923076922
0 0.9519230769230769 0.06129807692307692 0.028846153846153848 0.04326923076923077
0 0.8293269230769231 0.06971153846153846 0.1141826923076923 0.13822115384615385
0 0.7055288461538461 0.11899038461538461 0.11899038461538461 0.1502403846153846
0 0.5204326923076923 0.7884615384615384 0.036057692307692304 0.19471153846153846
0 0.42908653846153844 0.7980769230769231 0.13581730769230768 0.21394230769230768
0 0.2848557692307692 0.8100961538461539 0.140625 0.2283653846153846
0 0.12379807692307693 0.8161057692307693 0.14543269230769232 0.22355769230769232
0 0.49158653846153844 0.9399038461538461 0.09375 0.1201923076923077
0 0.046875 0.9411057692307693 0.09375 0.11778846153846154
0 0.19591346153846154 0.9435096153846154 0.1466346153846154 0.11298076923076923
0 0.3641826923076923 0.9459134615384616 0.14182692307692307 0.10817307692307693
0 0.7307692307692307 0.8725961538461539 0.15985576923076922 0.21875