0 0.039663461538461536 0.171875 0.07932692307692307 0.18990384615384615
0 0.15144230769230768 0.21875 0.1502403846153846 0.17668269230769232
0 0.4098557692307692 0.2980769230769231 0.11538461538461539 0.15264423076923078
0 0.4795673076923077 0.32572115384615385 0.039663461538461536 0.14423076923076922
0 0.07932692307692307 0.35336538461538464 0.15745192307692307 0.1875
0 0.22956730769230768 0.38461538461538464 0.13942307692307693 0.17668269230769232
0 0.36177884615384615 0.421875 0.12620192307692307 0.16346153846153846
0 0.46033653846153844 0.4375 0.08052884615384616 0.15264423076923078
0 0.046875 0.515625 0.09375 0.21875
0 0.16466346153846154 0.53125 0.15985576923076922 0.19471153846153846
0 0.4387019230769231 0.5637019230769231 0.11778846153846154 0.16826923076923078
0 0.9471153846153846 0.24639423076923078 0.10576923076923077 0.3870192307692308
0 0.5600961538461539 0.30288461538461536 0.1201923076923077 0.3233173076923077
0 0.8197115384615384 0.43990384615384615 0.17067307692307693 0.2512019230769231
0 0.7524038461538461 0.6442307692307693 0.17908653846153846 0.09615384615384616
0 0.5612980769230769 0.8461538461538461 0.12259615384615384 0.3076923076923077
0 0.7427884615384616 0.7872596153846154 0.23557692307692307 0.18990384615384615
0 0.6213942307692307 0.9242788461538461 0.24759615384615385 0.15144230769230768
0 0.9591346153846154 0.8461538461538461 0.08173076923076923 0.3076923076923077
0 0.8329326923076923 0.8810096153846154 0.20072115384615385 0.23798076923076922