0 0.23918269230769232 0.10697115384615384 0.19591346153846154 0.2127403846153846
0 0.057692307692307696 0.30528846153846156 0.11538461538461539 0.1971153846153846
0 0.22115384615384615 0.31850961538461536 0.19591346153846154 0.17548076923076922
0 0.07572115384615384 0.08173076923076923 0.15144230769230768 0.16346153846153846
0 0.7728365384615384 0.05889423076923077 0.13221153846153846 0.11778846153846154
0 0.9050480769230769 0.078125 0.1310096153846154 0.15625
0 0.36899038461538464 0.07451923076923077 0.054086538461538464 0.14903846153846154
0 0.44471153846153844 0.08774038461538461 0.12620192307692307 0.17548076923076922
0 0.9807692307692307 0.09134615384615384 0.038461538461538464 0.18269230769230768
0 0.6826923076923077 0.23798076923076922 0.12620192307692307 0.1778846153846154
0 0.3786057692307692 0.24158653846153846 0.07451923076923077 0.12139423076923077
0 0.46033653846153844 0.2439903846153846 0.08173076923076923 0.11899038461538461
0 0.9338942307692307 0.2439903846153846 0.12379807692307693 0.17307692307692307
0 0.8088942307692307 0.24759615384615385 0.12620192307692307 0.1778846153846154
0 0.5456730769230769 0.24879807692307693 0.08653846153846154 0.12860576923076922
0 0.3605769230769231 0.34134615384615385 0.037259615384615384 0.1141826923076923
0 0.41947115384615385 0.34975961538461536 0.08173076923076923 0.11177884615384616
0 0.5048076923076923 0.35096153846153844 0.08413461538461539 0.109375
0 0.8641826923076923 0.35336538461538464 0.11899038461538461 0.10336538461538461
0 0.7427884615384616 0.3557692307692308 0.11899038461538461 0.10096153846153846
0 0.9603365384615384 0.3557692307692308 0.07932692307692307 0.10096153846153846
0 0.6213942307692307 0.3605769230769231 0.12379807692307693 0.09134615384615384
0 0.5072115384615384 0.13942307692307693 0.08653846153846154 0.12139423076923077
0 0.03125 0.8990384615384616 0.06129807692307692 0.14302884615384615
0 0.09254807692307693 0.9086538461538461 0.06490384615384616 0.1466346153846154
0 0.15865384615384615 0.9158653846153846 0.07211538461538461 0.15144230769230768
0 0.2283653846153846 0.9206730769230769 0.07211538461538461 0.15384615384615385
0 0.30408653846153844 0.9254807692307693 0.07451923076923077 0.14903846153846154
0 0.030048076923076924 0.7572115384615384 0.056490384615384616 0.12860576923076922
0 0.08774038461538461 0.7572115384615384 0.05889423076923077 0.12860576923076922
0 0.1502403846153846 0.7608173076923077 0.06129807692307692 0.13822115384615385
0 0.21514423076923078 0.7644230769230769 0.06490384615384616 0.1466346153846154
0 0.2824519230769231 0.765625 0.06971153846153846 0.14903846153846154
0 0.33052884615384615 0.7668269230769231 0.02283653846153846 0.15384615384615385
0 0.6862980769230769 0.5600961538461539 0.15865384615384615 0.21754807692307693