0 0.4723557692307692 0.018028846153846152 0.06009615384615385 0.03485576923076923
0 0.34375 0.020432692307692308 0.0625 0.039663461538461536
0 0.4110576923076923 0.020432692307692308 0.0625 0.039663461538461536
0 0.5012019230769231 0.07451923076923077 0.04807692307692308 0.09975961538461539
0 0.44471153846153844 0.07692307692307693 0.0625 0.09975961538461539
0 0.24278846153846154 0.07692307692307693 0.06971153846153846 0.10697115384615384
0 0.3798076923076923 0.08173076923076923 0.06490384615384616 0.09975961538461539
0 0.3137019230769231 0.08173076923076923 0.0673076923076923 0.1045673076923077
0 0.40625 0.24879807692307693 0.07692307692307693 0.125
0 0.49759615384615385 0.31971153846153844 0.055288461538461536 0.11057692307692307
0 0.4266826923076923 0.3293269230769231 0.07451923076923077 0.11057692307692307
0 0.34975961538461536 0.3389423076923077 0.07451923076923077 0.11538461538461539
0 0.2704326923076923 0.3473557692307692 0.07692307692307693 0.11538461538461539
0 0.5120192307692307 0.40024038461538464 0.025240384615384616 0.1045673076923077
0 0.4651442307692308 0.4170673076923077 0.06971153846153846 0.10697115384615384
0 0.3858173076923077 0.4254807692307692 0.07211538461538461 0.11057692307692307
0 0.3125 0.44711538461538464 0.07451923076923077 0.11298076923076923
0 0.23076923076923078 0.4567307692307692 0.08052884615384616 0.11778846153846154
0 0.5048076923076923 0.4951923076923077 0.039663461538461536 0.08533653846153846
0 0.4483173076923077 0.5036057692307693 0.07211538461538461 0.0673076923076923
0 0.3737980769230769 0.5120192307692307 0.07692307692307693 0.05048076923076923
0 0.96875 0.2764423076923077 0.0625 0.19230769230769232
0 0.7632211538461539 0.28365384615384615 0.12740384615384615 0.1971153846153846
0 0.5528846153846154 0.28846153846153844 0.055288461538461536 0.19230769230769232
0 0.8774038461538461 0.2956730769230769 0.09975961538461539 0.13942307692307693
0 0.6646634615384616 0.30288461538461536 0.09975961538461539 0.15264423076923078
0 0.6081730769230769 0.4326923076923077 0.12980769230769232 0.20192307692307693
0 0.8497596153846154 0.4362980769230769 0.12980769230769232 0.20192307692307693
0 0.9507211538461539 0.45072115384615385 0.09495192307692307 0.15985576923076922
0 0.7283653846153846 0.4519230769230769 0.10216346153846154 0.15504807692307693
0 0.6670673076923077 0.5228365384615384 0.09495192307692307 0.030048076923076924
0 0.8377403846153846 0.11057692307692307 0.12980769230769232 0.1971153846153846
0 0.5901442307692307 0.11899038461538461 0.12740384615384615 0.19230769230769232
0 0.7175480769230769 0.15865384615384615 0.10216346153846154 0.1502403846153846
0 0.9387019230769231 0.15985576923076922 0.09975961538461539 0.15264423076923078
0 0.2439903846153846 0.9723557692307693 0.13221153846153846 0.055288461538461536
0 0.10336538461538461 0.9807692307692307 0.13221153846153846 0.037259615384615384
0 0.9591346153846154 0.5612980769230769 0.07211538461538461 0.04807692307692308
0 0.9867788461538461 0.5805288461538461 0.026442307692307692 0.0889423076923077
0 0.7512019230769231 0.5745192307692307 0.07692307692307693 0.07451923076923077
0 0.8653846153846154 0.5841346153846154 0.08052884615384616 0.09254807692307693
0 0.8052884615384616 0.6550480769230769 0.0673076923076923 0.10216346153846154
0 0.7331730769230769 0.6646634615384616 0.06009615384615385 0.09735576923076923
0 0.5637019230769231 0.6706730769230769 0.04447115384615385 0.07692307692307693
0 0.8918269230769231 0.6862980769230769 0.08533653846153846 0.13221153846153846
0 0.6658653846153846 0.75 0.06009615384615385 0.09975961538461539
0 0.7451923076923077 0.7608173076923077 0.06490384615384616 0.11057692307692307
0 0.5324519230769231 0.7836538461538461 0.014423076923076924 0.052884615384615384
0 0.8401442307692307 0.8185096153846154 0.0829326923076923 0.12740384615384615
0 0.6802884615384616 0.8413461538461539 0.039663461538461536 0.08533653846153846
0 0.5480769230769231 0.8473557692307693 0.04447115384615385 0.06490384615384616
0 0.7211538461538461 0.8605769230769231 0.06009615384615385 0.10216346153846154
0 0.9867788461538461 0.8641826923076923 0.026442307692307692 0.15625
0 0.8629807692307693 0.9447115384615384 0.09014423076923077 0.11057692307692307
0 0.7716346153846154 0.9891826923076923 0.03365384615384615 0.021634615384615384