0 0.3629807692307692 0.09254807692307693 0.25240384615384615 0.18509615384615385
0 0.109375 0.1778846153846154 0.21875 0.3557692307692308
0 0.2848557692307692 0.31971153846153844 0.2704326923076923 0.07211538461538461
0 0.5204326923076923 0.021634615384615384 0.06129807692307692 0.04326923076923077
0 0.9278846153846154 0.02283653846153846 0.14423076923076922 0.04567307692307692
0 0.78125 0.02283653846153846 0.15384615384615385 0.04567307692307692
0 0.6274038461538461 0.025240384615384616 0.15384615384615385 0.05048076923076923
0 0.5072115384615384 0.09495192307692307 0.036057692307692304 0.11298076923076923
0 0.7668269230769231 0.10096153846153846 0.15985576923076922 0.10817307692307693
0 0.9206730769230769 0.09975961538461539 0.15865384615384615 0.10817307692307693
0 0.6057692307692307 0.10336538461538461 0.16466346153846154 0.10817307692307693
0 0.7884615384615384 0.2127403846153846 0.17548076923076922 0.12379807692307693
0 0.5096153846153846 0.2127403846153846 0.038461538461538464 0.12620192307692307
0 0.9362980769230769 0.2127403846153846 0.12620192307692307 0.12620192307692307
0 0.6153846153846154 0.21634615384615385 0.17548076923076922 0.12620192307692307
0 0.7896634615384616 0.3137019230769231 0.18870192307692307 0.08533653846153846
0 0.9435096153846154 0.3161057692307692 0.11298076923076923 0.07932692307692307
0 0.6009615384615384 0.3173076923076923 0.19591346153846154 0.07692307692307693
0 0.40384615384615385 0.38461538461538464 0.06971153846153846 0.056490384615384616
0 0.1466346153846154 0.4519230769230769 0.1346153846153846 0.1935096153846154
0 0.030048076923076924 0.47115384615384615 0.05889423076923077 0.23197115384615385
0 0.42788461538461536 0.5600961538461539 0.09014423076923077 0.2091346153846154
0 0.3737980769230769 0.7175480769230769 0.07451923076923077 0.15264423076923078
0 0.11778846153846154 0.7692307692307693 0.13701923076923078 0.2932692307692308
0 0.016826923076923076 0.8245192307692307 0.03365384615384615 0.30408653846153844
0 0.4675480769230769 0.7007211538461539 0.04326923076923077 0.15504807692307693
0 0.7079326923076923 0.44471153846153844 0.3425480769230769 0.1778846153846154
0 0.8774038461538461 0.6526442307692307 0.24519230769230768 0.4230769230769231
0 0.6069711538461539 0.7536057692307693 0.234375 0.43509615384615385