0 0.38221153846153844 0.29086538461538464 0.1814903846153846 0.28846153846153844
0 0.04326923076923077 0.2860576923076923 0.08653846153846154 0.2980769230769231
0 0.19471153846153846 0.28125 0.19110576923076922 0.3004807692307692
0 0.3713942307692308 0.07091346153846154 0.17668269230769232 0.14182692307692307
0 0.042067307692307696 0.06490384615384616 0.08413461538461539 0.12980769230769232
0 0.18870192307692307 0.057692307692307696 0.1935096153846154 0.1141826923076923
0 0.04326923076923077 0.5588942307692307 0.08653846153846154 0.23076923076923078
0 0.40024038461538464 0.5600961538461539 0.18870192307692307 0.2283653846153846
0 0.18629807692307693 0.5516826923076923 0.1935096153846154 0.2439903846153846
0 0.4879807692307692 0.32572115384615385 0.030048076923076924 0.234375
0 0.9795673076923077 0.17668269230769232 0.039663461538461536 0.1935096153846154
0 0.9002403846153846 0.15865384615384615 0.14182692307692307 0.1935096153846154
0 0.7764423076923077 0.14903846153846154 0.13221153846153846 0.17427884615384615
0 0.6526442307692307 0.12860576923076922 0.1346153846153846 0.18629807692307693
0 0.5492788461538461 0.12980769230769232 0.09495192307692307 0.18870192307692307
0 0.46153846153846156 0.9867788461538461 0.03365384615384615 0.026442307692307692
0 0.4879807692307692 0.9879807692307693 0.028846153846153848 0.02403846153846154
0 0.2860576923076923 0.9495192307692307 0.04807692307692308 0.10096153846153846
0 0.33052884615384615 0.9459134615384616 0.040865384615384616 0.10817307692307693
0 0.3713942307692308 0.9447115384615384 0.042067307692307696 0.109375
0 0.41225961538461536 0.9423076923076923 0.042067307692307696 0.1141826923076923
0 0.4495192307692308 0.9387019230769231 0.042067307692307696 0.12139423076923077
0 0.484375 0.9326923076923077 0.037259615384615384 0.1141826923076923
0 0.265625 0.8641826923076923 0.04447115384615385 0.13221153846153846
0 0.3125 0.8557692307692307 0.046875 0.12379807692307693
0 0.3545673076923077 0.8497596153846154 0.042067307692307696 0.12139423076923077
0 0.3954326923076923 0.8497596153846154 0.042067307692307696 0.12139423076923077
0 0.4338942307692308 0.8449519230769231 0.039663461538461536 0.12139423076923077
0 0.49399038461538464 0.8425480769230769 0.016826923076923076 0.11177884615384616
0 0.46875 0.8413461538461539 0.042067307692307696 0.11899038461538461
0 0.24639423076923078 0.7548076923076923 0.046875 0.13221153846153846
0 0.2920673076923077 0.7512019230769231 0.042067307692307696 0.12740384615384615
0 0.33533653846153844 0.75 0.042067307692307696 0.13221153846153846
0 0.48677884615384615 0.7463942307692307 0.03245192307692308 0.1141826923076923
0 0.453125 0.7475961538461539 0.039663461538461536 0.11899038461538461
0 0.41586538461538464 0.7475961538461539 0.042067307692307696 0.12379807692307693
0 0.3762019230769231 0.7475961538461539 0.042067307692307696 0.12740384615384615
0 0.46875 0.6899038461538461 0.037259615384615384 0.03245192307692308
0 0.3954326923076923 0.6899038461538461 0.039663461538461536 0.03245192307692308
0 0.22115384615384615 0.6923076923076923 0.04927884615384615 0.037259615384615384
0 0.4326923076923077 0.6887019230769231 0.039663461538461536 0.030048076923076924
0 0.35697115384615385 0.6875 0.042067307692307696 0.027644230769230768
0 0.3137019230769231 0.6899038461538461 0.04447115384615385 0.03245192307692308
0 0.2668269230769231 0.6899038461538461 0.046875 0.03245192307692308
0 0.6418269230769231 0.8185096153846154 0.13701923076923078 0.13942307692307693
0 0.5336538461538461 0.7980769230769231 0.0625 0.13942307692307693
0 0.8798076923076923 0.7283653846153846 0.14182692307692307 0.109375
0 0.7331730769230769 0.7235576923076923 0.14182692307692307 0.09975961538461539
0 0.5829326923076923 0.7115384615384616 0.14182692307692307 0.07451923076923077