0 0.6009615384615384 0.109375 0.22716346153846154 0.21754807692307693
0 0.265625 0.6057692307692307 0.19591346153846154 0.1466346153846154
0 0.3858173076923077 0.2668269230769231 0.22235576923076922 0.4182692307692308
0 0.38822115384615385 0.039663461538461536 0.21754807692307693 0.07932692307692307
0 0.057692307692307696 0.09495192307692307 0.11538461538461539 0.18990384615384615
0 0.14182692307692307 0.19110576923076922 0.17548076923076922 0.38100961538461536
0 0.1141826923076923 0.5276442307692307 0.15865384615384615 0.3016826923076923
0 0.03245192307692308 0.5420673076923077 0.06490384615384616 0.27283653846153844
0 0.6057692307692307 0.39903846153846156 0.21995192307692307 0.4651442307692308
0 0.4891826923076923 0.9603365384615384 0.20072115384615385 0.07932692307692307
0 0.13822115384615385 0.9086538461538461 0.2764423076923077 0.18269230769230768
0 0.7379807692307693 0.9543269230769231 0.04447115384615385 0.09134615384615384
0 0.8185096153846154 0.953125 0.10697115384615384 0.09375
0 0.9290865384615384 0.9519230769230769 0.10096153846153846 0.09615384615384616
0 0.7632211538461539 0.84375 0.09615384615384616 0.15865384615384615
0 0.8737980769230769 0.84375 0.10697115384615384 0.15144230769230768
0 0.9651442307692307 0.8401442307692307 0.06971153846153846 0.15625
0 0.8161057692307693 0.7319711538461539 0.10697115384615384 0.10697115384615384
0 0.7355769230769231 0.7307692307692307 0.039663461538461536 0.10336538461538461
0 0.9242788461538461 0.7283653846153846 0.10697115384615384 0.10096153846153846