0 0.7776442307692307 0.2824519230769231 0.10216346153846154 0.1622596153846154
0 0.4567307692307692 0.2932692307692308 0.109375 0.15985576923076922
0 0.5649038461538461 0.2956730769230769 0.10216346153846154 0.1502403846153846
0 0.9567307692307693 0.30408653846153844 0.08653846153846154 0.1466346153846154
0 0.14783653846153846 0.30528846153846156 0.09975961538461539 0.15504807692307693
0 0.8725961538461539 0.3076923076923077 0.09975961538461539 0.15504807692307693
0 0.6790865384615384 0.3088942307692308 0.11177884615384616 0.17427884615384615
0 0.35697115384615385 0.31490384615384615 0.09735576923076923 0.15264423076923078
0 0.26322115384615385 0.3173076923076923 0.09014423076923077 0.14302884615384615
0 0.06129807692307692 0.3245192307692308 0.09014423076923077 0.14543269230769232
0 0.5673076923076923 0.03365384615384615 0.10096153846153846 0.0673076923076923
0 0.04927884615384615 0.038461538461538464 0.0985576923076923 0.07692307692307693
0 0.1658653846153846 0.039663461538461536 0.09615384615384616 0.07932692307692307
0 0.7620192307692307 0.04447115384615385 0.09134615384615384 0.0889423076923077
0 0.4675480769230769 0.04447115384615385 0.0985576923076923 0.0889423076923077
0 0.7980769230769231 0.45913461538461536 0.10216346153846154 0.1622596153846154
0 0.47596153846153844 0.46033653846153844 0.1045673076923077 0.15985576923076922
0 0.1466346153846154 0.4639423076923077 0.10216346153846154 0.16466346153846154
0 0.5829326923076923 0.4651442307692308 0.10216346153846154 0.15985576923076922
0 0.9651442307692307 0.4639423076923077 0.06971153846153846 0.15384615384615385
0 0.890625 0.46634615384615385 0.09495192307692307 0.15264423076923078
0 0.36658653846153844 0.4723557692307692 0.10216346153846154 0.1622596153846154
0 0.2536057692307692 0.4723557692307692 0.10216346153846154 0.1622596153846154
0 0.054086538461538464 0.47475961538461536 0.09254807692307693 0.15504807692307693
0 0.6923076923076923 0.48677884615384615 0.10697115384615384 0.16466346153846154
0 0.6706730769230769 0.04927884615384615 0.10096153846153846 0.0985576923076923
0 0.37259615384615385 0.04927884615384615 0.09134615384615384 0.0985576923076923
0 0.9447115384615384 0.04927884615384615 0.09134615384615384 0.0985576923076923
0 0.8521634615384616 0.05048076923076923 0.0889423076923077 0.10096153846153846
0 0.28125 0.054086538461538464 0.09615384615384616 0.10817307692307693
0 0.47475961538461536 0.6274038461538461 0.1141826923076923 0.16466346153846154
0 0.15384615384615385 0.6286057692307693 0.1045673076923077 0.1622596153846154
0 0.8185096153846154 0.6358173076923077 0.10697115384615384 0.17427884615384615
0 0.9302884615384616 0.6370192307692307 0.109375 0.16947115384615385
0 0.2548076923076923 0.6382211538461539 0.09975961538461539 0.16466346153846154
0 0.04807692307692308 0.6370192307692307 0.09615384615384616 0.15865384615384615
0 0.5889423076923077 0.6442307692307693 0.1141826923076923 0.16947115384615385
0 0.3545673076923077 0.6502403846153846 0.11177884615384616 0.17427884615384615
0 0.7127403846153846 0.6706730769230769 0.1141826923076923 0.17668269230769232
0 0.03485576923076923 0.7908653846153846 0.06971153846153846 0.15865384615384615
0 0.9050480769230769 0.7944711538461539 0.09014423076923077 0.15264423076923078
0 0.125 0.8064903846153846 0.1045673076923077 0.1622596153846154
0 0.46153846153846156 0.8233173076923077 0.11177884615384616 0.16466346153846154
0 0.22956730769230768 0.8293269230769231 0.11177884615384616 0.16706730769230768
0 0.5769230769230769 0.8365384615384616 0.11658653846153846 0.16706730769230768
0 0.84375 0.84375 0.11899038461538461 0.18389423076923078
0 0.34615384615384615 0.8461538461538461 0.11658653846153846 0.16947115384615385
0 0.7079326923076923 0.8786057692307693 0.12620192307692307 0.1814903846153846
0 0.09495192307692307 0.953125 0.11298076923076923 0.09375
0 0.5853365384615384 0.140625 0.1045673076923077 0.15504807692307693
0 0.7704326923076923 0.15865384615384615 0.09014423076923077 0.12620192307692307
0 0.4831730769230769 0.15865384615384615 0.09975961538461539 0.14543269230769232
0 0.9675480769230769 0.15985576923076922 0.06490384615384616 0.1466346153846154
0 0.38822115384615385 0.1622596153846154 0.09254807692307693 0.13822115384615385
0 0.18629807692307693 0.1658653846153846 0.09495192307692307 0.14302884615384615
0 0.8762019230769231 0.16826923076923078 0.09014423076923077 0.13341346153846154
0 0.6826923076923077 0.17067307692307693 0.09735576923076923 0.13822115384615385
0 0.28725961538461536 0.17668269230769232 0.09735576923076923 0.14302884615384615
0 0.09615384615384616 0.18269230769230768 0.08774038461538461 0.140625
0 0.2403846153846154 0.9699519230769231 0.12139423076923077 0.06009615384615385
0 0.3473557692307692 0.9879807692307693 0.11177884615384616 0.02403846153846154
0 0.4735576923076923 0.9855769230769231 0.11177884615384616 0.028846153846153848
0 0.5985576923076923 0.9747596153846154 0.1141826923076923 0.05048076923076923
0 0.84375 0.9771634615384616 0.11899038461538461 0.04567307692307692
0 0.9627403846153846 0.9855769230769231 0.07451923076923077 0.028846153846153848
0 0.016826923076923076 0.9579326923076923 0.03365384615384615 0.08413461538461539
0 0.9771634615384616 0.6322115384615384 0.04567307692307692 0.15745192307692307