0 0.38221153846153844 0.2920673076923077 0.18028846153846154 0.28725961538461536
0 0.04447115384615385 0.28725961538461536 0.0889423076923077 0.296875
0 0.1971153846153846 0.2824519230769231 0.19110576923076922 0.29927884615384615
0 0.37259615384615385 0.07211538461538461 0.17548076923076922 0.14302884615384615
0 0.04326923076923077 0.06610576923076923 0.08653846153846154 0.1310096153846154
0 0.18990384615384615 0.057692307692307696 0.19230769230769232 0.11538461538461539
0 0.04447115384615385 0.5576923076923077 0.0889423076923077 0.23076923076923078
0 0.4014423076923077 0.5588942307692307 0.18870192307692307 0.22716346153846154
0 0.18870192307692307 0.5516826923076923 0.1935096153846154 0.24278846153846154
0 0.4879807692307692 0.3269230769230769 0.030048076923076924 0.23317307692307693
0 0.9783653846153846 0.1778846153846154 0.042067307692307696 0.1935096153846154
0 0.8990384615384616 0.16105769230769232 0.140625 0.1935096153846154
0 0.7752403846153846 0.15144230769230768 0.1310096153846154 0.17307692307692307
0 0.6526442307692307 0.12980769230769232 0.13341346153846154 0.18509615384615385
0 0.5492788461538461 0.1310096153846154 0.09375 0.18870192307692307
0 0.46153846153846156 0.9855769230769231 0.03365384615384615 0.028846153846153848
0 0.4879807692307692 0.9867788461538461 0.028846153846153848 0.026442307692307692
0 0.28846153846153844 0.9495192307692307 0.046875 0.10096153846153846
0 0.3317307692307692 0.9447115384615384 0.04326923076923077 0.11057692307692307
0 0.3713942307692308 0.9435096153846154 0.040865384615384616 0.11298076923076923
0 0.4110576923076923 0.9411057692307693 0.04326923076923077 0.11778846153846154
0 0.4483173076923077 0.9375 0.040865384615384616 0.125
0 0.484375 0.9302884615384616 0.037259615384615384 0.1141826923076923
0 0.2668269230769231 0.8629807692307693 0.04447115384615385 0.1310096153846154
0 0.3137019230769231 0.8533653846153846 0.046875 0.12379807692307693
0 0.3557692307692308 0.8473557692307693 0.042067307692307696 0.12139423076923077
0 0.39663461538461536 0.8473557692307693 0.042067307692307696 0.12139423076923077
0 0.4338942307692308 0.8425480769230769 0.039663461538461536 0.12139423076923077
0 0.49399038461538464 0.8401442307692307 0.016826923076923076 0.11177884615384616
0 0.46875 0.8389423076923077 0.042067307692307696 0.11899038461538461
0 0.24759615384615385 0.7536057692307693 0.046875 0.1310096153846154
0 0.2932692307692308 0.75 0.042067307692307696 0.12620192307692307
0 0.33653846153846156 0.7487980769230769 0.042067307692307696 0.1310096153846154
0 0.48677884615384615 0.7451923076923077 0.03245192307692308 0.1141826923076923
0 0.453125 0.7463942307692307 0.039663461538461536 0.11899038461538461
0 0.41586538461538464 0.7463942307692307 0.042067307692307696 0.12379807692307693
0 0.3762019230769231 0.7463942307692307 0.042067307692307696 0.12620192307692307
0 0.46875 0.6899038461538461 0.037259615384615384 0.03245192307692308
0 0.39663461538461536 0.6899038461538461 0.039663461538461536 0.03245192307692308
0 0.22235576923076922 0.6923076923076923 0.04927884615384615 0.037259615384615384
0 0.4326923076923077 0.6887019230769231 0.039663461538461536 0.030048076923076924
0 0.3581730769230769 0.6862980769230769 0.042067307692307696 0.027644230769230768
0 0.31490384615384615 0.6899038461538461 0.04447115384615385 0.03245192307692308
0 0.26802884615384615 0.6899038461538461 0.046875 0.03245192307692308
0 0.640625 0.8173076923076923 0.13581730769230768 0.13822115384615385
0 0.5336538461538461 0.796875 0.06129807692307692 0.13822115384615385
0 0.8774038461538461 0.7271634615384616 0.140625 0.109375
0 0.7319711538461539 0.7223557692307693 0.140625 0.0985576923076923
0 0.5829326923076923 0.7103365384615384 0.140625 0.07451923076923077