0 0.10576923076923077 0.21514423076923078 0.18990384615384615 0.29086538461538464
0 0.3004807692307692 0.18389423076923078 0.2091346153846154 0.296875
0 0.10096153846153846 0.027644230769230768 0.18269230769230768 0.055288461538461536
0 0.29447115384615385 0.010817307692307692 0.1875 0.021634615384615384
0 0.7620192307692307 0.3485576923076923 0.1814903846153846 0.1045673076923077
0 0.9290865384615384 0.34134615384615385 0.14182692307692307 0.1201923076923077
0 0.5 0.21634615384615385 0.14423076923076922 0.2403846153846154
0 0.6586538461538461 0.19230769230769232 0.17668269230769232 0.2536057692307692
0 0.9675480769230769 0.17427884615384615 0.06370192307692307 0.24639423076923078
0 0.8413461538461539 0.16947115384615385 0.17908653846153846 0.2512019230769231
0 0.7415865384615384 0.06610576923076923 0.16826923076923078 0.1310096153846154
0 0.9146634615384616 0.055288461538461536 0.17067307692307693 0.109375
0 0.45552884615384615 0.046875 0.056490384615384616 0.09375
0 0.5697115384615384 0.04326923076923077 0.17067307692307693 0.08533653846153846
0 0.3317307692307692 0.8076923076923077 0.19230769230769232 0.3798076923076923
0 0.11899038461538461 0.8016826923076923 0.23798076923076922 0.3737980769230769
0 0.052884615384615384 0.5360576923076923 0.10576923076923077 0.27403846153846156
0 0.24158653846153846 0.5360576923076923 0.2536057692307692 0.2704326923076923
0 0.057692307692307696 0.9699519230769231 0.11538461538461539 0.06009615384615385
0 0.23918269230769232 0.9699519230769231 0.25240384615384615 0.06009615384615385
0 0.5348557692307693 0.9903846153846154 0.04326923076923077 0.019230769230769232
0 0.6947115384615384 0.9891826923076923 0.04326923076923077 0.021634615384615384
0 0.4951923076923077 0.9855769230769231 0.04326923076923077 0.028846153846153848
0 0.6502403846153846 0.9807692307692307 0.04326923076923077 0.037259615384615384
0 0.6069711538461539 0.9747596153846154 0.04326923076923077 0.05048076923076923
0 0.7692307692307693 0.9711538461538461 0.04326923076923077 0.057692307692307696
0 0.5661057692307693 0.9675480769230769 0.039663461538461536 0.06370192307692307
0 0.7259615384615384 0.9639423076923077 0.04326923076923077 0.06370192307692307
0 0.5252403846153846 0.9507211538461539 0.04326923076923077 0.06129807692307692
0 0.6838942307692307 0.9495192307692307 0.04326923076923077 0.06370192307692307
0 0.484375 0.9423076923076923 0.04326923076923077 0.06370192307692307
0 0.6418269230769231 0.9326923076923077 0.04326923076923077 0.05889423076923077
0 0.5985576923076923 0.9170673076923077 0.04326923076923077 0.05889423076923077
0 0.7584134615384616 0.9158653846153846 0.04326923076923077 0.05889423076923077
0 0.7151442307692307 0.9014423076923077 0.039663461538461536 0.06129807692307692
0 0.5576923076923077 0.9014423076923077 0.04567307692307692 0.06129807692307692
0 0.5144230769230769 0.890625 0.04326923076923077 0.06370192307692307
0 0.671875 0.8858173076923077 0.04326923076923077 0.06129807692307692
0 0.47596153846153844 0.8798076923076923 0.04326923076923077 0.06370192307692307
0 0.6298076923076923 0.8689903846153846 0.04326923076923077 0.06370192307692307
0 0.7884615384615384 0.8677884615384616 0.04326923076923077 0.06370192307692307
0 0.7463942307692307 0.8533653846153846 0.04326923076923077 0.06129807692307692
0 0.5865384615384616 0.8533653846153846 0.04326923076923077 0.06129807692307692
0 0.703125 0.8413461538461539 0.04326923076923077 0.06370192307692307
0 0.5444711538461539 0.8401442307692307 0.04326923076923077 0.06129807692307692
0 0.9026442307692307 0.8257211538461539 0.1814903846153846 0.25961538461538464
0 0.6598557692307693 0.8257211538461539 0.04326923076923077 0.06129807692307692
0 0.4987980769230769 0.8161057692307693 0.04326923076923077 0.06129807692307692
0 0.6189903846153846 0.8052884615384616 0.04326923076923077 0.05889423076923077
0 0.7752403846153846 0.8052884615384616 0.04326923076923077 0.06129807692307692
0 0.734375 0.7932692307692307 0.039663461538461536 0.05889423076923077
0 0.5745192307692307 0.7932692307692307 0.04326923076923077 0.05889423076923077
0 0.6923076923076923 0.7752403846153846 0.04326923076923077 0.06129807692307692
0 0.5336538461538461 0.7740384615384616 0.04567307692307692 0.06129807692307692
0 0.4387019230769231 0.7728365384615384 0.021634615384615384 0.09134615384615384
0 0.6478365384615384 0.7620192307692307 0.04326923076923077 0.06129807692307692
0 0.6057692307692307 0.7463942307692307 0.04326923076923077 0.056490384615384616
0 0.7620192307692307 0.7331730769230769 0.04326923076923077 0.05889423076923077
0 0.7211538461538461 0.7283653846153846 0.04326923076923077 0.06370192307692307
0 0.5625 0.7247596153846154 0.04567307692307692 0.05889423076923077
0 0.6802884615384616 0.7091346153846154 0.04567307692307692 0.05889423076923077
0 0.6382211538461539 0.703125 0.04326923076923077 0.05889423076923077
0 0.45552884615384615 0.6911057692307693 0.056490384615384616 0.08774038461538461
0 0.5949519230769231 0.6826923076923077 0.04326923076923077 0.06129807692307692
0 0.7524038461538461 0.6694711538461539 0.04326923076923077 0.05889423076923077
0 0.7115384615384616 0.6598557692307693 0.039663461538461536 0.06129807692307692
0 0.8112980769230769 0.6418269230769231 0.05889423076923077 0.0829326923076923
0 0.5360576923076923 0.6394230769230769 0.05048076923076923 0.07211538461538461
0 0.6694711538461539 0.6310096153846154 0.04326923076923077 0.06129807692307692
0 0.6262019230769231 0.6298076923076923 0.04326923076923077 0.05889423076923077
0 0.9387019230769231 0.6274038461538461 0.06129807692307692 0.09134615384615384
0 0.8762019230769231 0.6213942307692307 0.06129807692307692 0.08774038461538461
0 0.44350961538461536 0.6213942307692307 0.03245192307692308 0.0829326923076923
0 0.9867788461538461 0.609375 0.026442307692307692 0.08533653846153846
0 0.5841346153846154 0.6081730769230769 0.05048076923076923 0.07211538461538461
0 0.4951923076923077 0.5925480769230769 0.052884615384615384 0.07211538461538461
0 0.9603365384615384 0.578125 0.056490384615384616 0.07211538461538461
0 0.6310096153846154 0.5757211538461539 0.052884615384615384 0.0673076923076923
0 0.7776442307692307 0.5745192307692307 0.05889423076923077 0.08052884615384616
0 0.9014423076923077 0.5721153846153846 0.05889423076923077 0.078125
0 0.6838942307692307 0.5600961538461539 0.052884615384615384 0.06971153846153846
0 0.8413461538461539 0.5600961538461539 0.05889423076923077 0.078125
0 0.5432692307692307 0.5576923076923077 0.052884615384615384 0.07451923076923077
0 0.5048076923076923 0.5192307692307693 0.052884615384615384 0.07211538461538461
0 0.6466346153846154 0.5108173076923077 0.05048076923076923 0.06971153846153846
0 0.9819711538461539 0.4987980769230769 0.036057692307692304 0.07932692307692307
0 0.8701923076923077 0.49759615384615385 0.06129807692307692 0.0829326923076923
0 0.9326923076923077 0.4951923076923077 0.06129807692307692 0.0829326923076923
0 0.7944711538461539 0.49278846153846156 0.05889423076923077 0.08052884615384616
0 0.5552884615384616 0.49158653846153844 0.05048076923076923 0.07211538461538461
0 0.6983173076923077 0.49038461538461536 0.05048076923076923 0.06971153846153846
0 0.6081730769230769 0.4639423076923077 0.05048076923076923 0.06971153846153846
0 0.46033653846153844 0.4423076923076923 0.05048076923076923 0.07211538461538461
0 0.5132211538461539 0.4387019230769231 0.05048076923076923 0.07211538461538461
0 0.6538461538461539 0.43149038461538464 0.05048076923076923 0.06129807692307692
0 0.5685096153846154 0.42427884615384615 0.05048076923076923 0.04567307692307692
0 0.8810096153846154 0.4254807692307692 0.06129807692307692 0.04807692307692308
0 0.8197115384615384 0.4254807692307692 0.056490384615384616 0.04807692307692308
0 0.9495192307692307 0.42427884615384615 0.05889423076923077 0.04567307692307692
0 0.9903846153846154 0.421875 0.019230769230769232 0.04326923076923077
0 0.7007211538461539 0.41466346153846156 0.052884615384615384 0.026442307692307692
0 0.6165865384615384 0.41225961538461536 0.05048076923076923 0.021634615384615384
0 0.9002403846153846 0.9735576923076923 0.18990384615384615 0.052884615384615384