0 0.40024038461538464 0.3233173076923077 0.20793269230769232 0.3269230769230769
0 0.5997596153846154 0.32091346153846156 0.19110576923076922 0.31971153846153844
0 0.1778846153846154 0.3137019230769231 0.21033653846153846 0.3245192307692308
0 0.03485576923076923 0.28846153846153844 0.06971153846153846 0.3245192307692308
0 0.2920673076923077 0.10336538461538461 0.2091346153846154 0.20673076923076922
0 0.6550480769230769 0.10096153846153846 0.07932692307692307 0.20192307692307693
0 0.5084134615384616 0.10216346153846154 0.2091346153846154 0.20432692307692307
0 0.09254807692307693 0.08413461538461539 0.18509615384615385 0.16826923076923078
0 0.9350961538461539 0.2644230769230769 0.05889423076923077 0.09375
0 0.9819711538461539 0.23918269230769232 0.036057692307692304 0.10817307692307693
0 0.8641826923076923 0.23317307692307693 0.06971153846153846 0.109375
0 0.8990384615384616 0.16947115384615385 0.06129807692307692 0.09134615384615384
0 0.9639423076923077 0.1310096153846154 0.07211538461538461 0.109375
0 0.8209134615384616 0.11658653846153846 0.07451923076923077 0.11177884615384616
0 0.9831730769230769 0.0829326923076923 0.03365384615384615 0.0889423076923077
0 0.8064903846153846 0.06490384615384616 0.056490384615384616 0.07451923076923077
0 0.8677884615384616 0.057692307692307696 0.06129807692307692 0.09615384615384616
0 0.9302884615384616 0.055288461538461536 0.06490384615384616 0.0985576923076923
0 0.7211538461538461 0.019230769230769232 0.052884615384615384 0.038461538461538464
0 0.9026442307692307 0.013221153846153846 0.06009615384615385 0.026442307692307692
0 0.7776442307692307 0.010817307692307692 0.05048076923076923 0.021634615384615384
0 0.9639423076923077 0.002403846153846154 0.07211538461538461 0.004807692307692308
0 0.037259615384615384 0.7331730769230769 0.07451923076923077 0.32211538461538464
0 0.37259615384615385 0.7319711538461539 0.18269230769230768 0.296875
0 0.18028846153846154 0.7307692307692307 0.19110576923076922 0.3088942307692308
0 0.5673076923076923 0.7247596153846154 0.18870192307692307 0.30408653846153844
0 0.09014423076923077 0.5829326923076923 0.18028846153846154 0.07211538461538461
0 0.4639423076923077 0.578125 0.17067307692307693 0.06129807692307692
0 0.27884615384615385 0.5817307692307693 0.18509615384615385 0.06971153846153846
0 0.0829326923076923 0.9254807692307693 0.1658653846153846 0.14903846153846154
0 0.27524038461538464 0.9170673076923077 0.1935096153846154 0.1658653846153846
0 0.6370192307692307 0.9134615384615384 0.11658653846153846 0.17307692307692307
0 0.4723557692307692 0.9134615384615384 0.19831730769230768 0.17307692307692307
0 0.9194711538461539 0.9002403846153846 0.16105769230769232 0.19951923076923078
0 0.8521634615384616 0.6370192307692307 0.19591346153846154 0.18028846153846154