0 0.02403846153846154 0.25841346153846156 0.04807692307692308 0.22716346153846154
0 0.020432692307692308 0.08413461538461539 0.040865384615384616 0.16826923076923078
0 0.27403846153846156 0.14182692307692307 0.125 0.28365384615384615
0 0.18389423076923078 0.22716346153846154 0.17908653846153846 0.29086538461538464
0 0.49759615384615385 0.08052884615384616 0.036057692307692304 0.16105769230769232
0 0.38100961538461536 0.11177884615384616 0.11778846153846154 0.22355769230769232
0 0.12740384615384615 0.037259615384615384 0.17307692307692307 0.07451923076923077
0 0.38341346153846156 0.296875 0.1201923076923077 0.1502403846153846
0 0.47596153846153844 0.2644230769230769 0.07932692307692307 0.21634615384615385
0 0.6033653846153846 0.1875 0.17548076923076922 0.3701923076923077
0 0.6742788461538461 0.02283653846153846 0.2776442307692308 0.04567307692307692
0 0.4639423076923077 0.9519230769230769 0.10096153846153846 0.09615384615384616
0 0.1045673076923077 0.9447115384615384 0.12740384615384615 0.109375
0 0.35336538461538464 0.9447115384615384 0.125 0.109375
0 0.02283653846153846 0.9507211538461539 0.04567307692307692 0.0985576923076923
0 0.22596153846153846 0.9483173076923077 0.11538461538461539 0.10336538461538461
0 0.02403846153846154 0.8112980769230769 0.04807692307692308 0.17908653846153846
0 0.4639423076923077 0.8052884615384616 0.10216346153846154 0.19591346153846154
0 0.35336538461538464 0.8040865384615384 0.11538461538461539 0.16826923076923078
0 0.10216346153846154 0.8028846153846154 0.11778846153846154 0.17067307692307693
0 0.2283653846153846 0.7980769230769231 0.12980769230769232 0.19591346153846154
0 0.46153846153846156 0.6310096153846154 0.10697115384615384 0.16105769230769232
0 0.01201923076923077 0.625 0.02283653846153846 0.15865384615384615
0 0.21514423076923078 0.6262019230769231 0.11538461538461539 0.1658653846153846
0 0.09134615384615384 0.6237980769230769 0.12980769230769232 0.18389423076923078
0 0.3401442307692308 0.6237980769230769 0.12980769230769232 0.19110576923076922
0 0.009615384615384616 0.4543269230769231 0.019230769230769232 0.16346153846153846
0 0.2127403846153846 0.4519230769230769 0.12980769230769232 0.15865384615384615
0 0.46274038461538464 0.45072115384615385 0.1045673076923077 0.15504807692307693
0 0.08533653846153846 0.44350961538461536 0.11538461538461539 0.14302884615384615
0 0.3389423076923077 0.44350961538461536 0.11778846153846154 0.14302884615384615
0 0.6057692307692307 0.7067307692307693 0.16826923076923078 0.3004807692307692
0 0.8425480769230769 0.6526442307692307 0.17307692307692307 0.30408653846153844
0 0.9795673076923077 0.6081730769230769 0.040865384615384616 0.3137019230769231
0 0.609375 0.4519230769230769 0.16826923076923078 0.15865384615384615
0 0.8834134615384616 0.43149038461538464 0.1814903846153846 0.11778846153846154
0 0.9242788461538461 0.8930288461538461 0.1502403846153846 0.21394230769230768
0 0.7536057692307693 0.8918269230769231 0.17067307692307693 0.21634615384615385