0 0.34975961538461536 0.2608173076923077 0.19471153846153846 0.3088942307692308
0 0.016826923076923076 0.2536057692307692 0.03365384615384615 0.31971153846153844
0 0.1502403846153846 0.25 0.20432692307692307 0.32211538461538464
0 0.3389423076923077 0.05048076923076923 0.18870192307692307 0.10096153846153846
0 0.14302884615384615 0.036057692307692304 0.20793269230769232 0.07211538461538461
0 0.016826923076923076 0.546875 0.03365384615384615 0.24759615384615385
0 0.3701923076923077 0.5480769230769231 0.20192307692307693 0.24519230769230768
0 0.140625 0.5396634615384616 0.20793269230769232 0.2608173076923077
0 0.46274038461538464 0.2980769230769231 0.03245192307692308 0.25
0 0.9831730769230769 0.13701923076923078 0.03365384615384615 0.20673076923076922
0 0.9038461538461539 0.1201923076923077 0.15144230769230768 0.20793269230769232
0 0.7716346153846154 0.109375 0.140625 0.18629807692307693
0 0.6370192307692307 0.09254807692307693 0.14423076923076922 0.18509615384615385
0 0.5288461538461539 0.09495192307692307 0.10096153846153846 0.18870192307692307
0 0.43509615384615385 0.9951923076923077 0.038461538461538464 0.009615384615384616
0 0.24879807692307693 0.9555288461538461 0.05048076923076923 0.08774038461538461
0 0.296875 0.9519230769230769 0.04567307692307692 0.09615384615384616
0 0.3389423076923077 0.9507211538461539 0.04567307692307692 0.0985576923076923
0 0.38221153846153844 0.9483173076923077 0.04567307692307692 0.10336538461538461
0 0.421875 0.9435096153846154 0.04567307692307692 0.11298076923076923
0 0.45913461538461536 0.9423076923076923 0.039663461538461536 0.1141826923076923
0 0.22596153846153846 0.8737980769230769 0.04807692307692308 0.140625
0 0.27524038461538464 0.8641826923076923 0.05048076923076923 0.13341346153846154
0 0.32091346153846156 0.8581730769230769 0.04567307692307692 0.12980769230769232
0 0.3641826923076923 0.8581730769230769 0.04567307692307692 0.12980769230769232
0 0.4050480769230769 0.8521634615384616 0.042067307692307696 0.12980769230769232
0 0.4699519230769231 0.8497596153846154 0.018028846153846152 0.1201923076923077
0 0.4423076923076923 0.8485576923076923 0.04567307692307692 0.12740384615384615
0 0.20432692307692307 0.7572115384615384 0.05048076923076923 0.140625
0 0.2536057692307692 0.7524038461538461 0.04567307692307692 0.13581730769230768
0 0.3004807692307692 0.7512019230769231 0.04567307692307692 0.140625
0 0.46153846153846156 0.7475961538461539 0.03485576923076923 0.12259615384615384
0 0.4254807692307692 0.7487980769230769 0.042067307692307696 0.12740384615384615
0 0.3858173076923077 0.7487980769230769 0.04567307692307692 0.13341346153846154
0 0.3425480769230769 0.7487980769230769 0.04567307692307692 0.13581730769230768
0 0.4423076923076923 0.6875 0.039663461538461536 0.03485576923076923
0 0.3641826923076923 0.6875 0.042067307692307696 0.03485576923076923
0 0.1778846153846154 0.6899038461538461 0.052884615384615384 0.039663461538461536
0 0.40384615384615385 0.6862980769230769 0.042067307692307696 0.03245192307692308
0 0.3233173076923077 0.6850961538461539 0.04567307692307692 0.028846153846153848
0 0.2764423076923077 0.6875 0.04807692307692308 0.03485576923076923
0 0.22716346153846154 0.6875 0.05048076923076923 0.03485576923076923
0 0.6274038461538461 0.8245192307692307 0.1466346153846154 0.14903846153846154
0 0.5120192307692307 0.8028846153846154 0.06610576923076923 0.14903846153846154
0 0.8822115384615384 0.7283653846153846 0.15144230769230768 0.11658653846153846
0 0.7247596153846154 0.7235576923076923 0.15144230769230768 0.10697115384615384
0 0.5649038461538461 0.7103365384615384 0.15144230769230768 0.07932692307692307