0 0.20552884615384615 0.18629807692307693 0.27163461538461536 0.37259615384615385
0 0.025240384615384616 0.34975961538461536 0.05048076923076923 0.5120192307692307
0 0.12620192307692307 0.5408653846153846 0.25240384615384615 0.13942307692307693
0 0.4567307692307692 0.18269230769230768 0.06490384615384616 0.14182692307692307
0 0.5661057692307693 0.2920673076923077 0.036057692307692304 0.07932692307692307
0 0.6213942307692307 0.3137019230769231 0.07932692307692307 0.14903846153846154
0 0.9903846153846154 0.32091346153846156 0.018028846153846152 0.21394230769230768
0 0.7307692307692307 0.39783653846153844 0.09014423076923077 0.15745192307692307
0 0.8245192307692307 0.4423076923076923 0.09735576923076923 0.1622596153846154
0 0.3581730769230769 0.7127403846153846 0.08774038461538461 0.203125
0 0.22716346153846154 0.7175480769230769 0.19110576923076922 0.21394230769230768
0 0.07091346153846154 0.7151442307692307 0.14182692307692307 0.2091346153846154
0 0.03245192307692308 0.9567307692307693 0.06490384615384616 0.08653846153846154
0 0.15625 0.9435096153846154 0.1935096153846154 0.11298076923076923
0 0.32091346153846156 0.9447115384615384 0.1622596153846154 0.11057692307692307
0 0.828125 0.6995192307692307 0.13701923076923078 0.1778846153846154
0 0.6141826923076923 0.7259615384615384 0.12860576923076922 0.2091346153846154
0 0.96875 0.7680288461538461 0.06129807692307692 0.19591346153846154
0 0.7596153846153846 0.8713942307692307 0.1310096153846154 0.203125
0 0.8846153846153846 0.8774038461538461 0.12379807692307693 0.19110576923076922
0 0.5865384615384616 0.9278846153846154 0.12620192307692307 0.14423076923076922
0 0.44591346153846156 0.9675480769230769 0.08774038461538461 0.06490384615384616
0 0.9435096153846154 0.9723557692307693 0.11298076923076923 0.054086538461538464
0 0.7091346153846154 0.9735576923076923 0.14903846153846154 0.052884615384615384
0 0.9435096153846154 0.6322115384615384 0.11298076923076923 0.04326923076923077
0 0.7139423076923077 0.6454326923076923 0.1346153846153846 0.06971153846153846