0 0.9735576923076923 0.26802884615384615 0.052884615384615384 0.14423076923076922
0 0.8942307692307693 0.27163461538461536 0.0985576923076923 0.14423076923076922
0 0.7944711538461539 0.27283653846153844 0.0985576923076923 0.1466346153846154
0 0.6959134615384616 0.27524038461538464 0.09615384615384616 0.14423076923076922
0 0.3088942307692308 0.2764423076923077 0.09375 0.14423076923076922
0 0.40384615384615385 0.2776442307692308 0.09615384615384616 0.14182692307692307
0 0.03485576923076923 0.2776442307692308 0.06850961538461539 0.1346153846153846
0 0.11538461538461539 0.2776442307692308 0.09375 0.13701923076923078
0 0.5973557692307693 0.27884615384615385 0.09375 0.13942307692307693
0 0.21394230769230768 0.2800480769230769 0.09134615384615384 0.13701923076923078
0 0.5 0.28125 0.09375 0.14182692307692307
0 0.9411057692307693 0.4026442307692308 0.0985576923076923 0.14423076923076922
0 0.8413461538461539 0.40384615384615385 0.09375 0.14423076923076922
0 0.35697115384615385 0.40384615384615385 0.09134615384615384 0.13701923076923078
0 0.16706730769230768 0.4050480769230769 0.09375 0.13942307692307693
0 0.07451923076923077 0.4050480769230769 0.09375 0.1346153846153846
0 0.5480769230769231 0.40625 0.09375 0.14182692307692307
0 0.453125 0.40625 0.09375 0.13942307692307693
0 0.7427884615384616 0.40625 0.09615384615384616 0.13942307692307693
0 0.2620192307692308 0.4074519230769231 0.0889423076923077 0.12980769230769232
0 0.6430288461538461 0.40865384615384615 0.09134615384615384 0.13942307692307693
0 0.9795673076923077 0.036057692307692304 0.040865384615384616 0.07091346153846154
0 0.1201923076923077 0.5264423076923077 0.09615384615384616 0.14182692307692307
0 0.037259615384615384 0.5264423076923077 0.0733173076923077 0.13942307692307693
0 0.21514423076923078 0.5276442307692307 0.09375 0.14182692307692307
0 0.31009615384615385 0.5288461538461539 0.09134615384615384 0.14182692307692307
0 0.5949519230769231 0.5288461538461539 0.09134615384615384 0.13942307692307693
0 0.5 0.5300480769230769 0.09134615384615384 0.13942307692307693
0 0.4050480769230769 0.5300480769230769 0.09134615384615384 0.14423076923076922
0 0.7884615384615384 0.5300480769230769 0.09375 0.13942307692307693
0 0.8858173076923077 0.53125 0.09615384615384616 0.13942307692307693
0 0.6923076923076923 0.53125 0.09375 0.14182692307692307
0 0.9675480769230769 0.53125 0.06490384615384616 0.13942307692307693
0 0.19951923076923078 0.038461538461538464 0.0985576923076923 0.07572115384615384
0 0.6009615384615384 0.038461538461538464 0.10096153846153846 0.07572115384615384
0 0.6995192307692307 0.038461538461538464 0.0985576923076923 0.07572115384615384
0 0.8004807692307693 0.038461538461538464 0.0985576923076923 0.07572115384615384
0 0.29927884615384615 0.039663461538461536 0.09615384615384616 0.078125
0 0.9026442307692307 0.039663461538461536 0.0985576923076923 0.078125
0 0.10336538461538461 0.038461538461538464 0.0985576923076923 0.07572115384615384
0 0.5 0.040865384615384616 0.09615384615384616 0.08173076923076923
0 0.40384615384615385 0.04326923076923077 0.09615384615384616 0.08653846153846154
0 0.078125 0.6502403846153846 0.0889423076923077 0.13701923076923078
0 0.640625 0.6514423076923077 0.09134615384615384 0.1346153846153846
0 0.16947115384615385 0.6526442307692307 0.09134615384615384 0.14182692307692307
0 0.2644230769230769 0.6526442307692307 0.09134615384615384 0.13942307692307693
0 0.014423076923076924 0.6514423076923077 0.027644230769230768 0.12379807692307693
0 0.3581730769230769 0.6526442307692307 0.0889423076923077 0.13942307692307693
0 0.4543269230769231 0.6538461538461539 0.09615384615384616 0.13701923076923078
0 0.7379807692307693 0.6538461538461539 0.09375 0.13942307692307693
0 0.5480769230769231 0.6550480769230769 0.09134615384615384 0.13701923076923078
0 0.8377403846153846 0.6574519230769231 0.09615384615384616 0.14182692307692307
0 0.9338942307692307 0.6574519230769231 0.09375 0.14423076923076922
0 0.9891826923076923 0.65625 0.021634615384615384 0.14423076923076922
0 0.040865384615384616 0.7692307692307693 0.08173076923076923 0.14182692307692307
0 0.40625 0.7728365384615384 0.09134615384615384 0.13942307692307693
0 0.21995192307692307 0.7740384615384616 0.09375 0.13942307692307693
0 0.12379807692307693 0.7740384615384616 0.09134615384615384 0.14182692307692307
0 0.3125 0.7752403846153846 0.09375 0.13701923076923078
0 0.6887019230769231 0.7752403846153846 0.09134615384615384 0.13701923076923078
0 0.59375 0.7764423076923077 0.09134615384615384 0.13701923076923078
0 0.5 0.7764423076923077 0.09375 0.1346153846153846
0 0.7860576923076923 0.7788461538461539 0.09375 0.14182692307692307
0 0.8822115384615384 0.7788461538461539 0.09375 0.13942307692307693
0 0.9639423076923077 0.7776442307692307 0.07091346153846154 0.13942307692307693
0 0.015625 0.8918269230769231 0.030048076923076924 0.1346153846153846
0 0.265625 0.8942307692307693 0.09134615384615384 0.13942307692307693
0 0.07572115384615384 0.8954326923076923 0.09375 0.13942307692307693
0 0.17307692307692307 0.8954326923076923 0.09134615384615384 0.13942307692307693
0 0.453125 0.8954326923076923 0.09134615384615384 0.13942307692307693
0 0.5456730769230769 0.8954326923076923 0.09134615384615384 0.13701923076923078
0 0.359375 0.8990384615384616 0.09134615384615384 0.13701923076923078
0 0.7367788461538461 0.9002403846153846 0.09134615384615384 0.13701923076923078
0 0.640625 0.9002403846153846 0.09134615384615384 0.13701923076923078
0 0.8329326923076923 0.9026442307692307 0.09134615384615384 0.13701923076923078
0 0.9879807692307693 0.9026442307692307 0.02283653846153846 0.13942307692307693
0 0.9290865384615384 0.9038461538461539 0.09375 0.13942307692307693
0 0.038461538461538464 0.9723557692307693 0.07572115384615384 0.055288461538461536
0 0.12379807692307693 0.9723557692307693 0.09134615384615384 0.055288461538461536
0 0.21995192307692307 0.9735576923076923 0.09375 0.052884615384615384
0 0.5913461538461539 0.9735576923076923 0.09134615384615384 0.052884615384615384
0 0.3112980769230769 0.9735576923076923 0.09375 0.052884615384615384
0 0.4987980769230769 0.9735576923076923 0.09375 0.052884615384615384
0 0.4074519230769231 0.9759615384615384 0.09375 0.04807692307692308
0 0.78125 0.9747596153846154 0.09134615384615384 0.05048076923076923
0 0.6887019230769231 0.9747596153846154 0.09375 0.05048076923076923
0 0.9627403846153846 0.9747596153846154 0.0733173076923077 0.05048076923076923
0 0.8774038461538461 0.9783653846153846 0.09375 0.04326923076923077
0 0.9543269230769231 0.12980769230769232 0.09134615384615384 0.15264423076923078
0 0.8509615384615384 0.13581730769230768 0.09615384615384616 0.1502403846153846
0 0.6466346153846154 0.13822115384615385 0.09615384615384616 0.14182692307692307
0 0.7475961538461539 0.13942307692307693 0.0985576923076923 0.14423076923076922
0 0.15745192307692307 0.14302884615384615 0.09615384615384616 0.13942307692307693
0 0.4519230769230769 0.14423076923076922 0.09375 0.14182692307692307
0 0.25600961538461536 0.14423076923076922 0.09615384615384616 0.14182692307692307
0 0.3557692307692308 0.1466346153846154 0.09134615384615384 0.1466346153846154
0 0.06129807692307692 0.1466346153846154 0.09375 0.1346153846153846
0 0.5480769230769231 0.1502403846153846 0.09615384615384616 0.14182692307692307
0 0.02403846153846154 0.037259615384615384 0.04807692307692308 0.0733173076923077
0 0.014423076923076924 0.4026442307692308 0.027644230769230768 0.1346153846153846