0 0.20793269230769232 0.046875 0.19471153846153846 0.09375
0 0.11298076923076923 0.32572115384615385 0.19230769230769232 0.2704326923076923
0 0.25841346153846156 0.31971153846153844 0.09375 0.28125
0 0.43149038461538464 0.4014423076923077 0.12259615384615384 0.11778846153846154
0 0.33533653846153844 0.4050480769230769 0.05889423076923077 0.11057692307692307
0 0.5552884615384616 0.390625 0.12620192307692307 0.140625
0 0.671875 0.39302884615384615 0.10336538461538461 0.13581730769230768
0 0.7920673076923077 0.3870192307692308 0.12620192307692307 0.14783653846153846
0 0.9146634615384616 0.3918269230769231 0.11057692307692307 0.13822115384615385
0 0.4387019230769231 0.24879807692307693 0.11057692307692307 0.15504807692307693
0 0.3425480769230769 0.24759615384615385 0.0733173076923077 0.18028846153846154
0 0.5504807692307693 0.23918269230769232 0.10336538461538461 0.15985576923076922
0 0.6634615384615384 0.23557692307692307 0.12259615384615384 0.171875
0 0.9086538461538461 0.22716346153846154 0.12860576923076922 0.1875
0 0.7908653846153846 0.21514423076923078 0.10817307692307693 0.15985576923076922
0 0.44350961538461536 0.0829326923076923 0.10817307692307693 0.15745192307692307
0 0.5829326923076923 0.07211538461538461 0.10817307692307693 0.14423076923076922
0 0.3425480769230769 0.07572115384615384 0.0733173076923077 0.1502403846153846
0 0.828125 0.0673076923076923 0.10817307692307693 0.1346153846153846
0 0.703125 0.07091346153846154 0.12740384615384615 0.14182692307692307
0 0.9423076923076923 0.0673076923076923 0.11538461538461539 0.1346153846153846
0 0.9855769230769231 0.3701923076923077 0.028846153846153848 0.1778846153846154
0 0.984375 0.21754807692307693 0.03125 0.15144230769230768
0 0.15865384615384615 0.9723557692307693 0.2932692307692308 0.054086538461538464
0 0.07692307692307693 0.8786057692307693 0.15264423076923078 0.20432692307692307
0 0.2283653846153846 0.8737980769230769 0.15504807692307693 0.20673076923076922
0 0.14543269230769232 0.7019230769230769 0.29086538461538464 0.21153846153846154
0 0.06490384615384616 0.5432692307692307 0.12980769230769232 0.16826923076923078
0 0.21514423076923078 0.5408653846153846 0.18028846153846154 0.15985576923076922
0 0.4170673076923077 0.8137019230769231 0.22355769230769232 0.3713942307692308
0 0.7872596153846154 0.7644230769230769 0.2439903846153846 0.36177884615384615
0 0.9507211538461539 0.7487980769230769 0.0985576923076923 0.29086538461538464
0 0.4182692307692308 0.5480769230769231 0.22716346153846154 0.17427884615384615
0 0.9314903846153846 0.515625 0.13701923076923078 0.11298076923076923
0 0.7572115384615384 0.5276442307692307 0.234375 0.13341346153846154
0 0.5372596153846154 0.9567307692307693 0.24639423076923078 0.08653846153846154
0 0.9002403846153846 0.9314903846153846 0.19951923076923078 0.13701923076923078