0 0.3317307692307692 0.5036057692307693 0.06490384615384616 0.028846153846153848
0 0.09375 0.5036057692307693 0.05889423076923077 0.028846153846153848
0 0.14783653846153846 0.4963942307692308 0.06490384615384616 0.04326923076923077
0 0.3870192307692308 0.49399038461538464 0.0673076923076923 0.04927884615384615
0 0.23076923076923078 0.49038461538461536 0.06490384615384616 0.054086538461538464
0 0.2644230769230769 0.44471153846153844 0.06971153846153846 0.12139423076923077
0 0.35216346153846156 0.42788461538461536 0.04927884615384615 0.11899038461538461
0 0.3954326923076923 0.4074519230769231 0.07211538461538461 0.12620192307692307
0 0.2091346153846154 0.3329326923076923 0.0673076923076923 0.12379807692307693
0 0.4579326923076923 0.3233173076923077 0.07211538461538461 0.1310096153846154
0 0.27403846153846156 0.3112980769230769 0.06971153846153846 0.12139423076923077
0 0.34615384615384615 0.29927884615384615 0.06490384615384616 0.12139423076923077
0 0.421875 0.28725961538461536 0.06490384615384616 0.12139423076923077
0 0.24879807692307693 0.20432692307692307 0.05889423076923077 0.11899038461538461
0 0.4879807692307692 0.19230769230769232 0.07932692307692307 0.1310096153846154
0 0.3004807692307692 0.18629807692307693 0.0673076923076923 0.12620192307692307
0 0.36899038461538464 0.17427884615384615 0.06971153846153846 0.12379807692307693
0 0.45072115384615385 0.15865384615384615 0.0673076923076923 0.12379807692307693
0 0.19591346153846154 0.10697115384615384 0.051682692307692304 0.10817307692307693
0 0.6274038461538461 0.09375 0.07932692307692307 0.1310096153846154
0 0.27403846153846156 0.08533653846153846 0.06971153846153846 0.12139423076923077
0 0.5384615384615384 0.06850961538461539 0.07211538461538461 0.12620192307692307
0 0.3401442307692308 0.0673076923076923 0.07211538461538461 0.12379807692307693
0 0.41225961538461536 0.056490384615384616 0.07211538461538461 0.11298076923076923
0 0.4831730769230769 0.04927884615384615 0.06971153846153846 0.09735576923076923
0 0.23317307692307693 0.02403846153846154 0.0625 0.04807692307692308
0 0.6526442307692307 0.016826923076923076 0.051682692307692304 0.03365384615384615
0 0.6009615384615384 0.013221153846153846 0.07211538461538461 0.025240384615384616
0 0.8028846153846154 0.24879807692307693 0.16466346153846154 0.22716346153846154
0 0.16105769230769232 0.8858173076923077 0.13701923076923078 0.12620192307692307
0 0.042067307692307696 0.8629807692307693 0.08413461538461539 0.1346153846153846
0 0.6634615384615384 0.8028846153846154 0.028846153846153848 0.13701923076923078
0 0.3894230769230769 0.7980769230769231 0.13701923076923078 0.1310096153846154
0 0.25600961538461536 0.7980769230769231 0.12860576923076922 0.12620192307692307
0 0.5793269230769231 0.7800480769230769 0.1346153846153846 0.12860576923076922
0 0.11177884615384616 0.7680288461538461 0.13701923076923078 0.12379807692307693
0 0.02283653846153846 0.7680288461538461 0.04567307692307692 0.11298076923076923
0 0.20793269230769232 0.7079326923076923 0.12379807692307693 0.11538461538461539
0 0.6298076923076923 0.7043269230769231 0.09495192307692307 0.12139423076923077
0 0.47596153846153844 0.6995192307692307 0.1310096153846154 0.12860576923076922
0 0.3401442307692308 0.6802884615384616 0.13701923076923078 0.12860576923076922
0 0.08533653846153846 0.6754807692307693 0.12620192307692307 0.10817307692307693
0 0.010817307692307692 0.6526442307692307 0.020432692307692308 0.11298076923076923
0 0.5649038461538461 0.5949519230769231 0.13701923076923078 0.12620192307692307
0 0.28846153846153844 0.59375 0.12860576923076922 0.11298076923076923
0 0.42427884615384615 0.5853365384615384 0.1310096153846154 0.11899038461538461
0 0.16346153846153846 0.5745192307692307 0.12620192307692307 0.11298076923076923
0 0.04927884615384615 0.5600961538461539 0.09735576923076923 0.08533653846153846
0 0.6237980769230769 0.5408653846153846 0.10817307692307693 0.046875
0 0.5 0.5408653846153846 0.12860576923076922 0.046875
0 0.7980769230769231 0.5997596153846154 0.09495192307692307 0.1622596153846154