0 0.35096153846153844 0.4891826923076923 0.09735576923076923 0.19471153846153846
0 0.9399038461538461 0.016826923076923076 0.11057692307692307 0.03365384615384615
0 0.828125 0.018028846153846152 0.10817307692307693 0.036057692307692304
0 0.7175480769230769 0.018028846153846152 0.11298076923076923 0.036057692307692304
0 0.5793269230769231 0.038461538461538464 0.11057692307692307 0.07572115384615384
0 0.9699519230769231 0.09495192307692307 0.06009615384615385 0.16826923076923078
0 0.8846153846153846 0.09735576923076923 0.11057692307692307 0.16826923076923078
0 0.7716346153846154 0.10096153846153846 0.11057692307692307 0.16826923076923078
0 0.6586538461538461 0.10096153846153846 0.11057692307692307 0.16826923076923078
0 0.5336538461538461 0.13942307692307693 0.07932692307692307 0.16346153846153846
0 0.9411057692307693 0.2439903846153846 0.11298076923076923 0.17067307692307693
0 0.6021634615384616 0.24639423076923078 0.11057692307692307 0.1658653846153846
0 0.828125 0.24639423076923078 0.11057692307692307 0.16826923076923078
0 0.7163461538461539 0.25 0.11057692307692307 0.16826923076923078
0 0.5516826923076923 0.3894230769230769 0.11057692307692307 0.1658653846153846
0 0.9711538461538461 0.390625 0.057692307692307696 0.17067307692307693
0 0.8870192307692307 0.39302884615384615 0.11057692307692307 0.17067307692307693
0 0.7740384615384616 0.3942307692307692 0.11057692307692307 0.17067307692307693
0 0.6622596153846154 0.39663461538461536 0.11057692307692307 0.16826923076923078
0 0.4483173076923077 0.6201923076923077 0.07572115384615384 0.06610576923076923
0 0.47596153846153844 0.7091346153846154 0.037259615384615384 0.16105769230769232
0 0.4170673076923077 0.7139423076923077 0.07572115384615384 0.16105769230769232
0 0.46033653846153844 0.8533653846153846 0.06850961538461539 0.16105769230769232
0 0.3786057692307692 0.8641826923076923 0.08173076923076923 0.16105769230769232
0 0.47596153846153844 0.9555288461538461 0.037259615384615384 0.0889423076923077
0 0.41947115384615385 0.9603365384615384 0.08173076923076923 0.07932692307692307
0 0.9663461538461539 0.6057692307692307 0.0673076923076923 0.038461538461538464
0 0.6382211538461539 0.6117788461538461 0.09735576923076923 0.05048076923076923
0 0.8882211538461539 0.6274038461538461 0.09735576923076923 0.08173076923076923
0 0.5504807692307693 0.6334134615384616 0.09495192307692307 0.09254807692307693
0 0.796875 0.6490384615384616 0.09495192307692307 0.12379807692307693
0 0.7043269230769231 0.6742788461538461 0.09495192307692307 0.15504807692307693
0 0.953125 0.7019230769230769 0.09375 0.15865384615384615
0 0.6117788461538461 0.71875 0.09735576923076923 0.16105769230769232
0 0.8629807692307693 0.7439903846153846 0.09495192307692307 0.15504807692307693
0 0.53125 0.7596153846153846 0.0733173076923077 0.16105769230769232
0 0.7728365384615384 0.7860576923076923 0.09735576923076923 0.15504807692307693
0 0.6802884615384616 0.8293269230769231 0.09495192307692307 0.16105769230769232
0 0.9759615384615384 0.8365384615384616 0.046875 0.15745192307692307
0 0.5889423076923077 0.8762019230769231 0.09735576923076923 0.15504807692307693
0 0.9086538461538461 0.8774038461538461 0.09495192307692307 0.15504807692307693
0 0.8173076923076923 0.9230769230769231 0.09615384615384616 0.15384615384615385
0 0.5180288461538461 0.9314903846153846 0.046875 0.13701923076923078
0 0.7259615384615384 0.9459134615384616 0.09495192307692307 0.10817307692307693
0 0.9639423076923077 0.9591346153846154 0.07091346153846154 0.08173076923076923
0 0.6358173076923077 0.9675480769230769 0.09375 0.06490384615384616
0 0.8834134615384616 0.9807692307692307 0.09375 0.038461538461538464