0 0.01201923076923077 0.19471153846153846 0.02403846153846154 0.11899038461538461
0 0.016826923076923076 0.3173076923076923 0.03365384615384615 0.12980769230769232
0 0.0625 0.40625 0.07451923076923077 0.1346153846153846
0 0.028846153846153848 0.44350961538461536 0.057692307692307696 0.12379807692307693
0 0.09375 0.5408653846153846 0.08173076923076923 0.1346153846153846
0 0.002403846153846154 0.5576923076923077 0.004807692307692308 0.12740384615384615
0 0.055288461538461536 0.5757211538461539 0.06850961538461539 0.12740384615384615
0 0.23677884615384615 0.6418269230769231 0.08173076923076923 0.1346153846153846
0 0.14543269230769232 0.6682692307692307 0.07451923076923077 0.12980769230769232
0 0.026442307692307692 0.6838942307692307 0.052884615384615384 0.12379807692307693
0 0.0889423076923077 0.6899038461538461 0.07091346153846154 0.11057692307692307
0 0.2764423076923077 0.7235576923076923 0.08173076923076923 0.04447115384615385
0 0.2091346153846154 0.7271634615384616 0.07451923076923077 0.037259615384615384
0 0.9735576923076923 0.20673076923076922 0.052884615384615384 0.10096153846153846
0 0.7223557692307693 0.21514423076923078 0.06129807692307692 0.10096153846153846
0 0.8317307692307693 0.21995192307692307 0.06129807692307692 0.09735576923076923
0 0.5901442307692307 0.2247596153846154 0.06129807692307692 0.10096153846153846
0 0.4579326923076923 0.22956730769230768 0.06129807692307692 0.09735576923076923
0 0.9483173076923077 0.296875 0.06129807692307692 0.09735576923076923
0 0.6935096153846154 0.30288461538461536 0.06129807692307692 0.10336538461538461
0 0.8052884615384616 0.3076923076923077 0.06370192307692307 0.09735576923076923
0 0.5625 0.31490384615384615 0.06129807692307692 0.10336538461538461
0 0.4254807692307692 0.32572115384615385 0.06370192307692307 0.10096153846153846
0 0.9206730769230769 0.38461538461538464 0.06370192307692307 0.10096153846153846
0 0.7788461538461539 0.39663461538461536 0.06370192307692307 0.09735576923076923
0 0.6622596153846154 0.39783653846153844 0.06129807692307692 0.10096153846153846
0 0.40384615384615385 0.008413461538461538 0.06129807692307692 0.015625
0 0.5336538461538461 0.4050480769230769 0.06370192307692307 0.10336538461538461
0 0.40024038461538464 0.41586538461538464 0.06370192307692307 0.10096153846153846
0 0.9879807692307693 0.4735576923076923 0.02403846153846154 0.10096153846153846
0 0.890625 0.47716346153846156 0.06129807692307692 0.10096153846153846
0 0.7620192307692307 0.47836538461538464 0.06129807692307692 0.10096153846153846
0 0.6358173076923077 0.4855769230769231 0.06370192307692307 0.09495192307692307
0 0.5036057692307693 0.49278846153846156 0.06129807692307692 0.10096153846153846
0 0.38461538461538464 0.5024038461538461 0.04447115384615385 0.10096153846153846
0 0.9735576923076923 0.5661057692307693 0.052884615384615384 0.09495192307692307
0 0.8605769230769231 0.5661057692307693 0.06129807692307692 0.10096153846153846
0 0.7319711538461539 0.5697115384615384 0.06129807692307692 0.09735576923076923
0 0.6045673076923077 0.5793269230769231 0.06129807692307692 0.09735576923076923
0 0.47475961538461536 0.5865384615384616 0.06370192307692307 0.10096153846153846
0 0.3701923076923077 0.59375 0.015625 0.09735576923076923
0 0.9495192307692307 0.6538461538461539 0.06370192307692307 0.10096153846153846
0 0.8341346153846154 0.6598557692307693 0.057692307692307696 0.10096153846153846
0 0.7055288461538461 0.6658653846153846 0.06370192307692307 0.10096153846153846
0 0.5757211538461539 0.6706730769230769 0.06370192307692307 0.10096153846153846
0 0.44711538461538464 0.6814903846153846 0.06610576923076923 0.10096153846153846
0 0.7704326923076923 0.04326923076923077 0.06009615384615385 0.08653846153846154
0 0.8942307692307693 0.04326923076923077 0.0625 0.08653846153846154
0 0.5180288461538461 0.04807692307692308 0.06370192307692307 0.09495192307692307
0 0.6358173076923077 0.04927884615384615 0.06129807692307692 0.09735576923076923
0 0.38461538461538464 0.0625 0.04447115384615385 0.09735576923076923
0 0.9867788461538461 0.11899038461538461 0.026442307692307692 0.09495192307692307
0 0.75 0.12259615384615384 0.06129807692307692 0.09735576923076923
0 0.8653846153846154 0.1310096153846154 0.06129807692307692 0.09735576923076923
0 0.6141826923076923 0.13221153846153846 0.06129807692307692 0.09495192307692307
0 0.4891826923076923 0.140625 0.06129807692307692 0.10096153846153846
0 0.3713942307692308 0.14783653846153846 0.018028846153846152 0.10096153846153846
0 0.2668269230769231 0.8725961538461539 0.18990384615384615 0.2536057692307692
0 0.0829326923076923 0.8713942307692307 0.1658653846153846 0.25240384615384615