0 0.3557692307692308 0.4362980769230769 0.09495192307692307 0.18870192307692307
0 0.5769230769230769 0.018028846153846152 0.10697115384615384 0.036057692307692304
0 0.9627403846153846 0.0673076923076923 0.07451923076923077 0.1346153846153846
0 0.8713942307692307 0.06850961538461539 0.10817307692307693 0.13701923076923078
0 0.7620192307692307 0.06971153846153846 0.10576923076923077 0.13942307692307693
0 0.6514423076923077 0.06971153846153846 0.10576923076923077 0.13942307692307693
0 0.5336538461538461 0.09735576923076923 0.07692307692307693 0.15865384615384615
0 0.9903846153846154 0.19591346153846154 0.019230769230769232 0.1658653846153846
0 0.9278846153846154 0.1971153846153846 0.109375 0.1658653846153846
0 0.5997596153846154 0.20072115384615385 0.10697115384615384 0.16105769230769232
0 0.8173076923076923 0.20072115384615385 0.10697115384615384 0.16346153846153846
0 0.7091346153846154 0.20432692307692307 0.10697115384615384 0.16346153846153846
0 0.5492788461538461 0.3389423076923077 0.10697115384615384 0.16105769230769232
0 0.9639423076923077 0.3401442307692308 0.07091346153846154 0.1658653846153846
0 0.875 0.3425480769230769 0.10697115384615384 0.1658653846153846
0 0.765625 0.3449519230769231 0.10697115384615384 0.1658653846153846
0 0.6574519230769231 0.34615384615384615 0.10697115384615384 0.16346153846153846
0 0.45072115384615385 0.5625 0.07451923076923077 0.06370192307692307
0 0.47716346153846156 0.6490384615384616 0.036057692307692304 0.15504807692307693
0 0.41947115384615385 0.6538461538461539 0.07451923076923077 0.15504807692307693
0 0.46153846153846156 0.7896634615384616 0.06610576923076923 0.15504807692307693
0 0.38221153846153844 0.7992788461538461 0.07932692307692307 0.15504807692307693
0 0.47716346153846156 0.921875 0.036057692307692304 0.15504807692307693
0 0.421875 0.9266826923076923 0.07932692307692307 0.1466346153846154
0 0.4579326923076923 0.9915865384615384 0.06971153846153846 0.016826923076923076
0 0.9603365384615384 0.5492788461538461 0.07932692307692307 0.038461538461538464
0 0.6334134615384616 0.5552884615384616 0.09495192307692307 0.04807692307692308
0 0.8762019230769231 0.5697115384615384 0.09495192307692307 0.07932692307692307
0 0.5480769230769231 0.5757211538461539 0.09134615384615384 0.0889423076923077
0 0.7884615384615384 0.5901442307692307 0.09134615384615384 0.1201923076923077
0 0.9915865384615384 0.6045673076923077 0.016826923076923076 0.15144230769230768
0 0.6971153846153846 0.6153846153846154 0.09134615384615384 0.1502403846153846
0 0.9411057692307693 0.6430288461538461 0.09134615384615384 0.15264423076923078
0 0.6081730769230769 0.6586538461538461 0.09495192307692307 0.15504807692307693
0 0.8521634615384616 0.6826923076923077 0.09134615384615384 0.1502403846153846
0 0.5300480769230769 0.6971153846153846 0.07091346153846154 0.15504807692307693
0 0.7644230769230769 0.7235576923076923 0.09495192307692307 0.1502403846153846
0 0.6742788461538461 0.765625 0.09134615384615384 0.15504807692307693
0 0.96875 0.7716346153846154 0.0625 0.15384615384615385
0 0.5865384615384616 0.8112980769230769 0.09495192307692307 0.1502403846153846
0 0.8966346153846154 0.8125 0.09134615384615384 0.1502403846153846
0 0.8100961538461539 0.8617788461538461 0.09134615384615384 0.15504807692307693
0 0.5180288461538461 0.8737980769230769 0.04567307692307692 0.1502403846153846
0 0.7211538461538461 0.9026442307692307 0.09134615384615384 0.1502403846153846
0 0.9579326923076923 0.9254807692307693 0.08413461538461539 0.14783653846153846
0 0.6322115384615384 0.9350961538461539 0.09134615384615384 0.12980769230769232
0 0.8725961538461539 0.9471153846153846 0.09134615384615384 0.1045673076923077
0 0.5480769230769231 0.9591346153846154 0.09134615384615384 0.08173076923076923
0 0.7788461538461539 0.96875 0.09134615384615384 0.0625
0 0.6899038461538461 0.9903846153846154 0.09134615384615384 0.019230769230769232