0 0.009615384615384616 0.23076923076923078 0.019230769230769232 0.11538461538461539
0 0.015625 0.35096153846153844 0.030048076923076924 0.125
0 0.057692307692307696 0.43509615384615385 0.07091346153846154 0.12980769230769232
0 0.026442307692307692 0.47115384615384615 0.052884615384615384 0.1201923076923077
0 0.08774038461538461 0.5649038461538461 0.07932692307692307 0.12980769230769232
0 0.05048076923076923 0.5985576923076923 0.06610576923076923 0.12259615384615384
0 0.22596153846153846 0.6622596153846154 0.07932692307692307 0.12980769230769232
0 0.13822115384615385 0.6875 0.07091346153846154 0.125
0 0.02403846153846154 0.703125 0.04807692307692308 0.1201923076923077
0 0.0829326923076923 0.7091346153846154 0.06850961538461539 0.10697115384615384
0 0.2644230769230769 0.7415865384615384 0.07932692307692307 0.04326923076923077
0 0.19951923076923078 0.7451923076923077 0.07091346153846154 0.036057692307692304
0 0.9399038461538461 0.2439903846153846 0.05889423076923077 0.09735576923076923
0 0.6935096153846154 0.2512019230769231 0.05889423076923077 0.09735576923076923
0 0.7992788461538461 0.2548076923076923 0.05889423076923077 0.09495192307692307
0 0.5661057692307693 0.25961538461538464 0.05889423076923077 0.09735576923076923
0 0.4387019230769231 0.265625 0.05889423076923077 0.09495192307692307
0 0.9915865384615384 0.014423076923076924 0.016826923076923076 0.028846153846153848
0 0.8930288461538461 0.019230769230769232 0.056490384615384616 0.038461538461538464
0 0.9122596153846154 0.3293269230769231 0.05889423076923077 0.09495192307692307
0 0.7632211538461539 0.019230769230769232 0.06129807692307692 0.038461538461538464
0 0.6658653846153846 0.33533653846153844 0.05889423076923077 0.09975961538461539
0 0.7740384615384616 0.3401442307692308 0.06129807692307692 0.09495192307692307
0 0.5396634615384616 0.3473557692307692 0.05889423076923077 0.09975961538461539
0 0.5252403846153846 0.02403846153846154 0.06610576923076923 0.04807692307692308
0 0.6418269230769231 0.02403846153846154 0.06370192307692307 0.04807692307692308
0 0.40865384615384615 0.35697115384615385 0.06129807692307692 0.09735576923076923
0 0.9819711538461539 0.41346153846153844 0.036057692307692304 0.09735576923076923
0 0.8846153846153846 0.41466346153846156 0.06129807692307692 0.09735576923076923
0 0.7487980769230769 0.4254807692307692 0.06129807692307692 0.09495192307692307
0 0.6370192307692307 0.42788461538461536 0.05889423076923077 0.09735576923076923
0 0.3858173076923077 0.028846153846153848 0.06009615384615385 0.057692307692307696
0 0.5120192307692307 0.4338942307692308 0.06129807692307692 0.09975961538461539
0 0.38341346153846156 0.44350961538461536 0.06129807692307692 0.09735576923076923
0 0.96875 0.5 0.0625 0.09615384615384616
0 0.8557692307692307 0.5036057692307693 0.05889423076923077 0.09735576923076923
0 0.7319711538461539 0.5048076923076923 0.05889423076923077 0.09735576923076923
0 0.6105769230769231 0.5120192307692307 0.06129807692307692 0.09134615384615384
0 0.4831730769230769 0.5192307692307693 0.05889423076923077 0.09735576923076923
0 0.36899038461538464 0.5276442307692307 0.04326923076923077 0.09735576923076923
0 0.9423076923076923 0.5889423076923077 0.06129807692307692 0.09134615384615384
0 0.828125 0.5889423076923077 0.05889423076923077 0.09735576923076923
0 0.703125 0.5925480769230769 0.05889423076923077 0.09495192307692307
0 0.5805288461538461 0.6021634615384616 0.05889423076923077 0.09495192307692307
0 0.45552884615384615 0.6081730769230769 0.06129807692307692 0.09735576923076923
0 0.3545673076923077 0.6165865384615384 0.015625 0.09495192307692307
0 0.9134615384615384 0.6730769230769231 0.06129807692307692 0.09735576923076923
0 0.8028846153846154 0.6802884615384616 0.056490384615384616 0.09735576923076923
0 0.6778846153846154 0.6850961538461539 0.06129807692307692 0.09735576923076923
0 0.5528846153846154 0.6899038461538461 0.06129807692307692 0.09735576923076923
0 0.42908653846153844 0.7007211538461539 0.06370192307692307 0.09735576923076923
0 0.9807692307692307 0.07451923076923077 0.038461538461538464 0.09134615384615384
0 0.7427884615384616 0.08173076923076923 0.05889423076923077 0.09134615384615384
0 0.8617788461538461 0.0829326923076923 0.05889423076923077 0.09134615384615384
0 0.4987980769230769 0.08774038461538461 0.06129807692307692 0.09495192307692307
0 0.6105769230769231 0.09014423076923077 0.05889423076923077 0.09495192307692307
0 0.36899038461538464 0.10336538461538461 0.04326923076923077 0.09495192307692307
0 0.9663461538461539 0.15865384615384615 0.06129807692307692 0.09134615384615384
0 0.7211538461538461 0.1622596153846154 0.05889423076923077 0.09495192307692307
0 0.8317307692307693 0.16947115384615385 0.05889423076923077 0.09495192307692307
0 0.5889423076923077 0.17067307692307693 0.05889423076923077 0.09134615384615384
0 0.4699519230769231 0.17908653846153846 0.05889423076923077 0.09735576923076923
0 0.3557692307692308 0.18629807692307693 0.018028846153846152 0.09735576923076923
0 0.2548076923076923 0.8810096153846154 0.18389423076923078 0.23677884615384615
0 0.07932692307692307 0.8810096153846154 0.15865384615384615 0.23677884615384615