0 0.1971153846153846 0.16947115384615385 0.13581730769230768 0.23197115384615385
0 0.5240384615384616 0.2980769230769231 0.12860576923076922 0.28846153846153844
0 0.31490384615384615 0.3076923076923077 0.13942307692307693 0.24759615384615385
0 0.10216346153846154 0.36658653846153844 0.12379807692307693 0.20673076923076922
0 0.4074519230769231 0.36538461538461536 0.14903846153846154 0.2091346153846154
0 0.19110576923076922 0.41466346153846156 0.13341346153846154 0.11057692307692307
0 0.3317307692307692 0.07932692307692307 0.13341346153846154 0.15865384615384615
0 0.4567307692307692 0.125 0.15625 0.25
0 0.5949519230769231 0.006009615384615385 0.016826923076923076 0.01201923076923077
0 0.6189903846153846 0.006009615384615385 0.03125 0.01201923076923077
0 0.6490384615384616 0.007211538461538462 0.03365384615384615 0.014423076923076924
0 0.6814903846153846 0.008413461538461538 0.03125 0.016826923076923076
0 0.7127403846153846 0.009615384615384616 0.03125 0.019230769230769232
0 0.7451923076923077 0.009615384615384616 0.03365384615384615 0.019230769230769232
0 0.7752403846153846 0.009615384615384616 0.03125 0.019230769230769232
0 0.8076923076923077 0.010817307692307692 0.03365384615384615 0.021634615384615384
0 0.8413461538461539 0.013221153846153846 0.03485576923076923 0.025240384615384616
0 0.8725961538461539 0.013221153846153846 0.03245192307692308 0.025240384615384616
0 0.9050480769230769 0.014423076923076924 0.03245192307692308 0.027644230769230768
0 0.9387019230769231 0.014423076923076924 0.03245192307692308 0.027644230769230768
0 0.96875 0.015625 0.03245192307692308 0.030048076923076924
0 0.9915865384615384 0.014423076923076924 0.016826923076923076 0.028846153846153848
0 0.6069711538461539 0.027644230769230768 0.030048076923076924 0.04326923076923077
0 0.6382211538461539 0.028846153846153848 0.03245192307692308 0.04326923076923077
0 0.6694711538461539 0.030048076923076924 0.03245192307692308 0.04326923076923077
0 0.7019230769230769 0.03125 0.03245192307692308 0.04567307692307692
0 0.7331730769230769 0.03245192307692308 0.03245192307692308 0.04567307692307692
0 0.7644230769230769 0.03365384615384615 0.03245192307692308 0.04567307692307692
0 0.7956730769230769 0.03485576923076923 0.030048076923076924 0.04567307692307692
0 0.8269230769230769 0.036057692307692304 0.03245192307692308 0.04326923076923077
0 0.8581730769230769 0.039663461538461536 0.03245192307692308 0.040865384615384616
0 0.890625 0.040865384615384616 0.03245192307692308 0.04567307692307692
0 0.921875 0.042067307692307696 0.03245192307692308 0.04567307692307692
0 0.953125 0.042067307692307696 0.03245192307692308 0.04567307692307692
0 0.984375 0.04326923076923077 0.030048076923076924 0.04567307692307692
0 0.5985576923076923 0.06129807692307692 0.020432692307692308 0.04326923076923077
0 0.6237980769230769 0.06370192307692307 0.03245192307692308 0.04326923076923077
0 0.6550480769230769 0.06490384615384616 0.03245192307692308 0.04326923076923077
0 0.6850961538461539 0.06610576923076923 0.030048076923076924 0.04326923076923077
0 0.7175480769230769 0.0673076923076923 0.03245192307692308 0.04326923076923077
0 0.7487980769230769 0.06971153846153846 0.03245192307692308 0.04326923076923077
0 0.7800480769230769 0.06971153846153846 0.03245192307692308 0.04326923076923077
0 0.8112980769230769 0.07211538461538461 0.030048076923076924 0.04326923076923077
0 0.84375 0.0733173076923077 0.03245192307692308 0.04326923076923077
0 0.8737980769230769 0.07451923076923077 0.03485576923076923 0.04326923076923077
0 0.90625 0.07572115384615384 0.03245192307692308 0.04567307692307692
0 0.9362980769230769 0.07692307692307693 0.03245192307692308 0.04326923076923077
0 0.9699519230769231 0.07692307692307693 0.03245192307692308 0.04326923076923077
0 0.9915865384615384 0.07692307692307693 0.016826923076923076 0.04326923076923077
0 0.5925480769230769 0.09495192307692307 0.007211538461538462 0.04326923076923077
0 0.6105769230769231 0.09735576923076923 0.030048076923076924 0.04326923076923077
0 0.6418269230769231 0.0985576923076923 0.030048076923076924 0.04326923076923077
0 0.671875 0.09975961538461539 0.03245192307692308 0.04326923076923077
0 0.703125 0.10096153846153846 0.03245192307692308 0.04326923076923077
0 0.7331730769230769 0.10216346153846154 0.03245192307692308 0.04326923076923077
0 0.765625 0.10336538461538461 0.03245192307692308 0.04326923076923077
0 0.796875 0.1045673076923077 0.03245192307692308 0.04326923076923077
0 0.8269230769230769 0.10576923076923077 0.030048076923076924 0.04326923076923077
0 0.8581730769230769 0.10817307692307693 0.03245192307692308 0.038461538461538464
0 0.890625 0.109375 0.03245192307692308 0.040865384615384616
0 0.9230769230769231 0.109375 0.03245192307692308 0.040865384615384616
0 0.953125 0.11057692307692307 0.03245192307692308 0.040865384615384616
0 0.9831730769230769 0.11057692307692307 0.03245192307692308 0.04567307692307692
0 0.6009615384615384 0.12860576923076922 0.025240384615384616 0.040865384615384616
0 0.6286057692307693 0.1310096153846154 0.030048076923076924 0.040865384615384616
0 0.6586538461538461 0.13341346153846154 0.030048076923076924 0.04326923076923077
0 0.6899038461538461 0.13341346153846154 0.030048076923076924 0.04326923076923077
0 0.7199519230769231 0.13581730769230768 0.030048076923076924 0.04326923076923077
0 0.7512019230769231 0.13581730769230768 0.030048076923076924 0.04326923076923077
0 0.78125 0.13822115384615385 0.03245192307692308 0.04326923076923077
0 0.8137019230769231 0.13942307692307693 0.03245192307692308 0.04326923076923077
0 0.84375 0.14182692307692307 0.03245192307692308 0.040865384615384616
0 0.875 0.14302884615384615 0.03245192307692308 0.040865384615384616
0 0.90625 0.14423076923076922 0.03245192307692308 0.040865384615384616
0 0.9387019230769231 0.14543269230769232 0.03245192307692308 0.040865384615384616
0 0.96875 0.1466346153846154 0.03245192307692308 0.04326923076923077
0 0.9903846153846154 0.1466346153846154 0.019230769230769232 0.04326923076923077
0 0.5949519230769231 0.15985576923076922 0.013221153846153846 0.04326923076923077
0 0.6165865384615384 0.16466346153846154 0.030048076923076924 0.040865384615384616
0 0.6454326923076923 0.1658653846153846 0.030048076923076924 0.040865384615384616
0 0.6754807692307693 0.16826923076923078 0.03245192307692308 0.04326923076923077
0 0.7055288461538461 0.16826923076923078 0.03245192307692308 0.04326923076923077
0 0.7367788461538461 0.16947115384615385 0.03245192307692308 0.04326923076923077
0 0.7680288461538461 0.17067307692307693 0.03245192307692308 0.04326923076923077
0 0.7980769230769231 0.17307692307692307 0.03245192307692308 0.04326923076923077
0 0.828125 0.17427884615384615 0.03245192307692308 0.04326923076923077
0 0.859375 0.17548076923076922 0.03245192307692308 0.040865384615384616
0 0.8918269230769231 0.17668269230769232 0.030048076923076924 0.04326923076923077
0 0.921875 0.1778846153846154 0.03245192307692308 0.04326923076923077
0 0.9519230769230769 0.17908653846153846 0.03245192307692308 0.04326923076923077
0 0.9831730769230769 0.18028846153846154 0.03245192307692308 0.040865384615384616
0 0.6021634615384616 0.19471153846153846 0.027644230769230768 0.040865384615384616
0 0.6322115384615384 0.1971153846153846 0.030048076923076924 0.040865384615384616
0 0.6634615384615384 0.19831730769230768 0.030048076923076924 0.040865384615384616
0 0.6923076923076923 0.19951923076923078 0.030048076923076924 0.04326923076923077
0 0.7536057692307693 0.20192307692307693 0.030048076923076924 0.04326923076923077
0 0.7223557692307693 0.203125 0.030048076923076924 0.04326923076923077
0 0.7836538461538461 0.20432692307692307 0.030048076923076924 0.04326923076923077
0 0.8149038461538461 0.20552884615384615 0.030048076923076924 0.04326923076923077
0 0.8449519230769231 0.20673076923076922 0.030048076923076924 0.04326923076923077
0 0.8762019230769231 0.2091346153846154 0.03245192307692308 0.040865384615384616
0 0.90625 0.21033653846153846 0.03245192307692308 0.04326923076923077
0 0.9362980769230769 0.21394230769230768 0.03245192307692308 0.040865384615384616
0 0.9675480769230769 0.21394230769230768 0.03245192307692308 0.040865384615384616
0 0.9891826923076923 0.21514423076923078 0.021634615384615384 0.040865384615384616
0 0.5961538461538461 0.22596153846153846 0.015625 0.04326923076923077
0 0.6189903846153846 0.22956730769230768 0.030048076923076924 0.04326923076923077
0 0.6478365384615384 0.23197115384615385 0.030048076923076924 0.04326923076923077
0 0.6790865384615384 0.23317307692307693 0.030048076923076924 0.04326923076923077
0 0.7079326923076923 0.234375 0.030048076923076924 0.04326923076923077
0 0.7391826923076923 0.23557692307692307 0.030048076923076924 0.04326923076923077
0 0.7692307692307693 0.23677884615384615 0.030048076923076924 0.04326923076923077
0 0.7992788461538461 0.23918269230769232 0.030048076923076924 0.04326923076923077
0 0.8305288461538461 0.2403846153846154 0.03245192307692308 0.04326923076923077
0 0.8918269230769231 0.24278846153846154 0.03245192307692308 0.04326923076923077
0 0.859375 0.24278846153846154 0.03245192307692308 0.04326923076923077
0 0.921875 0.24519230769230768 0.03245192307692308 0.04326923076923077
0 0.9519230769230769 0.24759615384615385 0.03245192307692308 0.04326923076923077
0 0.9819711538461539 0.24759615384615385 0.03245192307692308 0.04326923076923077
0 0.38221153846153844 0.8810096153846154 0.265625 0.23677884615384615
0 0.1201923076923077 0.9387019230769231 0.2403846153846154 0.12259615384615384
0 0.6033653846153846 0.6814903846153846 0.030048076923076924 0.07091346153846154
0 0.6454326923076923 0.6826923076923077 0.052884615384615384 0.0733173076923077
0 0.6971153846153846 0.6826923076923077 0.052884615384615384 0.07091346153846154
0 0.9891826923076923 0.6802884615384616 0.021634615384615384 0.07692307692307693
0 0.7475961538461539 0.6838942307692307 0.052884615384615384 0.0733173076923077
0 0.9543269230769231 0.6838942307692307 0.052884615384615384 0.0733173076923077
0 0.7992788461538461 0.6850961538461539 0.052884615384615384 0.0733173076923077
0 0.9026442307692307 0.6850961538461539 0.052884615384615384 0.0733173076923077
0 0.8509615384615384 0.6850961538461539 0.052884615384615384 0.0733173076923077
0 0.59375 0.7403846153846154 0.009615384615384616 0.07091346153846154
0 0.6225961538461539 0.7427884615384616 0.052884615384615384 0.07091346153846154
0 0.6730769230769231 0.7439903846153846 0.05048076923076923 0.06850961538461539
0 0.7247596153846154 0.7439903846153846 0.052884615384615384 0.07091346153846154
0 0.7752403846153846 0.7451923076923077 0.052884615384615384 0.07091346153846154
0 0.8257211538461539 0.7451923076923077 0.052884615384615384 0.0733173076923077
0 0.9759615384615384 0.7463942307692307 0.04807692307692308 0.0733173076923077
0 0.8762019230769231 0.7463942307692307 0.052884615384615384 0.0733173076923077
0 0.9278846153846154 0.7463942307692307 0.052884615384615384 0.0733173076923077
0 0.6069711538461539 0.7992788461538461 0.038461538461538464 0.06850961538461539
0 0.6502403846153846 0.8016826923076923 0.052884615384615384 0.07091346153846154
0 0.7007211538461539 0.8016826923076923 0.052884615384615384 0.07091346153846154
0 0.7512019230769231 0.8028846153846154 0.052884615384615384 0.07091346153846154
0 0.8016826923076923 0.8040865384615384 0.052884615384615384 0.07091346153846154
0 0.8521634615384616 0.8040865384615384 0.05048076923076923 0.07091346153846154
0 0.9026442307692307 0.8052884615384616 0.052884615384615384 0.07091346153846154
0 0.953125 0.8052884615384616 0.052884615384615384 0.07091346153846154
0 0.9879807692307693 0.8040865384615384 0.02403846153846154 0.06971153846153846
0 0.5961538461538461 0.8569711538461539 0.015625 0.06850961538461539
0 0.6274038461538461 0.8581730769230769 0.05048076923076923 0.06850961538461539
0 0.6766826923076923 0.859375 0.052884615384615384 0.06850961538461539
0 0.7283653846153846 0.859375 0.052884615384615384 0.06850961538461539
0 0.7776442307692307 0.8605769230769231 0.05048076923076923 0.06850961538461539
0 0.828125 0.8605769230769231 0.05048076923076923 0.06850961538461539
0 0.8774038461538461 0.8617788461538461 0.05048076923076923 0.06850961538461539
0 0.9278846153846154 0.8641826923076923 0.052884615384615384 0.06850961538461539
0 0.9759615384615384 0.8617788461538461 0.04807692307692308 0.06850961538461539
0 0.609375 0.9110576923076923 0.04326923076923077 0.06610576923076923
0 0.6550480769230769 0.9158653846153846 0.05048076923076923 0.06850961538461539
0 0.7055288461538461 0.9158653846153846 0.05048076923076923 0.06850961538461539
0 0.7548076923076923 0.9170673076923077 0.05048076923076923 0.06850961538461539
0 0.8040865384615384 0.9182692307692307 0.05048076923076923 0.06850961538461539
0 0.8533653846153846 0.9182692307692307 0.05048076923076923 0.06850961538461539
0 0.9026442307692307 0.9206730769230769 0.05048076923076923 0.06850961538461539
0 0.9519230769230769 0.9206730769230769 0.052884615384615384 0.07091346153846154
0 0.9867788461538461 0.9206730769230769 0.025240384615384616 0.06850961538461539
0 0.5973557692307693 0.9663461538461539 0.021634615384615384 0.0673076923076923
0 0.6322115384615384 0.9663461538461539 0.04807692307692308 0.0673076923076923
0 0.6814903846153846 0.9663461538461539 0.05048076923076923 0.0673076923076923
0 0.7295673076923077 0.9675480769230769 0.05048076923076923 0.06490384615384616
0 0.7800480769230769 0.9675480769230769 0.05048076923076923 0.06490384615384616
0 0.828125 0.9699519230769231 0.05048076923076923 0.06009615384615385
0 0.8762019230769231 0.9699519230769231 0.05048076923076923 0.06009615384615385
0 0.9266826923076923 0.9711538461538461 0.05048076923076923 0.057692307692307696
0 0.9747596153846154 0.9711538461538461 0.05048076923076923 0.057692307692307696
0 0.6117788461538461 0.9951923076923077 0.04807692307692308 0.009615384615384616
0 0.6586538461538461 0.9951923076923077 0.05048076923076923 0.009615384615384616
0 0.7067307692307693 0.9963942307692307 0.05048076923076923 0.007211538461538462
0 0.7560096153846154 0.9963942307692307 0.04807692307692308 0.007211538461538462
0 0.8040865384615384 0.9963942307692307 0.04807692307692308 0.007211538461538462
0 0.8521634615384616 0.9963942307692307 0.04807692307692308 0.007211538461538462
0 0.9771634615384616 0.49759615384615385 0.04567307692307692 0.055288461538461536
0 0.9290865384615384 0.4987980769230769 0.055288461538461536 0.057692307692307696
0 0.8737980769230769 0.5 0.055288461538461536 0.06009615384615385
0 0.8197115384615384 0.5 0.052884615384615384 0.06009615384615385
0 0.7668269230769231 0.5 0.052884615384615384 0.06009615384615385
0 0.6117788461538461 0.5 0.04807692307692308 0.06009615384615385
0 0.6634615384615384 0.5 0.052884615384615384 0.06009615384615385
0 0.9903846153846154 0.5480769230769231 0.019230769230769232 0.07692307692307693
0 0.9555288461538461 0.5564903846153846 0.055288461538461536 0.078125
0 0.9026442307692307 0.5576923076923077 0.055288461538461536 0.078125
0 0.6394230769230769 0.5576923076923077 0.052884615384615384 0.0733173076923077
0 0.6911057692307693 0.5576923076923077 0.052884615384615384 0.0733173076923077
0 0.8485576923076923 0.5576923076923077 0.055288461538461536 0.07572115384615384
0 0.6009615384615384 0.5588942307692307 0.025240384615384616 0.0733173076923077
0 0.7439903846153846 0.5588942307692307 0.055288461538461536 0.078125
0 0.796875 0.5588942307692307 0.052884615384615384 0.07572115384615384
0 0.9771634615384616 0.6201923076923077 0.04567307692307692 0.0733173076923077
0 0.6165865384615384 0.6213942307692307 0.055288461538461536 0.0733173076923077
0 0.6682692307692307 0.6225961538461539 0.052884615384615384 0.0733173076923077
0 0.9290865384615384 0.6225961538461539 0.055288461538461536 0.0733173076923077
0 0.7199519230769231 0.6225961538461539 0.052884615384615384 0.0733173076923077
0 0.7728365384615384 0.6225961538461539 0.052884615384615384 0.0733173076923077
0 0.8762019230769231 0.6225961538461539 0.052884615384615384 0.0733173076923077
0 0.8245192307692307 0.6225961538461539 0.052884615384615384 0.0733173076923077