0 0.18629807692307693 0.19831730769230768 0.13221153846153846 0.22596153846153846
0 0.5036057692307693 0.3233173076923077 0.125 0.27884615384615385
0 0.3004807692307692 0.3329326923076923 0.1346153846153846 0.2403846153846154
0 0.09495192307692307 0.3894230769230769 0.1201923076923077 0.20072115384615385
0 0.390625 0.38822115384615385 0.14423076923076922 0.203125
0 0.18028846153846154 0.4362980769230769 0.12980769230769232 0.10817307692307693
0 0.3173076923076923 0.09495192307692307 0.12980769230769232 0.18870192307692307
0 0.43990384615384615 0.15264423076923078 0.15144230769230768 0.25
0 0.5793269230769231 0.006009615384615385 0.026442307692307692 0.01201923076923077
0 0.609375 0.007211538461538462 0.03245192307692308 0.014423076923076924
0 0.640625 0.007211538461538462 0.03245192307692308 0.014423076923076924
0 0.6706730769230769 0.008413461538461538 0.03245192307692308 0.016826923076923076
0 0.7019230769230769 0.008413461538461538 0.03245192307692308 0.016826923076923076
0 0.7331730769230769 0.009615384615384616 0.03485576923076923 0.019230769230769232
0 0.7632211538461539 0.010817307692307692 0.03245192307692308 0.021634615384615384
0 0.7956730769230769 0.010817307692307692 0.03245192307692308 0.021634615384615384
0 0.8269230769230769 0.010817307692307692 0.03245192307692308 0.021634615384615384
0 0.859375 0.01201923076923077 0.03245192307692308 0.02403846153846154
0 0.8882211538461539 0.01201923076923077 0.03245192307692308 0.02403846153846154
0 0.9206730769230769 0.01201923076923077 0.03245192307692308 0.02403846153846154
0 0.9507211538461539 0.013221153846153846 0.03485576923076923 0.026442307692307692
0 0.9831730769230769 0.014423076923076924 0.03365384615384615 0.028846153846153848
0 0.5733173076923077 0.02403846153846154 0.014423076923076924 0.04447115384615385
0 0.5985576923076923 0.026442307692307692 0.03245192307692308 0.042067307692307696
0 0.6274038461538461 0.027644230769230768 0.03245192307692308 0.04447115384615385
0 0.6586538461538461 0.028846153846153848 0.03245192307692308 0.04447115384615385
0 0.6887019230769231 0.03245192307692308 0.03245192307692308 0.04447115384615385
0 0.7199519230769231 0.03365384615384615 0.03245192307692308 0.04447115384615385
0 0.75 0.03485576923076923 0.03245192307692308 0.042067307692307696
0 0.7824519230769231 0.036057692307692304 0.03245192307692308 0.04447115384615385
0 0.8125 0.037259615384615384 0.03485576923076923 0.04447115384615385
0 0.8425480769230769 0.038461538461538464 0.03245192307692308 0.04447115384615385
0 0.875 0.039663461538461536 0.03245192307692308 0.04447115384615385
0 0.9050480769230769 0.040865384615384616 0.03245192307692308 0.04447115384615385
0 0.9362980769230769 0.042067307692307696 0.03245192307692308 0.04447115384615385
0 0.9675480769230769 0.042067307692307696 0.03245192307692308 0.04447115384615385
0 0.9915865384615384 0.04326923076923077 0.016826923076923076 0.042067307692307696
0 0.5841346153846154 0.06129807692307692 0.028846153846153848 0.042067307692307696
0 0.6141826923076923 0.0625 0.03245192307692308 0.042067307692307696
0 0.6442307692307693 0.06370192307692307 0.03245192307692308 0.042067307692307696
0 0.6766826923076923 0.06490384615384616 0.03245192307692308 0.04447115384615385
0 0.7067307692307693 0.06610576923076923 0.03245192307692308 0.04447115384615385
0 0.7367788461538461 0.0673076923076923 0.03245192307692308 0.04447115384615385
0 0.7668269230769231 0.06850961538461539 0.028846153846153848 0.04447115384615385
0 0.7980769230769231 0.06971153846153846 0.03245192307692308 0.042067307692307696
0 0.828125 0.07211538461538461 0.03245192307692308 0.039663461538461536
0 0.859375 0.0733173076923077 0.03245192307692308 0.04447115384615385
0 0.8894230769230769 0.07451923076923077 0.03245192307692308 0.04447115384615385
0 0.9206730769230769 0.07451923076923077 0.03245192307692308 0.04447115384615385
0 0.9519230769230769 0.07572115384615384 0.03245192307692308 0.04447115384615385
0 0.9819711538461539 0.07572115384615384 0.036057692307692304 0.04567307692307692
0 0.9987980769230769 0.07692307692307693 0.002403846153846154 0.042067307692307696
0 0.5757211538461539 0.09495192307692307 0.019230769230769232 0.042067307692307696
0 0.6009615384615384 0.09615384615384616 0.03245192307692308 0.042067307692307696
0 0.6310096153846154 0.09735576923076923 0.03245192307692308 0.042067307692307696
0 0.6610576923076923 0.0985576923076923 0.028846153846153848 0.042067307692307696
0 0.6911057692307693 0.09975961538461539 0.03245192307692308 0.042067307692307696
0 0.7223557692307693 0.10216346153846154 0.03245192307692308 0.042067307692307696
0 0.7524038461538461 0.10216346153846154 0.03245192307692308 0.042067307692307696
0 0.7836538461538461 0.1045673076923077 0.028846153846153848 0.042067307692307696
0 0.8137019230769231 0.10576923076923077 0.03245192307692308 0.042067307692307696
0 0.8425480769230769 0.10697115384615384 0.03485576923076923 0.042067307692307696
0 0.875 0.10817307692307693 0.03245192307692308 0.04447115384615385
0 0.9038461538461539 0.109375 0.03245192307692308 0.042067307692307696
0 0.9362980769230769 0.109375 0.03245192307692308 0.042067307692307696
0 0.9663461538461539 0.11057692307692307 0.03245192307692308 0.042067307692307696
0 0.9903846153846154 0.11057692307692307 0.019230769230769232 0.04447115384615385
0 0.5697115384615384 0.12620192307692307 0.007211538461538462 0.042067307692307696
0 0.5877403846153846 0.12860576923076922 0.028846153846153848 0.042067307692307696
0 0.6177884615384616 0.12980769230769232 0.028846153846153848 0.042067307692307696
0 0.6466346153846154 0.1310096153846154 0.03245192307692308 0.042067307692307696
0 0.6778846153846154 0.13221153846153846 0.03245192307692308 0.042067307692307696
0 0.7067307692307693 0.13341346153846154 0.03245192307692308 0.042067307692307696
0 0.7379807692307693 0.1346153846153846 0.03245192307692308 0.042067307692307696
0 0.7680288461538461 0.13581730769230768 0.03245192307692308 0.042067307692307696
0 0.7980769230769231 0.13701923076923078 0.028846153846153848 0.042067307692307696
0 0.828125 0.13942307692307693 0.03245192307692308 0.037259615384615384
0 0.859375 0.140625 0.03245192307692308 0.039663461538461536
0 0.890625 0.140625 0.03245192307692308 0.039663461538461536
0 0.9206730769230769 0.14182692307692307 0.03245192307692308 0.039663461538461536
0 0.9507211538461539 0.14302884615384615 0.03245192307692308 0.04447115384615385
0 0.9819711538461539 0.14423076923076922 0.03245192307692308 0.042067307692307696
0 0.9975961538461539 0.14423076923076922 0.004807692307692308 0.04447115384615385
0 0.578125 0.15985576923076922 0.02403846153846154 0.039663461538461536
0 0.6057692307692307 0.1622596153846154 0.028846153846153848 0.039663461538461536
0 0.6346153846153846 0.16466346153846154 0.028846153846153848 0.042067307692307696
0 0.6646634615384616 0.16466346153846154 0.028846153846153848 0.042067307692307696
0 0.6935096153846154 0.16706730769230768 0.028846153846153848 0.042067307692307696
0 0.7247596153846154 0.16706730769230768 0.028846153846153848 0.042067307692307696
0 0.7536057692307693 0.16826923076923078 0.03245192307692308 0.042067307692307696
0 0.7848557692307693 0.16947115384615385 0.03245192307692308 0.042067307692307696
0 0.8137019230769231 0.171875 0.03245192307692308 0.039663461538461536
0 0.8449519230769231 0.17307692307692307 0.03245192307692308 0.039663461538461536
0 0.875 0.17427884615384615 0.03245192307692308 0.039663461538461536
0 0.9050480769230769 0.17548076923076922 0.03245192307692308 0.039663461538461536
0 0.9350961538461539 0.17668269230769232 0.03245192307692308 0.042067307692307696
0 0.9651442307692307 0.1778846153846154 0.03245192307692308 0.042067307692307696
0 0.9903846153846154 0.17668269230769232 0.019230769230769232 0.039663461538461536
0 0.5721153846153846 0.18990384615384615 0.01201923076923077 0.042067307692307696
0 0.5925480769230769 0.1935096153846154 0.028846153846153848 0.039663461538461536
0 0.6213942307692307 0.19471153846153846 0.028846153846153848 0.039663461538461536
0 0.6502403846153846 0.1971153846153846 0.03245192307692308 0.042067307692307696
0 0.6802884615384616 0.1971153846153846 0.03245192307692308 0.042067307692307696
0 0.7103365384615384 0.19831730769230768 0.03245192307692308 0.042067307692307696
0 0.7403846153846154 0.19951923076923078 0.03245192307692308 0.042067307692307696
0 0.7692307692307693 0.20192307692307693 0.03245192307692308 0.042067307692307696
0 0.7992788461538461 0.203125 0.03245192307692308 0.042067307692307696
0 0.8293269230769231 0.20432692307692307 0.03245192307692308 0.039663461538461536
0 0.8605769230769231 0.20552884615384615 0.028846153846153848 0.042067307692307696
0 0.8894230769230769 0.20673076923076922 0.03245192307692308 0.042067307692307696
0 0.9194711538461539 0.20793269230769232 0.03245192307692308 0.042067307692307696
0 0.9495192307692307 0.2091346153846154 0.03245192307692308 0.039663461538461536
0 0.9807692307692307 0.2091346153846154 0.03245192307692308 0.039663461538461536
0 0.9963942307692307 0.21033653846153846 0.007211538461538462 0.039663461538461536
0 0.5793269230769231 0.22355769230769232 0.026442307692307692 0.039663461538461536
0 0.609375 0.22596153846153846 0.028846153846153848 0.039663461538461536
0 0.6382211538461539 0.22716346153846154 0.028846153846153848 0.039663461538461536
0 0.6670673076923077 0.2283653846153846 0.028846153846153848 0.042067307692307696
0 0.7271634615384616 0.23076923076923078 0.028846153846153848 0.042067307692307696
0 0.6959134615384616 0.23197115384615385 0.028846153846153848 0.042067307692307696
0 0.7560096153846154 0.23317307692307693 0.028846153846153848 0.042067307692307696
0 0.7860576923076923 0.234375 0.028846153846153848 0.042067307692307696
0 0.8149038461538461 0.23557692307692307 0.028846153846153848 0.042067307692307696
0 0.8461538461538461 0.23798076923076922 0.03245192307692308 0.039663461538461536
0 0.875 0.23918269230769232 0.03245192307692308 0.042067307692307696
0 0.9038461538461539 0.24158653846153846 0.03245192307692308 0.039663461538461536
0 0.9338942307692307 0.24158653846153846 0.03245192307692308 0.039663461538461536
0 0.9627403846153846 0.24278846153846154 0.03245192307692308 0.039663461538461536
0 0.9891826923076923 0.24158653846153846 0.021634615384615384 0.042067307692307696
0 0.5733173076923077 0.2536057692307692 0.014423076923076924 0.042067307692307696
0 0.5961538461538461 0.25721153846153844 0.028846153846153848 0.042067307692307696
0 0.6237980769230769 0.25961538461538464 0.028846153846153848 0.042067307692307696
0 0.6538461538461539 0.2608173076923077 0.028846153846153848 0.042067307692307696
0 0.6826923076923077 0.2620192307692308 0.028846153846153848 0.042067307692307696
0 0.7115384615384616 0.26322115384615385 0.028846153846153848 0.042067307692307696
0 0.7415865384615384 0.2644230769230769 0.028846153846153848 0.042067307692307696
0 0.7704326923076923 0.265625 0.028846153846153848 0.042067307692307696
0 0.8016826923076923 0.2668269230769231 0.03245192307692308 0.042067307692307696
0 0.8605769230769231 0.2692307692307692 0.03245192307692308 0.042067307692307696
0 0.8293269230769231 0.2692307692307692 0.03245192307692308 0.042067307692307696
0 0.8894230769230769 0.27163461538461536 0.03245192307692308 0.042067307692307696
0 0.9194711538461539 0.27403846153846156 0.03245192307692308 0.042067307692307696
0 0.9483173076923077 0.27403846153846156 0.03245192307692308 0.042067307692307696
0 0.9783653846153846 0.27524038461538464 0.03245192307692308 0.042067307692307696
0 0.9963942307692307 0.27524038461538464 0.007211538461538462 0.042067307692307696
0 0.36658653846153844 0.8870192307692307 0.25721153846153844 0.22596153846153846
0 0.1141826923076923 0.9435096153846154 0.2283653846153846 0.11298076923076923
0 0.5805288461538461 0.6959134615384616 0.028846153846153848 0.06850961538461539
0 0.6213942307692307 0.6971153846153846 0.051682692307692304 0.07091346153846154
0 0.671875 0.6971153846153846 0.051682692307692304 0.06850961538461539
0 0.9723557692307693 0.6959134615384616 0.055288461538461536 0.07451923076923077
0 0.7211538461538461 0.6983173076923077 0.051682692307692304 0.07091346153846154
0 0.921875 0.6983173076923077 0.051682692307692304 0.07091346153846154
0 0.7704326923076923 0.6995192307692307 0.051682692307692304 0.07091346153846154
0 0.8713942307692307 0.6995192307692307 0.051682692307692304 0.07091346153846154
0 0.8209134615384616 0.6995192307692307 0.051682692307692304 0.07091346153846154
0 0.5709134615384616 0.7524038461538461 0.009615384615384616 0.06850961538461539
0 0.5997596153846154 0.7548076923076923 0.051682692307692304 0.06850961538461539
0 0.6478365384615384 0.7560096153846154 0.04927884615384615 0.06610576923076923
0 0.6983173076923077 0.7560096153846154 0.051682692307692304 0.06850961538461539
0 0.9855769230769231 0.7560096153846154 0.028846153846153848 0.07091346153846154
0 0.7475961538461539 0.7572115384615384 0.051682692307692304 0.06850961538461539
0 0.796875 0.7572115384615384 0.051682692307692304 0.07091346153846154
0 0.9459134615384616 0.7584134615384616 0.054086538461538464 0.07091346153846154
0 0.8461538461538461 0.7584134615384616 0.051682692307692304 0.07091346153846154
0 0.8954326923076923 0.7584134615384616 0.051682692307692304 0.07091346153846154
0 0.5841346153846154 0.8100961538461539 0.037259615384615384 0.06610576923076923
0 0.6262019230769231 0.8125 0.051682692307692304 0.06850961538461539
0 0.6754807692307693 0.8125 0.051682692307692304 0.06850961538461539
0 0.7247596153846154 0.8137019230769231 0.051682692307692304 0.06850961538461539
0 0.7728365384615384 0.8149038461538461 0.051682692307692304 0.06850961538461539
0 0.8221153846153846 0.8149038461538461 0.04927884615384615 0.06850961538461539
0 0.8713942307692307 0.8161057692307693 0.051682692307692304 0.06850961538461539
0 0.9206730769230769 0.8161057692307693 0.051682692307692304 0.06850961538461539
0 0.9711538461538461 0.8161057692307693 0.051682692307692304 0.06850961538461539
0 0.5733173076923077 0.8665865384615384 0.014423076923076924 0.06610576923076923
0 0.6045673076923077 0.8677884615384616 0.04927884615384615 0.06610576923076923
0 0.6514423076923077 0.8689903846153846 0.051682692307692304 0.06610576923076923
0 0.7019230769230769 0.8689903846153846 0.051682692307692304 0.06610576923076923
0 0.75 0.8701923076923077 0.04927884615384615 0.06610576923076923
0 0.7992788461538461 0.8701923076923077 0.04927884615384615 0.06610576923076923
0 0.8473557692307693 0.8713942307692307 0.04927884615384615 0.06610576923076923
0 0.8954326923076923 0.8725961538461539 0.051682692307692304 0.06610576923076923
0 0.9447115384615384 0.8725961538461539 0.051682692307692304 0.06610576923076923
0 0.9831730769230769 0.8713942307692307 0.03365384615384615 0.06971153846153846
0 0.5865384615384616 0.9194711538461539 0.042067307692307696 0.06370192307692307
0 0.6310096153846154 0.9230769230769231 0.04927884615384615 0.06610576923076923
0 0.6802884615384616 0.9230769230769231 0.04927884615384615 0.06610576923076923
0 0.7283653846153846 0.9242788461538461 0.04927884615384615 0.06610576923076923
0 0.7752403846153846 0.9254807692307693 0.04927884615384615 0.06610576923076923
0 0.8233173076923077 0.9254807692307693 0.04927884615384615 0.06610576923076923
0 0.8713942307692307 0.9278846153846154 0.04927884615384615 0.06610576923076923
0 0.9194711538461539 0.9278846153846154 0.051682692307692304 0.06850961538461539
0 0.9675480769230769 0.9290865384615384 0.051682692307692304 0.06610576923076923
0 0.9963942307692307 0.9290865384615384 0.007211538461538462 0.06850961538461539
0 0.5745192307692307 0.9699519230769231 0.019230769230769232 0.06009615384615385
0 0.6081730769230769 0.9699519230769231 0.04807692307692308 0.06009615384615385
0 0.65625 0.9699519230769231 0.04807692307692308 0.06009615384615385
0 0.7019230769230769 0.9711538461538461 0.04807692307692308 0.057692307692307696
0 0.7512019230769231 0.9711538461538461 0.05048076923076923 0.057692307692307696
0 0.7980769230769231 0.9723557692307693 0.04807692307692308 0.055288461538461536
0 0.8449519230769231 0.9723557692307693 0.05048076923076923 0.055288461538461536
0 0.8930288461538461 0.9735576923076923 0.05048076923076923 0.052884615384615384
0 0.9399038461538461 0.9735576923076923 0.04807692307692308 0.052884615384615384
0 0.9819711538461539 0.9747596153846154 0.036057692307692304 0.05048076923076923
0 0.5889423076923077 0.9975961538461539 0.046875 0.004807692307692308
0 0.6346153846153846 0.9975961538461539 0.04927884615384615 0.004807692307692308
0 0.9879807692307693 0.5144230769230769 0.02403846153846154 0.04927884615384615
0 0.9483173076923077 0.5168269230769231 0.054086538461538464 0.054086538461538464
0 0.8966346153846154 0.5180288461538461 0.054086538461538464 0.056490384615384616
0 0.8425480769230769 0.5192307692307693 0.054086538461538464 0.05889423076923077
0 0.7908653846153846 0.5192307692307693 0.051682692307692304 0.05889423076923077
0 0.7391826923076923 0.5192307692307693 0.051682692307692304 0.05889423076923077
0 0.5889423076923077 0.5192307692307693 0.046875 0.05889423076923077
0 0.6382211538461539 0.5192307692307693 0.051682692307692304 0.05889423076923077
0 0.9735576923076923 0.5661057692307693 0.052884615384615384 0.07451923076923077
0 0.9230769230769231 0.5745192307692307 0.054086538461538464 0.07572115384615384
0 0.8713942307692307 0.5757211538461539 0.054086538461538464 0.07572115384615384
0 0.6153846153846154 0.5757211538461539 0.051682692307692304 0.07091346153846154
0 0.6658653846153846 0.5757211538461539 0.051682692307692304 0.07091346153846154
0 0.8185096153846154 0.5757211538461539 0.054086538461538464 0.0733173076923077
0 0.578125 0.5769230769230769 0.02403846153846154 0.07091346153846154
0 0.7163461538461539 0.5769230769230769 0.054086538461538464 0.07572115384615384
0 0.7680288461538461 0.5769230769230769 0.051682692307692304 0.0733173076923077
0 0.9867788461538461 0.6298076923076923 0.026442307692307692 0.0733173076923077
0 0.9483173076923077 0.6358173076923077 0.054086538461538464 0.07091346153846154
0 0.5925480769230769 0.6370192307692307 0.054086538461538464 0.07091346153846154
0 0.6430288461538461 0.6382211538461539 0.051682692307692304 0.07091346153846154
0 0.8966346153846154 0.6382211538461539 0.054086538461538464 0.07091346153846154
0 0.6935096153846154 0.6382211538461539 0.051682692307692304 0.07091346153846154
0 0.7451923076923077 0.6382211538461539 0.051682692307692304 0.07091346153846154
0 0.8461538461538461 0.6382211538461539 0.051682692307692304 0.07091346153846154
0 0.7956730769230769 0.6382211538461539 0.051682692307692304 0.07091346153846154