0 0.875 0.24278846153846154 0.20673076923076922 0.234375
0 0.6598557692307693 0.2932692307692308 0.23677884615384615 0.25240384615384615
0 0.9362980769230769 0.3581730769230769 0.12620192307692307 0.21153846153846154
0 0.7848557692307693 0.4807692307692308 0.21514423076923078 0.22235576923076922
0 0.07211538461538461 0.515625 0.14423076923076922 0.25721153846153844
0 0.5480769230769231 0.5228365384615384 0.23197115384615385 0.22235576923076922
0 0.3161057692307692 0.5300480769230769 0.265625 0.25240384615384615
0 0.8677884615384616 0.6682692307692307 0.1971153846153846 0.1971153846153846
0 0.6298076923076923 0.6983173076923077 0.2091346153846154 0.1971153846153846
0 0.43149038461538464 0.7992788461538461 0.23677884615384615 0.171875
0 0.9891826923076923 0.14302884615384615 0.021634615384615384 0.21875
0 0.9471153846153846 0.8473557692307693 0.10576923076923077 0.078125
0 0.20793269230769232 0.8485576923076923 0.234375 0.0733173076923077