0 0.8112980769230769 0.25 0.2091346153846154 0.34975961538461536
0 0.6634615384615384 0.27163461538461536 0.14543269230769232 0.3088942307692308
0 0.3918269230769231 0.28725961538461536 0.19951923076923078 0.3449519230769231
0 0.27524038461538464 0.28725961538461536 0.12980769230769232 0.2932692307692308
0 0.07091346153846154 0.28966346153846156 0.14182692307692307 0.33413461538461536
0 0.8677884615384616 0.038461538461538464 0.1935096153846154 0.07692307692307693
0 0.7271634615384616 0.6021634615384616 0.1346153846153846 0.30649038461538464
0 0.8689903846153846 0.6105769230769231 0.21394230769230768 0.35216346153846156
0 0.06610576923076923 0.6129807692307693 0.1201923076923077 0.29086538461538464
0 0.4987980769230769 0.6237980769230769 0.19591346153846154 0.33653846153846156
0 0.18269230769230768 0.6298076923076923 0.18870192307692307 0.3317307692307692
0 0.5649038461538461 0.06129807692307692 0.20192307692307693 0.12259615384615384
0 0.22115384615384615 0.07091346153846154 0.19230769230769232 0.14182692307692307
0 0.6995192307692307 0.8786057692307693 0.2091346153846154 0.24278846153846154
0 0.052884615384615384 0.8834134615384616 0.1045673076923077 0.23197115384615385
0 0.9326923076923077 0.8834134615384616 0.1346153846153846 0.23197115384615385
0 0.5649038461538461 0.8870192307692307 0.12980769230769232 0.22596153846153846
0 0.2548076923076923 0.8882211538461539 0.16826923076923078 0.22355769230769232
0 0.09495192307692307 0.06850961538461539 0.15144230769230768 0.13701923076923078
0 0.44591346153846156 0.06370192307692307 0.16346153846153846 0.12740384615384615