0 0.30649038461538464 0.2920673076923077 0.13822115384615385 0.20432692307692307
0 0.17307692307692307 0.28725961538461536 0.12860576923076922 0.18629807692307693
0 0.052884615384615384 0.2764423076923077 0.10576923076923077 0.20192307692307693
0 0.35216346153846156 0.11658653846153846 0.08774038461538461 0.20432692307692307
0 0.2439903846153846 0.11298076923076923 0.12620192307692307 0.18990384615384615
0 0.11298076923076923 0.10336538461538461 0.140625 0.20192307692307693
0 0.019230769230769232 0.09735576923076923 0.038461538461538464 0.18990384615384615
0 0.3016826923076923 0.02283653846153846 0.14302884615384615 0.04567307692307692
0 0.24639423076923078 0.4098557692307692 0.12860576923076922 0.0829326923076923
0 0.35336538461538464 0.40865384615384615 0.08533653846153846 0.08533653846153846
0 0.11057692307692307 0.4026442307692308 0.13822115384615385 0.09735576923076923
0 0.7944711538461539 0.2692307692307692 0.07572115384615384 0.11177884615384616
0 0.9963942307692307 0.17067307692307693 0.007211538461538462 0.040865384615384616
0 0.7980769230769231 0.140625 0.09254807692307693 0.15264423076923078
0 0.9927884615384616 0.08653846153846154 0.014423076923076924 0.12379807692307693
0 0.9110576923076923 0.08052884615384616 0.09495192307692307 0.14783653846153846
0 0.9302884615384616 0.010817307692307692 0.09495192307692307 0.021634615384615384
0 0.3641826923076923 0.6490384615384616 0.06370192307692307 0.23557692307692307
0 0.32091346153846156 0.5024038461538461 0.1502403846153846 0.10216346153846154
0 0.8798076923076923 0.9699519230769231 0.17668269230769232 0.06009615384615385
0 0.5360576923076923 0.9435096153846154 0.18269230769230768 0.11298076923076923
0 0.7355769230769231 0.9038461538461539 0.13581730769230768 0.19230769230769232
0 0.9146634615384616 0.8990384615384616 0.16947115384615385 0.20192307692307693
0 0.5985576923076923 0.8641826923076923 0.18389423076923078 0.25240384615384615
0 0.4387019230769231 0.8617788461538461 0.08533653846153846 0.22355769230769232
0 0.8641826923076923 0.6814903846153846 0.17668269230769232 0.25
0 0.546875 0.6165865384615384 0.18629807692307693 0.23798076923076922
0 0.9879807692307693 0.5949519230769231 0.02403846153846154 0.20432692307692307
0 0.9194711538461539 0.5733173076923077 0.15985576923076922 0.15985576923076922
0 0.7403846153846154 0.5661057692307693 0.14302884615384615 0.140625
0 0.41947115384615385 0.5432692307692307 0.04807692307692308 0.10216346153846154