0 0.04447115384615385 0.19951923076923078 0.0889423076923077 0.19230769230769232
0 0.23557692307692307 0.2091346153846154 0.19230769230769232 0.20192307692307693
0 0.4387019230769231 0.25841346153846156 0.16706730769230768 0.1971153846153846
0 0.004807692307692308 0.34375 0.009615384615384616 0.20192307692307693
0 0.3954326923076923 0.37259615384615385 0.17307692307692307 0.16706730769230768
0 0.13942307692307693 0.3798076923076923 0.21033653846153846 0.21754807692307693
0 0.4987980769230769 0.42908653846153844 0.04807692307692308 0.22716346153846154
0 0.7127403846153846 0.0829326923076923 0.19471153846153846 0.16466346153846154
0 0.8257211538461539 0.06971153846153846 0.12740384615384615 0.13942307692307693
0 0.9855769230769231 0.3137019230769231 0.028846153846153848 0.2860576923076923
0 0.6141826923076923 0.3245192307692308 0.18269230769230768 0.33052884615384615
0 0.9122596153846154 0.3329326923076923 0.17548076923076922 0.3245192307692308
0 0.5649038461538461 0.5192307692307693 0.08533653846153846 0.08774038461538461
0 0.8473557692307693 0.5204326923076923 0.16466346153846154 0.08533653846153846
0 0.16706730769230768 0.5805288461538461 0.06009615384615385 0.03485576923076923
0 0.09615384615384616 0.5865384615384616 0.0625 0.04807692307692308
0 0.027644230769230768 0.5925480769230769 0.055288461538461536 0.06009615384615385
0 0.16947115384615385 0.6490384615384616 0.055288461538461536 0.1045673076923077
0 0.1141826923076923 0.6646634615384616 0.06009615384615385 0.10697115384615384
0 0.04927884615384615 0.6826923076923077 0.06009615384615385 0.10697115384615384
0 0.007211538461538462 0.6983173076923077 0.014423076923076924 0.11298076923076923
0 0.5 0.7235576923076923 0.04447115384615385 0.32211538461538464
0 0.17548076923076922 0.7620192307692307 0.06009615384615385 0.11057692307692307
0 0.11298076923076923 0.7788461538461539 0.057692307692307696 0.10697115384615384
0 0.042067307692307696 0.7920673076923077 0.06009615384615385 0.11057692307692307
0 0.006009615384615385 0.8149038461538461 0.01201923076923077 0.11057692307692307
0 0.28966346153846156 0.8822115384615384 0.057692307692307696 0.10697115384615384
0 0.2247596153846154 0.9002403846153846 0.057692307692307696 0.1045673076923077
0 0.16346153846153846 0.9254807692307693 0.057692307692307696 0.10697115384615384
0 0.09735576923076923 0.9399038461538461 0.06009615384615385 0.11057692307692307
0 0.037259615384615384 0.9579326923076923 0.06490384615384616 0.08413461538461539
0 0.28125 0.96875 0.057692307692307696 0.0625
0 0.21634615384615385 0.9759615384615384 0.057692307692307696 0.04807692307692308
0 0.15985576923076922 0.9903846153846154 0.06009615384615385 0.019230769230769232
0 0.9447115384615384 0.6394230769230769 0.09014423076923077 0.15504807692307693
0 0.8365384615384616 0.6586538461538461 0.1622596153846154 0.19230769230769232
0 0.6658653846153846 0.6466346153846154 0.11778846153846154 0.16706730769230768
0 0.5685096153846154 0.6646634615384616 0.09254807692307693 0.20552884615384615
0 0.8100961538461539 0.8305288461538461 0.11538461538461539 0.18028846153846154
0 0.5600961538461539 0.8413461538461539 0.07451923076923077 0.1778846153846154
0 0.9627403846153846 0.8653846153846154 0.07451923076923077 0.25
0 0.6959134615384616 0.8762019230769231 0.17307692307692307 0.24759615384615385
0 0.9278846153846154 0.9651442307692307 0.11057692307692307 0.06971153846153846
0 0.6610576923076923 0.9771634615384616 0.12740384615384615 0.04447115384615385
0 0.8341346153846154 0.984375 0.16346153846153846 0.03125