0 0.4951923076923077 0.2620192307692308 0.11899038461538461 0.2536057692307692
0 0.3557692307692308 0.21875 0.12980769230769232 0.2644230769230769
0 0.5625 0.09254807692307693 0.039663461538461536 0.18509615384615385
0 0.453125 0.06370192307692307 0.12379807692307693 0.12740384615384615
0 0.3161057692307692 0.039663461538461536 0.12980769230769232 0.07932692307692307
0 0.5540865384615384 0.44350961538461536 0.055288461538461536 0.12379807692307693
0 0.40024038461538464 0.4266826923076923 0.12980769230769232 0.15625
0 0.7415865384615384 0.3425480769230769 0.07932692307692307 0.12740384615384615
0 0.5913461538461539 0.3173076923076923 0.018028846153846152 0.13701923076923078
0 0.65625 0.3137019230769231 0.09254807692307693 0.1502403846153846
0 0.6129807692307693 0.4483173076923077 0.06129807692307692 0.1141826923076923
0 0.7223557692307693 0.42427884615384615 0.09495192307692307 0.16105769230769232
0 0.009615384615384616 0.6490384615384616 0.018028846153846152 0.25721153846153844
0 0.8125 0.8966346153846154 0.23317307692307693 0.20673076923076922
0 0.6322115384615384 0.9050480769230769 0.10096153846153846 0.18990384615384615
0 0.9663461538461539 0.90625 0.06610576923076923 0.1875
0 0.7019230769230769 0.6586538461538461 0.19831730769230768 0.30649038461538464
0 0.9050480769230769 0.6694711538461539 0.18990384615384615 0.328125