0 0.08653846153846154 0.40865384615384615 0.109375 0.18028846153846154
0 0.19831730769230768 0.40865384615384615 0.0985576923076923 0.17307692307692307
0 0.31490384615384615 0.41586538461538464 0.0985576923076923 0.17067307692307693
0 0.6045673076923077 0.4230769230769231 0.08774038461538461 0.15985576923076922
0 0.41947115384615385 0.4230769230769231 0.09254807692307693 0.16706730769230768
0 0.6923076923076923 0.42427884615384615 0.0829326923076923 0.15745192307692307
0 0.5120192307692307 0.42427884615384615 0.09014423076923077 0.16466346153846154
0 0.7764423076923077 0.4254807692307692 0.07932692307692307 0.15384615384615385
0 0.8653846153846154 0.42788461538461536 0.07692307692307693 0.14903846153846154
0 0.9375 0.4326923076923077 0.06971153846153846 0.1466346153846154
0 0.9879807692307693 0.4362980769230769 0.02403846153846154 0.14302884615384615
0 0.9507211538461539 0.7319711538461539 0.07451923076923077 0.1466346153846154
0 0.8713942307692307 0.7319711538461539 0.07932692307692307 0.15144230769230768
0 0.7836538461538461 0.7355769230769231 0.0829326923076923 0.15384615384615385
0 0.6959134615384616 0.7427884615384616 0.0829326923076923 0.15384615384615385
0 0.6069711538461539 0.7512019230769231 0.09014423076923077 0.15745192307692307
0 0.4014423076923077 0.7536057692307693 0.09254807692307693 0.16706730769230768
0 0.5096153846153846 0.7548076923076923 0.09615384615384616 0.1622596153846154
0 0.2980769230769231 0.7608173076923077 0.10096153846153846 0.16706730769230768
0 0.19230769230769232 0.7644230769230769 0.10336538461538461 0.17307692307692307
0 0.078125 0.7680288461538461 0.11177884615384616 0.17067307692307693
0 0.042067307692307696 0.0625 0.08413461538461539 0.125
0 0.15625 0.06610576923076923 0.10576923076923077 0.13221153846153846
0 0.9591346153846154 0.9675480769230769 0.07692307692307693 0.06370192307692307
0 0.8822115384615384 0.9735576923076923 0.07692307692307693 0.052884615384615384
0 0.7908653846153846 0.9783653846153846 0.0829326923076923 0.042067307692307696
0 0.7043269230769231 0.9855769230769231 0.08533653846153846 0.028846153846153848
0 0.6153846153846154 0.9903846153846154 0.08774038461538461 0.018028846153846152
0 0.2800480769230769 0.0733173076923077 0.09254807692307693 0.1466346153846154
0 0.3762019230769231 0.078125 0.0889423076923077 0.15625
0 0.49158653846153844 0.08052884615384616 0.08774038461538461 0.15985576923076922
0 0.5793269230769231 0.09134615384615384 0.07932692307692307 0.15144230769230768
0 0.6778846153846154 0.10096153846153846 0.07692307692307693 0.15384615384615385
0 0.7668269230769231 0.11057692307692307 0.07692307692307693 0.14903846153846154
0 0.8605769230769231 0.11778846153846154 0.07211538461538461 0.14302884615384615
0 0.9230769230769231 0.12980769230769232 0.06129807692307692 0.140625
0 0.9771634615384616 0.13701923076923078 0.04567307692307692 0.13581730769230768
0 0.013221153846153846 0.39903846153846156 0.026442307692307692 0.19110576923076922
0 0.014423076923076924 0.7776442307692307 0.028846153846153848 0.16706730769230768