0 0.15144230769230768 0.3317307692307692 0.17668269230769232 0.171875
0 0.32211538461538464 0.33413461538461536 0.15985576923076922 0.16706730769230768
0 0.03245192307692308 0.33533653846153844 0.06370192307692307 0.16706730769230768
0 0.9194711538461539 0.46875 0.16105769230769232 0.18269230769230768
0 0.7536057692307693 0.4735576923076923 0.17908653846153846 0.17668269230769232
0 0.578125 0.47596153846153844 0.16706730769230768 0.1622596153846154
0 0.07932692307692307 0.47836538461538464 0.15865384615384615 0.16826923076923078
0 0.40865384615384615 0.47836538461538464 0.16706730769230768 0.16466346153846154
0 0.24158653846153846 0.4795673076923077 0.16706730769230768 0.1622596153846154
0 0.6550480769230769 0.052884615384615384 0.18389423076923078 0.10576923076923077
0 0.8401442307692307 0.052884615384615384 0.171875 0.10576923076923077
0 0.31009615384615385 0.056490384615384616 0.16947115384615385 0.11298076923076923
0 0.4795673076923077 0.057692307692307696 0.16947115384615385 0.11538461538461539
0 0.8449519230769231 0.625 0.171875 0.17427884615384615
0 0.4963942307692308 0.625 0.16706730769230768 0.17908653846153846
0 0.6706730769230769 0.6262019230769231 0.17427884615384615 0.17668269230769232
0 0.036057692307692304 0.6286057692307693 0.07091346153846154 0.17908653846153846
0 0.3269230769230769 0.6286057692307693 0.16706730769230768 0.1814903846153846
0 0.15384615384615385 0.6298076923076923 0.17427884615384615 0.1814903846153846
0 0.12980769230769232 0.06129807692307692 0.171875 0.12259615384615384
0 0.9266826923076923 0.7776442307692307 0.1466346153846154 0.17427884615384615
0 0.7620192307692307 0.7764423076923077 0.17427884615384615 0.171875
0 0.5865384615384616 0.7788461538461539 0.16947115384615385 0.17427884615384615
0 0.08173076923076923 0.7824519230769231 0.16346153846153846 0.17548076923076922
0 0.41586538461538464 0.7848557692307693 0.171875 0.17908653846153846
0 0.25 0.7860576923076923 0.15745192307692307 0.16947115384615385
0 0.859375 0.9206730769230769 0.18028846153846154 0.15865384615384615
0 0.5012019230769231 0.9206730769230769 0.1658653846153846 0.15865384615384615
0 0.6730769230769231 0.9206730769230769 0.1778846153846154 0.15865384615384615
0 0.33533653846153844 0.9230769230769231 0.16706730769230768 0.15384615384615385
0 0.17307692307692307 0.9230769230769231 0.16466346153846154 0.15384615384615385
0 0.04567307692307692 0.9242788461538461 0.09014423076923077 0.15144230769230768
0 0.9194711538461539 0.16706730769230768 0.16105769230769232 0.1658653846153846
0 0.75 0.17067307692307693 0.17908653846153846 0.17668269230769232
0 0.5721153846153846 0.17548076923076922 0.17427884615384615 0.17427884615384615
0 0.22115384615384615 0.17668269230769232 0.171875 0.17668269230769232
0 0.3954326923076923 0.18028846153846154 0.17908653846153846 0.17908653846153846
0 0.0673076923076923 0.18389423076923078 0.1346153846153846 0.16706730769230768
0 0.9627403846153846 0.3137019230769231 0.0733173076923077 0.1814903846153846
0 0.8401442307692307 0.3173076923076923 0.17668269230769232 0.17668269230769232
0 0.6610576923076923 0.3245192307692308 0.17668269230769232 0.17427884615384615
0 0.48677884615384615 0.3293269230769231 0.16947115384615385 0.17668269230769232
0 0.02403846153846154 0.06490384615384616 0.04807692307692308 0.12980769230769232
0 0.9579326923076923 0.057692307692307696 0.0829326923076923 0.11538461538461539
0 0.9663461538461539 0.6262019230769231 0.06610576923076923 0.17427884615384615
0 0.9627403846153846 0.9170673076923077 0.06971153846153846 0.1658653846153846