0 0.4879807692307692 0.12740384615384615 0.09615384615384616 0.1466346153846154
0 0.11538461538461539 0.21033653846153846 0.09615384615384616 0.15985576923076922
0 0.2644230769230769 0.23076923076923078 0.0985576923076923 0.1502403846153846
0 0.5096153846153846 0.30649038461538464 0.0829326923076923 0.1466346153846154
0 0.046875 0.41346153846153844 0.07451923076923077 0.109375
0 0.47716346153846156 0.019230769230769232 0.0985576923076923 0.037259615384615384
0 0.6346153846153846 0.1045673076923077 0.08052884615384616 0.12259615384615384
0 0.5697115384615384 0.17067307692307693 0.037259615384615384 0.12259615384615384
0 0.6021634615384616 0.19951923076923078 0.06971153846153846 0.11778846153846154
0 0.7848557692307693 0.23317307692307693 0.05889423076923077 0.08774038461538461
0 0.5588942307692307 0.25841346153846156 0.015625 0.11538461538461539
0 0.6766826923076923 0.2776442307692308 0.08052884615384616 0.12620192307692307
0 0.7644230769230769 0.29086538461538464 0.0673076923076923 0.1045673076923077
0 0.8209134615384616 0.3076923076923077 0.06129807692307692 0.09615384615384616
0 0.9278846153846154 0.3737980769230769 0.06370192307692307 0.0985576923076923
0 0.9807692307692307 0.3798076923076923 0.037259615384615384 0.10216346153846154
0 0.7103365384615384 0.390625 0.0673076923076923 0.10697115384615384
0 0.6274038461538461 0.390625 0.0673076923076923 0.1045673076923077
0 0.5709134615384616 0.4206730769230769 0.039663461538461536 0.1045673076923077
0 0.6598557692307693 0.4639423076923077 0.06971153846153846 0.0985576923076923
0 0.8954326923076923 0.4651442307692308 0.06370192307692307 0.09615384615384616
0 0.8329326923076923 0.4675480769230769 0.0673076923076923 0.09134615384615384
0 0.9651442307692307 0.4723557692307692 0.06370192307692307 0.0829326923076923
0 0.7451923076923077 0.47475961538461536 0.0673076923076923 0.078125
0 0.49278846153846156 0.6177884615384616 0.11538461538461539 0.2091346153846154
0 0.296875 0.8088942307692307 0.14182692307692307 0.2403846153846154
0 0.4543269230769231 0.8088942307692307 0.12860576923076922 0.22716346153846154
0 0.18389423076923078 0.9435096153846154 0.13341346153846154 0.11177884615384616
0 0.5024038461538461 0.9459134615384616 0.09615384615384616 0.10817307692307693
0 0.38221153846153844 0.9483173076923077 0.1346153846153846 0.10336538461538461
0 0.9867788461538461 0.703125 0.026442307692307692 0.052884615384615384
0 0.9567307692307693 0.7055288461538461 0.037259615384615384 0.056490384615384616
0 0.9194711538461539 0.7067307692307693 0.039663461538461536 0.052884615384615384
0 0.8834134615384616 0.7091346153846154 0.037259615384615384 0.052884615384615384
0 0.8461538461538461 0.7103365384615384 0.037259615384615384 0.052884615384615384
0 0.8088942307692307 0.7115384615384616 0.039663461538461536 0.052884615384615384
0 0.7728365384615384 0.7127403846153846 0.039663461538461536 0.052884615384615384
0 0.7331730769230769 0.7139423076923077 0.039663461538461536 0.056490384615384616
0 0.6947115384615384 0.7151442307692307 0.037259615384615384 0.056490384615384616
0 0.65625 0.7175480769230769 0.039663461538461536 0.056490384615384616
0 0.6189903846153846 0.71875 0.039663461538461536 0.052884615384615384
0 0.5805288461538461 0.7223557692307693 0.039663461538461536 0.052884615384615384
0 0.5552884615384616 0.7223557692307693 0.008413461538461538 0.052884615384615384
0 0.9951923076923077 0.7439903846153846 0.009615384615384616 0.05048076923076923
0 0.9759615384615384 0.7475961538461539 0.037259615384615384 0.052884615384615384
0 0.9399038461538461 0.75 0.037259615384615384 0.052884615384615384
0 0.9038461538461539 0.7512019230769231 0.037259615384615384 0.052884615384615384
0 0.8677884615384616 0.7524038461538461 0.037259615384615384 0.052884615384615384
0 0.8305288461538461 0.7536057692307693 0.037259615384615384 0.052884615384615384
0 0.7944711538461539 0.7572115384615384 0.039663461538461536 0.052884615384615384
0 0.7548076923076923 0.7572115384615384 0.037259615384615384 0.056490384615384616
0 0.7163461538461539 0.7608173076923077 0.039663461538461536 0.052884615384615384
0 0.6790865384615384 0.7608173076923077 0.039663461538461536 0.052884615384615384
0 0.6418269230769231 0.7620192307692307 0.039663461538461536 0.052884615384615384
0 0.6033653846153846 0.7644230769230769 0.039663461538461536 0.056490384615384616
0 0.5673076923076923 0.7644230769230769 0.03245192307692308 0.052884615384615384
0 0.9879807692307693 0.7872596153846154 0.02403846153846154 0.05048076923076923
0 0.9591346153846154 0.7908653846153846 0.037259615384615384 0.052884615384615384
0 0.9242788461538461 0.7932692307692307 0.037259615384615384 0.052884615384615384
0 0.8882211538461539 0.7944711538461539 0.037259615384615384 0.052884615384615384
0 0.8497596153846154 0.7956730769230769 0.039663461538461536 0.052884615384615384
0 0.8137019230769231 0.7980769230769231 0.039663461538461536 0.05048076923076923
0 0.7764423076923077 0.7992788461538461 0.039663461538461536 0.052884615384615384
0 0.7391826923076923 0.8004807692307693 0.039663461538461536 0.052884615384615384
0 0.7019230769230769 0.8016826923076923 0.039663461538461536 0.052884615384615384
0 0.6634615384615384 0.8052884615384616 0.039663461538461536 0.052884615384615384
0 0.6262019230769231 0.8064903846153846 0.037259615384615384 0.052884615384615384
0 0.5877403846153846 0.8088942307692307 0.039663461538461536 0.052884615384615384
0 0.5588942307692307 0.8088942307692307 0.015625 0.05048076923076923
0 0.9771634615384616 0.8317307692307693 0.037259615384615384 0.052884615384615384
0 0.9423076923076923 0.8329326923076923 0.037259615384615384 0.05048076923076923
0 0.90625 0.8341346153846154 0.037259615384615384 0.05048076923076923
0 0.8701923076923077 0.8365384615384616 0.037259615384615384 0.05048076923076923
0 0.8341346153846154 0.8377403846153846 0.037259615384615384 0.05048076923076923
0 0.7980769230769231 0.8401442307692307 0.037259615384615384 0.052884615384615384
0 0.7608173076923077 0.8425480769230769 0.039663461538461536 0.052884615384615384
0 0.7235576923076923 0.84375 0.039663461538461536 0.052884615384615384
0 0.6862980769230769 0.8461538461538461 0.039663461538461536 0.052884615384615384
0 0.6478365384615384 0.8473557692307693 0.037259615384615384 0.052884615384615384
0 0.6105769230769231 0.8485576923076923 0.037259615384615384 0.052884615384615384
0 0.5721153846153846 0.8521634615384616 0.037259615384615384 0.052884615384615384
0 0.9879807692307693 0.8689903846153846 0.02403846153846154 0.04807692307692308
0 0.9615384615384616 0.8725961538461539 0.037259615384615384 0.04807692307692308
0 0.9266826923076923 0.8737980769230769 0.037259615384615384 0.04807692307692308
0 0.890625 0.8762019230769231 0.037259615384615384 0.05048076923076923
0 0.8545673076923077 0.8786057692307693 0.037259615384615384 0.05048076923076923
0 0.8185096153846154 0.8798076923076923 0.039663461538461536 0.05048076923076923
0 0.7824519230769231 0.8822115384615384 0.037259615384615384 0.05048076923076923
0 0.7451923076923077 0.8834134615384616 0.039663461538461536 0.05048076923076923
0 0.7067307692307693 0.8858173076923077 0.039663461538461536 0.052884615384615384
0 0.6706730769230769 0.8894230769230769 0.039663461538461536 0.052884615384615384
0 0.6334134615384616 0.890625 0.037259615384615384 0.05048076923076923
0 0.5949519230769231 0.8918269230769231 0.039663461538461536 0.05048076923076923
0 0.5637019230769231 0.8942307692307693 0.026442307692307692 0.05048076923076923
0 0.9795673076923077 0.9122596153846154 0.037259615384615384 0.04807692307692308
0 0.9447115384615384 0.9146634615384616 0.037259615384615384 0.04807692307692308
0 0.9086538461538461 0.9158653846153846 0.037259615384615384 0.05048076923076923
0 0.8737980769230769 0.9182692307692307 0.037259615384615384 0.05048076923076923
0 0.8377403846153846 0.9194711538461539 0.037259615384615384 0.05048076923076923
0 0.8016826923076923 0.9206730769230769 0.037259615384615384 0.05048076923076923
0 0.765625 0.9242788461538461 0.039663461538461536 0.05048076923076923
0 0.7283653846153846 0.9266826923076923 0.037259615384615384 0.05048076923076923
0 0.6923076923076923 0.9278846153846154 0.037259615384615384 0.05048076923076923
0 0.6550480769230769 0.9314903846153846 0.037259615384615384 0.05048076923076923
0 0.6177884615384616 0.9326923076923077 0.037259615384615384 0.05048076923076923
0 0.5817307692307693 0.9375 0.037259615384615384 0.05048076923076923
0 0.5564903846153846 0.9375 0.010817307692307692 0.05048076923076923
0 0.9891826923076923 0.9495192307692307 0.021634615384615384 0.04807692307692308
0 0.9627403846153846 0.953125 0.037259615384615384 0.05048076923076923
0 0.9278846153846154 0.9543269230769231 0.037259615384615384 0.04807692307692308
0 0.8930288461538461 0.9555288461538461 0.037259615384615384 0.05048076923076923
0 0.8569711538461539 0.9603365384615384 0.037259615384615384 0.04807692307692308
0 0.8221153846153846 0.9603365384615384 0.037259615384615384 0.04807692307692308
0 0.7860576923076923 0.9627403846153846 0.037259615384615384 0.05048076923076923
0 0.7512019230769231 0.9663461538461539 0.037259615384615384 0.05048076923076923
0 0.7139423076923077 0.96875 0.037259615384615384 0.05048076923076923
0 0.6766826923076923 0.96875 0.037259615384615384 0.05048076923076923
0 0.640625 0.9723557692307693 0.037259615384615384 0.05048076923076923
0 0.6033653846153846 0.9747596153846154 0.037259615384615384 0.05048076923076923
0 0.5685096153846154 0.9759615384615384 0.03485576923076923 0.04807692307692308
0 0.9795673076923077 0.9819711538461539 0.036057692307692304 0.036057692307692304
0 0.9459134615384616 0.9831730769230769 0.036057692307692304 0.03365384615384615
0 0.9122596153846154 0.9855769230769231 0.037259615384615384 0.028846153846153848
0 0.8737980769230769 0.9867788461538461 0.037259615384615384 0.026442307692307692
0 0.8425480769230769 0.9867788461538461 0.037259615384615384 0.026442307692307692
0 0.8052884615384616 0.9879807692307693 0.037259615384615384 0.02403846153846154
0 0.7704326923076923 0.9891826923076923 0.037259615384615384 0.021634615384615384
0 0.7355769230769231 0.9903846153846154 0.037259615384615384 0.019230769230769232
0 0.6983173076923077 0.9903846153846154 0.037259615384615384 0.019230769230769232
0 0.6598557692307693 0.9927884615384616 0.037259615384615384 0.013221153846153846
0 0.6262019230769231 0.9927884615384616 0.037259615384615384 0.013221153846153846
0 0.9867788461538461 0.6153846153846154 0.026442307692307692 0.052884615384615384
0 0.9543269230769231 0.6177884615384616 0.037259615384615384 0.052884615384615384
0 0.9170673076923077 0.6189903846153846 0.039663461538461536 0.056490384615384616
0 0.8798076923076923 0.6213942307692307 0.039663461538461536 0.05048076923076923
0 0.8425480769230769 0.6213942307692307 0.037259615384615384 0.05048076923076923
0 0.8052884615384616 0.6225961538461539 0.037259615384615384 0.052884615384615384
0 0.765625 0.6237980769230769 0.039663461538461536 0.052884615384615384
0 0.7271634615384616 0.6262019230769231 0.039663461538461536 0.056490384615384616
0 0.6862980769230769 0.6274038461538461 0.039663461538461536 0.052884615384615384
0 0.6502403846153846 0.6286057692307693 0.039663461538461536 0.056490384615384616
0 0.609375 0.6298076923076923 0.039663461538461536 0.056490384615384616
0 0.5733173076923077 0.6322115384615384 0.037259615384615384 0.056490384615384616
0 0.9939903846153846 0.6586538461538461 0.01201923076923077 0.052884615384615384
0 0.9735576923076923 0.6622596153846154 0.037259615384615384 0.056490384615384616
0 0.9375 0.6634615384615384 0.039663461538461536 0.056490384615384616
0 0.9002403846153846 0.6646634615384616 0.039663461538461536 0.056490384615384616
0 0.8641826923076923 0.6658653846153846 0.037259615384615384 0.056490384615384616
0 0.8245192307692307 0.6670673076923077 0.037259615384615384 0.056490384615384616
0 0.7872596153846154 0.6670673076923077 0.037259615384615384 0.056490384615384616
0 0.7487980769230769 0.6694711538461539 0.039663461538461536 0.056490384615384616
0 0.7115384615384616 0.6706730769230769 0.039663461538461536 0.056490384615384616
0 0.671875 0.671875 0.039663461538461536 0.056490384615384616
0 0.6334134615384616 0.6742788461538461 0.037259615384615384 0.056490384615384616
0 0.5961538461538461 0.6766826923076923 0.037259615384615384 0.056490384615384616
0 0.5637019230769231 0.6766826923076923 0.026442307692307692 0.052884615384615384