0 0.3161057692307692 0.03245192307692308 0.06971153846153846 0.06490384615384616
0 0.025240384615384616 0.05889423076923077 0.05048076923076923 0.11658653846153846
0 0.13822115384615385 0.06370192307692307 0.078125 0.12740384615384615
0 0.2644230769230769 0.22355769230769232 0.09134615384615384 0.1502403846153846
0 0.7716346153846154 0.042067307692307696 0.2127403846153846 0.08413461538461539
0 0.9375 0.038461538461538464 0.12379807692307693 0.07572115384615384
0 0.5997596153846154 0.038461538461538464 0.1346153846153846 0.07572115384615384
0 0.9867788461538461 0.17908653846153846 0.025240384615384616 0.296875
0 0.6694711538461539 0.18269230769230768 0.19831730769230768 0.31009615384615385
0 0.5528846153846154 0.18990384615384615 0.040865384615384616 0.31971153846153844
0 0.8701923076923077 0.19110576923076922 0.20793269230769232 0.3173076923076923
0 0.038461538461538464 0.7055288461538461 0.07572115384615384 0.15745192307692307
0 0.12860576923076922 0.7091346153846154 0.1045673076923077 0.15985576923076922
0 0.5180288461538461 0.7175480769230769 0.030048076923076924 0.15985576923076922
0 0.23798076923076922 0.7211538461538461 0.10697115384615384 0.1622596153846154
0 0.34375 0.7235576923076923 0.1045673076923077 0.16466346153846154
0 0.4495192307692308 0.7259615384615384 0.1045673076923077 0.1622596153846154
0 0.01201923076923077 0.8473557692307693 0.02283653846153846 0.15745192307692307
0 0.0733173076923077 0.8509615384615384 0.10096153846153846 0.15745192307692307
0 0.17668269230769232 0.8557692307692307 0.1045673076923077 0.15745192307692307
0 0.49038461538461536 0.8653846153846154 0.08653846153846154 0.15745192307692307
0 0.2848557692307692 0.8701923076923077 0.1045673076923077 0.15745192307692307
0 0.3894230769230769 0.8725961538461539 0.10096153846153846 0.15504807692307693
0 0.036057692307692304 0.9543269230769231 0.07091346153846154 0.09134615384615384
0 0.12259615384615384 0.9543269230769231 0.0985576923076923 0.09134615384615384
0 0.5096153846153846 0.9615384615384616 0.04567307692307692 0.07572115384615384
0 0.2283653846153846 0.9627403846153846 0.10096153846153846 0.0733173076923077
0 0.3317307692307692 0.9627403846153846 0.0985576923076923 0.0733173076923077
0 0.42908653846153844 0.9663461538461539 0.0985576923076923 0.0673076923076923
0 0.039663461538461536 0.42427884615384615 0.078125 0.1466346153846154
0 0.13221153846153846 0.4230769230769231 0.10697115384615384 0.14423076923076922
0 0.5216346153846154 0.42908653846153844 0.02283653846153846 0.15745192307692307
0 0.24278846153846154 0.43149038461538464 0.109375 0.1622596153846154
0 0.3485576923076923 0.4326923076923077 0.1045673076923077 0.16466346153846154
0 0.4579326923076923 0.4338942307692308 0.10697115384615384 0.16706730769230768
0 0.1814903846153846 0.5661057692307693 0.10697115384615384 0.16466346153846154
0 0.009615384615384616 0.5661057692307693 0.019230769230769232 0.1658653846153846
0 0.07451923076923077 0.5685096153846154 0.1045673076923077 0.16466346153846154
0 0.4963942307692308 0.5721153846153846 0.0733173076923077 0.16466346153846154
0 0.2932692307692308 0.578125 0.109375 0.1622596153846154
0 0.4014423076923077 0.5817307692307693 0.10697115384615384 0.16466346153846154
0 0.5961538461538461 0.5120192307692307 0.12740384615384615 0.25600961538461536
0 0.9338942307692307 0.5576923076923077 0.13221153846153846 0.2620192307692308
0 0.7524038461538461 0.6586538461538461 0.20793269230769232 0.31490384615384615
0 0.6538461538461539 0.71875 0.14182692307692307 0.2439903846153846
0 0.9723557692307693 0.7355769230769231 0.055288461538461536 0.2439903846153846
0 0.8822115384615384 0.9302884615384616 0.22596153846153846 0.13942307692307693
0 0.5985576923076923 0.953125 0.11658653846153846 0.09375
0 0.8016826923076923 0.38341346153846156 0.22355769230769232 0.06610576923076923