0 0.3473557692307692 0.24639423076923078 0.10697115384615384 0.11658653846153846
0 0.453125 0.24879807692307693 0.10096153846153846 0.1141826923076923
0 0.5504807692307693 0.25841346153846156 0.0985576923076923 0.11177884615384616
0 0.640625 0.2608173076923077 0.09134615384615384 0.109375
0 0.7283653846153846 0.27163461538461536 0.09134615384615384 0.10697115384615384
0 0.8052884615384616 0.2764423076923077 0.07932692307692307 0.10336538461538461
0 0.8882211538461539 0.2776442307692308 0.08173076923076923 0.10096153846153846
0 0.96875 0.2824519230769231 0.06129807692307692 0.10336538461538461
0 0.013221153846153846 0.35096153846153844 0.026442307692307692 0.10576923076923077
0 0.36538461538461536 0.4699519230769231 0.10336538461538461 0.1141826923076923
0 0.6418269230769231 0.4723557692307692 0.07692307692307693 0.10336538461538461
0 0.46875 0.4723557692307692 0.10096153846153846 0.11177884615384616
0 0.5697115384615384 0.4735576923076923 0.09375 0.10697115384615384
0 0.7415865384615384 0.47475961538461536 0.08653846153846154 0.10336538461538461
0 0.8425480769230769 0.47596153846153844 0.08413461538461539 0.10336538461538461
0 0.9254807692307693 0.47716346153846156 0.08173076923076923 0.10096153846153846
0 0.9819711538461539 0.47716346153846156 0.036057692307692304 0.0985576923076923
0 0.009615384615384616 0.5649038461538461 0.019230769230769232 0.10336538461538461
0 0.042067307692307696 0.5721153846153846 0.03485576923076923 0.109375
0 0.9771634615384616 0.6706730769230769 0.04447115384615385 0.0985576923076923
0 0.9158653846153846 0.6730769230769231 0.08173076923076923 0.10096153846153846
0 0.8341346153846154 0.6754807692307693 0.08413461538461539 0.10336538461538461
0 0.7463942307692307 0.6790865384615384 0.08653846153846154 0.10697115384615384
0 0.65625 0.6826923076923077 0.09375 0.10336538461538461
0 0.5600961538461539 0.6850961538461539 0.09375 0.109375
0 0.46153846153846156 0.6899038461538461 0.09615384615384616 0.109375
0 0.36177884615384615 0.6935096153846154 0.10096153846153846 0.11177884615384616
0 0.02283653846153846 0.7752403846153846 0.030048076923076924 0.10336538461538461
0 0.7788461538461539 0.0733173076923077 0.0889423076923077 0.10096153846153846
0 0.96875 0.859375 0.06129807692307692 0.0985576923076923
0 0.9026442307692307 0.8665865384615384 0.07932692307692307 0.09615384615384616
0 0.8221153846153846 0.8725961538461539 0.08173076923076923 0.0985576923076923
0 0.7379807692307693 0.8786057692307693 0.08653846153846154 0.0985576923076923
0 0.6514423076923077 0.8858173076923077 0.08653846153846154 0.10336538461538461
0 0.5600961538461539 0.8918269230769231 0.09134615384615384 0.10336538461538461
0 0.9038461538461539 0.08173076923076923 0.07932692307692307 0.10096153846153846
0 0.4639423076923077 0.8990384615384616 0.09615384615384616 0.10697115384615384
0 0.3581730769230769 0.9014423076923077 0.0985576923076923 0.10336538461538461
0 0.002403846153846154 0.9543269230769231 0.004807692307692308 0.09134615384615384
0 0.025240384615384616 0.9639423076923077 0.030048076923076924 0.07211538461538461
0 0.9723557692307693 0.09134615384615384 0.054086538461538464 0.0985576923076923
0 0.006009615384615385 0.14302884615384615 0.01201923076923077 0.10336538461538461
0 0.004807692307692308 0.7572115384615384 0.009615384615384616 0.10336538461538461