0 0.4338942307692308 0.4362980769230769 0.056490384615384616 0.12139423076923077
0 0.09495192307692307 0.4098557692307692 0.12620192307692307 0.17427884615384615
0 0.015625 0.40865384615384615 0.03125 0.1778846153846154
0 0.3858173076923077 0.31971153846153844 0.14543269230769232 0.21754807692307693
0 0.04567307692307692 0.24759615384615385 0.09134615384615384 0.1935096153846154
0 0.15625 0.24759615384615385 0.13221153846153846 0.20432692307692307
0 0.4110576923076923 0.11778846153846154 0.10216346153846154 0.2091346153846154
0 0.010817307692307692 0.08653846153846154 0.021634615384615384 0.171875
0 0.07451923076923077 0.08173076923076923 0.13701923076923078 0.16346153846153846
0 0.3137019230769231 0.46153846153846156 0.14302884615384615 0.07211538461538461
0 0.140625 0.030048076923076924 0.09375 0.05889423076923077
0 0.7055288461538461 0.4338942307692308 0.14302884615384615 0.12620192307692307
0 0.5480769230769231 0.4387019230769231 0.12860576923076922 0.11778846153846154
0 0.8185096153846154 0.30528846153846156 0.1346153846153846 0.21754807692307693
0 0.5048076923076923 0.29927884615384615 0.08653846153846154 0.21754807692307693
0 0.6177884615384616 0.2860576923076923 0.13701923076923078 0.234375
0 0.7019230769230769 0.0985576923076923 0.1346153846153846 0.19591346153846154
0 0.9795673076923077 0.09495192307692307 0.040865384615384616 0.18990384615384615
0 0.828125 0.06850961538461539 0.16706730769230768 0.13701923076923078
0 0.5901442307692307 0.12139423076923077 0.11298076923076923 0.17427884615384615
0 0.057692307692307696 0.6129807692307693 0.11538461538461539 0.23076923076923078
0 0.23918269230769232 0.6069711538461539 0.23677884615384615 0.21995192307692307
0 0.41346153846153844 0.6057692307692307 0.09735576923076923 0.21754807692307693
0 0.35336538461538464 0.8461538461538461 0.21634615384615385 0.3076923076923077
0 0.12139423076923077 0.8305288461538461 0.24158653846153846 0.3389423076923077
0 0.47716346153846156 0.9795673076923077 0.030048076923076924 0.040865384615384616
0 0.5096153846153846 0.9795673076923077 0.03485576923076923 0.040865384615384616
0 0.5456730769230769 0.9795673076923077 0.037259615384615384 0.040865384615384616
0 0.5793269230769231 0.9795673076923077 0.03485576923076923 0.040865384615384616
0 0.6129807692307693 0.9783653846153846 0.037259615384615384 0.04326923076923077
0 0.6478365384615384 0.9783653846153846 0.037259615384615384 0.04326923076923077
0 0.6826923076923077 0.9783653846153846 0.037259615384615384 0.04326923076923077
0 0.7199519230769231 0.9783653846153846 0.037259615384615384 0.04326923076923077
0 0.7548076923076923 0.9783653846153846 0.037259615384615384 0.04326923076923077
0 0.7932692307692307 0.9771634615384616 0.037259615384615384 0.04567307692307692
0 0.828125 0.9771634615384616 0.037259615384615384 0.04567307692307692
0 0.8653846153846154 0.9771634615384616 0.037259615384615384 0.04567307692307692
0 0.9002403846153846 0.9759615384615384 0.037259615384615384 0.04807692307692308
0 0.9387019230769231 0.9759615384615384 0.037259615384615384 0.04807692307692308
0 0.9759615384615384 0.9759615384615384 0.037259615384615384 0.04807692307692308
0 0.9951923076923077 0.9759615384615384 0.009615384615384616 0.04807692307692308
0 0.46875 0.9459134615384616 0.013221153846153846 0.04807692307692308
0 0.49278846153846156 0.9459134615384616 0.03485576923076923 0.04807692307692308
0 0.5276442307692307 0.9447115384615384 0.03485576923076923 0.04807692307692308
0 0.5612980769230769 0.9447115384615384 0.037259615384615384 0.04567307692307692
0 0.5973557692307693 0.9447115384615384 0.03485576923076923 0.04807692307692308
0 0.6322115384615384 0.9423076923076923 0.037259615384615384 0.04567307692307692
0 0.6670673076923077 0.9423076923076923 0.03485576923076923 0.05048076923076923
0 0.7019230769230769 0.9423076923076923 0.037259615384615384 0.04807692307692308
0 0.7367788461538461 0.9411057692307693 0.037259615384615384 0.04807692307692308
0 0.7728365384615384 0.9411057692307693 0.037259615384615384 0.04807692307692308
0 0.8076923076923077 0.9399038461538461 0.037259615384615384 0.04807692307692308
0 0.84375 0.9399038461538461 0.037259615384615384 0.05048076923076923
0 0.8798076923076923 0.9387019230769231 0.037259615384615384 0.04807692307692308
0 0.9182692307692307 0.9387019230769231 0.037259615384615384 0.04807692307692308
0 0.9543269230769231 0.9362980769230769 0.037259615384615384 0.04807692307692308
0 0.9867788461538461 0.9350961538461539 0.026442307692307692 0.04807692307692308
0 0.47836538461538464 0.9074519230769231 0.03245192307692308 0.04567307692307692
0 0.5108173076923077 0.9074519230769231 0.03485576923076923 0.04807692307692308
0 0.5444711538461539 0.90625 0.03485576923076923 0.04807692307692308
0 0.5793269230769231 0.90625 0.03485576923076923 0.04807692307692308
0 0.6129807692307693 0.9050480769230769 0.03485576923076923 0.04807692307692308
0 0.6478365384615384 0.9026442307692307 0.037259615384615384 0.04807692307692308
0 0.6826923076923077 0.9026442307692307 0.03485576923076923 0.04807692307692308
0 0.7175480769230769 0.9026442307692307 0.037259615384615384 0.04807692307692308
0 0.7524038461538461 0.9014423076923077 0.037259615384615384 0.04807692307692308
0 0.7872596153846154 0.9002403846153846 0.037259615384615384 0.04807692307692308
0 0.8257211538461539 0.9002403846153846 0.037259615384615384 0.04807692307692308
0 0.8605769230769231 0.8990384615384616 0.037259615384615384 0.05048076923076923
0 0.8966346153846154 0.8978365384615384 0.037259615384615384 0.04807692307692308
0 0.9326923076923077 0.8978365384615384 0.037259615384615384 0.05048076923076923
0 0.96875 0.8966346153846154 0.037259615384615384 0.04807692307692308
0 0.9927884615384616 0.8942307692307693 0.013221153846153846 0.05048076923076923
0 0.46875 0.8701923076923077 0.013221153846153846 0.04567307692307692
0 0.49278846153846156 0.8701923076923077 0.03485576923076923 0.04807692307692308
0 0.5264423076923077 0.8677884615384616 0.03485576923076923 0.04807692307692308
0 0.5612980769230769 0.8665865384615384 0.037259615384615384 0.04807692307692308
0 0.5949519230769231 0.8665865384615384 0.03485576923076923 0.04807692307692308
0 0.6298076923076923 0.8653846153846154 0.037259615384615384 0.04807692307692308
0 0.6634615384615384 0.8653846153846154 0.03485576923076923 0.04807692307692308
0 0.6995192307692307 0.8641826923076923 0.03485576923076923 0.04807692307692308
0 0.734375 0.8641826923076923 0.037259615384615384 0.04807692307692308
0 0.7692307692307693 0.8629807692307693 0.03485576923076923 0.04807692307692308
0 0.8040865384615384 0.8629807692307693 0.037259615384615384 0.04807692307692308
0 0.8401442307692307 0.8617788461538461 0.037259615384615384 0.04807692307692308
0 0.8762019230769231 0.8605769230769231 0.037259615384615384 0.04807692307692308
0 0.9110576923076923 0.859375 0.037259615384615384 0.04807692307692308
0 0.9495192307692307 0.8557692307692307 0.037259615384615384 0.04807692307692308
0 0.9819711538461539 0.8545673076923077 0.03485576923076923 0.04807692307692308
0 0.47716346153846156 0.8305288461538461 0.030048076923076924 0.04807692307692308
0 0.5108173076923077 0.8317307692307693 0.03485576923076923 0.04807692307692308
0 0.5444711538461539 0.8305288461538461 0.03485576923076923 0.04567307692307692
0 0.578125 0.8293269230769231 0.03485576923076923 0.04807692307692308
0 0.6117788461538461 0.828125 0.03485576923076923 0.04567307692307692
0 0.6466346153846154 0.828125 0.03485576923076923 0.04807692307692308
0 0.6802884615384616 0.828125 0.03485576923076923 0.04807692307692308
0 0.7151442307692307 0.8269230769230769 0.037259615384615384 0.04807692307692308
0 0.75 0.8257211538461539 0.037259615384615384 0.04807692307692308
0 0.7848557692307693 0.8245192307692307 0.03485576923076923 0.04807692307692308
0 0.8197115384615384 0.8245192307692307 0.037259615384615384 0.04807692307692308
0 0.8545673076923077 0.8221153846153846 0.037259615384615384 0.04807692307692308
0 0.890625 0.8209134615384616 0.037259615384615384 0.04807692307692308
0 0.9254807692307693 0.8185096153846154 0.037259615384615384 0.04807692307692308
0 0.9627403846153846 0.8173076923076923 0.037259615384615384 0.04807692307692308
0 0.9891826923076923 0.8173076923076923 0.021634615384615384 0.04807692307692308
0 0.46875 0.7944711538461539 0.013221153846153846 0.04567307692307692
0 0.4951923076923077 0.7944711538461539 0.03485576923076923 0.04807692307692308
0 0.5264423076923077 0.7932692307692307 0.03485576923076923 0.04807692307692308
0 0.5600961538461539 0.7932692307692307 0.03485576923076923 0.04807692307692308
0 0.59375 0.7920673076923077 0.03245192307692308 0.04567307692307692
0 0.6286057692307693 0.7908653846153846 0.03485576923076923 0.04567307692307692
0 0.6622596153846154 0.7908653846153846 0.03485576923076923 0.04807692307692308
0 0.6959134615384616 0.7884615384615384 0.03485576923076923 0.04807692307692308
0 0.7307692307692307 0.7872596153846154 0.037259615384615384 0.04807692307692308
0 0.7644230769230769 0.7872596153846154 0.037259615384615384 0.04807692307692308
0 0.8004807692307693 0.7860576923076923 0.037259615384615384 0.04807692307692308
0 0.8365384615384616 0.7848557692307693 0.037259615384615384 0.04807692307692308
0 0.8701923076923077 0.7836538461538461 0.037259615384615384 0.04807692307692308
0 0.9074519230769231 0.78125 0.037259615384615384 0.04807692307692308
0 0.9411057692307693 0.78125 0.037259615384615384 0.04807692307692308
0 0.9771634615384616 0.7800480769230769 0.037259615384615384 0.04807692307692308
0 0.47836538461538464 0.7572115384615384 0.03245192307692308 0.04567307692307692
0 0.5108173076923077 0.7572115384615384 0.03245192307692308 0.04567307692307692
0 0.5444711538461539 0.7548076923076923 0.03485576923076923 0.04567307692307692
0 0.578125 0.7548076923076923 0.03245192307692308 0.04567307692307692
0 0.6117788461538461 0.7536057692307693 0.037259615384615384 0.04807692307692308
0 0.6454326923076923 0.7524038461538461 0.037259615384615384 0.04807692307692308
0 0.6790865384615384 0.7512019230769231 0.037259615384615384 0.04807692307692308
0 0.7139423076923077 0.7512019230769231 0.037259615384615384 0.04807692307692308
0 0.7475961538461539 0.7487980769230769 0.037259615384615384 0.04807692307692308
0 0.7824519230769231 0.7487980769230769 0.037259615384615384 0.04807692307692308
0 0.8161057692307693 0.7475961538461539 0.037259615384615384 0.04807692307692308
0 0.8509615384615384 0.7451923076923077 0.037259615384615384 0.04807692307692308
0 0.9879807692307693 0.7451923076923077 0.02403846153846154 0.04807692307692308
0 0.8870192307692307 0.7427884615384616 0.037259615384615384 0.04807692307692308
0 0.921875 0.7427884615384616 0.037259615384615384 0.04807692307692308
0 0.9579326923076923 0.7403846153846154 0.037259615384615384 0.04807692307692308
0 0.46875 0.7223557692307693 0.013221153846153846 0.04567307692307692
0 0.49278846153846156 0.7199519230769231 0.03485576923076923 0.04567307692307692
0 0.5600961538461539 0.71875 0.037259615384615384 0.04807692307692308
0 0.5264423076923077 0.71875 0.03485576923076923 0.04567307692307692
0 0.59375 0.7175480769230769 0.037259615384615384 0.04807692307692308
0 0.6262019230769231 0.7163461538461539 0.037259615384615384 0.04807692307692308
0 0.6610576923076923 0.7151442307692307 0.037259615384615384 0.04807692307692308
0 0.6959134615384616 0.7139423076923077 0.037259615384615384 0.04807692307692308
0 0.7283653846153846 0.7139423076923077 0.037259615384615384 0.04807692307692308
0 0.7632211538461539 0.7127403846153846 0.037259615384615384 0.04807692307692308
0 0.7980769230769231 0.7115384615384616 0.037259615384615384 0.04807692307692308
0 0.8305288461538461 0.7079326923076923 0.037259615384615384 0.04807692307692308
0 0.8677884615384616 0.7079326923076923 0.037259615384615384 0.04807692307692308
0 0.9759615384615384 0.7067307692307693 0.037259615384615384 0.04807692307692308
0 0.9951923076923077 0.7067307692307693 0.009615384615384616 0.04807692307692308
0 0.9014423076923077 0.7067307692307693 0.037259615384615384 0.04807692307692308
0 0.9362980769230769 0.7043269230769231 0.037259615384615384 0.04807692307692308
0 0.47836538461538464 0.6838942307692307 0.03245192307692308 0.04567307692307692
0 0.5108173076923077 0.6826923076923077 0.03485576923076923 0.04807692307692308
0 0.5444711538461539 0.6826923076923077 0.03485576923076923 0.04807692307692308
0 0.5769230769230769 0.6814903846153846 0.03245192307692308 0.04807692307692308
0 0.6117788461538461 0.6802884615384616 0.03245192307692308 0.04807692307692308
0 0.6430288461538461 0.6790865384615384 0.03485576923076923 0.04807692307692308
0 0.6778846153846154 0.6778846153846154 0.03485576923076923 0.04807692307692308
0 0.7115384615384616 0.6754807692307693 0.03485576923076923 0.04807692307692308
0 0.7463942307692307 0.6742788461538461 0.03485576923076923 0.04807692307692308
0 0.7776442307692307 0.6730769230769231 0.03485576923076923 0.04807692307692308
0 0.8137019230769231 0.671875 0.03485576923076923 0.04807692307692308
0 0.8485576923076923 0.6706730769230769 0.03485576923076923 0.04807692307692308
0 0.8834134615384616 0.6694711538461539 0.03485576923076923 0.04807692307692308
0 0.9170673076923077 0.6694711538461539 0.03485576923076923 0.04567307692307692
0 0.9543269230769231 0.6694711538461539 0.03485576923076923 0.04567307692307692
0 0.9867788461538461 0.6682692307692307 0.026442307692307692 0.04567307692307692
0 0.4699519230769231 0.6466346153846154 0.015625 0.04567307692307692
0 0.49278846153846156 0.6466346153846154 0.03485576923076923 0.04567307692307692
0 0.5264423076923077 0.6454326923076923 0.03485576923076923 0.04567307692307692
0 0.5588942307692307 0.6442307692307693 0.03485576923076923 0.04567307692307692
0 0.59375 0.6442307692307693 0.03485576923076923 0.04567307692307692
0 0.6262019230769231 0.6430288461538461 0.03485576923076923 0.04567307692307692
0 0.6586538461538461 0.6430288461538461 0.03485576923076923 0.04567307692307692
0 0.6935096153846154 0.6394230769230769 0.03485576923076923 0.04567307692307692
0 0.7271634615384616 0.6382211538461539 0.03485576923076923 0.04567307692307692
0 0.7620192307692307 0.6370192307692307 0.03485576923076923 0.04567307692307692
0 0.7956730769230769 0.6370192307692307 0.03485576923076923 0.04567307692307692
0 0.828125 0.6346153846153846 0.03245192307692308 0.04567307692307692
0 0.8641826923076923 0.6334134615384616 0.03485576923076923 0.04567307692307692
0 0.9350961538461539 0.6334134615384616 0.03485576923076923 0.04567307692307692
0 0.9927884615384616 0.6298076923076923 0.013221153846153846 0.04567307692307692
0 0.8978365384615384 0.6322115384615384 0.03245192307692308 0.04567307692307692
0 0.9699519230769231 0.6298076923076923 0.03485576923076923 0.04567307692307692