0 0.027644230769230768 0.421875 0.055288461538461536 0.19951923076923078
0 0.11177884615384616 0.42427884615384615 0.11778846153846154 0.20432692307692307
0 0.3485576923076923 0.42427884615384615 0.11538461538461539 0.19951923076923078
0 0.5721153846153846 0.4254807692307692 0.109375 0.19591346153846154
0 0.46033653846153844 0.4266826923076923 0.11298076923076923 0.1935096153846154
0 0.6850961538461539 0.4266826923076923 0.109375 0.1935096153846154
0 0.9002403846153846 0.4266826923076923 0.10697115384615384 0.18629807692307693
0 0.22716346153846154 0.42788461538461536 0.1201923076923077 0.20192307692307693
0 0.7956730769230769 0.43028846153846156 0.11298076923076923 0.1935096153846154
0 0.9759615384615384 0.4375 0.046875 0.1778846153846154
0 0.4050480769230769 0.5877403846153846 0.10697115384615384 0.1778846153846154
0 0.7319711538461539 0.5889423076923077 0.109375 0.18870192307692307
0 0.9459134615384616 0.5889423076923077 0.10697115384615384 0.18269230769230768
0 0.2920673076923077 0.5901442307692307 0.109375 0.19110576923076922
0 0.5144230769230769 0.5901442307692307 0.109375 0.18269230769230768
0 0.8401442307692307 0.5913461538461539 0.1045673076923077 0.1778846153846154
0 0.6237980769230769 0.5913461538461539 0.109375 0.18269230769230768
0 0.06009615384615385 0.5949519230769231 0.11298076923076923 0.19110576923076922
0 0.17548076923076922 0.5973557692307693 0.11778846153846154 0.1935096153846154
0 0.5637019230769231 0.7367788461538461 0.1045673076923077 0.17548076923076922
0 0.9651442307692307 0.7379807692307693 0.06971153846153846 0.17307692307692307
0 0.6706730769230769 0.7403846153846154 0.10697115384615384 0.1778846153846154
0 0.7764423076923077 0.7403846153846154 0.10697115384615384 0.17548076923076922
0 0.8822115384615384 0.7415865384615384 0.1045673076923077 0.1778846153846154
0 0.4567307692307692 0.7415865384615384 0.1045673076923077 0.17548076923076922
0 0.34975961538461536 0.7487980769230769 0.10697115384615384 0.18028846153846154
0 0.23918269230769232 0.7512019230769231 0.109375 0.1778846153846154
0 0.03365384615384615 0.7512019230769231 0.0673076923076923 0.18028846153846154
0 0.12379807692307693 0.7584134615384616 0.11538461538461539 0.1778846153846154
0 0.9290865384615384 0.8942307692307693 0.1045673076923077 0.1622596153846154
0 0.5096153846153846 0.8954326923076923 0.1045673076923077 0.16466346153846154
0 0.7211538461538461 0.8966346153846154 0.10697115384615384 0.15985576923076922
0 0.6165865384615384 0.8966346153846154 0.1045673076923077 0.16466346153846154
0 0.8257211538461539 0.9002403846153846 0.10697115384615384 0.16706730769230768
0 0.013221153846153846 0.9026442307692307 0.026442307692307692 0.17307692307692307
0 0.07932692307692307 0.9050480769230769 0.10697115384615384 0.17067307692307693
0 0.4050480769230769 0.90625 0.10216346153846154 0.17067307692307693
0 0.18870192307692307 0.9086538461538461 0.1045673076923077 0.17548076923076922
0 0.2956730769230769 0.9098557692307693 0.1045673076923077 0.17067307692307693
0 0.4651442307692308 0.09254807692307693 0.13221153846153846 0.18509615384615385
0 0.04927884615384615 0.23918269230769232 0.0985576923076923 0.21394230769230768
0 0.16105769230769232 0.24519230769230768 0.12259615384615384 0.21153846153846154
0 0.28125 0.24759615384615385 0.12259615384615384 0.21754807692307693
0 0.7355769230769231 0.24879807692307693 0.10216346153846154 0.18870192307692307
0 0.6370192307692307 0.25240384615384615 0.11298076923076923 0.20673076923076922
0 0.4026442307692308 0.2536057692307692 0.11778846153846154 0.21153846153846154
0 0.5240384615384616 0.25600961538461536 0.1201923076923077 0.21514423076923078
0 0.8774038461538461 0.2620192307692308 0.11778846153846154 0.21514423076923078
0 0.9627403846153846 0.2608173076923077 0.07451923076923077 0.2091346153846154