0 0.014423076923076924 0.09975961538461539 0.028846153846153848 0.19471153846153846
0 0.15985576923076922 0.11177884615384616 0.13942307692307693 0.19471153846153846
0 0.0625 0.28365384615384615 0.125 0.15865384615384615
0 0.1971153846153846 0.3016826923076923 0.14182692307692307 0.12259615384615384
0 0.3798076923076923 0.3161057692307692 0.14423076923076922 0.09615384615384616
0 0.7608173076923077 0.25240384615384615 0.0985576923076923 0.22235576923076922
0 0.33052884615384615 0.8581730769230769 0.296875 0.28365384615384615
0 0.8233173076923077 0.7067307692307693 0.2247596153846154 0.40865384615384615
0 0.9603365384615384 0.7103365384615384 0.07932692307692307 0.29086538461538464
0 0.9783653846153846 0.9110576923076923 0.038461538461538464 0.1778846153846154
0 0.8762019230769231 0.4651442307692308 0.20072115384615385 0.203125
0 0.8713942307692307 0.9266826923076923 0.203125 0.1466346153846154