0 0.3557692307692308 0.04326923076923077 0.1201923076923077 0.08653846153846154
0 0.18389423076923078 0.0829326923076923 0.1778846153846154 0.16466346153846154
0 0.4026442307692308 0.09014423076923077 0.03125 0.18028846153846154
0 0.027644230769230768 0.10817307692307693 0.054086538461538464 0.21634615384615385
0 0.3293269230769231 0.1778846153846154 0.12379807692307693 0.1935096153846154
0 0.1141826923076923 0.20192307692307693 0.14182692307692307 0.16706730769230768
0 0.3918269230769231 0.234375 0.051682692307692304 0.10336538461538461
0 0.03365384615384615 0.2512019230769231 0.0673076923076923 0.06971153846153846
0 0.23076923076923078 0.42908653846153844 0.06971153846153846 0.11899038461538461
0 0.38461538461538464 0.4519230769230769 0.0673076923076923 0.11538461538461539
0 0.14182692307692307 0.4675480769230769 0.06490384615384616 0.10817307692307693
0 0.0673076923076923 0.4795673076923077 0.06490384615384616 0.10817307692307693
0 0.016826923076923076 0.4855769230769231 0.03365384615384615 0.10096153846153846
0 0.2980769230769231 0.4987980769230769 0.07932692307692307 0.13701923076923078
0 0.109375 0.5516826923076923 0.07451923076923077 0.11899038461538461
0 0.028846153846153848 0.5649038461538461 0.056490384615384616 0.11899038461538461
0 0.18509615384615385 0.5721153846153846 0.07451923076923077 0.12620192307692307
0 0.3389423076923077 0.6213942307692307 0.07932692307692307 0.13701923076923078
0 0.14543269230769232 0.6394230769230769 0.0829326923076923 0.1346153846153846
0 0.007211538461538462 0.6586538461538461 0.014423076923076924 0.11538461538461539
0 0.06610576923076923 0.6610576923076923 0.07211538461538461 0.11538461538461539
0 0.21995192307692307 0.6766826923076923 0.07211538461538461 0.11538461538461539
0 0.3858173076923077 0.7067307692307693 0.06490384615384616 0.12860576923076922
0 0.030048076923076924 0.7560096153846154 0.05889423076923077 0.13701923076923078
0 0.17427884615384615 0.7692307692307693 0.06971153846153846 0.11298076923076923
0 0.2776442307692308 0.7692307692307693 0.08533653846153846 0.13701923076923078
0 0.09735576923076923 0.7704326923076923 0.07932692307692307 0.12620192307692307
0 0.3870192307692308 0.8365384615384616 0.06129807692307692 0.13701923076923078
0 0.004807692307692308 0.8677884615384616 0.009615384615384616 0.14903846153846154
0 0.21875 0.8725961538461539 0.07692307692307693 0.1310096153846154
0 0.13942307692307693 0.8798076923076923 0.0829326923076923 0.13942307692307693
0 0.054086538461538464 0.8846153846153846 0.08533653846153846 0.13942307692307693
0 0.3233173076923077 0.8942307692307693 0.08774038461538461 0.1466346153846154
0 0.3786057692307692 0.9507211538461539 0.07211538461538461 0.09735576923076923
0 0.2608173076923077 0.9651442307692307 0.07211538461538461 0.06971153846153846
0 0.17427884615384615 0.9675480769230769 0.06971153846153846 0.06490384615384616
0 0.027644230769230768 0.96875 0.054086538461538464 0.06129807692307692
0 0.09975961538461539 0.9711538461538461 0.06971153846153846 0.056490384615384616
0 0.328125 0.4110576923076923 0.07692307692307693 0.12379807692307693
0 0.96875 0.3641826923076923 0.06129807692307692 0.10576923076923077
0 0.8257211538461539 0.36538461538461536 0.07211538461538461 0.10576923076923077
0 0.6790865384615384 0.36778846153846156 0.07211538461538461 0.10576923076923077
0 0.9002403846153846 0.36778846153846156 0.07211538461538461 0.10576923076923077
0 0.6081730769230769 0.36778846153846156 0.06971153846153846 0.10576923076923077
0 0.7524038461538461 0.36899038461538464 0.07211538461538461 0.10336538461538461
0 0.5336538461538461 0.36899038461538464 0.06971153846153846 0.10576923076923077
0 0.7163461538461539 0.45913461538461536 0.07211538461538461 0.10817307692307693
0 0.8641826923076923 0.45913461538461536 0.07211538461538461 0.10576923076923077
0 0.4963942307692308 0.45913461538461536 0.07211538461538461 0.10817307692307693
0 0.9867788461538461 0.4579326923076923 0.025240384615384616 0.10576923076923077
0 0.7908653846153846 0.46033653846153844 0.07451923076923077 0.10576923076923077
0 0.6430288461538461 0.46033653846153844 0.07211538461538461 0.10576923076923077
0 0.5697115384615384 0.46033653846153844 0.06971153846153846 0.10576923076923077
0 0.9387019230769231 0.46153846153846156 0.07211538461538461 0.10576923076923077
0 0.7536057692307693 0.5516826923076923 0.06971153846153846 0.10576923076923077
0 0.6802884615384616 0.5516826923076923 0.07211538461538461 0.10817307692307693
0 0.96875 0.5504807692307693 0.06129807692307692 0.10576923076923077
0 0.9026442307692307 0.5516826923076923 0.07211538461538461 0.10576923076923077
0 0.828125 0.5528846153846154 0.07211538461538461 0.10576923076923077
0 0.6069711538461539 0.5528846153846154 0.07211538461538461 0.10576923076923077
0 0.5336538461538461 0.5552884615384616 0.06971153846153846 0.10576923076923077
0 0.6442307692307693 0.6430288461538461 0.07211538461538461 0.10817307692307693
0 0.8653846153846154 0.6430288461538461 0.07211538461538461 0.10576923076923077
0 0.9867788461538461 0.6430288461538461 0.025240384615384616 0.10576923076923077
0 0.71875 0.6442307692307693 0.07211538461538461 0.10576923076923077
0 0.9399038461538461 0.6442307692307693 0.06971153846153846 0.10336538461538461
0 0.4951923076923077 0.6442307692307693 0.06971153846153846 0.10576923076923077
0 0.7908653846153846 0.6442307692307693 0.07211538461538461 0.10817307692307693
0 0.5697115384615384 0.6466346153846154 0.07451923076923077 0.10817307692307693
0 0.6826923076923077 0.734375 0.07211538461538461 0.10817307692307693
0 0.8293269230769231 0.7355769230769231 0.07211538461538461 0.10576923076923077
0 0.609375 0.7355769230769231 0.06971153846153846 0.10336538461538461
0 0.7572115384615384 0.7355769230769231 0.06971153846153846 0.10817307692307693
0 0.5324519230769231 0.7355769230769231 0.07451923076923077 0.10336538461538461
0 0.9699519230769231 0.7367788461538461 0.05889423076923077 0.10817307692307693
0 0.9038461538461539 0.7379807692307693 0.07211538461538461 0.10336538461538461
0 0.5721153846153846 0.8269230769230769 0.06971153846153846 0.10576923076923077
0 0.7199519230769231 0.828125 0.07211538461538461 0.10576923076923077
0 0.7932692307692307 0.828125 0.06971153846153846 0.10576923076923077
0 0.6454326923076923 0.828125 0.07211538461538461 0.10576923076923077
0 0.9423076923076923 0.828125 0.07211538461538461 0.10576923076923077
0 0.4951923076923077 0.8293269230769231 0.07211538461538461 0.10336538461538461
0 0.8677884615384616 0.8293269230769231 0.07211538461538461 0.10817307692307693
0 0.9891826923076923 0.828125 0.020432692307692308 0.10576923076923077
0 0.5360576923076923 0.9206730769230769 0.06971153846153846 0.10336538461538461
0 0.6838942307692307 0.9206730769230769 0.07211538461538461 0.10576923076923077
0 0.7596153846153846 0.921875 0.06971153846153846 0.10336538461538461
0 0.609375 0.921875 0.07211538461538461 0.10576923076923077
0 0.90625 0.9242788461538461 0.07211538461538461 0.10336538461538461
0 0.9711538461538461 0.9230769230769231 0.056490384615384616 0.10336538461538461
0 0.8329326923076923 0.9242788461538461 0.06971153846153846 0.10576923076923077
0 0.4963942307692308 0.9783653846153846 0.07451923076923077 0.04326923076923077
0 0.8689903846153846 0.9795673076923077 0.07211538461538461 0.040865384615384616
0 0.6490384615384616 0.9807692307692307 0.07211538461538461 0.038461538461538464
0 0.9435096153846154 0.9819711538461539 0.07211538461538461 0.036057692307692304
0 0.9903846153846154 0.9819711538461539 0.018028846153846152 0.036057692307692304
0 0.7211538461538461 0.9819711538461539 0.07211538461538461 0.036057692307692304
0 0.5733173076923077 0.9819711538461539 0.06971153846153846 0.036057692307692304
0 0.7932692307692307 0.9819711538461539 0.07211538461538461 0.036057692307692304
0 0.9855769230769231 0.30528846153846156 0.028846153846153848 0.038461538461538464
0 0.7872596153846154 0.30649038461538464 0.06971153846153846 0.040865384615384616
0 0.859375 0.30528846153846156 0.06971153846153846 0.038461538461538464
0 0.9350961538461539 0.30649038461538464 0.07211538461538461 0.040865384615384616
0 0.7163461538461539 0.30649038461538464 0.07211538461538461 0.040865384615384616
0 0.640625 0.30649038461538464 0.06971153846153846 0.040865384615384616
0 0.5685096153846154 0.30649038461538464 0.06971153846153846 0.040865384615384616
0 0.4951923076923077 0.3076923076923077 0.07211538461538461 0.04326923076923077