0 0.3449519230769231 0.037259615384615384 0.1346153846153846 0.07451923076923077
0 0.06009615384615385 0.040865384615384616 0.11899038461538461 0.08173076923076923
0 0.21634615384615385 0.06009615384615385 0.15384615384615385 0.11899038461538461
0 0.38461538461538464 0.16346153846153846 0.055288461538461536 0.20673076923076922
0 0.12379807692307693 0.17548076923076922 0.14543269230769232 0.20072115384615385
0 0.02403846153846154 0.17668269230769232 0.04807692307692308 0.22716346153846154
0 0.2800480769230769 0.18629807692307693 0.15625 0.21995192307692307
0 0.34134615384615385 0.35336538461538464 0.140625 0.20072115384615385
0 0.18990384615384615 0.3581730769230769 0.15384615384615385 0.21995192307692307
0 0.055288461538461536 0.3737980769230769 0.11057692307692307 0.19831730769230768
0 0.3762019230769231 0.47596153846153844 0.07451923076923077 0.10576923076923077
0 0.25961538461538464 0.47596153846153844 0.15865384615384615 0.10576923076923077
0 0.10697115384615384 0.4855769230769231 0.14543269230769232 0.08774038461538461
0 0.9927884615384616 0.15745192307692307 0.013221153846153846 0.05048076923076923
0 0.49759615384615385 0.15745192307692307 0.037259615384615384 0.05048076923076923
0 0.46153846153846156 0.15745192307692307 0.037259615384615384 0.05048076923076923
0 0.42908653846153844 0.15625 0.03125 0.052884615384615384
0 0.5673076923076923 0.15865384615384615 0.037259615384615384 0.05048076923076923
0 0.53125 0.15865384615384615 0.037259615384615384 0.04807692307692308
0 0.9711538461538461 0.15865384615384615 0.037259615384615384 0.05048076923076923
0 0.6021634615384616 0.15865384615384615 0.03485576923076923 0.05048076923076923
0 0.9362980769230769 0.15985576923076922 0.03485576923076923 0.05048076923076923
0 0.6346153846153846 0.15985576923076922 0.037259615384615384 0.05048076923076923
0 0.9038461538461539 0.15985576923076922 0.03485576923076923 0.05048076923076923
0 0.703125 0.15985576923076922 0.03485576923076923 0.05048076923076923
0 0.6694711538461539 0.15985576923076922 0.03485576923076923 0.05048076923076923
0 0.8377403846153846 0.15985576923076922 0.03485576923076923 0.04807692307692308
0 0.8040865384615384 0.15985576923076922 0.037259615384615384 0.05048076923076923
0 0.8701923076923077 0.16105769230769232 0.03125 0.04807692307692308
0 0.7716346153846154 0.16105769230769232 0.03485576923076923 0.04807692307692308
0 0.7367788461538461 0.16105769230769232 0.03485576923076923 0.04807692307692308
0 0.44711538461538464 0.1971153846153846 0.037259615384615384 0.05048076923076923
0 0.48197115384615385 0.1971153846153846 0.037259615384615384 0.05048076923076923
0 0.9819711538461539 0.19471153846153846 0.036057692307692304 0.04807692307692308
0 0.5516826923076923 0.1971153846153846 0.037259615384615384 0.05048076923076923
0 0.5168269230769231 0.1971153846153846 0.037259615384615384 0.05048076923076923
0 0.4206730769230769 0.1971153846153846 0.015625 0.05048076923076923
0 0.9519230769230769 0.19831730769230768 0.03485576923076923 0.04807692307692308
0 0.5865384615384616 0.19831730769230768 0.037259615384615384 0.05048076923076923
0 0.9182692307692307 0.19831730769230768 0.03485576923076923 0.04807692307692308
0 0.6201923076923077 0.19831730769230768 0.037259615384615384 0.05048076923076923
0 0.8858173076923077 0.19951923076923078 0.03485576923076923 0.04807692307692308
0 0.8533653846153846 0.19951923076923078 0.03485576923076923 0.04807692307692308
0 0.8197115384615384 0.19951923076923078 0.03485576923076923 0.04807692307692308
0 0.7872596153846154 0.19951923076923078 0.03125 0.04807692307692308
0 0.7536057692307693 0.19951923076923078 0.03485576923076923 0.04807692307692308
0 0.7211538461538461 0.19951923076923078 0.03485576923076923 0.04807692307692308
0 0.6875 0.19951923076923078 0.03485576923076923 0.05048076923076923
0 0.6538461538461539 0.19951923076923078 0.037259615384615384 0.05048076923076923
0 0.9903846153846154 0.23557692307692307 0.018028846153846152 0.04807692307692308
0 0.9651442307692307 0.23557692307692307 0.03485576923076923 0.04807692307692308
0 0.5024038461538461 0.23557692307692307 0.037259615384615384 0.05048076923076923
0 0.46634615384615385 0.23557692307692307 0.037259615384615384 0.05048076923076923
0 0.9326923076923077 0.23677884615384615 0.03485576923076923 0.04807692307692308
0 0.5372596153846154 0.23677884615384615 0.037259615384615384 0.05048076923076923
0 0.43149038461538464 0.23677884615384615 0.037259615384615384 0.05048076923076923
0 0.9002403846153846 0.23677884615384615 0.03485576923076923 0.04807692307692308
0 0.8677884615384616 0.23677884615384615 0.03485576923076923 0.04807692307692308
0 0.6045673076923077 0.23677884615384615 0.03485576923076923 0.04807692307692308
0 0.5709134615384616 0.23677884615384615 0.037259615384615384 0.04807692307692308
0 0.8365384615384616 0.23677884615384615 0.03125 0.04807692307692308
0 0.8028846153846154 0.23798076923076922 0.03485576923076923 0.04807692307692308
0 0.7704326923076923 0.23798076923076922 0.03125 0.04807692307692308
0 0.7379807692307693 0.23798076923076922 0.03485576923076923 0.04807692307692308
0 0.7055288461538461 0.23798076923076922 0.03485576923076923 0.04807692307692308
0 0.6394230769230769 0.23798076923076922 0.03485576923076923 0.04807692307692308
0 0.671875 0.23798076923076922 0.03125 0.04807692307692308
0 0.9795673076923077 0.27283653846153844 0.03485576923076923 0.04447115384615385
0 0.9471153846153846 0.27403846153846156 0.03485576923076923 0.04807692307692308
0 0.9158653846153846 0.27403846153846156 0.03485576923076923 0.04447115384615385
0 0.8834134615384616 0.27403846153846156 0.03485576923076923 0.04447115384615385
0 0.8509615384615384 0.27403846153846156 0.03485576923076923 0.04447115384615385
0 0.8185096153846154 0.27403846153846156 0.03125 0.04447115384615385
0 0.5552884615384616 0.27403846153846156 0.03485576923076923 0.04807692307692308
0 0.5216346153846154 0.27403846153846156 0.03485576923076923 0.04807692307692308
0 0.48677884615384615 0.27403846153846156 0.03485576923076923 0.04807692307692308
0 0.7860576923076923 0.27524038461538464 0.03485576923076923 0.04447115384615385
0 0.5901442307692307 0.27524038461538464 0.037259615384615384 0.04807692307692308
0 0.4519230769230769 0.27524038461538464 0.03485576923076923 0.04807692307692308
0 0.7536057692307693 0.27524038461538464 0.03485576923076923 0.04447115384615385
0 0.7211538461538461 0.27524038461538464 0.03485576923076923 0.04447115384615385
0 0.65625 0.27524038461538464 0.03485576923076923 0.04447115384615385
0 0.6225961538461539 0.27524038461538464 0.03485576923076923 0.04447115384615385
0 0.4230769230769231 0.27403846153846156 0.021634615384615384 0.04447115384615385
0 0.6875 0.27524038461538464 0.03485576923076923 0.04447115384615385
0 0.9879807692307693 0.3076923076923077 0.02403846153846154 0.04447115384615385
0 0.9615384615384616 0.31009615384615385 0.03485576923076923 0.04447115384615385
0 0.9302884615384616 0.31009615384615385 0.03485576923076923 0.04447115384615385
0 0.8978365384615384 0.3112980769230769 0.03485576923076923 0.04447115384615385
0 0.8653846153846154 0.3112980769230769 0.03485576923076923 0.04447115384615385
0 0.8341346153846154 0.3112980769230769 0.03485576923076923 0.04447115384615385
0 0.8016826923076923 0.3112980769230769 0.03125 0.04447115384615385
0 0.7704326923076923 0.3112980769230769 0.03125 0.04447115384615385
0 0.7379807692307693 0.3112980769230769 0.03485576923076923 0.04447115384615385
0 0.7055288461538461 0.3125 0.03485576923076923 0.04447115384615385
0 0.671875 0.3125 0.03125 0.04447115384615385
0 0.640625 0.3125 0.03125 0.04447115384615385
0 0.6069711538461539 0.3125 0.03125 0.04807692307692308
0 0.5396634615384616 0.3125 0.03485576923076923 0.04807692307692308
0 0.5072115384615384 0.3125 0.037259615384615384 0.04807692307692308
0 0.4723557692307692 0.3125 0.037259615384615384 0.04807692307692308
0 0.4375 0.3125 0.037259615384615384 0.04807692307692308
0 0.5745192307692307 0.3125 0.03485576923076923 0.04807692307692308
0 0.4170673076923077 0.3137019230769231 0.008413461538461538 0.04447115384615385
0 0.9951923076923077 0.34375 0.009615384615384616 0.04326923076923077
0 0.9759615384615384 0.34615384615384615 0.03485576923076923 0.04447115384615385
0 0.9122596153846154 0.34615384615384615 0.03125 0.04447115384615385
0 0.9447115384615384 0.34615384615384615 0.03125 0.04447115384615385
0 0.8810096153846154 0.34615384615384615 0.03485576923076923 0.04447115384615385
0 0.8497596153846154 0.34615384615384615 0.03485576923076923 0.04447115384615385
0 0.8173076923076923 0.3473557692307692 0.03485576923076923 0.04447115384615385
0 0.7860576923076923 0.3473557692307692 0.03485576923076923 0.04447115384615385
0 0.7536057692307693 0.3473557692307692 0.03485576923076923 0.04447115384615385
0 0.7223557692307693 0.3473557692307692 0.03125 0.04447115384615385
0 0.6887019230769231 0.3473557692307692 0.03485576923076923 0.04447115384615385
0 0.6574519230769231 0.34975961538461536 0.03125 0.04447115384615385
0 0.6237980769230769 0.34975961538461536 0.03125 0.04447115384615385
0 0.5913461538461539 0.34975961538461536 0.03485576923076923 0.04447115384615385
0 0.5576923076923077 0.34975961538461536 0.03485576923076923 0.04807692307692308
0 0.49158653846153844 0.34975961538461536 0.037259615384615384 0.04807692307692308
0 0.4579326923076923 0.34975961538461536 0.03485576923076923 0.04807692307692308
0 0.5252403846153846 0.35096153846153844 0.03485576923076923 0.04447115384615385
0 0.4254807692307692 0.34975961538461536 0.026442307692307692 0.04807692307692308
0 0.9867788461538461 0.3798076923076923 0.026442307692307692 0.04447115384615385
0 0.9591346153846154 0.38100961538461536 0.03125 0.04447115384615385
0 0.9266826923076923 0.38221153846153844 0.03125 0.04447115384615385
0 0.8641826923076923 0.38221153846153844 0.03485576923076923 0.04447115384615385
0 0.8329326923076923 0.38221153846153844 0.03125 0.04447115384615385
0 0.8954326923076923 0.38221153846153844 0.03485576923076923 0.04447115384615385
0 0.8016826923076923 0.38221153846153844 0.03125 0.04447115384615385
0 0.7704326923076923 0.38221153846153844 0.03125 0.04447115384615385
0 0.7379807692307693 0.38341346153846156 0.03125 0.04447115384615385
0 0.7067307692307693 0.38341346153846156 0.03485576923076923 0.04447115384615385
0 0.6742788461538461 0.38341346153846156 0.03125 0.04447115384615385
0 0.6430288461538461 0.38461538461538464 0.03125 0.04447115384615385
0 0.5769230769230769 0.38461538461538464 0.03485576923076923 0.04447115384615385
0 0.609375 0.38461538461538464 0.03125 0.04447115384615385
0 0.5432692307692307 0.3858173076923077 0.03485576923076923 0.04447115384615385
0 0.47716346153846156 0.3858173076923077 0.03485576923076923 0.04447115384615385
0 0.5108173076923077 0.3858173076923077 0.03485576923076923 0.04447115384615385
0 0.44350961538461536 0.3858173076923077 0.037259615384615384 0.04807692307692308
0 0.41947115384615385 0.3858173076923077 0.013221153846153846 0.04807692307692308
0 0.9939903846153846 0.41586538461538464 0.01201923076923077 0.04326923076923077
0 0.9735576923076923 0.4170673076923077 0.03125 0.04447115384615385
0 0.8786057692307693 0.4170673076923077 0.03125 0.04447115384615385
0 0.8473557692307693 0.4170673076923077 0.03125 0.04447115384615385
0 0.9435096153846154 0.4170673076923077 0.03125 0.04447115384615385
0 0.9098557692307693 0.4182692307692308 0.03485576923076923 0.04447115384615385
0 0.8161057692307693 0.4182692307692308 0.03125 0.04447115384615385
0 0.7848557692307693 0.4182692307692308 0.03125 0.04447115384615385
0 0.7536057692307693 0.4182692307692308 0.03125 0.042067307692307696
0 0.7223557692307693 0.41947115384615385 0.03125 0.042067307692307696
0 0.6899038461538461 0.41947115384615385 0.03125 0.042067307692307696
0 0.6274038461538461 0.41947115384615385 0.03125 0.042067307692307696
0 0.6586538461538461 0.41947115384615385 0.03485576923076923 0.04447115384615385
0 0.5949519230769231 0.4206730769230769 0.03485576923076923 0.042067307692307696
0 0.5625 0.4206730769230769 0.03485576923076923 0.042067307692307696
0 0.5288461538461539 0.421875 0.03485576923076923 0.04447115384615385
0 0.4963942307692308 0.421875 0.03485576923076923 0.04447115384615385
0 0.46274038461538464 0.421875 0.03485576923076923 0.04447115384615385
0 0.42908653846153844 0.421875 0.03125 0.04447115384615385
0 0.9855769230769231 0.45072115384615385 0.028846153846153848 0.04447115384615385
0 0.9567307692307693 0.45072115384615385 0.03125 0.04447115384615385
0 0.9242788461538461 0.45072115384615385 0.03125 0.042067307692307696
0 0.8930288461538461 0.45072115384615385 0.03125 0.04447115384615385
0 0.8629807692307693 0.45072115384615385 0.03125 0.04447115384615385
0 0.8305288461538461 0.45072115384615385 0.03125 0.04447115384615385
0 0.8004807692307693 0.4519230769230769 0.03125 0.04447115384615385
0 0.7704326923076923 0.4519230769230769 0.03125 0.042067307692307696
0 0.7379807692307693 0.4519230769230769 0.03485576923076923 0.042067307692307696
0 0.7067307692307693 0.453125 0.03125 0.04447115384615385
0 0.6742788461538461 0.453125 0.03125 0.04447115384615385
0 0.6442307692307693 0.453125 0.03125 0.04447115384615385
0 0.6129807692307693 0.45552884615384615 0.03485576923076923 0.04447115384615385
0 0.5793269230769231 0.45552884615384615 0.03485576923076923 0.04447115384615385
0 0.5480769230769231 0.4567307692307692 0.03485576923076923 0.04447115384615385
0 0.5132211538461539 0.4567307692307692 0.03485576923076923 0.04447115384615385
0 0.48197115384615385 0.4579326923076923 0.03125 0.04447115384615385
0 0.44711538461538464 0.4579326923076923 0.03485576923076923 0.04447115384615385
0 0.421875 0.4579326923076923 0.018028846153846152 0.042067307692307696
0 0.8461538461538461 0.4855769230769231 0.03125 0.04447115384615385
0 0.9711538461538461 0.4855769230769231 0.03485576923076923 0.042067307692307696
0 0.9387019230769231 0.4855769230769231 0.03125 0.042067307692307696
0 0.9074519230769231 0.4855769230769231 0.03125 0.042067307692307696
0 0.8774038461538461 0.4855769230769231 0.03125 0.042067307692307696
0 0.8149038461538461 0.4855769230769231 0.03125 0.042067307692307696
0 0.7848557692307693 0.4855769230769231 0.03125 0.04447115384615385
0 0.9915865384615384 0.484375 0.015625 0.042067307692307696
0 0.7536057692307693 0.4855769230769231 0.03125 0.042067307692307696
0 0.7223557692307693 0.48677884615384615 0.03485576923076923 0.042067307692307696
0 0.6923076923076923 0.4879807692307692 0.03125 0.042067307692307696
0 0.6286057692307693 0.4879807692307692 0.03125 0.042067307692307696
0 0.6598557692307693 0.4879807692307692 0.03125 0.042067307692307696
0 0.5961538461538461 0.4891826923076923 0.03125 0.042067307692307696
0 0.5649038461538461 0.49038461538461536 0.03125 0.042067307692307696
0 0.53125 0.49158653846153844 0.03485576923076923 0.042067307692307696
0 0.4987980769230769 0.49158653846153844 0.03125 0.042067307692307696
0 0.46634615384615385 0.49158653846153844 0.03485576923076923 0.042067307692307696
0 0.4338942307692308 0.49278846153846156 0.03125 0.04447115384615385
0 0.984375 0.5132211538461539 0.03125 0.03125
0 0.9519230769230769 0.5132211538461539 0.03125 0.03125
0 0.9206730769230769 0.5132211538461539 0.03125 0.03125
0 0.859375 0.5132211538461539 0.03125 0.03125
0 0.8293269230769231 0.5132211538461539 0.028846153846153848 0.03125
0 0.7992788461538461 0.5132211538461539 0.03125 0.03125
0 0.890625 0.5144230769230769 0.03485576923076923 0.028846153846153848
0 0.7668269230769231 0.5132211538461539 0.03125 0.03125
0 0.7379807692307693 0.5132211538461539 0.03125 0.03125
0 0.7067307692307693 0.5144230769230769 0.03125 0.028846153846153848
0 0.6742788461538461 0.5144230769230769 0.03125 0.028846153846153848
0 0.6430288461538461 0.5144230769230769 0.03125 0.028846153846153848
0 0.6141826923076923 0.5144230769230769 0.03125 0.028846153846153848
0 0.5793269230769231 0.515625 0.03125 0.026442307692307692
0 0.5492788461538461 0.515625 0.03485576923076923 0.026442307692307692
0 0.484375 0.5168269230769231 0.03125 0.02403846153846154
0 0.5168269230769231 0.5168269230769231 0.03485576923076923 0.02403846153846154
0 0.45072115384615385 0.5168269230769231 0.03485576923076923 0.02403846153846154
0 0.42427884615384615 0.5168269230769231 0.02403846153846154 0.02403846153846154
0 0.41947115384615385 0.11538461538461539 0.013221153846153846 0.05048076923076923
0 0.47716346153846156 0.11658653846153846 0.037259615384615384 0.04807692307692308
0 0.44350961538461536 0.11658653846153846 0.037259615384615384 0.05048076923076923
0 0.5492788461538461 0.11778846153846154 0.037259615384615384 0.05048076923076923
0 0.5132211538461539 0.11778846153846154 0.037259615384615384 0.05048076923076923
0 0.5829326923076923 0.11778846153846154 0.037259615384615384 0.05048076923076923
0 0.9855769230769231 0.11658653846153846 0.028846153846153848 0.04807692307692308
0 0.6177884615384616 0.11899038461538461 0.037259615384615384 0.05048076923076923
0 0.9555288461538461 0.1201923076923077 0.03485576923076923 0.04807692307692308
0 0.6862980769230769 0.1201923076923077 0.03485576923076923 0.05048076923076923
0 0.6538461538461539 0.1201923076923077 0.037259615384615384 0.05048076923076923
0 0.921875 0.1201923076923077 0.03485576923076923 0.05048076923076923
0 0.18870192307692307 0.5817307692307693 0.055288461538461536 0.09014423076923077
0 0.12860576923076922 0.5817307692307693 0.055288461538461536 0.09014423076923077
0 0.06850961538461539 0.5829326923076923 0.055288461538461536 0.09014423076923077
0 0.018028846153846152 0.5829326923076923 0.036057692307692304 0.0889423076923077
0 0.22115384615384615 0.6670673076923077 0.055288461538461536 0.09254807692307693
0 0.15985576923076922 0.6682692307692307 0.055288461538461536 0.09254807692307693
0 0.09975961538461539 0.6694711538461539 0.055288461538461536 0.09254807692307693
0 0.039663461538461536 0.6694711538461539 0.052884615384615384 0.09014423076923077
0 0.002403846153846154 0.6694711538461539 0.004807692307692308 0.09014423076923077
0 0.0673076923076923 0.7524038461538461 0.052884615384615384 0.09014423076923077
0 0.016826923076923076 0.75 0.03365384615384615 0.09134615384615384
0 0.12860576923076922 0.7536057692307693 0.052884615384615384 0.09254807692307693
0 0.1875 0.7548076923076923 0.055288461538461536 0.09495192307692307
0 0.09735576923076923 0.8365384615384616 0.052884615384615384 0.09014423076923077
0 0.03485576923076923 0.8377403846153846 0.052884615384615384 0.09014423076923077
0 0.21995192307692307 0.8377403846153846 0.057692307692307696 0.09254807692307693
0 0.15504807692307693 0.8401442307692307 0.055288461538461536 0.09254807692307693
0 0.33413461538461536 0.9122596153846154 0.055288461538461536 0.08774038461538461
0 0.390625 0.9134615384615384 0.04447115384615385 0.08774038461538461
0 0.014423076923076924 0.921875 0.028846153846153848 0.08774038461538461
0 0.06610576923076923 0.921875 0.052884615384615384 0.09014423076923077
0 0.18870192307692307 0.9230769230769231 0.055288461538461536 0.09254807692307693
0 0.12379807692307693 0.9230769230769231 0.052884615384615384 0.09014423076923077
0 0.3641826923076923 0.9771634615384616 0.055288461538461536 0.04447115384615385
0 0.4050480769230769 0.9783653846153846 0.015625 0.042067307692307696
0 0.03485576923076923 0.9795673076923077 0.052884615384615384 0.039663461538461536
0 0.09134615384615384 0.9807692307692307 0.052884615384615384 0.038461538461538464
0 0.15384615384615385 0.9807692307692307 0.052884615384615384 0.038461538461538464
0 0.21875 0.9819711538461539 0.057692307692307696 0.036057692307692304
0 0.6081730769230769 0.5697115384615384 0.24879807692307693 0.08173076923076923
0 0.8545673076923077 0.5697115384615384 0.24278846153846154 0.08173076923076923
0 0.9290865384615384 0.7439903846153846 0.14182692307692307 0.37740384615384615
0 0.5096153846153846 0.7451923076923077 0.1935096153846154 0.36778846153846156
0 0.7283653846153846 0.7463942307692307 0.2512019230769231 0.3762019230769231
0 0.6009615384615384 0.9399038461538461 0.25961538461538464 0.11899038461538461
0 0.8617788461538461 0.9411057692307693 0.27163461538461536 0.11778846153846154