0 0.234375 0.009615384615384616 0.04567307692307692 0.019230769230769232
0 0.057692307692307696 0.006009615384615385 0.038461538461538464 0.01201923076923077
0 0.27403846153846156 0.016826923076923076 0.04567307692307692 0.03245192307692308
0 0.013221153846153846 0.018028846153846152 0.025240384615384616 0.036057692307692304
0 0.31009615384615385 0.013221153846153846 0.030048076923076924 0.025240384615384616
0 0.11538461538461539 0.020432692307692308 0.04807692307692308 0.040865384615384616
0 0.359375 0.016826923076923076 0.038461538461538464 0.03245192307692308
0 0.4230769230769231 0.04447115384615385 0.03245192307692308 0.0889423076923077
0 0.07572115384615384 0.03245192307692308 0.02283653846153846 0.04326923076923077
0 0.3389423076923077 0.036057692307692304 0.027644230769230768 0.04326923076923077
0 0.04447115384615385 0.038461538461538464 0.04807692307692308 0.07091346153846154
0 0.20793269230769232 0.054086538461538464 0.07451923076923077 0.10817307692307693
0 0.09495192307692307 0.05889423076923077 0.030048076923076924 0.040865384615384616
0 0.14182692307692307 0.06129807692307692 0.04567307692307692 0.07091346153846154
0 0.003605769230769231 0.06610576923076923 0.007211538461538462 0.07091346153846154
0 0.31490384615384615 0.07572115384615384 0.07091346153846154 0.11177884615384616
0 0.019230769230769232 0.09014423076923077 0.027644230769230768 0.04567307692307692
0 0.0889423076923077 0.0985576923076923 0.025240384615384616 0.040865384615384616
0 0.23557692307692307 0.1045673076923077 0.036057692307692304 0.04807692307692308
0 0.05889423076923077 0.10817307692307693 0.04807692307692308 0.07091346153846154
0 0.41947115384615385 0.1141826923076923 0.036057692307692304 0.052884615384615384
0 0.11298076923076923 0.1141826923076923 0.027644230769230768 0.040865384615384616
0 0.006009615384615385 0.12379807692307693 0.01201923076923077 0.036057692307692304
0 0.15865384615384615 0.12740384615384615 0.04567307692307692 0.06850961538461539
0 0.3870192307692308 0.12860576923076922 0.03245192307692308 0.055288461538461536
0 0.19831730769230768 0.13822115384615385 0.036057692307692304 0.055288461538461536
0 0.09254807692307693 0.15384615384615385 0.04807692307692308 0.06610576923076923
0 0.23197115384615385 0.15504807692307693 0.036057692307692304 0.04807692307692308
0 0.3581730769230769 0.1622596153846154 0.03245192307692308 0.04807692307692308
0 0.01201923076923077 0.1622596153846154 0.02283653846153846 0.040865384615384616
0 0.41225961538461536 0.16346153846153846 0.036057692307692304 0.04567307692307692
0 0.2824519230769231 0.16466346153846154 0.04807692307692308 0.06850961538461539
0 0.17548076923076922 0.1778846153846154 0.038461538461538464 0.05048076923076923
0 0.05048076923076923 0.17908653846153846 0.04567307692307692 0.06850961538461539
0 0.13942307692307693 0.1875 0.027644230769230768 0.040865384615384616
0 0.11177884615384616 0.19110576923076922 0.027644230769230768 0.040865384615384616
0 0.3004807692307692 0.20552884615384615 0.036057692307692304 0.052884615384615384
0 0.016826923076923076 0.20673076923076922 0.027644230769230768 0.040865384615384616
0 0.39903846153846156 0.21153846153846154 0.04326923076923077 0.06850961538461539
0 0.21995192307692307 0.2127403846153846 0.04567307692307692 0.06850961538461539
0 0.2620192307692308 0.21394230769230768 0.027644230769230768 0.036057692307692304
0 0.3545673076923077 0.22115384615384615 0.04567307692307692 0.06850961538461539
0 0.08533653846153846 0.22235576923076922 0.04807692307692308 0.06850961538461539
0 0.171875 0.23076923076923078 0.038461538461538464 0.052884615384615384
0 0.13341346153846154 0.23557692307692307 0.038461538461538464 0.052884615384615384
0 0.04326923076923077 0.23798076923076922 0.038461538461538464 0.052884615384615384
0 0.013221153846153846 0.25841346153846156 0.025240384615384616 0.06610576923076923
0 0.19230769230769232 0.27163461538461536 0.036057692307692304 0.055288461538461536
0 0.03485576923076923 0.2764423076923077 0.025240384615384616 0.040865384615384616
0 0.06850961538461539 0.2764423076923077 0.038461538461538464 0.052884615384615384
0 0.41466346153846156 0.2848557692307692 0.04567307692307692 0.07091346153846154
0 0.15985576923076922 0.28966346153846156 0.04567307692307692 0.06610576923076923
0 0.3701923076923077 0.2920673076923077 0.038461538461538464 0.06850961538461539
0 0.31850961538461536 0.2932692307692308 0.07091346153846154 0.10697115384615384
0 0.1141826923076923 0.2956730769230769 0.04807692307692308 0.07091346153846154
0 0.015625 0.3088942307692308 0.025240384615384616 0.038461538461538464
0 0.19831730769230768 0.31009615384615385 0.027644230769230768 0.036057692307692304
0 0.4266826923076923 0.3125 0.025240384615384616 0.05048076923076923
0 0.2536057692307692 0.32572115384615385 0.04567307692307692 0.07091346153846154
0 0.3858173076923077 0.328125 0.027644230769230768 0.038461538461538464
0 0.16826923076923078 0.3425480769230769 0.03245192307692308 0.052884615384615384
0 0.13341346153846154 0.3545673076923077 0.04326923076923077 0.06850961538461539
0 0.34375 0.35697115384615385 0.04567307692307692 0.06370192307692307
0 0.421875 0.359375 0.036057692307692304 0.04326923076923077
0 0.2956730769230769 0.36177884615384615 0.036057692307692304 0.05048076923076923
0 0.08173076923076923 0.37259615384615385 0.07091346153846154 0.11177884615384616
0 0.021634615384615384 0.38100961538461536 0.04326923076923077 0.07091346153846154
0 0.22956730769230768 0.4050480769230769 0.0733173076923077 0.1045673076923077
0 0.11778846153846154 0.4230769230769231 0.04807692307692308 0.06850961538461539
0 0.4074519230769231 0.41225961538461536 0.06370192307692307 0.0889423076923077
0 0.29927884615384615 0.4254807692307692 0.04567307692307692 0.06370192307692307
0 0.3269230769230769 0.4326923076923077 0.030048076923076924 0.04807692307692308
0 0.037259615384615384 0.44711538461538464 0.02283653846153846 0.020432692307692308
0 0.3401442307692308 0.44711538461538464 0.030048076923076924 0.020432692307692308
0 0.07211538461538461 0.4411057692307692 0.04807692307692308 0.030048076923076924
0 0.17668269230769232 0.44591346153846156 0.0733173076923077 0.02283653846153846
0 0.9170673076923077 0.11899038461538461 0.16466346153846154 0.23798076923076922
0 0.5685096153846154 0.14302884615384615 0.25240384615384615 0.2860576923076923
0 0.9158653846153846 0.34375 0.16706730769230768 0.22596153846153846
0 0.5997596153846154 0.36658653846153844 0.24158653846153846 0.18028846153846154
0 0.08774038461538461 0.49759615384615385 0.17548076923076922 0.08173076923076923
0 0.29086538461538464 0.5480769230769231 0.296875 0.18269230769230768
0 0.09735576923076923 0.640625 0.19471153846153846 0.20432692307692307
0 0.30408653846153844 0.7367788461538461 0.2692307692307692 0.20072115384615385
0 0.09254807692307693 0.8461538461538461 0.18509615384615385 0.19591346153846154
0 0.296875 0.9182692307692307 0.2692307692307692 0.1622596153846154
0 0.09615384615384616 0.9747596153846154 0.19230769230769232 0.05048076923076923
0 0.9903846153846154 0.6911057692307693 0.019230769230769232 0.13701923076923078
0 0.8365384615384616 0.6959134615384616 0.09134615384615384 0.1346153846153846
0 0.9290865384615384 0.6971153846153846 0.0889423076923077 0.13221153846153846
0 0.6502403846153846 0.6995192307692307 0.09134615384615384 0.13221153846153846
0 0.5576923076923077 0.7007211538461539 0.0889423076923077 0.12740384615384615
0 0.47475961538461536 0.7007211538461539 0.07091346153846154 0.12740384615384615
0 0.7415865384615384 0.7007211538461539 0.0889423076923077 0.13221153846153846
0 0.8834134615384616 0.8112980769230769 0.0889423076923077 0.12980769230769232
0 0.6033653846153846 0.8112980769230769 0.09134615384615384 0.13701923076923078
0 0.9663461538461539 0.8100961538461539 0.0673076923076923 0.1346153846153846
0 0.7908653846153846 0.8125 0.0889423076923077 0.1346153846153846
0 0.5120192307692307 0.8137019230769231 0.08653846153846154 0.1346153846153846
0 0.45072115384615385 0.8137019230769231 0.02283653846153846 0.12980769230769232
0 0.6983173076923077 0.8137019230769231 0.08653846153846154 0.13221153846153846
0 0.6502403846153846 0.9266826923076923 0.0889423076923077 0.13221153846153846
0 0.9314903846153846 0.9266826923076923 0.0889423076923077 0.1346153846153846
0 0.9879807692307693 0.9266826923076923 0.02283653846153846 0.13221153846153846
0 0.7451923076923077 0.9278846153846154 0.0889423076923077 0.1346153846153846
0 0.47596153846153844 0.9278846153846154 0.0733173076923077 0.12980769230769232
0 0.8377403846153846 0.9290865384615384 0.0889423076923077 0.12980769230769232
0 0.5588942307692307 0.9290865384615384 0.0889423076923077 0.12740384615384615
0 0.6971153846153846 0.9867788461538461 0.0889423076923077 0.025240384615384616
0 0.515625 0.9867788461538461 0.08653846153846154 0.025240384615384616
0 0.7896634615384616 0.9867788461538461 0.08653846153846154 0.025240384615384616
0 0.8846153846153846 0.9867788461538461 0.0889423076923077 0.025240384615384616
0 0.6033653846153846 0.9879807692307693 0.0889423076923077 0.02283653846153846
0 0.9651442307692307 0.9867788461538461 0.06850961538461539 0.025240384615384616
0 0.6466346153846154 0.4963942307692308 0.09134615384615384 0.078125
0 0.9290865384615384 0.4951923076923077 0.09134615384615384 0.07572115384615384
0 0.7415865384615384 0.4963942307692308 0.09134615384615384 0.078125
0 0.8329326923076923 0.4963942307692308 0.08653846153846154 0.078125
0 0.5528846153846154 0.4963942307692308 0.09134615384615384 0.078125
0 0.4723557692307692 0.4963942307692308 0.06610576923076923 0.078125
0 0.9867788461538461 0.49759615384615385 0.025240384615384616 0.08173076923076923
0 0.9639423076923077 0.5817307692307693 0.07091346153846154 0.13221153846153846
0 0.5120192307692307 0.5841346153846154 0.0889423076923077 0.13221153846153846
0 0.6959134615384616 0.5853365384615384 0.0889423076923077 0.12980769230769232
0 0.7872596153846154 0.5853365384615384 0.0889423076923077 0.13221153846153846
0 0.8810096153846154 0.5865384615384616 0.08653846153846154 0.12980769230769232
0 0.4495192307692308 0.5853365384615384 0.020432692307692308 0.12980769230769232
0 0.6033653846153846 0.5877403846153846 0.08653846153846154 0.1346153846153846