0 0.49278846153846156 0.13701923076923078 0.07692307692307693 0.1622596153846154
0 0.41947115384615385 0.14302884615384615 0.07692307692307693 0.16466346153846154
0 0.33653846153846156 0.15264423076923078 0.0829326923076923 0.16706730769230768
0 0.25240384615384615 0.1622596153846154 0.09014423076923077 0.18028846153846154
0 0.16105769230769232 0.171875 0.09615384615384616 0.18629807692307693
0 0.0625 0.17307692307692307 0.0985576923076923 0.18870192307692307
0 0.4951923076923077 0.4050480769230769 0.07451923076923077 0.15384615384615385
0 0.4170673076923077 0.421875 0.07451923076923077 0.15985576923076922
0 0.33653846153846156 0.43509615384615385 0.0829326923076923 0.16466346153846154
0 0.25240384615384615 0.4543269230769231 0.0829326923076923 0.17067307692307693
0 0.16466346153846154 0.4735576923076923 0.08774038461538461 0.17307692307692307
0 0.07211538461538461 0.484375 0.0985576923076923 0.1778846153846154
0 0.010817307692307692 0.5 0.021634615384615384 0.18028846153846154
0 0.48677884615384615 0.6237980769230769 0.07451923076923077 0.08774038461538461
0 0.41346153846153844 0.6346153846153846 0.07692307692307693 0.06610576923076923
0 0.5012019230769231 0.02283653846153846 0.06129807692307692 0.04567307692307692
0 0.4338942307692308 0.026442307692307692 0.06971153846153846 0.052884615384615384
0 0.36177884615384615 0.027644230769230768 0.07451923076923077 0.055288461538461536
0 0.2824519230769231 0.030048076923076924 0.07932692307692307 0.06009615384615385
0 0.03485576923076923 0.03365384615384615 0.06971153846153846 0.06610576923076923
0 0.1141826923076923 0.03365384615384615 0.09014423076923077 0.06610576923076923
0 0.20072115384615385 0.03485576923076923 0.0829326923076923 0.06971153846153846
0 0.6598557692307693 0.10216346153846154 0.11177884615384616 0.20432692307692307
0 0.7608173076923077 0.16466346153846154 0.12980769230769232 0.24519230769230768
0 0.9435096153846154 0.20432692307692307 0.11298076923076923 0.2403846153846154
0 0.5793269230769231 0.25 0.09615384615384616 0.2127403846153846
0 0.7391826923076923 0.31971153846153844 0.12740384615384615 0.234375
0 0.8665865384615384 0.390625 0.13581730769230768 0.22115384615384615
0 0.96875 0.4675480769230769 0.0625 0.2764423076923077
0 0.6418269230769231 0.4723557692307692 0.12980769230769232 0.23677884615384615
0 0.9447115384615384 0.5829326923076923 0.11057692307692307 0.1658653846153846
0 0.12620192307692307 0.7764423076923077 0.14302884615384615 0.18870192307692307
0 0.27163461538461536 0.8389423076923077 0.14903846153846154 0.18870192307692307
0 0.04567307692307692 0.796875 0.06370192307692307 0.11658653846153846