0 0.40384615384615385 0.3858173076923077 0.052884615384615384 0.11298076923076923
0 0.08653846153846154 0.3605769230769231 0.11778846153846154 0.16346153846153846
0 0.013221153846153846 0.359375 0.026442307692307692 0.1658653846153846
0 0.3581730769230769 0.2764423076923077 0.13581730769230768 0.203125
0 0.040865384615384616 0.20793269230769232 0.08173076923076923 0.18028846153846154
0 0.14302884615384615 0.2091346153846154 0.12259615384615384 0.19110576923076922
0 0.38100961538461536 0.09254807692307693 0.09375 0.18509615384615385
0 0.008413461538461538 0.06850961538461539 0.016826923076923076 0.13701923076923078
0 0.06490384615384616 0.06490384615384616 0.12980769230769232 0.12980769230769232
0 0.28966346153846156 0.40865384615384615 0.13341346153846154 0.0673076923076923
0 0.12980769230769232 0.016826923076923076 0.08774038461538461 0.03245192307692308
0 0.6574519230769231 0.38341346153846156 0.13341346153846154 0.11778846153846154
0 0.5096153846153846 0.3870192307692308 0.1201923076923077 0.11057692307692307
0 0.7620192307692307 0.2620192307692308 0.12620192307692307 0.203125
0 0.4699519230769231 0.25721153846153844 0.08052884615384616 0.203125
0 0.5757211538461539 0.24519230769230768 0.12860576923076922 0.21875
0 0.6538461538461539 0.08052884615384616 0.12620192307692307 0.16105769230769232
0 0.9471153846153846 0.078125 0.10576923076923077 0.15625
0 0.7716346153846154 0.052884615384615384 0.15625 0.10576923076923077
0 0.5492788461538461 0.09014423076923077 0.10576923076923077 0.16346153846153846
0 0.052884615384615384 0.5504807692307693 0.10576923076923077 0.21634615384615385
0 0.22115384615384615 0.5456730769230769 0.22115384615384615 0.20552884615384615
0 0.38461538461538464 0.5444711538461539 0.09014423076923077 0.203125
0 0.3293269230769231 0.8125 0.20072115384615385 0.3737980769230769
0 0.11177884615384616 0.796875 0.22355769230769232 0.40625
0 0.4050480769230769 0.96875 0.05048076923076923 0.0625
0 0.4567307692307692 0.9939903846153846 0.03485576923076923 0.01201923076923077
0 0.49038461538461536 0.9939903846153846 0.03485576923076923 0.01201923076923077
0 0.5228365384615384 0.9915865384615384 0.03125 0.016826923076923076
0 0.5552884615384616 0.9915865384615384 0.03365384615384615 0.016826923076923076
0 0.5889423076923077 0.9915865384615384 0.03365384615384615 0.016826923076923076
0 0.6899038461538461 0.9915865384615384 0.03365384615384615 0.016826923076923076
0 0.6213942307692307 0.9915865384615384 0.036057692307692304 0.016826923076923076
0 0.6574519230769231 0.9915865384615384 0.036057692307692304 0.016826923076923076
0 0.7247596153846154 0.9915865384615384 0.036057692307692304 0.016826923076923076
0 0.7584134615384616 0.9903846153846154 0.036057692307692304 0.019230769230769232
0 0.7956730769230769 0.9903846153846154 0.03365384615384615 0.019230769230769232
0 0.8305288461538461 0.9903846153846154 0.036057692307692304 0.019230769230769232
0 0.8641826923076923 0.9903846153846154 0.036057692307692304 0.019230769230769232
0 0.8978365384615384 0.9903846153846154 0.036057692307692304 0.019230769230769232
0 0.9338942307692307 0.9891826923076923 0.036057692307692304 0.021634615384615384
0 0.96875 0.9903846153846154 0.03365384615384615 0.019230769230769232
0 0.47475961538461536 0.9735576923076923 0.03485576923076923 0.04807692307692308
0 0.5072115384615384 0.9723557692307693 0.03485576923076923 0.04807692307692308
0 0.44471153846153844 0.9711538461538461 0.030048076923076924 0.04807692307692308
0 0.5396634615384616 0.9723557692307693 0.03485576923076923 0.04807692307692308
0 0.5733173076923077 0.9711538461538461 0.03485576923076923 0.04807692307692308
0 0.6069711538461539 0.9711538461538461 0.03485576923076923 0.04807692307692308
0 0.6394230769230769 0.9711538461538461 0.03485576923076923 0.04807692307692308
0 0.6730769230769231 0.9711538461538461 0.03485576923076923 0.04807692307692308
0 0.7067307692307693 0.9699519230769231 0.03485576923076923 0.04807692307692308
0 0.7427884615384616 0.9699519230769231 0.037259615384615384 0.04807692307692308
0 0.7764423076923077 0.9699519230769231 0.03485576923076923 0.05048076923076923
0 0.8112980769230769 0.9699519230769231 0.03485576923076923 0.05048076923076923
0 0.8461538461538461 0.96875 0.037259615384615384 0.05048076923076923
0 0.8810096153846154 0.96875 0.03485576923076923 0.05048076923076923
0 0.9158653846153846 0.9675480769230769 0.03485576923076923 0.05048076923076923
0 0.9495192307692307 0.9675480769230769 0.03485576923076923 0.05048076923076923
0 0.9819711538461539 0.9663461538461539 0.03485576923076923 0.04807692307692308
0 0.4362980769230769 0.9350961538461539 0.01201923076923077 0.04567307692307692
0 0.45913461538461536 0.9362980769230769 0.03245192307692308 0.04807692307692308
0 0.49158653846153844 0.9350961538461539 0.03485576923076923 0.04807692307692308
0 0.5240384615384616 0.9350961538461539 0.03485576923076923 0.04567307692307692
0 0.5564903846153846 0.9350961538461539 0.03485576923076923 0.04807692307692308
0 0.5889423076923077 0.9338942307692307 0.03485576923076923 0.04567307692307692
0 0.6213942307692307 0.9338942307692307 0.03485576923076923 0.04567307692307692
0 0.65625 0.9326923076923077 0.03485576923076923 0.04567307692307692
0 0.6887019230769231 0.9326923076923077 0.03485576923076923 0.04567307692307692
0 0.7235576923076923 0.9326923076923077 0.03485576923076923 0.04807692307692308
0 0.7572115384615384 0.9314903846153846 0.03485576923076923 0.04807692307692308
0 0.7908653846153846 0.9314903846153846 0.03485576923076923 0.05048076923076923
0 0.8269230769230769 0.9290865384615384 0.037259615384615384 0.04807692307692308
0 0.8605769230769231 0.9290865384615384 0.03485576923076923 0.04807692307692308
0 0.8954326923076923 0.9290865384615384 0.03485576923076923 0.05048076923076923
0 0.9290865384615384 0.9278846153846154 0.03485576923076923 0.05048076923076923
0 0.9651442307692307 0.9266826923076923 0.03485576923076923 0.04807692307692308
0 0.44350961538461536 0.8966346153846154 0.027644230769230768 0.04567307692307692
0 0.47475961538461536 0.8978365384615384 0.03245192307692308 0.04567307692307692
0 0.5072115384615384 0.8966346153846154 0.03485576923076923 0.04567307692307692
0 0.5384615384615384 0.8966346153846154 0.03245192307692308 0.04567307692307692
0 0.5721153846153846 0.8954326923076923 0.03485576923076923 0.04807692307692308
0 0.6045673076923077 0.8954326923076923 0.03485576923076923 0.04807692307692308
0 0.6370192307692307 0.8942307692307693 0.03485576923076923 0.04567307692307692
0 0.6706730769230769 0.8942307692307693 0.03485576923076923 0.04567307692307692
0 0.7043269230769231 0.8942307692307693 0.03485576923076923 0.04567307692307692
0 0.7391826923076923 0.8930288461538461 0.03485576923076923 0.04807692307692308
0 0.7716346153846154 0.8930288461538461 0.03485576923076923 0.04807692307692308
0 0.8064903846153846 0.8918269230769231 0.03485576923076923 0.04567307692307692
0 0.8401442307692307 0.8918269230769231 0.03485576923076923 0.04807692307692308
0 0.8762019230769231 0.890625 0.03485576923076923 0.04807692307692308
0 0.9098557692307693 0.890625 0.03485576923076923 0.04807692307692308
0 0.9435096153846154 0.8894230769230769 0.03485576923076923 0.04567307692307692
0 0.9771634615384616 0.8894230769230769 0.03485576923076923 0.04807692307692308
0 0.4362980769230769 0.8617788461538461 0.01201923076923077 0.04567307692307692
0 0.45913461538461536 0.8617788461538461 0.03245192307692308 0.04567307692307692
0 0.49158653846153844 0.8605769230769231 0.03245192307692308 0.04567307692307692
0 0.5228365384615384 0.8605769230769231 0.03485576923076923 0.04326923076923077
0 0.5552884615384616 0.8605769230769231 0.03245192307692308 0.04567307692307692
0 0.5877403846153846 0.8581730769230769 0.03485576923076923 0.04326923076923077
0 0.6201923076923077 0.8581730769230769 0.03245192307692308 0.04807692307692308
0 0.6538461538461539 0.8581730769230769 0.03485576923076923 0.04567307692307692
0 0.6862980769230769 0.8569711538461539 0.03485576923076923 0.04567307692307692
0 0.7199519230769231 0.8569711538461539 0.03485576923076923 0.04567307692307692
0 0.7524038461538461 0.8557692307692307 0.03485576923076923 0.04567307692307692
0 0.7860576923076923 0.8557692307692307 0.03485576923076923 0.04807692307692308
0 0.8209134615384616 0.8545673076923077 0.03485576923076923 0.04567307692307692
0 0.8557692307692307 0.8545673076923077 0.03485576923076923 0.04567307692307692
0 0.8894230769230769 0.8533653846153846 0.03485576923076923 0.04567307692307692
0 0.9242788461538461 0.8521634615384616 0.03485576923076923 0.04567307692307692
0 0.9567307692307693 0.8509615384615384 0.03485576923076923 0.04807692307692308
0 0.44471153846153844 0.8257211538461539 0.030048076923076924 0.04326923076923077
0 0.47475961538461536 0.8257211538461539 0.03245192307692308 0.04567307692307692
0 0.5060096153846154 0.8245192307692307 0.03245192307692308 0.04567307692307692
0 0.5384615384615384 0.8245192307692307 0.03245192307692308 0.04567307692307692
0 0.5709134615384616 0.8233173076923077 0.03245192307692308 0.04567307692307692
0 0.6033653846153846 0.8221153846153846 0.03485576923076923 0.04567307692307692
0 0.6358173076923077 0.8221153846153846 0.03245192307692308 0.04567307692307692
0 0.6682692307692307 0.8221153846153846 0.03485576923076923 0.04567307692307692
0 0.7007211538461539 0.8209134615384616 0.03485576923076923 0.04567307692307692
0 0.7331730769230769 0.8185096153846154 0.03485576923076923 0.04567307692307692
0 0.7692307692307693 0.8185096153846154 0.03485576923076923 0.04567307692307692
0 0.8016826923076923 0.8173076923076923 0.03485576923076923 0.04807692307692308
0 0.8353365384615384 0.8161057692307693 0.03485576923076923 0.04567307692307692
0 0.8689903846153846 0.8161057692307693 0.03485576923076923 0.04807692307692308
0 0.9038461538461539 0.8149038461538461 0.03485576923076923 0.04567307692307692
0 0.9375 0.8137019230769231 0.03485576923076923 0.04807692307692308
0 0.9711538461538461 0.8137019230769231 0.03485576923076923 0.04807692307692308
0 0.4362980769230769 0.7896634615384616 0.01201923076923077 0.04326923076923077
0 0.45913461538461536 0.7896634615384616 0.03245192307692308 0.04567307692307692
0 0.49038461538461536 0.7884615384615384 0.03245192307692308 0.04567307692307692
0 0.5228365384615384 0.7872596153846154 0.03485576923076923 0.04567307692307692
0 0.5540865384615384 0.7872596153846154 0.03245192307692308 0.04567307692307692
0 0.5865384615384616 0.7860576923076923 0.03485576923076923 0.04567307692307692
0 0.6177884615384616 0.7860576923076923 0.03245192307692308 0.04567307692307692
0 0.6502403846153846 0.7848557692307693 0.03245192307692308 0.04567307692307692
0 0.6838942307692307 0.7848557692307693 0.03485576923076923 0.04567307692307692
0 0.7163461538461539 0.7836538461538461 0.03245192307692308 0.04567307692307692
0 0.7487980769230769 0.7836538461538461 0.03485576923076923 0.04567307692307692
0 0.7824519230769231 0.7824519230769231 0.03485576923076923 0.04567307692307692
0 0.8161057692307693 0.78125 0.03485576923076923 0.04567307692307692
0 0.8497596153846154 0.7800480769230769 0.03485576923076923 0.04567307692307692
0 0.8846153846153846 0.7776442307692307 0.03485576923076923 0.04567307692307692
0 0.9170673076923077 0.7776442307692307 0.03485576923076923 0.04567307692307692
0 0.9507211538461539 0.7776442307692307 0.03485576923076923 0.04567307692307692
0 0.44350961538461536 0.7536057692307693 0.027644230769230768 0.04567307692307692
0 0.47475961538461536 0.7548076923076923 0.03245192307692308 0.04567307692307692
0 0.5060096153846154 0.7536057692307693 0.03245192307692308 0.04326923076923077
0 0.5372596153846154 0.7524038461538461 0.03245192307692308 0.04567307692307692
0 0.5685096153846154 0.7512019230769231 0.03245192307692308 0.04326923076923077
0 0.6021634615384616 0.7512019230769231 0.03245192307692308 0.04567307692307692
0 0.6334134615384616 0.7512019230769231 0.03245192307692308 0.04567307692307692
0 0.6658653846153846 0.75 0.03485576923076923 0.04567307692307692
0 0.6983173076923077 0.7487980769230769 0.03485576923076923 0.04567307692307692
0 0.7307692307692307 0.7475961538461539 0.03245192307692308 0.04567307692307692
0 0.7632211538461539 0.7475961538461539 0.03485576923076923 0.04567307692307692
0 0.796875 0.7463942307692307 0.03485576923076923 0.04567307692307692
0 0.8305288461538461 0.7451923076923077 0.03485576923076923 0.04567307692307692
0 0.9663461538461539 0.7439903846153846 0.03485576923076923 0.04567307692307692
0 0.8629807692307693 0.7427884615384616 0.03485576923076923 0.04567307692307692
0 0.8966346153846154 0.7415865384615384 0.03485576923076923 0.04567307692307692
0 0.9314903846153846 0.7415865384615384 0.03485576923076923 0.04567307692307692
0 0.4362980769230769 0.7199519230769231 0.01201923076923077 0.04326923076923077
0 0.46033653846153844 0.7199519230769231 0.03245192307692308 0.04567307692307692
0 0.49038461538461536 0.71875 0.03245192307692308 0.04567307692307692
0 0.5216346153846154 0.71875 0.03245192307692308 0.04567307692307692
0 0.5528846153846154 0.7175480769230769 0.030048076923076924 0.04326923076923077
0 0.5853365384615384 0.7163461538461539 0.03245192307692308 0.04326923076923077
0 0.6165865384615384 0.7163461538461539 0.03245192307692308 0.04567307692307692
0 0.6478365384615384 0.7151442307692307 0.03245192307692308 0.04567307692307692
0 0.6814903846153846 0.7139423076923077 0.03485576923076923 0.04567307692307692
0 0.7127403846153846 0.7139423076923077 0.03485576923076923 0.04567307692307692
0 0.7463942307692307 0.7127403846153846 0.03485576923076923 0.04567307692307692
0 0.7788461538461539 0.7115384615384616 0.03485576923076923 0.04567307692307692
0 0.8100961538461539 0.7103365384615384 0.03485576923076923 0.04567307692307692
0 0.9471153846153846 0.7103365384615384 0.03485576923076923 0.04567307692307692
0 0.8449519230769231 0.7067307692307693 0.03485576923076923 0.04567307692307692
0 0.8774038461538461 0.7067307692307693 0.03485576923076923 0.04567307692307692
0 0.9110576923076923 0.7055288461538461 0.03485576923076923 0.04567307692307692
0 0.44471153846153844 0.6850961538461539 0.030048076923076924 0.04326923076923077
0 0.47475961538461536 0.6850961538461539 0.030048076923076924 0.04326923076923077
0 0.5060096153846154 0.6838942307692307 0.03245192307692308 0.04326923076923077
0 0.5372596153846154 0.6838942307692307 0.030048076923076924 0.04326923076923077
0 0.5685096153846154 0.6826923076923077 0.03485576923076923 0.04567307692307692
0 0.6009615384615384 0.6814903846153846 0.03485576923076923 0.04567307692307692
0 0.6322115384615384 0.6790865384615384 0.03485576923076923 0.04567307692307692
0 0.6646634615384616 0.6790865384615384 0.03485576923076923 0.04567307692307692
0 0.6959134615384616 0.6766826923076923 0.03485576923076923 0.04567307692307692
0 0.7283653846153846 0.6766826923076923 0.03485576923076923 0.04567307692307692
0 0.7596153846153846 0.6754807692307693 0.03485576923076923 0.04567307692307692
0 0.7932692307692307 0.6730769230769231 0.03485576923076923 0.04567307692307692
0 0.9603365384615384 0.6730769230769231 0.03485576923076923 0.04567307692307692
0 0.9278846153846154 0.6730769230769231 0.03485576923076923 0.04567307692307692
0 0.8269230769230769 0.671875 0.03485576923076923 0.04567307692307692
0 0.859375 0.671875 0.03485576923076923 0.04567307692307692
0 0.8930288461538461 0.6694711538461539 0.03485576923076923 0.04567307692307692
0 0.4362980769230769 0.6514423076923077 0.01201923076923077 0.04326923076923077
0 0.45913461538461536 0.6502403846153846 0.03245192307692308 0.04326923076923077
0 0.5216346153846154 0.6490384615384616 0.03485576923076923 0.04567307692307692
0 0.49038461538461536 0.6490384615384616 0.03245192307692308 0.04326923076923077
0 0.5528846153846154 0.6478365384615384 0.03485576923076923 0.04567307692307692
0 0.5829326923076923 0.6466346153846154 0.03485576923076923 0.04567307692307692
0 0.6153846153846154 0.6454326923076923 0.03485576923076923 0.04567307692307692
0 0.6478365384615384 0.6442307692307693 0.03485576923076923 0.04567307692307692
0 0.6778846153846154 0.6442307692307693 0.03485576923076923 0.04567307692307692
0 0.7115384615384616 0.6430288461538461 0.03485576923076923 0.04567307692307692
0 0.7439903846153846 0.6418269230769231 0.03485576923076923 0.04567307692307692
0 0.7740384615384616 0.6394230769230769 0.03485576923076923 0.04567307692307692
0 0.8088942307692307 0.6394230769230769 0.03485576923076923 0.04567307692307692
0 0.9098557692307693 0.6382211538461539 0.03485576923076923 0.04567307692307692
0 0.9423076923076923 0.6382211538461539 0.03485576923076923 0.04567307692307692
0 0.8401442307692307 0.6382211538461539 0.03485576923076923 0.04567307692307692
0 0.8725961538461539 0.6358173076923077 0.03485576923076923 0.04567307692307692
0 0.44471153846153844 0.6165865384615384 0.030048076923076924 0.04326923076923077
0 0.47475961538461536 0.6153846153846154 0.03245192307692308 0.04567307692307692
0 0.5060096153846154 0.6153846153846154 0.03245192307692308 0.04567307692307692
0 0.5360576923076923 0.6141826923076923 0.030048076923076924 0.04567307692307692
0 0.5685096153846154 0.6129807692307693 0.030048076923076924 0.04567307692307692
0 0.5985576923076923 0.6117788461538461 0.03245192307692308 0.04567307692307692
0 0.6310096153846154 0.6105769230769231 0.03245192307692308 0.04567307692307692
0 0.6622596153846154 0.609375 0.03245192307692308 0.04567307692307692
0 0.6947115384615384 0.6081730769230769 0.03245192307692308 0.04567307692307692
0 0.7247596153846154 0.6069711538461539 0.03245192307692308 0.04567307692307692
0 0.7572115384615384 0.6057692307692307 0.03245192307692308 0.04567307692307692
0 0.7896634615384616 0.6045673076923077 0.03245192307692308 0.04567307692307692
0 0.8233173076923077 0.6033653846153846 0.03245192307692308 0.04567307692307692
0 0.8545673076923077 0.6033653846153846 0.03245192307692308 0.04326923076923077
0 0.8894230769230769 0.6033653846153846 0.03245192307692308 0.04326923076923077
0 0.9230769230769231 0.6033653846153846 0.03245192307692308 0.04326923076923077
0 0.9543269230769231 0.6009615384615384 0.03245192307692308 0.04326923076923077
0 0.4375 0.5817307692307693 0.015625 0.04326923076923077
0 0.45913461538461536 0.5817307692307693 0.03245192307692308 0.04326923076923077
0 0.49038461538461536 0.5805288461538461 0.03245192307692308 0.04326923076923077
0 0.5204326923076923 0.5793269230769231 0.03245192307692308 0.04326923076923077
0 0.5528846153846154 0.5793269230769231 0.03245192307692308 0.04326923076923077
0 0.5829326923076923 0.578125 0.03245192307692308 0.04326923076923077
0 0.6129807692307693 0.578125 0.03245192307692308 0.04326923076923077
0 0.6454326923076923 0.5757211538461539 0.03245192307692308 0.04326923076923077
0 0.6766826923076923 0.5745192307692307 0.03245192307692308 0.04326923076923077
0 0.7103365384615384 0.5733173076923077 0.03245192307692308 0.04326923076923077
0 0.7415865384615384 0.5733173076923077 0.03245192307692308 0.04326923076923077
0 0.7716346153846154 0.5709134615384616 0.030048076923076924 0.04326923076923077
0 0.8052884615384616 0.5685096153846154 0.03245192307692308 0.04326923076923077
0 0.8713942307692307 0.5685096153846154 0.03245192307692308 0.04326923076923077
0 0.9375 0.5673076923076923 0.03245192307692308 0.04326923076923077
0 0.8365384615384616 0.5673076923076923 0.030048076923076924 0.04326923076923077
0 0.9050480769230769 0.5661057692307693 0.03245192307692308 0.04326923076923077