0 0.4338942307692308 0.06129807692307692 0.14783653846153846 0.12259615384615384
0 0.19591346153846154 0.07572115384615384 0.1658653846153846 0.1502403846153846
0 0.03125 0.08173076923076923 0.0625 0.16346153846153846
0 0.4723557692307692 0.19110576923076922 0.13581730769230768 0.16105769230769232
0 0.2860576923076923 0.1935096153846154 0.19110576923076922 0.19591346153846154
0 0.08413461538461539 0.20673076923076922 0.16826923076923078 0.16826923076923078
0 0.5540865384615384 0.12259615384615384 0.027644230769230768 0.15625
0 0.6213942307692307 0.12740384615384615 0.10576923076923077 0.1658653846153846
0 0.7331730769230769 0.12980769230769232 0.10336538461538461 0.15384615384615385
0 0.8449519230769231 0.12980769230769232 0.11057692307692307 0.15865384615384615
0 0.9519230769230769 0.13221153846153846 0.09495192307692307 0.15865384615384615
0 0.578125 0.23918269230769232 0.07572115384615384 0.10576923076923077
0 0.6754807692307693 0.24158653846153846 0.10576923076923077 0.10096153846153846
0 0.7884615384615384 0.24278846153846154 0.10576923076923077 0.0985576923076923
0 0.9783653846153846 0.24278846153846154 0.04326923076923077 0.0985576923076923
0 0.8990384615384616 0.24278846153846154 0.10576923076923077 0.0985576923076923
0 0.5805288461538461 0.03125 0.08052884615384616 0.0625
0 0.6814903846153846 0.03125 0.10576923076923077 0.0625
0 0.9014423076923077 0.03125 0.10576923076923077 0.0625
0 0.9795673076923077 0.03245192307692308 0.039663461538461536 0.06490384615384616
0 0.7932692307692307 0.03485576923076923 0.10576923076923077 0.06971153846153846
0 0.4651442307692308 0.8737980769230769 0.052884615384615384 0.057692307692307696
0 0.7235576923076923 0.6201923076923077 0.055288461538461536 0.07091346153846154
0 0.7548076923076923 0.9050480769230769 0.052884615384615384 0.06490384615384616
0 0.7776442307692307 0.7379807692307693 0.055288461538461536 0.0673076923076923
0 0.7764423076923077 0.6201923076923077 0.055288461538461536 0.0673076923076923
0 0.8293269230769231 0.6201923076923077 0.055288461538461536 0.07091346153846154
0 0.6514423076923077 0.9014423076923077 0.052884615384615384 0.06490384615384616
0 0.8305288461538461 0.7367788461538461 0.055288461538461536 0.0673076923076923
0 0.7536057692307693 0.7932692307692307 0.055288461538461536 0.0673076923076923
0 0.8569711538461539 0.9038461538461539 0.052884615384615384 0.06490384615384616
0 0.7247596153846154 0.7379807692307693 0.052884615384615384 0.07091346153846154
0 0.7487980769230769 0.5612980769230769 0.055288461538461536 0.0733173076923077
0 0.75 0.6790865384615384 0.055288461538461536 0.07091346153846154
0 0.8064903846153846 0.9038461538461539 0.052884615384615384 0.06490384615384616
0 0.7944711538461539 0.32211538461538464 0.055288461538461536 0.06009615384615385
0 0.703125 0.9038461538461539 0.052884615384615384 0.06490384615384616
0 0.6742788461538461 0.7367788461538461 0.052884615384615384 0.0673076923076923
0 0.9567307692307693 0.9038461538461539 0.05048076923076923 0.0673076923076923
0 0.7740384615384616 0.5024038461538461 0.055288461538461536 0.0733173076923077
0 0.8545673076923077 0.5612980769230769 0.055288461538461536 0.07091346153846154
0 0.9074519230769231 0.9038461538461539 0.052884615384615384 0.06490384615384616
0 0.8822115384615384 0.8485576923076923 0.052884615384615384 0.0673076923076923
0 0.8016826923076923 0.5612980769230769 0.055288461538461536 0.07091346153846154
0 0.7283653846153846 0.8497596153846154 0.052884615384615384 0.0673076923076923
0 0.7199519230769231 0.5012019230769231 0.055288461538461536 0.0733173076923077
0 0.8810096153846154 0.734375 0.052884615384615384 0.0673076923076923
0 0.90625 0.5612980769230769 0.055288461538461536 0.07091346153846154
0 0.7019230769230769 0.7932692307692307 0.052884615384615384 0.0673076923076923
0 0.8798076923076923 0.5024038461538461 0.055288461538461536 0.0733173076923077
0 0.8810096153846154 0.6201923076923077 0.052884615384615384 0.0673076923076923
0 0.8269230769230769 0.5024038461538461 0.055288461538461536 0.0733173076923077
0 0.7800480769230769 0.8497596153846154 0.052884615384615384 0.0673076923076923
0 0.5889423076923077 0.5588942307692307 0.055288461538461536 0.0673076923076923
0 0.8028846153846154 0.6778846153846154 0.055288461538461536 0.07091346153846154
0 0.6466346153846154 0.6778846153846154 0.052884615384615384 0.07091346153846154
0 0.9074519230769231 0.6766826923076923 0.052884615384615384 0.07091346153846154
0 0.8052884615384616 0.7932692307692307 0.052884615384615384 0.0673076923076923
0 0.7415865384615384 0.32211538461538464 0.055288461538461536 0.06009615384615385
0 0.8497596153846154 0.3233173076923077 0.055288461538461536 0.0625
0 0.9771634615384616 0.6189903846153846 0.04567307692307692 0.0673076923076923
0 0.8305288461538461 0.8497596153846154 0.052884615384615384 0.0673076923076923
0 0.6766826923076923 0.8497596153846154 0.052884615384615384 0.0673076923076923
0 0.9567307692307693 0.6766826923076923 0.052884615384615384 0.07091346153846154
0 0.9771634615384616 0.8485576923076923 0.04567307692307692 0.0673076923076923
0 0.9326923076923077 0.6201923076923077 0.052884615384615384 0.0673076923076923
0 0.6658653846153846 0.5 0.057692307692307696 0.0733173076923077
0 0.6418269230769231 0.5600961538461539 0.055288461538461536 0.0733173076923077
0 0.6947115384615384 0.5600961538461539 0.057692307692307696 0.0733173076923077
0 0.9074519230769231 0.7908653846153846 0.052884615384615384 0.0673076923076923
0 0.8521634615384616 0.4423076923076923 0.055288461538461536 0.07572115384615384
0 0.59375 0.6766826923076923 0.052884615384615384 0.0673076923076923
0 0.8557692307692307 0.7932692307692307 0.052884615384615384 0.0673076923076923
0 0.9903846153846154 0.9038461538461539 0.019230769230769232 0.0673076923076923
0 0.6117788461538461 0.5 0.055288461538461536 0.0733173076923077
0 0.9783653846153846 0.5024038461538461 0.04326923076923077 0.07091346153846154
0 0.9771634615384616 0.734375 0.04567307692307692 0.0673076923076923
0 0.9555288461538461 0.3233173076923077 0.052884615384615384 0.0625
0 0.7704326923076923 0.3786057692307692 0.057692307692307696 0.07572115384615384
0 0.9314903846153846 0.38221153846153844 0.055288461538461536 0.07572115384615384
0 0.9903846153846154 0.3233173076923077 0.019230769230769232 0.06490384615384616
0 0.9891826923076923 0.4423076923076923 0.021634615384615384 0.07211538461538461
0 0.8786057692307693 0.38100961538461536 0.055288461538461536 0.07572115384615384
0 0.5721153846153846 0.3173076923076923 0.0625 0.052884615384615384
0 0.9891826923076923 0.6742788461538461 0.021634615384615384 0.06971153846153846
0 0.9326923076923077 0.5036057692307693 0.055288461538461536 0.07091346153846154
0 0.9038461538461539 0.3245192307692308 0.057692307692307696 0.06490384615384616
0 0.9567307692307693 0.7908653846153846 0.052884615384615384 0.0673076923076923
0 0.7992788461538461 0.4411057692307692 0.055288461538461536 0.07572115384615384
0 0.6213942307692307 0.7367788461538461 0.052884615384615384 0.0673076923076923
0 0.6983173076923077 0.6778846153846154 0.052884615384615384 0.07091346153846154
0 0.6490384615384616 0.7932692307692307 0.055288461538461536 0.0673076923076923
0 0.7451923076923077 0.43990384615384615 0.057692307692307696 0.07572115384615384
0 0.9903846153846154 0.5588942307692307 0.019230769230769232 0.06971153846153846
0 0.6850961538461539 0.32091346153846156 0.057692307692307696 0.057692307692307696
0 0.6911057692307693 0.4387019230769231 0.055288461538461536 0.07572115384615384
0 0.8557692307692307 0.6778846153846154 0.052884615384615384 0.0673076923076923
0 0.9567307692307693 0.5612980769230769 0.052884615384615384 0.0673076923076923
0 0.6177884615384616 0.6201923076923077 0.055288461538461536 0.0673076923076923
0 0.8245192307692307 0.3798076923076923 0.057692307692307696 0.07572115384615384
0 0.6706730769230769 0.6189903846153846 0.055288461538461536 0.0673076923076923
0 0.90625 0.4423076923076923 0.055288461538461536 0.0733173076923077
0 0.9567307692307693 0.44350961538461536 0.055288461538461536 0.0733173076923077
0 0.6370192307692307 0.4387019230769231 0.055288461538461536 0.0733173076923077
0 0.9326923076923077 0.8485576923076923 0.052884615384615384 0.0673076923076923
0 0.9771634615384616 0.38221153846153844 0.04567307692307692 0.07572115384615384
0 0.6009615384615384 0.90625 0.052884615384615384 0.0673076923076923
0 0.7163461538461539 0.3786057692307692 0.057692307692307696 0.07572115384615384
0 0.5829326923076923 0.4387019230769231 0.057692307692307696 0.07091346153846154
0 0.9891826923076923 0.7884615384615384 0.021634615384615384 0.0673076923076923
0 0.6069711538461539 0.3762019230769231 0.055288461538461536 0.07572115384615384
0 0.9326923076923077 0.734375 0.052884615384615384 0.0673076923076923
0 0.6262019230769231 0.8485576923076923 0.052884615384615384 0.0673076923076923
0 0.6298076923076923 0.32091346153846156 0.057692307692307696 0.057692307692307696
0 0.5985576923076923 0.7908653846153846 0.052884615384615384 0.0673076923076923
0 0.6610576923076923 0.37740384615384615 0.057692307692307696 0.07572115384615384