0 0.125 0.6105769230769231 0.028846153846153848 0.028846153846153848
0 0.16466346153846154 0.6021634615384616 0.046875 0.07091346153846154
0 0.40865384615384615 0.6021634615384616 0.028846153846153848 0.04447115384615385
0 0.3701923076923077 0.5973557692307693 0.046875 0.0733173076923077
0 0.05889423076923077 0.5949519230769231 0.039663461538461536 0.055288461538461536
0 0.234375 0.59375 0.046875 0.06850961538461539
0 0.31009615384615385 0.5925480769230769 0.037259615384615384 0.057692307692307696
0 0.2776442307692308 0.5793269230769231 0.039663461538461536 0.057692307692307696
0 0.02283653846153846 0.5709134615384616 0.04447115384615385 0.0733173076923077
0 0.4579326923076923 0.5649038461538461 0.05048076923076923 0.07572115384615384
0 0.1310096153846154 0.5456730769230769 0.07572115384615384 0.11899038461538461
0 0.18629807692307693 0.5456730769230769 0.028846153846153848 0.04447115384615385
0 0.33413461538461536 0.5444711538461539 0.05048076923076923 0.0733173076923077
0 0.06850961538461539 0.5420673076923077 0.05048076923076923 0.0733173076923077
0 0.38100961538461536 0.5228365384615384 0.03125 0.042067307692307696
0 0.28966346153846156 0.5168269230769231 0.046875 0.07572115384615384
0 0.48677884615384615 0.515625 0.026442307692307692 0.0733173076923077
0 0.009615384615384616 0.5108173076923077 0.018028846153846152 0.0733173076923077
0 0.23197115384615385 0.5060096153846154 0.07572115384615384 0.12139423076923077
0 0.4050480769230769 0.49759615384615385 0.028846153846153848 0.042067307692307696
0 0.037259615384615384 0.4963942307692308 0.028846153846153848 0.039663461538461536
0 0.43028846153846156 0.4807692307692308 0.02403846153846154 0.039663461538461536
0 0.3605769230769231 0.47716346153846156 0.052884615384615384 0.0733173076923077
0 0.06009615384615385 0.47596153846153844 0.028846153846153848 0.039663461538461536
0 0.09254807692307693 0.46274038461538464 0.037259615384615384 0.057692307692307696
0 0.16706730769230768 0.46274038461538464 0.046875 0.07091346153846154
0 0.03245192307692308 0.45552884615384615 0.03125 0.04447115384615385
0 0.41346153846153844 0.4543269230769231 0.042067307692307696 0.057692307692307696
0 0.47716346153846156 0.44471153846153844 0.04447115384615385 0.0733173076923077
0 0.2800480769230769 0.4411057692307692 0.052884615384615384 0.07572115384615384
0 0.010817307692307692 0.43990384615384615 0.021634615384615384 0.052884615384615384
0 0.3137019230769231 0.4266826923076923 0.03365384615384615 0.057692307692307696
0 0.05889423076923077 0.42427884615384615 0.046875 0.07091346153846154
0 0.1310096153846154 0.4206730769230769 0.028846153846153848 0.04447115384615385
0 0.19230769230769232 0.4182692307692308 0.026442307692307692 0.042067307692307696
0 0.375 0.41225961538461536 0.028846153846153848 0.042067307692307696
0 0.40865384615384615 0.4110576923076923 0.028846153846153848 0.026442307692307692
0 0.09975961538461539 0.40625 0.037259615384615384 0.055288461538461536
0 0.2283653846153846 0.40625 0.042067307692307696 0.055288461538461536
0 0.34615384615384615 0.40384615384615385 0.037259615384615384 0.055288461538461536
0 0.16706730769230768 0.3918269230769231 0.05048076923076923 0.0733173076923077
0 0.021634615384615384 0.3870192307692308 0.042067307692307696 0.0733173076923077
0 0.19831730769230768 0.37740384615384615 0.026442307692307692 0.04447115384615385
0 0.4807692307692308 0.3701923076923077 0.039663461538461536 0.07091346153846154
0 0.12379807692307693 0.3701923076923077 0.028846153846153848 0.042067307692307696
0 0.29086538461538464 0.36658653846153844 0.052884615384615384 0.0733173076923077
0 0.078125 0.35697115384615385 0.046875 0.0733173076923077
0 0.23798076923076922 0.3473557692307692 0.046875 0.0733173076923077
0 0.40384615384615385 0.34615384615384615 0.07932692307692307 0.11298076923076923
0 0.04326923076923077 0.3329326923076923 0.028846153846153848 0.046875
0 0.18629807692307693 0.33052884615384615 0.037259615384615384 0.055288461538461536
0 0.1502403846153846 0.3293269230769231 0.026442307692307692 0.042067307692307696
0 0.33052884615384615 0.31971153846153844 0.05048076923076923 0.0733173076923077
0 0.11658653846153846 0.3173076923076923 0.046875 0.07091346153846154
0 0.013221153846153846 0.3137019230769231 0.026442307692307692 0.0733173076923077
0 0.2800480769230769 0.29927884615384615 0.039663461538461536 0.057692307692307696
0 0.48677884615384615 0.29927884615384615 0.026442307692307692 0.07091346153846154
0 0.06370192307692307 0.296875 0.028846153846153848 0.037259615384615384
0 0.23798076923076922 0.28966346153846156 0.026442307692307692 0.037259615384615384
0 0.15865384615384615 0.2800480769230769 0.037259615384615384 0.057692307692307696
0 0.08653846153846154 0.2764423076923077 0.028846153846153848 0.04447115384615385
0 0.2091346153846154 0.2692307692307692 0.046875 0.0733173076923077
0 0.453125 0.2644230769230769 0.05048076923076923 0.0733173076923077
0 0.36177884615384615 0.26322115384615385 0.05048076923076923 0.0733173076923077
0 0.30408653846153844 0.2620192307692308 0.028846153846153848 0.039663461538461536
0 0.3942307692307692 0.2620192307692308 0.03125 0.057692307692307696
0 0.054086538461538464 0.25600961538461536 0.03125 0.042067307692307696
0 0.12740384615384615 0.2439903846153846 0.046875 0.0733173076923077
0 0.016826923076923076 0.2403846153846154 0.03365384615384615 0.07091346153846154
0 0.23798076923076922 0.2403846153846154 0.037259615384615384 0.057692307692307696
0 0.4879807692307692 0.23918269230769232 0.02403846153846154 0.046875
0 0.28365384615384615 0.23918269230769232 0.039663461538461536 0.057692307692307696
0 0.08413461538461539 0.21634615384615385 0.046875 0.07091346153846154
0 0.40865384615384615 0.21153846153846154 0.037259615384615384 0.055288461538461536
0 0.04567307692307692 0.21153846153846154 0.028846153846153848 0.042067307692307696
0 0.17668269230769232 0.21033653846153846 0.046875 0.07091346153846154
0 0.37259615384615385 0.21033653846153846 0.037259615384615384 0.05048076923076923
0 0.33413461538461536 0.19831730769230768 0.046875 0.0733173076923077
0 0.47596153846153844 0.19591346153846154 0.039663461538461536 0.055288461538461536
0 0.27524038461538464 0.18870192307692307 0.028846153846153848 0.046875
0 0.018028846153846152 0.17668269230769232 0.036057692307692304 0.055288461538461536
0 0.38461538461538464 0.171875 0.026442307692307692 0.042067307692307696
0 0.3557692307692308 0.1622596153846154 0.039663461538461536 0.052884615384615384
0 0.05889423076923077 0.15625 0.046875 0.06850961538461539
0 0.234375 0.15144230769230768 0.07572115384615384 0.11538461538461539
0 0.4483173076923077 0.1502403846153846 0.05048076923076923 0.07091346153846154
0 0.1310096153846154 0.14783653846153846 0.07572115384615384 0.11057692307692307
0 0.3004807692307692 0.14302884615384615 0.042067307692307696 0.06009615384615385
0 0.1778846153846154 0.140625 0.021634615384615384 0.046875
0 0.027644230769230768 0.13942307692307693 0.026442307692307692 0.042067307692307696
0 0.004807692307692308 0.13822115384615385 0.009615384615384616 0.055288461538461536
0 0.046875 0.10697115384615384 0.026442307692307692 0.039663461538461536
0 0.40865384615384615 0.10336538461538461 0.046875 0.0733173076923077
0 0.19471153846153846 0.09615384615384616 0.037259615384615384 0.055288461538461536
0 0.359375 0.09134615384615384 0.05048076923076923 0.0733173076923077
0 0.15865384615384615 0.09134615384615384 0.03125 0.039663461538461536
0 0.08413461538461539 0.0889423076923077 0.05048076923076923 0.07091346153846154
0 0.2860576923076923 0.078125 0.046875 0.07572115384615384
0 0.125 0.0733173076923077 0.037259615384615384 0.046875
0 0.21033653846153846 0.05889423076923077 0.028846153846153848 0.04447115384615385
0 0.17908653846153846 0.055288461538461536 0.03125 0.046875
0 0.23918269230769232 0.054086538461538464 0.028846153846153848 0.04447115384615385
0 0.49158653846153844 0.052884615384615384 0.015625 0.0733173076923077
0 0.0829326923076923 0.04326923076923077 0.028846153846153848 0.03125
0 0.32211538461538464 0.042067307692307696 0.03365384615384615 0.046875
0 0.14903846153846154 0.039663461538461536 0.037259615384615384 0.057692307692307696
0 0.008413461538461538 0.04927884615384615 0.015625 0.09735576923076923
0 0.042067307692307696 0.03365384615384615 0.05048076923076923 0.0673076923076923
0 0.45552884615384615 0.038461538461538464 0.07932692307692307 0.07572115384615384
0 0.11298076923076923 0.025240384615384616 0.037259615384615384 0.05048076923076923
0 0.18870192307692307 0.7247596153846154 0.028846153846153848 0.013221153846153846
0 0.19471153846153846 0.019230769230769232 0.028846153846153848 0.038461538461538464
0 0.28725961538461536 0.021634615384615384 0.042067307692307696 0.042067307692307696
0 0.16947115384615385 0.015625 0.028846153846153848 0.03125
0 0.36899038461538464 0.015625 0.037259615384615384 0.03125
0 0.3605769230769231 0.7235576923076923 0.03125 0.015625
0 0.23076923076923078 0.7175480769230769 0.05048076923076923 0.028846153846153848
0 0.3894230769230769 0.006009615384615385 0.028846153846153848 0.01201923076923077
0 0.23918269230769232 0.01201923076923077 0.046875 0.02403846153846154
0 0.3329326923076923 0.010817307692307692 0.05048076923076923 0.021634615384615384
0 0.0889423076923077 0.7103365384615384 0.046875 0.042067307692307696
0 0.003605769230769231 0.7091346153846154 0.007211538461538462 0.04326923076923077
0 0.27403846153846156 0.7091346153846154 0.042067307692307696 0.04447115384615385
0 0.33774038461538464 0.7103365384615384 0.028846153846153848 0.042067307692307696
0 0.484375 0.6995192307692307 0.03125 0.06370192307692307
0 0.3762019230769231 0.703125 0.039663461538461536 0.055288461538461536
0 0.42908653846153844 0.6971153846153846 0.028846153846153848 0.042067307692307696
0 0.3173076923076923 0.6887019230769231 0.039663461538461536 0.055288461538461536
0 0.18389423076923078 0.6802884615384616 0.046875 0.07091346153846154
0 0.23317307692307693 0.6670673076923077 0.05048076923076923 0.07572115384615384
0 0.02403846153846154 0.6658653846153846 0.026442307692307692 0.04447115384615385
0 0.054086538461538464 0.6646634615384616 0.03365384615384615 0.057692307692307696
0 0.40024038461538464 0.6610576923076923 0.05048076923076923 0.0733173076923077
0 0.12259615384615384 0.6586538461538461 0.02403846153846154 0.046875
0 0.34375 0.6574519230769231 0.03125 0.042067307692307696
0 0.09254807692307693 0.6538461538461539 0.05048076923076923 0.07091346153846154
0 0.2860576923076923 0.6538461538461539 0.052884615384615384 0.07572115384615384
0 0.1466346153846154 0.6370192307692307 0.026442307692307692 0.042067307692307696
0 0.009615384615384616 0.6358173076923077 0.018028846153846152 0.07091346153846154
0 0.47596153846153844 0.6346153846153846 0.046875 0.0733173076923077
0 0.3293269230769231 0.6225961538461539 0.028846153846153848 0.04447115384615385
0 0.03365384615384615 0.6213942307692307 0.028846153846153848 0.039663461538461536
0 0.9387019230769231 0.18870192307692307 0.12259615384615384 0.37740384615384615
0 0.04927884615384615 0.8930288461538461 0.09735576923076923 0.2127403846153846
0 0.3737980769230769 0.8858173076923077 0.17908653846153846 0.2283653846153846
0 0.16346153846153846 0.8653846153846154 0.17908653846153846 0.26802884615384615
0 0.038461538461538464 0.8064903846153846 0.07572115384615384 0.1502403846153846
0 0.8497596153846154 0.9735576923076923 0.07932692307692307 0.052884615384615384
0 0.5276442307692307 0.9170673076923077 0.055288461538461536 0.11298076923076923
0 0.8100961538461539 0.9134615384615384 0.06850961538461539 0.09975961538461539
0 0.8834134615384616 0.9134615384615384 0.06850961538461539 0.09975961538461539
0 0.6670673076923077 0.9122596153846154 0.0733173076923077 0.11298076923076923
0 0.7391826923076923 0.9110576923076923 0.06850961538461539 0.10216346153846154
0 0.9615384615384616 0.9074519230769231 0.07572115384615384 0.11538461538461539
0 0.5949519230769231 0.9038461538461539 0.0733173076923077 0.10216346153846154
0 0.6274038461538461 0.8221153846153846 0.06610576923076923 0.09975961538461539
0 0.5564903846153846 0.8052884615384616 0.07572115384615384 0.11057692307692307
0 0.9290865384615384 0.7944711538461539 0.06610576923076923 0.10576923076923077
0 0.78125 0.7884615384615384 0.07932692307692307 0.11298076923076923
0 0.9855769230769231 0.7836538461538461 0.028846153846153848 0.10576923076923077
0 0.7067307692307693 0.7764423076923077 0.08173076923076923 0.0889423076923077
0 0.8786057692307693 0.7632211538461539 0.0889423076923077 0.06370192307692307