0 0.17908653846153846 0.01201923076923077 0.13822115384615385 0.02283653846153846
0 0.32091346153846156 0.030048076923076924 0.13341346153846154 0.05889423076923077
0 0.4387019230769231 0.04567307692307692 0.12259615384615384 0.09134615384615384
0 0.09014423076923077 0.09014423076923077 0.13822115384615385 0.17908653846153846
0 0.22596153846153846 0.11298076923076923 0.13581730769230768 0.20552884615384615
0 0.3581730769230769 0.14903846153846154 0.13341346153846154 0.203125
0 0.46033653846153844 0.17908653846153846 0.07932692307692307 0.18990384615384615
0 0.1346153846153846 0.21995192307692307 0.13581730769230768 0.10817307692307693
0 0.2704326923076923 0.23798076923076922 0.13581730769230768 0.07211538461538461
0 0.9050480769230769 0.055288461538461536 0.05889423076923077 0.07451923076923077
0 0.9807692307692307 0.019230769230769232 0.038461538461538464 0.038461538461538464
0 0.9603365384615384 0.05889423076923077 0.05889423076923077 0.07451923076923077
0 0.8245192307692307 0.008413461538461538 0.057692307692307696 0.016826923076923076
0 0.9278846153846154 0.11658653846153846 0.056490384615384616 0.07211538461538461
0 0.7668269230769231 0.006009615384615385 0.057692307692307696 0.01201923076923077
0 0.9771634615384616 0.12139423076923077 0.04567307692307692 0.07451923076923077
0 0.7944711538461539 0.040865384615384616 0.05889423076923077 0.07451923076923077
0 0.9350961538461539 0.016826923076923076 0.05889423076923077 0.03365384615384615
0 0.8737980769230769 0.11057692307692307 0.056490384615384616 0.07211538461538461
0 0.6850961538461539 0.03245192307692308 0.056490384615384616 0.06370192307692307
0 0.9915865384615384 0.0625 0.016826923076923076 0.07211538461538461
0 0.8497596153846154 0.04567307692307692 0.056490384615384616 0.07211538461538461
0 0.8798076923076923 0.013221153846153846 0.056490384615384616 0.025240384615384616
0 0.734375 0.15504807692307693 0.056490384615384616 0.06971153846153846
0 0.6310096153846154 0.030048076923076924 0.056490384615384616 0.05889423076923077
0 0.7103365384615384 0.09254807692307693 0.056490384615384616 0.07211538461538461
0 0.7644230769230769 0.09735576923076923 0.056490384615384616 0.07451923076923077
0 0.7391826923076923 0.036057692307692304 0.05889423076923077 0.07211538461538461
0 0.8197115384615384 0.10336538461538461 0.056490384615384616 0.07451923076923077
0 0.84375 0.1658653846153846 0.056490384615384616 0.06971153846153846
0 0.8978365384615384 0.171875 0.056490384615384616 0.07211538461538461
0 0.6286057692307693 0.140625 0.056490384615384616 0.07211538461538461
0 0.9507211538461539 0.1778846153846154 0.056490384615384616 0.07211538461538461
0 0.6814903846153846 0.14783653846153846 0.054086538461538464 0.06971153846153846
0 0.5228365384615384 0.02283653846153846 0.04567307692307692 0.04567307692307692
0 0.6538461538461539 0.203125 0.054086538461538464 0.06971153846153846
0 0.546875 0.07211538461538461 0.05889423076923077 0.06971153846153846
0 0.7896634615384616 0.15985576923076922 0.056490384615384616 0.07211538461538461
0 0.5228365384615384 0.12139423076923077 0.04567307692307692 0.06971153846153846
0 0.6021634615384616 0.078125 0.056490384615384616 0.07211538461538461
0 0.6009615384615384 0.19471153846153846 0.054086538461538464 0.06971153846153846
0 0.9206730769230769 0.23197115384615385 0.054086538461538464 0.06971153846153846
0 0.5456730769230769 0.18389423076923078 0.054086538461538464 0.06971153846153846
0 0.8677884615384616 0.22596153846153846 0.054086538461538464 0.06971153846153846
0 0.7079326923076923 0.2091346153846154 0.054086538461538464 0.06971153846153846
0 0.9723557692307693 0.23798076923076922 0.055288461538461536 0.07211538461538461
0 0.9879807692307693 0.1814903846153846 0.02283653846153846 0.07211538461538461
0 0.5721153846153846 0.026442307692307692 0.057692307692307696 0.052884615384615384
0 0.5108173076923077 0.17548076923076922 0.020432692307692308 0.06971153846153846
0 0.5072115384615384 0.0625 0.015625 0.06971153846153846
0 0.7608173076923077 0.21394230769230768 0.054086538461538464 0.06971153846153846
0 0.5745192307692307 0.13341346153846154 0.056490384615384616 0.06971153846153846
0 0.8137019230769231 0.21875 0.054086538461538464 0.06971153846153846
0 0.65625 0.08533653846153846 0.056490384615384616 0.07451923076923077
0 0.18509615384615385 0.7692307692307693 0.25841346153846156 0.3737980769230769
0 0.4050480769230769 0.8173076923076923 0.18990384615384615 0.36538461538461536
0 0.5853365384615384 0.5793269230769231 0.171875 0.359375
0 0.6370192307692307 0.8918269230769231 0.171875 0.21514423076923078