0 0.4963942307692308 0.10216346153846154 0.07692307692307693 0.16105769230769232
0 0.421875 0.10817307692307693 0.07692307692307693 0.16346153846153846
0 0.3401442307692308 0.11778846153846154 0.08173076923076923 0.16706730769230768
0 0.25721153846153844 0.12740384615384615 0.09014423076923077 0.18028846153846154
0 0.1658653846153846 0.13581730769230768 0.09495192307692307 0.18509615384615385
0 0.0673076923076923 0.13701923076923078 0.09735576923076923 0.1875
0 0.008413461538461538 0.14302884615384615 0.015625 0.18990384615384615
0 0.49759615384615385 0.36899038461538464 0.07451923076923077 0.15384615384615385
0 0.4206730769230769 0.38461538461538464 0.07451923076923077 0.15865384615384615
0 0.3401442307692308 0.39783653846153844 0.08173076923076923 0.16346153846153846
0 0.25721153846153844 0.4182692307692308 0.08173076923076923 0.16947115384615385
0 0.16947115384615385 0.4362980769230769 0.08774038461538461 0.171875
0 0.07692307692307693 0.44711538461538464 0.09735576923076923 0.17668269230769232
0 0.013221153846153846 0.46274038461538464 0.026442307692307692 0.18028846153846154
0 0.4891826923076923 0.5865384615384616 0.07451923076923077 0.08774038461538461
0 0.4170673076923077 0.5961538461538461 0.07692307692307693 0.06610576923076923
0 0.5024038461538461 0.004807692307692308 0.0625 0.009615384615384616
0 0.4362980769230769 0.009615384615384616 0.06850961538461539 0.018028846153846152
0 0.36538461538461536 0.010817307692307692 0.07451923076923077 0.021634615384615384
0 0.2860576923076923 0.013221153846153846 0.07932692307692307 0.026442307692307692
0 0.037259615384615384 0.015625 0.07451923076923077 0.03125
0 0.11899038461538461 0.015625 0.09014423076923077 0.03125
0 0.20432692307692307 0.016826923076923076 0.08173076923076923 0.03365384615384615
0 0.6610576923076923 0.08413461538461539 0.11057692307692307 0.16826923076923078
0 0.7620192307692307 0.12980769230769232 0.12980769230769232 0.24278846153846154
0 0.9447115384615384 0.17067307692307693 0.11057692307692307 0.2403846153846154
0 0.5817307692307693 0.21394230769230768 0.09495192307692307 0.21153846153846154
0 0.7403846153846154 0.28365384615384615 0.12740384615384615 0.23317307692307693
0 0.8677884615384616 0.3545673076923077 0.1346153846153846 0.21995192307692307
0 0.96875 0.43028846153846156 0.0625 0.27403846153846156
0 0.6442307692307693 0.43509615384615385 0.12980769230769232 0.23557692307692307
0 0.9459134615384616 0.546875 0.10817307692307693 0.16706730769230768
0 0.1310096153846154 0.7379807692307693 0.14302884615384615 0.1875
0 0.27524038461538464 0.8004807692307693 0.14783653846153846 0.1875
0 0.05048076923076923 0.7584134615384616 0.06370192307692307 0.11658653846153846