0 0.054086538461538464 0.40865384615384615 0.10216346153846154 0.16947115384615385
0 0.15865384615384615 0.40865384615384615 0.09254807692307693 0.1622596153846154
0 0.2692307692307692 0.41586538461538464 0.09254807692307693 0.15985576923076922
0 0.5408653846153846 0.4230769230769231 0.0829326923076923 0.1502403846153846
0 0.36658653846153844 0.4230769230769231 0.08774038461538461 0.15745192307692307
0 0.6237980769230769 0.42427884615384615 0.07692307692307693 0.14783653846153846
0 0.4543269230769231 0.42427884615384615 0.08533653846153846 0.15504807692307693
0 0.7019230769230769 0.4254807692307692 0.07451923076923077 0.14543269230769232
0 0.7860576923076923 0.42788461538461536 0.07211538461538461 0.13942307692307693
0 0.8533653846153846 0.43149038461538464 0.06490384615384616 0.13701923076923078
0 0.9230769230769231 0.4362980769230769 0.06490384615384616 0.1346153846153846
0 0.9771634615384616 0.4362980769230769 0.04447115384615385 0.13221153846153846
0 0.984375 0.7043269230769231 0.03125 0.1346153846153846
0 0.9375 0.7103365384615384 0.0673076923076923 0.1346153846153846
0 0.8665865384615384 0.7127403846153846 0.06971153846153846 0.13701923076923078
0 0.7908653846153846 0.7127403846153846 0.07451923076923077 0.14302884615384615
0 0.7091346153846154 0.7163461538461539 0.07692307692307693 0.14543269230769232
0 0.6262019230769231 0.7235576923076923 0.07692307692307693 0.14543269230769232
0 0.5420673076923077 0.7307692307692307 0.08533653846153846 0.14783653846153846
0 0.34975961538461536 0.7331730769230769 0.08774038461538461 0.15745192307692307
0 0.45072115384615385 0.7355769230769231 0.09014423076923077 0.15264423076923078
0 0.25240384615384615 0.7403846153846154 0.09495192307692307 0.15745192307692307
0 0.15384615384615385 0.7439903846153846 0.09735576923076923 0.1622596153846154
0 0.04927884615384615 0.7475961538461539 0.09735576923076923 0.15985576923076922
0 0.026442307692307692 0.07091346153846154 0.052884615384615384 0.14182692307692307
0 0.11899038461538461 0.07451923076923077 0.0985576923076923 0.14903846153846154
0 0.9867788461538461 0.9435096153846154 0.026442307692307692 0.11298076923076923
0 0.9411057692307693 0.9471153846153846 0.0673076923076923 0.1045673076923077
0 0.8737980769230769 0.9519230769230769 0.07211538461538461 0.09495192307692307
0 0.8004807692307693 0.9567307692307693 0.07211538461538461 0.08653846153846154
0 0.7163461538461539 0.9627403846153846 0.07692307692307693 0.07451923076923077
0 0.6346153846153846 0.96875 0.08052884615384616 0.0625
0 0.5516826923076923 0.9735576923076923 0.0829326923076923 0.052884615384615384
0 0.45913461538461536 0.9783653846153846 0.08774038461538461 0.042067307692307696
0 0.36778846153846156 0.9819711538461539 0.09014423076923077 0.03485576923076923
0 0.23798076923076922 0.08413461538461539 0.08774038461538461 0.15985576923076922
0 0.3269230769230769 0.09495192307692307 0.08533653846153846 0.15504807692307693
0 0.43509615384615385 0.10096153846153846 0.0829326923076923 0.1502403846153846
0 0.5180288461538461 0.11177884615384616 0.07451923076923077 0.14302884615384615
0 0.6105769230769231 0.1201923076923077 0.07211538461538461 0.14543269230769232
0 0.6935096153846154 0.12860576923076922 0.07211538461538461 0.13942307692307693
0 0.78125 0.13581730769230768 0.0673076923076923 0.1346153846153846
0 0.8401442307692307 0.14783653846153846 0.057692307692307696 0.13221153846153846
0 0.9026442307692307 0.15504807692307693 0.0625 0.12740384615384615
0 0.9735576923076923 0.16466346153846154 0.052884615384615384 0.125
0 0.22596153846153846 0.9867788461538461 0.10096153846153846 0.026442307692307692
0 0.12740384615384615 0.9927884615384616 0.08052884615384616 0.014423076923076924