0 0.22956730769230768 0.12740384615384615 0.07091346153846154 0.11298076923076923
0 0.08413461538461539 0.12620192307692307 0.0625 0.09975961538461539
0 0.15504807692307693 0.09975961538461539 0.07572115384615384 0.11538461538461539
0 0.02283653846153846 0.09134615384615384 0.04447115384615385 0.11538461538461539
0 0.31009615384615385 0.08774038461538461 0.06850961538461539 0.1045673076923077
0 0.3269230769230769 0.03485576923076923 0.0625 0.06971153846153846
0 0.042067307692307696 0.036057692307692304 0.06490384615384616 0.07211538461538461
0 0.18870192307692307 0.036057692307692304 0.06490384615384616 0.07211538461538461
0 0.2608173076923077 0.028846153846153848 0.06490384615384616 0.057692307692307696
0 0.11298076923076923 0.020432692307692308 0.07692307692307693 0.040865384615384616
0 0.6947115384615384 0.48677884615384615 0.16466346153846154 0.052884615384615384
0 0.9158653846153846 0.46875 0.16706730769230768 0.0889423076923077
0 0.6057692307692307 0.4495192307692308 0.08173076923076923 0.12860576923076922
0 0.6298076923076923 0.3389423076923077 0.12860576923076922 0.24879807692307693
0 0.8617788461538461 0.2920673076923077 0.19591346153846154 0.2800480769230769
0 0.9122596153846154 0.1310096153846154 0.17548076923076922 0.2620192307692308
0 0.7163461538461539 0.12259615384615384 0.16466346153846154 0.2403846153846154
0 0.609375 0.10336538461538461 0.0889423076923077 0.20673076923076922
0 0.6213942307692307 0.014423076923076924 0.11298076923076923 0.028846153846153848
0 0.32091346153846156 0.9002403846153846 0.14903846153846154 0.14903846153846154
0 0.10216346153846154 0.8677884615384616 0.14903846153846154 0.1466346153846154
0 0.010817307692307692 0.8569711538461539 0.020432692307692308 0.14423076923076922
0 0.5264423076923077 0.7920673076923077 0.078125 0.14423076923076922
0 0.23918269230769232 0.7740384615384616 0.15144230769230768 0.14903846153846154
0 0.39663461538461536 0.7740384615384616 0.14903846153846154 0.14423076923076922
0 0.056490384615384616 0.7379807692307693 0.11298076923076923 0.1466346153846154
0 0.4879807692307692 0.6622596153846154 0.14903846153846154 0.1466346153846154
0 0.31490384615384615 0.6502403846153846 0.14903846153846154 0.1466346153846154
0 0.16346153846153846 0.6442307692307693 0.14903846153846154 0.1466346153846154
0 0.030048076923076924 0.5901442307692307 0.06009615384615385 0.14423076923076922
0 0.4110576923076923 0.5625 0.1466346153846154 0.09975961538461539
0 0.5288461538461539 0.5625 0.0733173076923077 0.09975961538461539
0 0.09975961538461539 0.5504807692307693 0.1466346153846154 0.07572115384615384
0 0.2536057692307692 0.5504807692307693 0.15144230769230768 0.07572115384615384
0 0.7824519230769231 0.9290865384615384 0.43509615384615385 0.14182692307692307
0 0.8605769230769231 0.8052884615384616 0.27884615384615385 0.21634615384615385
0 0.7944711538461539 0.5264423076923077 0.4110576923076923 0.026442307692307692
0 0.6370192307692307 0.6021634615384616 0.14423076923076922 0.1778846153846154