0 0.34975961538461536 0.021634615384615384 0.09134615384615384 0.04326923076923077
0 0.44711538461538464 0.021634615384615384 0.09134615384615384 0.04326923076923077
0 0.5396634615384616 0.021634615384615384 0.09134615384615384 0.04326923076923077
0 0.25961538461538464 0.02283653846153846 0.09134615384615384 0.04567307692307692
0 0.16826923076923078 0.02283653846153846 0.09134615384615384 0.04567307692307692
0 0.078125 0.02283653846153846 0.09134615384615384 0.04567307692307692
0 0.39783653846153844 0.09495192307692307 0.09134615384615384 0.13581730769230768
0 0.49278846153846156 0.09495192307692307 0.09134615384615384 0.13341346153846154
0 0.30649038461538464 0.09495192307692307 0.08774038461538461 0.13942307692307693
0 0.5721153846153846 0.09375 0.06370192307692307 0.13341346153846154
0 0.21514423076923078 0.09615384615384616 0.09134615384615384 0.13581730769230768
0 0.12259615384615384 0.09735576923076923 0.08774038461538461 0.13581730769230768
0 0.038461538461538464 0.09615384615384616 0.07692307692307693 0.1346153846153846
0 0.59375 0.2127403846153846 0.021634615384615384 0.1310096153846154
0 0.4483173076923077 0.21153846153846154 0.08774038461538461 0.13942307692307693
0 0.25961538461538464 0.2127403846153846 0.09134615384615384 0.13581730769230768
0 0.5396634615384616 0.2127403846153846 0.09134615384615384 0.13581730769230768
0 0.3557692307692308 0.21394230769230768 0.09134615384615384 0.13341346153846154
0 0.17067307692307693 0.21394230769230768 0.09134615384615384 0.13341346153846154
0 0.078125 0.21514423076923078 0.09134615384615384 0.1310096153846154
0 0.015625 0.21394230769230768 0.03125 0.12980769230769232
0 0.5697115384615384 0.27163461538461536 0.06971153846153846 0.019230769230769232
0 0.30528846153846156 0.27163461538461536 0.09134615384615384 0.019230769230769232
0 0.4026442307692308 0.27283653846153844 0.09375 0.015625
0 0.7139423076923077 0.1201923076923077 0.21875 0.2403846153846154
0 0.9122596153846154 0.1201923076923077 0.17548076923076922 0.2403846153846154
0 0.8173076923076923 0.22956730769230768 0.23317307692307693 0.10216346153846154
0 0.2175169807692308 0.5264127764423077 0.272004625 0.5264127764423077 0.3141184735576923 0.2807486634615385 0.20088259375 0.2807486634615385 0.1968492548076923 0.29155224759615384 0.2175169807692308 0.5264127764423077
0 0.45613528124999997 0.31034109375 0.4240063581730769 0.2807486634615385 0.3260946418269231 0.2807486634615385 0.30206677163461537 0.4794406658653846 0.32837115144230766 0.49353230288461536 0.3791010264423077 0.5921737211538461 0.4617719326923077 0.5405044110576923 0.45613528124999997 0.31034109375
0 0.5388061875 0.8880979951923076 0.6042780745192308 0.8880979951923076 0.6042780745192308 0.6427590697115384 0.5688683317307692 0.5921737211538461 0.5162595745192308 0.5921737211538461 0.4843185432692308 0.66732909375 0.4711663533653846 0.8411258846153846 0.5388061875 0.8880979951923076
0 0.21188033173076923 0.8223370408653847 0.22879028846153845 0.6015681466346154 0.17054487740384616 0.45125740384615387 0.11981500240384615 0.517018358173077 0.1329671923076923 0.765970514423077 0.21188033173076923 0.8223370408653847
0 0 0.391557375 0.016476367788461538 0.46065182932692306 0.07284289903846154 0.4700462475961539 0.09914727644230768 0.2868550384615384 0.0971591514423077 0.2807486634615385 0 0.2807486634615385 0 0.391557375
0 0.8365384615384616 0.6682692307692307 0.18389423076923078 0.31009615384615385
0 0.6706730769230769 0.6682692307692307 0.13341346153846154 0.3161057692307692
0 0.9675480769230769 0.6706730769230769 0.06370192307692307 0.3161057692307692
0 0.9170673076923077 0.890625 0.1658653846153846 0.21875
0 0.7331730769230769 0.8918269230769231 0.17668269230769232 0.21634615384615385
0 0.7403846153846154 0.4182692307692308 0.1875 0.27524038461538464
0 0.9194711538461539 0.41947115384615385 0.15985576923076922 0.2776442307692308