0 0.5228365384615384 0.07692307692307693 0.07451923076923077 0.15384615384615385
0 0.4519230769230769 0.0829326923076923 0.07451923076923077 0.15985576923076922
0 0.37259615384615385 0.09134615384615384 0.07932692307692307 0.1622596153846154
0 0.29086538461538464 0.10096153846153846 0.08774038461538461 0.17548076923076922
0 0.20192307692307693 0.109375 0.09254807692307693 0.18028846153846154
0 0.10697115384615384 0.11057692307692307 0.09495192307692307 0.18269230769230768
0 0.028846153846153848 0.11538461538461539 0.056490384615384616 0.18509615384615385
0 0.5252403846153846 0.33653846153846156 0.07211538461538461 0.14903846153846154
0 0.45072115384615385 0.35216346153846156 0.07211538461538461 0.15504807692307693
0 0.37259615384615385 0.3641826923076923 0.07932692307692307 0.15985576923076922
0 0.29086538461538464 0.38461538461538464 0.07932692307692307 0.16466346153846154
0 0.20673076923076922 0.4026442307692308 0.08533653846153846 0.16706730769230768
0 0.11538461538461539 0.41225961538461536 0.09495192307692307 0.17307692307692307
0 0.03365384615384615 0.42788461538461536 0.0673076923076923 0.17548076923076922
0 0.5180288461538461 0.5480769230769231 0.07211538461538461 0.08533653846153846
0 0.44711538461538464 0.5576923076923077 0.07451923076923077 0.06490384615384616
0 0.6850961538461539 0.07091346153846154 0.10817307692307693 0.14182692307692307
0 0.7824519230769231 0.11057692307692307 0.12620192307692307 0.22115384615384615
0 0.953125 0.14302884615384615 0.09254807692307693 0.234375
0 0.6081730769230769 0.18509615384615385 0.09254807692307693 0.20673076923076922
0 0.7632211538461539 0.25240384615384615 0.12379807692307693 0.22716346153846154
0 0.8870192307692307 0.32211538461538464 0.1310096153846154 0.21394230769230768
0 0.9783653846153846 0.39663461538461536 0.04326923076923077 0.26802884615384615
0 0.6682692307692307 0.40024038461538464 0.12620192307692307 0.22956730769230768
0 0.9543269230769231 0.5096153846153846 0.09014423076923077 0.1622596153846154
0 0.16826923076923078 0.6959134615384616 0.13942307692307693 0.18269230769230768
0 0.3088942307692308 0.7560096153846154 0.14423076923076922 0.18269230769230768
0 0.09014423076923077 0.7151442307692307 0.06129807692307692 0.11298076923076923
0 0.6682692307692307 0.9903846153846154 0.054086538461538464 0.018028846153846152