0 0.32211538461538464 0.0625 0.125 0.125
0 0.056490384615384616 0.06610576923076923 0.11298076923076923 0.13221153846153846
0 0.203125 0.0829326923076923 0.14182692307692307 0.1658653846153846
0 0.359375 0.20793269230769232 0.051682692307692304 0.19110576923076922
0 0.11778846153846154 0.21995192307692307 0.1346153846153846 0.18629807692307693
0 0.02283653846153846 0.21995192307692307 0.04567307692307692 0.2091346153846154
0 0.2620192307692308 0.22956730769230768 0.14423076923076922 0.203125
0 0.31850961538461536 0.38341346153846156 0.12980769230769232 0.18629807692307693
0 0.17908653846153846 0.38822115384615385 0.14182692307692307 0.203125
0 0.052884615384615384 0.4026442307692308 0.10576923076923077 0.18389423076923078
0 0.35096153846153844 0.49759615384615385 0.06850961538461539 0.0985576923076923
0 0.24278846153846154 0.49759615384615385 0.1466346153846154 0.0985576923076923
0 0.10216346153846154 0.5060096153846154 0.1346153846153846 0.08052884615384616
0 0.9879807692307693 0.19951923076923078 0.02403846153846154 0.046875
0 0.9627403846153846 0.20072115384615385 0.03245192307692308 0.046875
0 0.9326923076923077 0.20192307692307693 0.03245192307692308 0.046875
0 0.46274038461538464 0.20192307692307693 0.03485576923076923 0.046875
0 0.43028846153846156 0.20192307692307693 0.03485576923076923 0.046875
0 0.39903846153846156 0.20072115384615385 0.028846153846153848 0.04927884615384615
0 0.5276442307692307 0.203125 0.03485576923076923 0.046875
0 0.4951923076923077 0.203125 0.03485576923076923 0.04447115384615385
0 0.9014423076923077 0.203125 0.03485576923076923 0.046875
0 0.5600961538461539 0.203125 0.03245192307692308 0.046875
0 0.8701923076923077 0.20432692307692307 0.03245192307692308 0.046875
0 0.5901442307692307 0.20432692307692307 0.03485576923076923 0.046875
0 0.8389423076923077 0.20432692307692307 0.03245192307692308 0.046875
0 0.6538461538461539 0.20432692307692307 0.03245192307692308 0.046875
0 0.6225961538461539 0.20432692307692307 0.03245192307692308 0.046875
0 0.7776442307692307 0.20432692307692307 0.03245192307692308 0.04447115384615385
0 0.7475961538461539 0.20432692307692307 0.03485576923076923 0.046875
0 0.8088942307692307 0.20552884615384615 0.028846153846153848 0.04447115384615385
0 0.7163461538461539 0.20552884615384615 0.03245192307692308 0.04447115384615385
0 0.6850961538461539 0.20552884615384615 0.03245192307692308 0.04447115384615385
0 0.9951923076923077 0.23557692307692307 0.009615384615384616 0.04447115384615385
0 0.9759615384615384 0.23798076923076922 0.03245192307692308 0.04447115384615385
0 0.9447115384615384 0.23798076923076922 0.03245192307692308 0.04447115384615385
0 0.4170673076923077 0.23918269230769232 0.03485576923076923 0.046875
0 0.4483173076923077 0.23918269230769232 0.03485576923076923 0.046875
0 0.9146634615384616 0.23918269230769232 0.03245192307692308 0.04447115384615385
0 0.5132211538461539 0.23918269230769232 0.03485576923076923 0.046875
0 0.48197115384615385 0.23918269230769232 0.03485576923076923 0.046875
0 0.3918269230769231 0.23918269230769232 0.014423076923076924 0.046875
0 0.8846153846153846 0.2403846153846154 0.03245192307692308 0.04447115384615385
0 0.5456730769230769 0.2403846153846154 0.03485576923076923 0.046875
0 0.8533653846153846 0.2403846153846154 0.03245192307692308 0.04447115384615385
0 0.5769230769230769 0.2403846153846154 0.03485576923076923 0.046875
0 0.8233173076923077 0.24158653846153846 0.03245192307692308 0.04447115384615385
0 0.7932692307692307 0.24158653846153846 0.03245192307692308 0.04447115384615385
0 0.7620192307692307 0.24158653846153846 0.03245192307692308 0.04447115384615385
0 0.7319711538461539 0.24158653846153846 0.028846153846153848 0.04447115384615385
0 0.7007211538461539 0.24158653846153846 0.03245192307692308 0.04447115384615385
0 0.6706730769230769 0.24158653846153846 0.03245192307692308 0.04447115384615385
0 0.6394230769230769 0.24158653846153846 0.03245192307692308 0.046875
0 0.6081730769230769 0.24158653846153846 0.03485576923076923 0.046875
0 0.9867788461538461 0.2704326923076923 0.026442307692307692 0.042067307692307696
0 0.9579326923076923 0.27283653846153844 0.03245192307692308 0.04447115384615385
0 0.9278846153846154 0.27403846153846156 0.03245192307692308 0.04447115384615385
0 0.8966346153846154 0.27403846153846156 0.03245192307692308 0.04447115384615385
0 0.4675480769230769 0.27403846153846156 0.03485576923076923 0.046875
0 0.43509615384615385 0.27403846153846156 0.03485576923076923 0.046875
0 0.8665865384615384 0.27524038461538464 0.03245192307692308 0.04447115384615385
0 0.5 0.27524038461538464 0.03485576923076923 0.046875
0 0.4014423076923077 0.27524038461538464 0.03485576923076923 0.046875
0 0.8365384615384616 0.27524038461538464 0.03245192307692308 0.04447115384615385
0 0.8064903846153846 0.27524038461538464 0.03245192307692308 0.04447115384615385
0 0.5625 0.27524038461538464 0.03245192307692308 0.04447115384615385
0 0.5324519230769231 0.27524038461538464 0.03485576923076923 0.04447115384615385
0 0.7764423076923077 0.27524038461538464 0.028846153846153848 0.04447115384615385
0 0.7463942307692307 0.2764423076923077 0.03245192307692308 0.04447115384615385
0 0.7151442307692307 0.2764423076923077 0.028846153846153848 0.04447115384615385
0 0.6862980769230769 0.2764423076923077 0.03245192307692308 0.04447115384615385
0 0.6550480769230769 0.2764423076923077 0.03245192307692308 0.04447115384615385
0 0.5949519230769231 0.2764423076923077 0.03245192307692308 0.04447115384615385
0 0.625 0.2764423076923077 0.028846153846153848 0.04447115384615385
0 0.9927884615384616 0.30649038461538464 0.014423076923076924 0.04447115384615385
0 0.9723557692307693 0.3076923076923077 0.03245192307692308 0.04447115384615385
0 0.9411057692307693 0.3088942307692308 0.03245192307692308 0.04447115384615385
0 0.9110576923076923 0.3088942307692308 0.03245192307692308 0.042067307692307696
0 0.8798076923076923 0.31009615384615385 0.03245192307692308 0.04447115384615385
0 0.8509615384615384 0.31009615384615385 0.03245192307692308 0.042067307692307696
0 0.8209134615384616 0.31009615384615385 0.03245192307692308 0.042067307692307696
0 0.7908653846153846 0.31009615384615385 0.03245192307692308 0.042067307692307696
0 0.7608173076923077 0.31009615384615385 0.028846153846153848 0.042067307692307696
0 0.5168269230769231 0.31009615384615385 0.03245192307692308 0.04447115384615385
0 0.4855769230769231 0.31009615384615385 0.03245192307692308 0.04447115384615385
0 0.453125 0.31009615384615385 0.03245192307692308 0.04447115384615385
0 0.7307692307692307 0.3112980769230769 0.03245192307692308 0.042067307692307696
0 0.5492788461538461 0.3112980769230769 0.03485576923076923 0.04447115384615385
0 0.421875 0.3112980769230769 0.03245192307692308 0.04447115384615385
0 0.7007211538461539 0.3112980769230769 0.03245192307692308 0.042067307692307696
0 0.6706730769230769 0.3112980769230769 0.03245192307692308 0.042067307692307696
0 0.6105769230769231 0.3112980769230769 0.03245192307692308 0.042067307692307696
0 0.5793269230769231 0.3112980769230769 0.03245192307692308 0.042067307692307696
0 0.3942307692307692 0.31009615384615385 0.019230769230769232 0.042067307692307696
0 0.6394230769230769 0.3112980769230769 0.03245192307692308 0.042067307692307696
0 0.984375 0.34134615384615385 0.028846153846153848 0.042067307692307696
0 0.9543269230769231 0.34134615384615385 0.028846153846153848 0.04447115384615385
0 0.9242788461538461 0.3425480769230769 0.03245192307692308 0.042067307692307696
0 0.8930288461538461 0.3425480769230769 0.03245192307692308 0.042067307692307696
0 0.8641826923076923 0.3425480769230769 0.03245192307692308 0.042067307692307696
0 0.8341346153846154 0.3449519230769231 0.03245192307692308 0.042067307692307696
0 0.8040865384615384 0.3449519230769231 0.03245192307692308 0.042067307692307696
0 0.7752403846153846 0.3449519230769231 0.03245192307692308 0.042067307692307696
0 0.7451923076923077 0.3449519230769231 0.028846153846153848 0.042067307692307696
0 0.7151442307692307 0.3449519230769231 0.028846153846153848 0.042067307692307696
0 0.6862980769230769 0.3449519230769231 0.03245192307692308 0.042067307692307696
0 0.6550480769230769 0.34615384615384615 0.03245192307692308 0.042067307692307696
0 0.625 0.34615384615384615 0.028846153846153848 0.042067307692307696
0 0.5961538461538461 0.34615384615384615 0.028846153846153848 0.042067307692307696
0 0.5649038461538461 0.34615384615384615 0.028846153846153848 0.04447115384615385
0 0.5024038461538461 0.34615384615384615 0.03245192307692308 0.04447115384615385
0 0.4723557692307692 0.34615384615384615 0.03485576923076923 0.04447115384615385
0 0.43990384615384615 0.34615384615384615 0.03485576923076923 0.04447115384615385
0 0.40865384615384615 0.34615384615384615 0.03485576923076923 0.04447115384615385
0 0.5348557692307693 0.34615384615384615 0.03245192307692308 0.04447115384615385
0 0.38822115384615385 0.3473557692307692 0.007211538461538462 0.042067307692307696
0 0.9903846153846154 0.3737980769230769 0.019230769230769232 0.042067307692307696
0 0.9663461538461539 0.3762019230769231 0.03245192307692308 0.04447115384615385
0 0.9375 0.37740384615384615 0.03245192307692308 0.042067307692307696
0 0.9074519230769231 0.37740384615384615 0.03245192307692308 0.042067307692307696
0 0.8485576923076923 0.37740384615384615 0.028846153846153848 0.042067307692307696
0 0.8774038461538461 0.37740384615384615 0.028846153846153848 0.042067307692307696
0 0.8185096153846154 0.37740384615384615 0.03245192307692308 0.042067307692307696
0 0.7896634615384616 0.37740384615384615 0.03245192307692308 0.042067307692307696
0 0.7596153846153846 0.3786057692307692 0.03245192307692308 0.042067307692307696
0 0.7307692307692307 0.3786057692307692 0.03245192307692308 0.042067307692307696
0 0.7007211538461539 0.3786057692307692 0.03245192307692308 0.042067307692307696
0 0.671875 0.3786057692307692 0.028846153846153848 0.042067307692307696
0 0.640625 0.3786057692307692 0.03245192307692308 0.042067307692307696
0 0.6117788461538461 0.3798076923076923 0.028846153846153848 0.042067307692307696
0 0.5805288461538461 0.3798076923076923 0.028846153846153848 0.042067307692307696
0 0.5504807692307693 0.3798076923076923 0.03245192307692308 0.042067307692307696
0 0.5192307692307693 0.3798076923076923 0.03245192307692308 0.04447115384615385
0 0.4579326923076923 0.3798076923076923 0.03485576923076923 0.04447115384615385
0 0.4266826923076923 0.3798076923076923 0.03245192307692308 0.04447115384615385
0 0.4891826923076923 0.38100961538461536 0.03245192307692308 0.042067307692307696
0 0.39663461538461536 0.3798076923076923 0.02403846153846154 0.04447115384615385
0 0.9963942307692307 0.4074519230769231 0.007211538461538462 0.039663461538461536
0 0.9795673076923077 0.40865384615384615 0.028846153846153848 0.042067307692307696
0 0.9495192307692307 0.4098557692307692 0.03245192307692308 0.042067307692307696
0 0.9206730769230769 0.4098557692307692 0.028846153846153848 0.042067307692307696
0 0.890625 0.4098557692307692 0.028846153846153848 0.042067307692307696
0 0.8617788461538461 0.4110576923076923 0.028846153846153848 0.042067307692307696
0 0.8028846153846154 0.4110576923076923 0.03245192307692308 0.042067307692307696
0 0.7740384615384616 0.4110576923076923 0.028846153846153848 0.042067307692307696
0 0.8317307692307693 0.4110576923076923 0.03245192307692308 0.042067307692307696
0 0.7451923076923077 0.4110576923076923 0.028846153846153848 0.042067307692307696
0 0.7151442307692307 0.4110576923076923 0.028846153846153848 0.042067307692307696
0 0.6862980769230769 0.41225961538461536 0.028846153846153848 0.042067307692307696
0 0.6574519230769231 0.41225961538461536 0.03245192307692308 0.042067307692307696
0 0.6274038461538461 0.41225961538461536 0.028846153846153848 0.042067307692307696
0 0.5985576923076923 0.41346153846153844 0.028846153846153848 0.042067307692307696
0 0.5372596153846154 0.41346153846153844 0.03245192307692308 0.042067307692307696
0 0.5673076923076923 0.41346153846153844 0.028846153846153848 0.042067307692307696
0 0.5060096153846154 0.41466346153846156 0.03245192307692308 0.042067307692307696
0 0.44471153846153844 0.41466346153846156 0.03245192307692308 0.042067307692307696
0 0.47596153846153844 0.41466346153846156 0.03245192307692308 0.042067307692307696
0 0.41346153846153844 0.41466346153846156 0.03485576923076923 0.04447115384615385
0 0.390625 0.41466346153846156 0.01201923076923077 0.04447115384615385
0 0.9879807692307693 0.43990384615384615 0.02403846153846154 0.042067307692307696
0 0.9615384615384616 0.4411057692307692 0.028846153846153848 0.042067307692307696
0 0.9338942307692307 0.4423076923076923 0.028846153846153848 0.042067307692307696
0 0.9038461538461539 0.4423076923076923 0.028846153846153848 0.042067307692307696
0 0.8161057692307693 0.4423076923076923 0.028846153846153848 0.042067307692307696
0 0.7884615384615384 0.4423076923076923 0.028846153846153848 0.042067307692307696
0 0.8762019230769231 0.4423076923076923 0.028846153846153848 0.042067307692307696
0 0.8461538461538461 0.44350961538461536 0.03245192307692308 0.042067307692307696
0 0.7584134615384616 0.44350961538461536 0.028846153846153848 0.042067307692307696
0 0.7295673076923077 0.44350961538461536 0.028846153846153848 0.042067307692307696
0 0.7007211538461539 0.44350961538461536 0.028846153846153848 0.039663461538461536
0 0.671875 0.44471153846153844 0.028846153846153848 0.039663461538461536
0 0.6418269230769231 0.44471153846153844 0.028846153846153848 0.039663461538461536
0 0.5829326923076923 0.44471153846153844 0.028846153846153848 0.039663461538461536
0 0.6129807692307693 0.44471153846153844 0.03245192307692308 0.042067307692307696
0 0.5540865384615384 0.44591346153846156 0.03245192307692308 0.039663461538461536
0 0.5228365384615384 0.44591346153846156 0.03245192307692308 0.039663461538461536
0 0.49278846153846156 0.44711538461538464 0.03245192307692308 0.042067307692307696
0 0.46153846153846156 0.44711538461538464 0.03245192307692308 0.042067307692307696
0 0.43149038461538464 0.44711538461538464 0.03245192307692308 0.042067307692307696
0 0.39903846153846156 0.44711538461538464 0.028846153846153848 0.042067307692307696
0 0.9939903846153846 0.4723557692307692 0.01201923076923077 0.037259615384615384
0 0.9759615384615384 0.47475961538461536 0.028846153846153848 0.042067307692307696
0 0.9459134615384616 0.47475961538461536 0.028846153846153848 0.039663461538461536
0 0.9182692307692307 0.47475961538461536 0.028846153846153848 0.042067307692307696
0 0.8882211538461539 0.47475961538461536 0.028846153846153848 0.042067307692307696
0 0.859375 0.47475961538461536 0.028846153846153848 0.039663461538461536
0 0.8293269230769231 0.47475961538461536 0.028846153846153848 0.042067307692307696
0 0.8016826923076923 0.47475961538461536 0.028846153846153848 0.042067307692307696
0 0.7716346153846154 0.47475961538461536 0.028846153846153848 0.042067307692307696
0 0.7439903846153846 0.47596153846153844 0.028846153846153848 0.042067307692307696
0 0.7151442307692307 0.47596153846153844 0.028846153846153848 0.039663461538461536
0 0.6862980769230769 0.47596153846153844 0.03245192307692308 0.039663461538461536
0 0.6574519230769231 0.47716346153846156 0.028846153846153848 0.042067307692307696
0 0.6274038461538461 0.47716346153846156 0.028846153846153848 0.042067307692307696
0 0.5997596153846154 0.47716346153846156 0.028846153846153848 0.042067307692307696
0 0.5697115384615384 0.47836538461538464 0.03245192307692308 0.042067307692307696
0 0.5396634615384616 0.47836538461538464 0.03245192307692308 0.042067307692307696
0 0.5096153846153846 0.4795673076923077 0.03245192307692308 0.042067307692307696
0 0.47836538461538464 0.4795673076923077 0.03245192307692308 0.042067307692307696
0 0.4483173076923077 0.4807692307692308 0.028846153846153848 0.042067307692307696
0 0.4170673076923077 0.4807692307692308 0.03245192307692308 0.042067307692307696
0 0.39302884615384615 0.4807692307692308 0.016826923076923076 0.039663461538461536
0 0.9867788461538461 0.5024038461538461 0.026442307692307692 0.039663461538461536
0 0.9591346153846154 0.5048076923076923 0.03245192307692308 0.042067307692307696
0 0.7872596153846154 0.5060096153846154 0.028846153846153848 0.042067307692307696
0 0.9014423076923077 0.5060096153846154 0.03245192307692308 0.039663461538461536
0 0.8725961538461539 0.5060096153846154 0.028846153846153848 0.039663461538461536
0 0.8425480769230769 0.5060096153846154 0.028846153846153848 0.039663461538461536
0 0.8149038461538461 0.5060096153846154 0.028846153846153848 0.039663461538461536
0 0.7572115384615384 0.5060096153846154 0.028846153846153848 0.039663461538461536
0 0.7295673076923077 0.5060096153846154 0.028846153846153848 0.042067307692307696
0 0.9302884615384616 0.5060096153846154 0.03245192307692308 0.039663461538461536
0 0.7007211538461539 0.5060096153846154 0.028846153846153848 0.039663461538461536
0 0.671875 0.5072115384615384 0.03245192307692308 0.039663461538461536
0 0.6430288461538461 0.5084134615384616 0.028846153846153848 0.039663461538461536
0 0.5841346153846154 0.5084134615384616 0.028846153846153848 0.039663461538461536
0 0.6141826923076923 0.5084134615384616 0.028846153846153848 0.039663461538461536
0 0.5552884615384616 0.5096153846153846 0.028846153846153848 0.039663461538461536
0 0.5252403846153846 0.5108173076923077 0.028846153846153848 0.039663461538461536
0 0.4951923076923077 0.5120192307692307 0.03245192307692308 0.039663461538461536
0 0.4639423076923077 0.5120192307692307 0.028846153846153848 0.039663461538461536
0 0.43509615384615385 0.5120192307692307 0.03245192307692308 0.039663461538461536
0 0.40384615384615385 0.5132211538461539 0.028846153846153848 0.042067307692307696
0 0.9915865384615384 0.5300480769230769 0.016826923076923076 0.03245192307692308
0 0.9699519230769231 0.5324519230769231 0.026442307692307692 0.028846153846153848
0 0.9411057692307693 0.5324519230769231 0.028846153846153848 0.028846153846153848
0 0.9146634615384616 0.5324519230769231 0.028846153846153848 0.028846153846153848
0 0.8846153846153846 0.5324519230769231 0.028846153846153848 0.028846153846153848
0 0.8557692307692307 0.5324519230769231 0.028846153846153848 0.028846153846153848
0 0.7992788461538461 0.5324519230769231 0.028846153846153848 0.028846153846153848
0 0.7704326923076923 0.5324519230769231 0.026442307692307692 0.028846153846153848
0 0.7427884615384616 0.5324519230769231 0.028846153846153848 0.028846153846153848
0 0.8269230769230769 0.5336538461538461 0.03245192307692308 0.026442307692307692
0 0.7127403846153846 0.5324519230769231 0.028846153846153848 0.028846153846153848
0 0.6862980769230769 0.5324519230769231 0.028846153846153848 0.028846153846153848
0 0.6574519230769231 0.5336538461538461 0.028846153846153848 0.026442307692307692
0 0.6274038461538461 0.5336538461538461 0.028846153846153848 0.026442307692307692
0 0.5985576923076923 0.5336538461538461 0.028846153846153848 0.026442307692307692
0 0.5709134615384616 0.5336538461538461 0.028846153846153848 0.026442307692307692
0 0.5396634615384616 0.5348557692307693 0.028846153846153848 0.02403846153846154
0 0.5108173076923077 0.5348557692307693 0.03245192307692308 0.02403846153846154
0 0.45072115384615385 0.5360576923076923 0.028846153846153848 0.021634615384615384
0 0.48197115384615385 0.5360576923076923 0.03245192307692308 0.021634615384615384
0 0.4206730769230769 0.5360576923076923 0.03245192307692308 0.021634615384615384
0 0.3954326923076923 0.5360576923076923 0.021634615384615384 0.021634615384615384
0 0.390625 0.16346153846153846 0.01201923076923077 0.046875
0 0.9963942307692307 0.16346153846153846 0.007211538461538462 0.046875
0 0.44471153846153844 0.16466346153846154 0.03485576923076923 0.04447115384615385
0 0.41346153846153844 0.16466346153846154 0.03485576923076923 0.046875
0 0.9807692307692307 0.16466346153846154 0.03245192307692308 0.046875
0 0.9483173076923077 0.1658653846153846 0.03245192307692308 0.046875
0 0.5108173076923077 0.1658653846153846 0.03485576923076923 0.046875
0 0.47836538461538464 0.1658653846153846 0.03485576923076923 0.046875
0 0.5432692307692307 0.1658653846153846 0.03485576923076923 0.046875
0 0.9182692307692307 0.1658653846153846 0.03245192307692308 0.04447115384615385
0 0.5745192307692307 0.16706730769230768 0.03485576923076923 0.046875
0 0.8870192307692307 0.16826923076923078 0.03245192307692308 0.04447115384615385
0 0.6382211538461539 0.16826923076923078 0.03245192307692308 0.046875
0 0.6081730769230769 0.16826923076923078 0.03485576923076923 0.046875
0 0.8569711538461539 0.16826923076923078 0.03245192307692308 0.046875
0 0.1778846153846154 0.5961538461538461 0.051682692307692304 0.0829326923076923
0 0.12139423076923077 0.5961538461538461 0.051682692307692304 0.0829326923076923
0 0.06610576923076923 0.5973557692307693 0.051682692307692304 0.0829326923076923
0 0.018028846153846152 0.5973557692307693 0.036057692307692304 0.08413461538461539
0 0.20673076923076922 0.6742788461538461 0.051682692307692304 0.08533653846153846
0 0.1502403846153846 0.6754807692307693 0.051682692307692304 0.08533653846153846
0 0.09495192307692307 0.6766826923076923 0.051682692307692304 0.08533653846153846
0 0.039663461538461536 0.6766826923076923 0.04927884615384615 0.0829326923076923
0 0.003605769230769231 0.6766826923076923 0.007211538461538462 0.0829326923076923
0 0.06490384615384616 0.7536057692307693 0.04927884615384615 0.0829326923076923
0 0.016826923076923076 0.7512019230769231 0.03365384615384615 0.08413461538461539
0 0.12139423076923077 0.7548076923076923 0.04927884615384615 0.08533653846153846
0 0.17668269230769232 0.7560096153846154 0.051682692307692304 0.08774038461538461
0 0.09254807692307693 0.8305288461538461 0.04927884615384615 0.0829326923076923
0 0.03485576923076923 0.8317307692307693 0.04927884615384615 0.0829326923076923
0 0.20552884615384615 0.8317307692307693 0.054086538461538464 0.08533653846153846
0 0.14543269230769232 0.8341346153846154 0.051682692307692304 0.08533653846153846
0 0.3125 0.9014423076923077 0.051682692307692304 0.08052884615384616
0 0.3641826923076923 0.9026442307692307 0.042067307692307696 0.08052884615384616
0 0.014423076923076924 0.9110576923076923 0.028846153846153848 0.08052884615384616
0 0.06370192307692307 0.9110576923076923 0.04927884615384615 0.0829326923076923
0 0.1778846153846154 0.9122596153846154 0.051682692307692304 0.08533653846153846
0 0.11778846153846154 0.9122596153846154 0.04927884615384615 0.0829326923076923
0 0.33774038461538464 0.9699519230769231 0.05048076923076923 0.06009615384615385
0 0.37740384615384615 0.9711538461538461 0.014423076923076924 0.057692307692307696
0 0.03365384615384615 0.9723557692307693 0.04807692307692308 0.055288461538461536
0 0.08653846153846154 0.9735576923076923 0.04807692307692308 0.052884615384615384
0 0.14302884615384615 0.9735576923076923 0.05048076923076923 0.052884615384615384
0 0.20432692307692307 0.9747596153846154 0.052884615384615384 0.05048076923076923
0 0.5661057692307693 0.5841346153846154 0.23076923076923078 0.07572115384615384
0 0.7944711538461539 0.5841346153846154 0.22596153846153846 0.07572115384615384
0 0.8990384615384616 0.7463942307692307 0.20072115384615385 0.35096153846153844
0 0.47475961538461536 0.7463942307692307 0.17908653846153846 0.3401442307692308
0 0.6778846153846154 0.7475961538461539 0.23317307692307693 0.3485576923076923
0 0.9615384615384616 0.9362980769230769 0.07572115384615384 0.12740384615384615
0 0.5588942307692307 0.9362980769230769 0.2403846153846154 0.12740384615384615
0 0.8016826923076923 0.9375 0.25 0.125