0 0.4987980769230769 0.421875 0.09495192307692307 0.18870192307692307
0 0.3269230769230769 0.4098557692307692 0.1346153846153846 0.18870192307692307
0 0.4254807692307692 0.2283653846153846 0.12860576923076922 0.18028846153846154
0 0.2920673076923077 0.18509615384615385 0.13701923076923078 0.19831730769230768
0 0.1141826923076923 0.16826923076923078 0.13942307692307693 0.18269230769230768
0 0.36177884615384615 0.07211538461538461 0.1310096153846154 0.14423076923076922
0 0.49038461538461536 0.055288461538461536 0.11057692307692307 0.11057692307692307
0 0.22235576923076922 0.04567307692307692 0.13701923076923078 0.09014423076923077
0 0.7475961538461539 0.5252403846153846 0.10817307692307693 0.09254807692307693
0 0.9387019230769231 0.5168269230769231 0.10336538461538461 0.11057692307692307
0 0.7620192307692307 0.35216346153846156 0.10817307692307693 0.18870192307692307
0 0.9290865384615384 0.35096153846153844 0.10336538461538461 0.18870192307692307
0 0.796875 0.10576923076923077 0.10817307692307693 0.18870192307692307
0 0.9675480769230769 0.09254807692307693 0.06490384615384616 0.18509615384615385
0 0.36658653846153844 0.8665865384615384 0.1658653846153846 0.2668269230769231
0 0.1778846153846154 0.8389423076923077 0.1935096153846154 0.2932692307692308
0 0.036057692307692304 0.8137019230769231 0.07211538461538461 0.28125
0 0.3858173076923077 0.6430288461538461 0.18870192307692307 0.14182692307692307
0 0.19230769230769232 0.6237980769230769 0.1778846153846154 0.10336538461538461
0 0.04807692307692308 0.6081730769230769 0.09495192307692307 0.07211538461538461
0 0.8173076923076923 0.9098557692307693 0.14903846153846154 0.18028846153846154
0 0.6274038461538461 0.9026442307692307 0.12860576923076922 0.17067307692307693
0 0.7247596153846154 0.7367788461538461 0.14423076923076922 0.18028846153846154
0 0.6009615384615384 0.734375 0.10817307692307693 0.17067307692307693
0 0.8774038461538461 0.6862980769230769 0.10336538461538461 0.1310096153846154
0 0.984375 0.6754807692307693 0.03125 0.20673076923076922
0 0.6574519230769231 0.6189903846153846 0.1346153846153846 0.09254807692307693
0 0.7824519230769231 0.6538461538461539 0.12139423076923077 0.13942307692307693