0 0.20432692307692307 0.1346153846153846 0.12860576923076922 0.18389423076923078
0 0.328125 0.10216346153846154 0.019230769230769232 0.18990384615384615
0 0.05048076923076923 0.03485576923076923 0.10096153846153846 0.06971153846153846
0 0.2800480769230769 0.039663461538461536 0.11298076923076923 0.07932692307692307
0 0.6069711538461539 0.45072115384615385 0.10697115384615384 0.11899038461538461
0 0.37740384615384615 0.4495192307692308 0.08052884615384616 0.12139423076923077
0 0.703125 0.453125 0.09014423076923077 0.1141826923076923
0 0.8305288461538461 0.43990384615384615 0.09014423076923077 0.12860576923076922
0 0.9423076923076923 0.4266826923076923 0.109375 0.15264423076923078
0 0.9903846153846154 0.41947115384615385 0.019230769230769232 0.13581730769230768
0 0.41346153846153844 0.3233173076923077 0.08533653846153846 0.1310096153846154
0 0.515625 0.3173076923076923 0.08052884615384616 0.12860576923076922
0 0.6983173076923077 0.2956730769230769 0.09014423076923077 0.12860576923076922
0 0.5997596153846154 0.28846153846153844 0.09975961538461539 0.1502403846153846
0 0.9242788461538461 0.28846153846153844 0.0829326923076923 0.12620192307692307
0 0.84375 0.28125 0.10216346153846154 0.14543269230769232
0 0.9939903846153846 0.2608173076923077 0.01201923076923077 0.15264423076923078
0 0.34615384615384615 0.18629807692307693 0.016826923076923076 0.12139423076923077
0 0.6057692307692307 0.16105769230769232 0.08533653846153846 0.11899038461538461
0 0.3870192307692308 0.15745192307692307 0.09975961538461539 0.14783653846153846
0 0.5060096153846154 0.15504807692307693 0.09975961538461539 0.14783653846153846
0 0.8149038461538461 0.13942307692307693 0.09254807692307693 0.12860576923076922
0 0.7007211538461539 0.12860576923076922 0.10216346153846154 0.1502403846153846
0 0.9831730769230769 0.11298076923076923 0.03365384615384615 0.13341346153846154
0 0.9278846153846154 0.10336538461538461 0.10697115384615384 0.15264423076923078
0 0.037259615384615384 0.9627403846153846 0.06009615384615385 0.07451923076923077
0 0.09975961538461539 0.9615384615384616 0.06009615384615385 0.07692307692307693
0 0.23197115384615385 0.9350961538461539 0.07572115384615384 0.11899038461538461
0 0.30408653846153844 0.9242788461538461 0.06610576923076923 0.08774038461538461
0 0.016826923076923076 0.9098557692307693 0.03365384615384615 0.11177884615384616
0 0.15264423076923078 0.9074519230769231 0.078125 0.12379807692307693
0 0.08052884615384616 0.8966346153846154 0.06610576923076923 0.11177884615384616
0 0.30649038461538464 0.8353365384615384 0.06009615384615385 0.13581730769230768
0 0.2127403846153846 0.8245192307692307 0.08052884615384616 0.12139423076923077
0 0.1201923076923077 0.8076923076923077 0.06610576923076923 0.109375
0 0.039663461538461536 0.8064903846153846 0.06850961538461539 0.109375
0 0.17067307692307693 0.734375 0.08533653846153846 0.13822115384615385
0 0.24278846153846154 0.7283653846153846 0.06370192307692307 0.1045673076923077
0 0.08413461538461539 0.7175480769230769 0.078125 0.12860576923076922
0 0.02283653846153846 0.703125 0.04567307692307692 0.11899038461538461
0 0.31009615384615385 0.7007211538461539 0.052884615384615384 0.13341346153846154
0 0.22115384615384615 0.6382211538461539 0.0733173076923077 0.11658653846153846
0 0.13581730769230768 0.6105769230769231 0.08774038461538461 0.140625
0 0.2764423076923077 0.5997596153846154 0.06850961538461539 0.1045673076923077
0 0.05048076923076923 0.5973557692307693 0.08052884615384616 0.1310096153846154
0 0.19471153846153846 0.5456730769230769 0.0829326923076923 0.0733173076923077
0 0.3112980769230769 0.5444711538461539 0.05048076923076923 0.07091346153846154
0 0.08653846153846154 0.5264423076923077 0.07091346153846154 0.03365384615384615
0 0.7524038461538461 0.9519230769230769 0.27403846153846156 0.09615384615384616
0 0.6117788461538461 0.7487980769230769 0.2764423076923077 0.421875
0 0.875 0.7295673076923077 0.25 0.43990384615384615