0 0.09615384615384616 0.6574519230769231 0.028846153846153848 0.028846153846153848
0 0.13581730769230768 0.6490384615384616 0.046875 0.06971153846153846
0 0.375 0.6490384615384616 0.028846153846153848 0.04326923076923077
0 0.33653846153846156 0.6442307692307693 0.046875 0.07211538461538461
0 0.03245192307692308 0.6418269230769231 0.038461538461538464 0.054086538461538464
0 0.203125 0.640625 0.046875 0.0673076923076923
0 0.27884615384615385 0.6394230769230769 0.036057692307692304 0.056490384615384616
0 0.24639423076923078 0.6262019230769231 0.038461538461538464 0.056490384615384616
0 0.009615384615384616 0.6189903846153846 0.018028846153846152 0.07211538461538461
0 0.4230769230769231 0.6117788461538461 0.04927884615384615 0.07451923076923077
0 0.10336538461538461 0.59375 0.07451923076923077 0.11538461538461539
0 0.15745192307692307 0.59375 0.028846153846153848 0.04326923076923077
0 0.3016826923076923 0.5925480769230769 0.04927884615384615 0.07211538461538461
0 0.040865384615384616 0.5901442307692307 0.04927884615384615 0.07211538461538461
0 0.3473557692307692 0.5709134615384616 0.03125 0.040865384615384616
0 0.25721153846153844 0.5661057692307693 0.046875 0.07451923076923077
0 0.45072115384615385 0.5649038461538461 0.025240384615384616 0.07211538461538461
0 0.20072115384615385 0.5552884615384616 0.07451923076923077 0.11899038461538461
0 0.3713942307692308 0.546875 0.028846153846153848 0.040865384615384616
0 0.01201923076923077 0.5456730769230769 0.02283653846153846 0.038461538461538464
0 0.3954326923076923 0.5300480769230769 0.02283653846153846 0.038461538461538464
0 0.3269230769230769 0.5276442307692307 0.051682692307692304 0.07211538461538461
0 0.03365384615384615 0.5252403846153846 0.028846153846153848 0.038461538461538464
0 0.06490384615384616 0.5132211538461539 0.036057692307692304 0.056490384615384616
0 0.13822115384615385 0.5132211538461539 0.046875 0.06971153846153846
0 0.010817307692307692 0.5036057692307693 0.020432692307692308 0.04326923076923077
0 0.3786057692307692 0.5036057692307693 0.040865384615384616 0.056490384615384616
0 0.4423076923076923 0.4951923076923077 0.04326923076923077 0.07211538461538461
0 0.24879807692307693 0.49038461538461536 0.051682692307692304 0.07451923076923077
0 0.28125 0.47716346153846156 0.03365384615384615 0.056490384615384616
0 0.03245192307692308 0.47475961538461536 0.046875 0.06971153846153846
0 0.10336538461538461 0.47115384615384615 0.028846153846153848 0.04326923076923077
0 0.1622596153846154 0.46875 0.025240384615384616 0.040865384615384616
0 0.34134615384615385 0.46274038461538464 0.028846153846153848 0.040865384615384616
0 0.375 0.46153846153846156 0.028846153846153848 0.025240384615384616
0 0.07211538461538461 0.4579326923076923 0.036057692307692304 0.054086538461538464
0 0.19831730769230768 0.4579326923076923 0.040865384615384616 0.054086538461538464
0 0.3137019230769231 0.4543269230769231 0.036057692307692304 0.054086538461538464
0 0.13822115384615385 0.44350961538461536 0.04927884615384615 0.07211538461538461
0 0.007211538461538462 0.4375 0.014423076923076924 0.07211538461538461
0 0.16826923076923078 0.42908653846153844 0.025240384615384616 0.04326923076923077
0 0.44471153846153844 0.421875 0.038461538461538464 0.06971153846153846
0 0.09495192307692307 0.421875 0.028846153846153848 0.040865384615384616
0 0.25961538461538464 0.4182692307692308 0.051682692307692304 0.07211538461538461
0 0.05048076923076923 0.40865384615384615 0.046875 0.07211538461538461
0 0.20793269230769232 0.39903846153846156 0.046875 0.07211538461538461
0 0.3701923076923077 0.39783653846153844 0.07692307692307693 0.11057692307692307
0 0.016826923076923076 0.3858173076923077 0.028846153846153848 0.046875
0 0.15745192307692307 0.38221153846153844 0.036057692307692304 0.054086538461538464
0 0.12139423076923077 0.38100961538461536 0.025240384615384616 0.040865384615384616
0 0.2980769230769231 0.37259615384615385 0.04927884615384615 0.07211538461538461
0 0.0889423076923077 0.3701923076923077 0.046875 0.06971153846153846
0 0.24879807692307693 0.35216346153846156 0.038461538461538464 0.056490384615384616
0 0.45072115384615385 0.35216346153846156 0.025240384615384616 0.06971153846153846
0 0.036057692307692304 0.35096153846153844 0.028846153846153848 0.036057692307692304
0 0.20793269230769232 0.3425480769230769 0.025240384615384616 0.036057692307692304
0 0.12980769230769232 0.33413461538461536 0.036057692307692304 0.056490384615384616
0 0.05889423076923077 0.3293269230769231 0.028846153846153848 0.04326923076923077
0 0.17908653846153846 0.3233173076923077 0.046875 0.07211538461538461
0 0.4170673076923077 0.31850961538461536 0.04927884615384615 0.07211538461538461
0 0.328125 0.3173076923076923 0.04927884615384615 0.07211538461538461
0 0.27163461538461536 0.3161057692307692 0.028846153846153848 0.038461538461538464
0 0.3605769230769231 0.3161057692307692 0.03125 0.056490384615384616
0 0.027644230769230768 0.31009615384615385 0.03125 0.040865384615384616
0 0.09975961538461539 0.2980769230769231 0.046875 0.07211538461538461
0 0.20793269230769232 0.2956730769230769 0.036057692307692304 0.056490384615384616
0 0.4519230769230769 0.2932692307692308 0.02283653846153846 0.046875
0 0.25240384615384615 0.2932692307692308 0.038461538461538464 0.056490384615384616
0 0.056490384615384616 0.2704326923076923 0.046875 0.06971153846153846
0 0.375 0.2668269230769231 0.036057692307692304 0.054086538461538464
0 0.019230769230769232 0.2668269230769231 0.028846153846153848 0.040865384615384616
0 0.1466346153846154 0.265625 0.046875 0.06971153846153846
0 0.3389423076923077 0.265625 0.036057692307692304 0.04927884615384615
0 0.3016826923076923 0.2536057692307692 0.046875 0.07211538461538461
0 0.4411057692307692 0.2512019230769231 0.038461538461538464 0.054086538461538464
0 0.2439903846153846 0.2439903846153846 0.028846153846153848 0.046875
0 0.004807692307692308 0.23197115384615385 0.009615384615384616 0.055288461538461536
0 0.35096153846153844 0.2283653846153846 0.025240384615384616 0.040865384615384616
0 0.32211538461538464 0.21754807692307693 0.038461538461538464 0.051682692307692304
0 0.03245192307692308 0.2127403846153846 0.046875 0.0673076923076923
0 0.203125 0.20793269230769232 0.07451923076923077 0.11298076923076923
0 0.41346153846153844 0.20673076923076922 0.04927884615384615 0.06971153846153846
0 0.10336538461538461 0.203125 0.07451923076923077 0.10817307692307693
0 0.26802884615384615 0.19951923076923078 0.040865384615384616 0.05889423076923077
0 0.14783653846153846 0.1971153846153846 0.020432692307692308 0.046875
0 0.006009615384615385 0.19591346153846154 0.01201923076923077 0.040865384615384616
0 0.020432692307692308 0.16346153846153846 0.025240384615384616 0.038461538461538464
0 0.375 0.16105769230769232 0.046875 0.07211538461538461
0 0.16466346153846154 0.15384615384615385 0.036057692307692304 0.054086538461538464
0 0.32572115384615385 0.14783653846153846 0.04927884615384615 0.07211538461538461
0 0.12980769230769232 0.14783653846153846 0.03125 0.038461538461538464
0 0.056490384615384616 0.1466346153846154 0.04927884615384615 0.06971153846153846
0 0.2536057692307692 0.13581730769230768 0.046875 0.07451923076923077
0 0.09615384615384616 0.1310096153846154 0.036057692307692304 0.046875
0 0.18028846153846154 0.11778846153846154 0.028846153846153848 0.04326923076923077
0 0.14903846153846154 0.11298076923076923 0.03125 0.046875
0 0.2091346153846154 0.11177884615384616 0.028846153846153848 0.04326923076923077
0 0.4567307692307692 0.11057692307692307 0.015625 0.07211538461538461
0 0.055288461538461536 0.10216346153846154 0.028846153846153848 0.03125
0 0.28966346153846156 0.10096153846153846 0.03365384615384615 0.046875
0 0.1201923076923077 0.09735576923076923 0.036057692307692304 0.056490384615384616
0 0.020432692307692308 0.09014423076923077 0.040865384615384616 0.07211538461538461
0 0.421875 0.08173076923076923 0.07692307692307693 0.10817307692307693
0 0.08533653846153846 0.08173076923076923 0.036057692307692304 0.054086538461538464
0 0.15865384615384615 0.7692307692307693 0.028846153846153848 0.013221153846153846
0 0.16706730769230768 0.078125 0.028846153846153848 0.040865384615384616
0 0.25600961538461536 0.07451923076923077 0.040865384615384616 0.051682692307692304
0 0.140625 0.06850961538461539 0.028846153846153848 0.04326923076923077
0 0.33533653846153844 0.06490384615384616 0.036057692307692304 0.054086538461538464
0 0.3269230769230769 0.7680288461538461 0.03125 0.015625
0 0.19951923076923078 0.7620192307692307 0.04927884615384615 0.028846153846153848
0 0.35697115384615385 0.05048076923076923 0.028846153846153848 0.04326923076923077
0 0.2091346153846154 0.04807692307692308 0.046875 0.06971153846153846
0 0.3004807692307692 0.046875 0.04927884615384615 0.06971153846153846
0 0.12740384615384615 0.03125 0.025240384615384616 0.040865384615384616
0 0.09735576923076923 0.028846153846153848 0.03365384615384615 0.054086538461538464
0 0.25961538461538464 0.021634615384615384 0.038461538461538464 0.04326923076923077
0 0.004807692307692308 0.016826923076923076 0.009615384615384616 0.03365384615384615
0 0.16706730769230768 0.021634615384615384 0.046875 0.04326923076923077
0 0.41586538461538464 0.015625 0.04927884615384615 0.03125
0 0.359375 0.010817307692307692 0.028846153846153848 0.020432692307692308
0 0.13341346153846154 0.006009615384615385 0.026442307692307692 0.01201923076923077
0 0.3317307692307692 0.01201923076923077 0.04927884615384615 0.02283653846153846
0 0.45072115384615385 0.006009615384615385 0.021634615384615384 0.01201923076923077
0 0.06129807692307692 0.7548076923076923 0.046875 0.040865384615384616
0 0.24278846153846154 0.7536057692307693 0.040865384615384616 0.04326923076923077
0 0.30528846153846156 0.7548076923076923 0.028846153846153848 0.040865384615384616
0 0.4483173076923077 0.7451923076923077 0.03125 0.06129807692307692
0 0.3425480769230769 0.7475961538461539 0.038461538461538464 0.054086538461538464
0 0.3942307692307692 0.7427884615384616 0.028846153846153848 0.040865384615384616
0 0.2848557692307692 0.7331730769230769 0.038461538461538464 0.054086538461538464
0 0.15504807692307693 0.7259615384615384 0.046875 0.06971153846153846
0 0.20192307692307693 0.7127403846153846 0.04927884615384615 0.07451923076923077
0 0.004807692307692308 0.7091346153846154 0.009615384615384616 0.04326923076923077
0 0.027644230769230768 0.7103365384615384 0.03365384615384615 0.056490384615384616
0 0.36538461538461536 0.7067307692307693 0.04927884615384615 0.07211538461538461
0 0.09375 0.7043269230769231 0.02283653846153846 0.046875
0 0.31009615384615385 0.703125 0.03125 0.040865384615384616
0 0.06490384615384616 0.6995192307692307 0.04927884615384615 0.06971153846153846
0 0.2536057692307692 0.6995192307692307 0.051682692307692304 0.07451923076923077
0 0.11778846153846154 0.6826923076923077 0.025240384615384616 0.040865384615384616
0 0.4411057692307692 0.6802884615384616 0.046875 0.07211538461538461
0 0.296875 0.6682692307692307 0.028846153846153848 0.04326923076923077
0 0.010817307692307692 0.6658653846153846 0.020432692307692308 0.038461538461538464
0 0.9170673076923077 0.23557692307692307 0.16466346153846154 0.3894230769230769
0 0.03485576923076923 0.9146634615384616 0.06971153846153846 0.17067307692307693
0 0.3401442307692308 0.9074519230769231 0.17548076923076922 0.18509615384615385
0 0.13341346153846154 0.8870192307692307 0.17548076923076922 0.22596153846153846
0 0.02403846153846154 0.8497596153846154 0.04807692307692308 0.1466346153846154
0 0.8052884615384616 0.9927884615384616 0.07692307692307693 0.014423076923076924
0 0.49038461538461536 0.9507211538461539 0.054086538461538464 0.09735576923076923
0 0.7680288461538461 0.9519230769230769 0.0673076923076923 0.09495192307692307
0 0.8377403846153846 0.9519230769230769 0.0673076923076923 0.09495192307692307
0 0.6262019230769231 0.9483173076923077 0.07211538461538461 0.10336538461538461
0 0.6983173076923077 0.9495192307692307 0.0673076923076923 0.10096153846153846
0 0.9158653846153846 0.9459134615384616 0.07451923076923077 0.10817307692307693
0 0.5564903846153846 0.9447115384615384 0.07211538461538461 0.10096153846153846
0 0.9831730769230769 0.9302884615384616 0.03365384615384615 0.11298076923076923
0 0.5889423076923077 0.8641826923076923 0.06490384615384616 0.09735576923076923
0 0.5192307692307693 0.8473557692307693 0.07451923076923077 0.10817307692307693
0 0.8846153846153846 0.8377403846153846 0.06490384615384616 0.10336538461538461
0 0.7391826923076923 0.8317307692307693 0.07692307692307693 0.11057692307692307
0 0.9603365384615384 0.828125 0.06971153846153846 0.10336538461538461
0 0.6658653846153846 0.8197115384615384 0.07932692307692307 0.08774038461538461
0 0.8353365384615384 0.8064903846153846 0.08774038461538461 0.06129807692307692