0 0.4879807692307692 0.4651442307692308 0.09735576923076923 0.19110576923076922
0 0.3137019230769231 0.453125 0.13581730769230768 0.19110576923076922
0 0.41346153846153844 0.26802884615384615 0.1310096153846154 0.18269230769230768
0 0.27884615384615385 0.2247596153846154 0.13822115384615385 0.20192307692307693
0 0.0985576923076923 0.20793269230769232 0.14182692307692307 0.18629807692307693
0 0.35096153846153844 0.09134615384615384 0.13341346153846154 0.18269230769230768
0 0.4807692307692308 0.07451923076923077 0.11298076923076923 0.14903846153846154
0 0.20673076923076922 0.06370192307692307 0.13942307692307693 0.12740384615384615
0 0.7403846153846154 0.5709134615384616 0.109375 0.09375
0 0.9350961538461539 0.5612980769230769 0.1045673076923077 0.11298076923076923
0 0.7548076923076923 0.3942307692307692 0.109375 0.19110576923076922
0 0.9254807692307693 0.39302884615384615 0.1045673076923077 0.19110576923076922
0 0.7908653846153846 0.14423076923076922 0.109375 0.19110576923076922
0 0.9651442307692307 0.12860576923076922 0.06971153846153846 0.18990384615384615
0 0.3545673076923077 0.890625 0.17067307692307693 0.21875
0 0.16105769230769232 0.8689903846153846 0.19591346153846154 0.2620192307692308
0 0.027644230769230768 0.859375 0.055288461538461536 0.2800480769230769
0 0.37259615384615385 0.6899038461538461 0.19110576923076922 0.14423076923076922
0 0.17668269230769232 0.6706730769230769 0.18028846153846154 0.1045673076923077
0 0.039663461538461536 0.6550480769230769 0.078125 0.0733173076923077
0 0.8112980769230769 0.9338942307692307 0.15144230769230768 0.13221153846153846
0 0.6177884615384616 0.9326923076923077 0.1310096153846154 0.13341346153846154
0 0.7175480769230769 0.7848557692307693 0.1466346153846154 0.18269230769230768
0 0.5913461538461539 0.7824519230769231 0.109375 0.17307692307692307
0 0.8725961538461539 0.734375 0.1045673076923077 0.13341346153846154
0 0.9831730769230769 0.7223557692307693 0.03365384615384615 0.2091346153846154
0 0.6490384615384616 0.6646634615384616 0.13581730769230768 0.09375
0 0.7764423076923077 0.7007211538461539 0.12259615384615384 0.14182692307692307