0 0.33413461538461536 0.04927884615384615 0.12980769230769232 0.0985576923076923
0 0.05889423076923077 0.054086538461538464 0.11778846153846154 0.10697115384615384
0 0.21033653846153846 0.07091346153846154 0.1466346153846154 0.14182692307692307
0 0.3737980769230769 0.18629807692307693 0.054086538461538464 0.19951923076923078
0 0.12259615384615384 0.1971153846153846 0.140625 0.1935096153846154
0 0.02403846153846154 0.19951923076923078 0.04807692307692308 0.21995192307692307
0 0.27283653846153844 0.20793269230769232 0.1502403846153846 0.21153846153846154
0 0.3317307692307692 0.36899038461538464 0.1346153846153846 0.1935096153846154
0 0.18629807692307693 0.3737980769230769 0.14783653846153846 0.21153846153846154
0 0.055288461538461536 0.3894230769230769 0.109375 0.19110576923076922
0 0.36538461538461536 0.48677884615384615 0.07091346153846154 0.10216346153846154
0 0.25240384615384615 0.48677884615384615 0.15264423076923078 0.10216346153846154
0 0.10576923076923077 0.4963942307692308 0.140625 0.08413461538461539
0 0.9915865384615384 0.1778846153846154 0.016826923076923076 0.04807692307692308
0 0.9711538461538461 0.18028846153846154 0.03365384615384615 0.04807692307692308
0 0.48197115384615385 0.18028846153846154 0.036057692307692304 0.04807692307692308
0 0.44711538461538464 0.18028846153846154 0.036057692307692304 0.04807692307692308
0 0.41586538461538464 0.17908653846153846 0.030048076923076924 0.05048076923076923
0 0.5492788461538461 0.1814903846153846 0.036057692307692304 0.04807692307692308
0 0.515625 0.1814903846153846 0.036057692307692304 0.04567307692307692
0 0.9387019230769231 0.1814903846153846 0.036057692307692304 0.04807692307692308
0 0.5829326923076923 0.1814903846153846 0.03365384615384615 0.04807692307692308
0 0.9050480769230769 0.18269230769230768 0.03365384615384615 0.04807692307692308
0 0.6153846153846154 0.18269230769230768 0.036057692307692304 0.04807692307692308
0 0.8737980769230769 0.18269230769230768 0.03365384615384615 0.04807692307692308
0 0.6814903846153846 0.18269230769230768 0.03365384615384615 0.04807692307692308
0 0.6478365384615384 0.18269230769230768 0.03365384615384615 0.04807692307692308
0 0.8100961538461539 0.18269230769230768 0.03365384615384615 0.04567307692307692
0 0.7776442307692307 0.18269230769230768 0.036057692307692304 0.04807692307692308
0 0.8413461538461539 0.18389423076923078 0.030048076923076924 0.04567307692307692
0 0.7463942307692307 0.18389423076923078 0.03365384615384615 0.04567307692307692
0 0.7127403846153846 0.18389423076923078 0.03365384615384615 0.04567307692307692
0 0.9831730769230769 0.21634615384615385 0.03365384615384615 0.04567307692307692
0 0.4338942307692308 0.21754807692307693 0.036057692307692304 0.04807692307692308
0 0.46634615384615385 0.21754807692307693 0.036057692307692304 0.04807692307692308
0 0.9519230769230769 0.21754807692307693 0.03365384615384615 0.04567307692307692
0 0.5348557692307693 0.21754807692307693 0.036057692307692304 0.04807692307692308
0 0.5012019230769231 0.21754807692307693 0.036057692307692304 0.04807692307692308
0 0.40865384615384615 0.21754807692307693 0.015625 0.04807692307692308
0 0.9206730769230769 0.21995192307692307 0.03365384615384615 0.04567307692307692
0 0.5673076923076923 0.21995192307692307 0.036057692307692304 0.04807692307692308
0 0.8882211538461539 0.21995192307692307 0.03365384615384615 0.04567307692307692
0 0.6009615384615384 0.21995192307692307 0.036057692307692304 0.04807692307692308
0 0.8569711538461539 0.22115384615384615 0.03365384615384615 0.04567307692307692
0 0.8257211538461539 0.22115384615384615 0.03365384615384615 0.04567307692307692
0 0.7932692307692307 0.22115384615384615 0.03365384615384615 0.04567307692307692
0 0.7620192307692307 0.22115384615384615 0.030048076923076924 0.04567307692307692
0 0.7295673076923077 0.22115384615384615 0.03365384615384615 0.04567307692307692
0 0.6971153846153846 0.22115384615384615 0.03365384615384615 0.04567307692307692
0 0.6658653846153846 0.22115384615384615 0.03365384615384615 0.04807692307692308
0 0.6322115384615384 0.22115384615384615 0.036057692307692304 0.04807692307692308
0 0.9891826923076923 0.2512019230769231 0.021634615384615384 0.04567307692307692
0 0.9651442307692307 0.2548076923076923 0.03365384615384615 0.04567307692307692
0 0.9338942307692307 0.2548076923076923 0.03365384615384615 0.04567307692307692
0 0.48677884615384615 0.2548076923076923 0.036057692307692304 0.04807692307692308
0 0.453125 0.2548076923076923 0.036057692307692304 0.04807692307692308
0 0.9014423076923077 0.25600961538461536 0.03365384615384615 0.04567307692307692
0 0.5204326923076923 0.25600961538461536 0.036057692307692304 0.04807692307692308
0 0.4182692307692308 0.25600961538461536 0.036057692307692304 0.04807692307692308
0 0.8713942307692307 0.25600961538461536 0.03365384615384615 0.04567307692307692
0 0.8389423076923077 0.25600961538461536 0.03365384615384615 0.04567307692307692
0 0.5853365384615384 0.25600961538461536 0.03365384615384615 0.04567307692307692
0 0.5540865384615384 0.25600961538461536 0.036057692307692304 0.04567307692307692
0 0.8088942307692307 0.25600961538461536 0.030048076923076924 0.04567307692307692
0 0.7764423076923077 0.25721153846153844 0.03365384615384615 0.04567307692307692
0 0.7451923076923077 0.25721153846153844 0.030048076923076924 0.04567307692307692
0 0.7139423076923077 0.25721153846153844 0.03365384615384615 0.04567307692307692
0 0.6826923076923077 0.25721153846153844 0.03365384615384615 0.04567307692307692
0 0.6189903846153846 0.25721153846153844 0.03365384615384615 0.04567307692307692
0 0.6502403846153846 0.25721153846153844 0.030048076923076924 0.04567307692307692
0 0.9795673076923077 0.29086538461538464 0.03365384615384615 0.04567307692307692
0 0.9471153846153846 0.29086538461538464 0.03365384615384615 0.04326923076923077
0 0.9158653846153846 0.2920673076923077 0.03365384615384615 0.04567307692307692
0 0.8846153846153846 0.2920673076923077 0.03365384615384615 0.04326923076923077
0 0.8545673076923077 0.2920673076923077 0.03365384615384615 0.04326923076923077
0 0.8221153846153846 0.2920673076923077 0.03365384615384615 0.04326923076923077
0 0.7920673076923077 0.2920673076923077 0.030048076923076924 0.04326923076923077
0 0.5384615384615384 0.2920673076923077 0.03365384615384615 0.04567307692307692
0 0.5048076923076923 0.2920673076923077 0.03365384615384615 0.04567307692307692
0 0.4723557692307692 0.2920673076923077 0.03365384615384615 0.04567307692307692
0 0.7596153846153846 0.2932692307692308 0.03365384615384615 0.04326923076923077
0 0.5709134615384616 0.2932692307692308 0.036057692307692304 0.04567307692307692
0 0.4387019230769231 0.2932692307692308 0.03365384615384615 0.04567307692307692
0 0.7295673076923077 0.2932692307692308 0.03365384615384615 0.04326923076923077
0 0.6971153846153846 0.2932692307692308 0.03365384615384615 0.04326923076923077
0 0.6346153846153846 0.2932692307692308 0.03365384615384615 0.04326923076923077
0 0.6033653846153846 0.2932692307692308 0.03365384615384615 0.04326923076923077
0 0.4110576923076923 0.2920673076923077 0.020432692307692308 0.04326923076923077
0 0.6658653846153846 0.2932692307692308 0.03365384615384615 0.04326923076923077
0 0.9879807692307693 0.3245192307692308 0.02283653846153846 0.04567307692307692
0 0.9615384615384616 0.3269230769230769 0.03365384615384615 0.04326923076923077
0 0.9302884615384616 0.3269230769230769 0.03365384615384615 0.04326923076923077
0 0.8990384615384616 0.3269230769230769 0.03365384615384615 0.04326923076923077
0 0.8689903846153846 0.328125 0.03365384615384615 0.04326923076923077
0 0.8365384615384616 0.328125 0.03365384615384615 0.04326923076923077
0 0.8076923076923077 0.328125 0.03365384615384615 0.04326923076923077
0 0.7752403846153846 0.328125 0.030048076923076924 0.04326923076923077
0 0.7451923076923077 0.328125 0.030048076923076924 0.04326923076923077
0 0.7139423076923077 0.328125 0.03365384615384615 0.04326923076923077
0 0.6826923076923077 0.3293269230769231 0.03365384615384615 0.04326923076923077
0 0.6502403846153846 0.3293269230769231 0.030048076923076924 0.04326923076923077
0 0.6201923076923077 0.3293269230769231 0.030048076923076924 0.04326923076923077
0 0.5877403846153846 0.3293269230769231 0.030048076923076924 0.04567307692307692
0 0.5228365384615384 0.3293269230769231 0.03365384615384615 0.04567307692307692
0 0.49158653846153844 0.3293269230769231 0.036057692307692304 0.04567307692307692
0 0.4579326923076923 0.3293269230769231 0.036057692307692304 0.04567307692307692
0 0.42427884615384615 0.3293269230769231 0.036057692307692304 0.04567307692307692
0 0.5564903846153846 0.3293269230769231 0.03365384615384615 0.04567307692307692
0 0.40384615384615385 0.33052884615384615 0.007211538461538462 0.04326923076923077
0 0.9951923076923077 0.359375 0.009615384615384616 0.04567307692307692
0 0.9759615384615384 0.36177884615384615 0.03365384615384615 0.04326923076923077
0 0.9435096153846154 0.36177884615384615 0.03365384615384615 0.04326923076923077
0 0.8822115384615384 0.36177884615384615 0.030048076923076924 0.04326923076923077
0 0.9134615384615384 0.36177884615384615 0.030048076923076924 0.04326923076923077
0 0.8521634615384616 0.36177884615384615 0.03365384615384615 0.04326923076923077
0 0.8209134615384616 0.36177884615384615 0.03365384615384615 0.04326923076923077
0 0.7908653846153846 0.3629807692307692 0.03365384615384615 0.04326923076923077
0 0.7596153846153846 0.3629807692307692 0.03365384615384615 0.04326923076923077
0 0.7295673076923077 0.3629807692307692 0.03365384615384615 0.04326923076923077
0 0.6995192307692307 0.3629807692307692 0.030048076923076924 0.04326923076923077
0 0.6670673076923077 0.3629807692307692 0.03365384615384615 0.04326923076923077
0 0.6370192307692307 0.36538461538461536 0.030048076923076924 0.04326923076923077
0 0.6045673076923077 0.36538461538461536 0.030048076923076924 0.04326923076923077
0 0.5721153846153846 0.36538461538461536 0.03365384615384615 0.04326923076923077
0 0.5408653846153846 0.36538461538461536 0.03365384615384615 0.04567307692307692
0 0.47716346153846156 0.36538461538461536 0.036057692307692304 0.04567307692307692
0 0.44350961538461536 0.36538461538461536 0.03365384615384615 0.04567307692307692
0 0.5084134615384616 0.36658653846153844 0.03365384615384615 0.04326923076923077
0 0.41346153846153844 0.36538461538461536 0.025240384615384616 0.04567307692307692
0 0.9855769230769231 0.3942307692307692 0.027644230769230768 0.04326923076923077
0 0.9579326923076923 0.3954326923076923 0.030048076923076924 0.04326923076923077
0 0.9278846153846154 0.3954326923076923 0.030048076923076924 0.04326923076923077
0 0.8966346153846154 0.39663461538461536 0.030048076923076924 0.04326923076923077
0 0.8353365384615384 0.39663461538461536 0.03365384615384615 0.04326923076923077
0 0.8064903846153846 0.39663461538461536 0.030048076923076924 0.04326923076923077
0 0.8665865384615384 0.39663461538461536 0.03365384615384615 0.04326923076923077
0 0.7752403846153846 0.39663461538461536 0.030048076923076924 0.04326923076923077
0 0.7451923076923077 0.39663461538461536 0.030048076923076924 0.04326923076923077
0 0.7139423076923077 0.39783653846153844 0.030048076923076924 0.04326923076923077
0 0.6838942307692307 0.39783653846153844 0.03365384615384615 0.04326923076923077
0 0.6526442307692307 0.39783653846153844 0.030048076923076924 0.04326923076923077
0 0.6225961538461539 0.39903846153846156 0.030048076923076924 0.04326923076923077
0 0.5588942307692307 0.39903846153846156 0.03365384615384615 0.04326923076923077
0 0.5901442307692307 0.39903846153846156 0.030048076923076924 0.04326923076923077
0 0.5264423076923077 0.40024038461538464 0.03365384615384615 0.04326923076923077
0 0.46274038461538464 0.40024038461538464 0.03365384615384615 0.04326923076923077
0 0.4951923076923077 0.40024038461538464 0.03365384615384615 0.04326923076923077
0 0.43028846153846156 0.40024038461538464 0.036057692307692304 0.04567307692307692
0 0.4074519230769231 0.40024038461538464 0.013221153846153846 0.04567307692307692
0 0.9915865384615384 0.42788461538461536 0.016826923076923076 0.04326923076923077
0 0.9723557692307693 0.43028846153846156 0.030048076923076924 0.04326923076923077
0 0.9411057692307693 0.43028846153846156 0.030048076923076924 0.04326923076923077
0 0.8497596153846154 0.43028846153846156 0.030048076923076924 0.04326923076923077
0 0.8197115384615384 0.43028846153846156 0.030048076923076924 0.04326923076923077
0 0.9122596153846154 0.43028846153846156 0.030048076923076924 0.04326923076923077
0 0.8798076923076923 0.43149038461538464 0.03365384615384615 0.04326923076923077
0 0.7896634615384616 0.43149038461538464 0.030048076923076924 0.04326923076923077
0 0.7584134615384616 0.43149038461538464 0.030048076923076924 0.04326923076923077
0 0.7295673076923077 0.43149038461538464 0.030048076923076924 0.040865384615384616
0 0.6995192307692307 0.4326923076923077 0.030048076923076924 0.040865384615384616
0 0.6682692307692307 0.4326923076923077 0.030048076923076924 0.040865384615384616
0 0.6069711538461539 0.4326923076923077 0.030048076923076924 0.040865384615384616
0 0.6382211538461539 0.4326923076923077 0.03365384615384615 0.04326923076923077
0 0.5769230769230769 0.4338942307692308 0.03365384615384615 0.040865384615384616
0 0.5444711538461539 0.4338942307692308 0.03365384615384615 0.040865384615384616
0 0.5132211538461539 0.43509615384615385 0.03365384615384615 0.04326923076923077
0 0.4807692307692308 0.43509615384615385 0.03365384615384615 0.04326923076923077
0 0.4495192307692308 0.43509615384615385 0.03365384615384615 0.04326923076923077
0 0.41586538461538464 0.43509615384615385 0.030048076923076924 0.04326923076923077
0 0.984375 0.46274038461538464 0.030048076923076924 0.040865384615384616
0 0.9555288461538461 0.46274038461538464 0.030048076923076924 0.04326923076923077
0 0.9242788461538461 0.46274038461538464 0.030048076923076924 0.04326923076923077
0 0.8942307692307693 0.46274038461538464 0.030048076923076924 0.040865384615384616
0 0.8629807692307693 0.46274038461538464 0.030048076923076924 0.04326923076923077
0 0.8341346153846154 0.46274038461538464 0.030048076923076924 0.04326923076923077
0 0.8040865384615384 0.46274038461538464 0.030048076923076924 0.04326923076923077
0 0.7740384615384616 0.4639423076923077 0.030048076923076924 0.04326923076923077
0 0.7451923076923077 0.4639423076923077 0.030048076923076924 0.040865384615384616
0 0.7139423076923077 0.4639423076923077 0.03365384615384615 0.040865384615384616
0 0.6838942307692307 0.4651442307692308 0.030048076923076924 0.04326923076923077
0 0.6526442307692307 0.4651442307692308 0.030048076923076924 0.04326923076923077
0 0.6237980769230769 0.4651442307692308 0.030048076923076924 0.04326923076923077
0 0.5925480769230769 0.46634615384615385 0.03365384615384615 0.04326923076923077
0 0.5612980769230769 0.46634615384615385 0.03365384615384615 0.04326923076923077
0 0.5300480769230769 0.4675480769230769 0.03365384615384615 0.04326923076923077
0 0.49759615384615385 0.4675480769230769 0.03365384615384615 0.04326923076923077
0 0.46634615384615385 0.4699519230769231 0.030048076923076924 0.04326923076923077
0 0.4338942307692308 0.4699519230769231 0.03365384615384615 0.04326923076923077
0 0.4098557692307692 0.4699519230769231 0.018028846153846152 0.040865384615384616
0 0.9903846153846154 0.49278846153846156 0.019230769230769232 0.04326923076923077
0 0.8185096153846154 0.4963942307692308 0.030048076923076924 0.04326923076923077
0 0.9387019230769231 0.4963942307692308 0.03365384615384615 0.040865384615384616
0 0.9086538461538461 0.4963942307692308 0.030048076923076924 0.040865384615384616
0 0.8774038461538461 0.4963942307692308 0.030048076923076924 0.040865384615384616
0 0.8485576923076923 0.4963942307692308 0.030048076923076924 0.040865384615384616
0 0.7884615384615384 0.4963942307692308 0.030048076923076924 0.040865384615384616
0 0.7584134615384616 0.4963942307692308 0.030048076923076924 0.04326923076923077
0 0.9675480769230769 0.4963942307692308 0.03365384615384615 0.040865384615384616
0 0.7295673076923077 0.4963942307692308 0.030048076923076924 0.040865384615384616
0 0.6995192307692307 0.49759615384615385 0.03365384615384615 0.040865384615384616
0 0.6694711538461539 0.4987980769230769 0.030048076923076924 0.040865384615384616
0 0.6081730769230769 0.4987980769230769 0.030048076923076924 0.040865384615384616
0 0.6394230769230769 0.4987980769230769 0.030048076923076924 0.040865384615384616
0 0.578125 0.5 0.030048076923076924 0.040865384615384616
0 0.546875 0.5012019230769231 0.030048076923076924 0.040865384615384616
0 0.515625 0.5024038461538461 0.03365384615384615 0.040865384615384616
0 0.4831730769230769 0.5024038461538461 0.030048076923076924 0.040865384615384616
0 0.453125 0.5024038461538461 0.03365384615384615 0.040865384615384616
0 0.4206730769230769 0.5036057692307693 0.030048076923076924 0.04326923076923077
0 0.9795673076923077 0.5228365384615384 0.030048076923076924 0.030048076923076924
0 0.9519230769230769 0.5228365384615384 0.030048076923076924 0.030048076923076924
0 0.9206730769230769 0.5228365384615384 0.030048076923076924 0.030048076923076924
0 0.890625 0.5228365384615384 0.030048076923076924 0.030048076923076924
0 0.8317307692307693 0.5228365384615384 0.030048076923076924 0.030048076923076924
0 0.8028846153846154 0.5228365384615384 0.027644230769230768 0.030048076923076924
0 0.7728365384615384 0.5228365384615384 0.030048076923076924 0.030048076923076924
0 0.8605769230769231 0.5240384615384616 0.03365384615384615 0.027644230769230768
0 0.7427884615384616 0.5228365384615384 0.030048076923076924 0.030048076923076924
0 0.7139423076923077 0.5228365384615384 0.030048076923076924 0.030048076923076924
0 0.6838942307692307 0.5240384615384616 0.030048076923076924 0.027644230769230768
0 0.6526442307692307 0.5240384615384616 0.030048076923076924 0.027644230769230768
0 0.6225961538461539 0.5240384615384616 0.030048076923076924 0.027644230769230768
0 0.5949519230769231 0.5240384615384616 0.030048076923076924 0.027644230769230768
0 0.5612980769230769 0.5252403846153846 0.030048076923076924 0.025240384615384616
0 0.5324519230769231 0.5252403846153846 0.03365384615384615 0.025240384615384616
0 0.4699519230769231 0.5264423076923077 0.030048076923076924 0.02283653846153846
0 0.5012019230769231 0.5264423076923077 0.03365384615384615 0.02283653846153846
0 0.4375 0.5264423076923077 0.03365384615384615 0.02283653846153846
0 0.41225961538461536 0.5264423076923077 0.02283653846153846 0.02283653846153846
0 0.4074519230769231 0.13942307692307693 0.013221153846153846 0.04807692307692308
0 0.46274038461538464 0.140625 0.036057692307692304 0.04567307692307692
0 0.43028846153846156 0.140625 0.036057692307692304 0.04807692307692308
0 0.984375 0.14182692307692307 0.030048076923076924 0.04807692307692308
0 0.5324519230769231 0.14182692307692307 0.036057692307692304 0.04807692307692308
0 0.49759615384615385 0.14182692307692307 0.036057692307692304 0.04807692307692308
0 0.5649038461538461 0.14182692307692307 0.036057692307692304 0.04807692307692308
0 0.9555288461538461 0.14182692307692307 0.03365384615384615 0.04567307692307692
0 0.5985576923076923 0.14302884615384615 0.036057692307692304 0.04807692307692308
0 0.9230769230769231 0.14423076923076922 0.03365384615384615 0.04567307692307692
0 0.6646634615384616 0.14423076923076922 0.03365384615384615 0.04807692307692308
0 0.6322115384615384 0.14423076923076922 0.036057692307692304 0.04807692307692308
0 0.8918269230769231 0.14423076923076922 0.03365384615384615 0.04807692307692308
0 0.18509615384615385 0.5889423076923077 0.054086538461538464 0.08653846153846154
0 0.12620192307692307 0.5889423076923077 0.054086538461538464 0.08653846153846154
0 0.06850961538461539 0.5901442307692307 0.054086538461538464 0.08653846153846154
0 0.019230769230769232 0.5913461538461539 0.038461538461538464 0.08653846153846154
0 0.21514423076923078 0.6706730769230769 0.054086538461538464 0.0889423076923077
0 0.15745192307692307 0.671875 0.054086538461538464 0.0889423076923077
0 0.0985576923076923 0.6730769230769231 0.054086538461538464 0.0889423076923077
0 0.040865384615384616 0.6730769230769231 0.05048076923076923 0.08653846153846154
0 0.003605769230769231 0.6730769230769231 0.007211538461538462 0.08653846153846154
0 0.0673076923076923 0.7536057692307693 0.05048076923076923 0.08653846153846154
0 0.018028846153846152 0.7524038461538461 0.036057692307692304 0.08653846153846154
0 0.12620192307692307 0.7548076923076923 0.05048076923076923 0.0889423076923077
0 0.18389423076923078 0.7560096153846154 0.054086538461538464 0.09134615384615384
0 0.09735576923076923 0.8341346153846154 0.05048076923076923 0.08653846153846154
0 0.036057692307692304 0.8353365384615384 0.05048076923076923 0.08653846153846154
0 0.21394230769230768 0.8353365384615384 0.056490384615384616 0.0889423076923077
0 0.15144230769230768 0.8377403846153846 0.054086538461538464 0.0889423076923077
0 0.32572115384615385 0.9086538461538461 0.054086538461538464 0.08413461538461539
0 0.3786057692307692 0.9098557692307693 0.04326923076923077 0.08413461538461539
0 0.015625 0.9170673076923077 0.030048076923076924 0.08413461538461539
0 0.06610576923076923 0.9170673076923077 0.05048076923076923 0.08653846153846154
0 0.18509615384615385 0.9182692307692307 0.054086538461538464 0.0889423076923077
0 0.12259615384615384 0.9182692307692307 0.05048076923076923 0.08653846153846154
0 0.35336538461538464 0.9747596153846154 0.054086538461538464 0.05048076923076923
0 0.39302884615384615 0.9759615384615384 0.015625 0.04807692307692308
0 0.036057692307692304 0.9771634615384616 0.05048076923076923 0.04567307692307692
0 0.09134615384615384 0.9783653846153846 0.05048076923076923 0.04326923076923077
0 0.1502403846153846 0.9783653846153846 0.05048076923076923 0.04326923076923077
0 0.21394230769230768 0.9795673076923077 0.056490384615384616 0.040865384615384616
0 0.5889423076923077 0.578125 0.2403846153846154 0.07932692307692307
0 0.8269230769230769 0.578125 0.234375 0.07932692307692307
0 0.9158653846153846 0.7463942307692307 0.16826923076923078 0.36538461538461536
0 0.49399038461538464 0.7463942307692307 0.18629807692307693 0.3545673076923077
0 0.7055288461538461 0.7475961538461539 0.24278846153846154 0.36177884615384615
0 0.9807692307692307 0.9387019230769231 0.038461538461538464 0.12259615384615384
0 0.5817307692307693 0.9387019230769231 0.25 0.12259615384615384
0 0.8341346153846154 0.9399038461538461 0.25961538461538464 0.1201923076923077