0 0.15745192307692307 0.036057692307692304 0.13341346153846154 0.07091346153846154
0 0.042067307692307696 0.052884615384615384 0.08413461538461539 0.10576923076923077
0 0.5060096153846154 0.06009615384615385 0.11538461538461539 0.1201923076923077
0 0.6189903846153846 0.06009615384615385 0.11057692307692307 0.1201923076923077
0 0.6850961538461539 0.0625 0.02403846153846154 0.125
0 0.24278846153846154 0.12259615384615384 0.13341346153846154 0.19951923076923078
0 0.11298076923076923 0.15745192307692307 0.1310096153846154 0.1971153846153846
0 0.5661057692307693 0.18870192307692307 0.10817307692307693 0.1778846153846154
0 0.6574519230769231 0.1875 0.07932692307692307 0.171875
0 0.453125 0.18990384615384615 0.1201923076923077 0.1875
0 0.02403846153846154 0.19110576923076922 0.04807692307692308 0.19471153846153846
0 0.19951923076923078 0.30649038461538464 0.1310096153846154 0.19230769230769232
0 0.6838942307692307 0.3329326923076923 0.027644230769230768 0.1622596153846154
0 0.06850961538461539 0.3425480769230769 0.1310096153846154 0.19471153846153846
0 0.6262019230769231 0.3449519230769231 0.0985576923076923 0.171875
0 0.5276442307692307 0.36177884615384615 0.12620192307692307 0.19230769230769232
0 0.004807692307692308 0.3713942307692308 0.009615384615384616 0.1875
0 0.29086538461538464 0.5192307692307693 0.12620192307692307 0.1778846153846154
0 0.5949519230769231 0.5228365384615384 0.07932692307692307 0.1201923076923077
0 0.6682692307692307 0.5228365384615384 0.056490384615384616 0.1201923076923077
0 0.5120192307692307 0.5264423076923077 0.08173076923076923 0.11778846153846154
0 0.05048076923076923 0.5240384615384616 0.10096153846153846 0.171875
0 0.16466346153846154 0.5300480769230769 0.12620192307692307 0.1778846153846154
0 0.42788461538461536 0.53125 0.08653846153846154 0.12860576923076922
0 0.6310096153846154 0.6237980769230769 0.07692307692307693 0.11298076923076923
0 0.5516826923076923 0.6358173076923077 0.08173076923076923 0.11538461538461539
0 0.4675480769230769 0.6382211538461539 0.08413461538461539 0.11778846153846154
0 0.11057692307692307 0.6646634615384616 0.11778846153846154 0.1622596153846154
0 0.23076923076923078 0.6682692307692307 0.11778846153846154 0.16466346153846154
0 0.026442307692307692 0.6694711538461539 0.051682692307692304 0.16706730769230768
0 0.35216346153846156 0.6802884615384616 0.12259615384615384 0.16706730769230768
0 0.30528846153846156 0.013221153846153846 0.12980769230769232 0.026442307692307692
0 0.4651442307692308 0.421875 0.08653846153846154 0.12259615384615384
0 0.7824519230769231 0.31490384615384615 0.16466346153846154 0.24639423076923078
0 0.9338942307692307 0.3173076923076923 0.13221153846153846 0.25
0 0.9711538461538461 0.5192307692307693 0.056490384615384616 0.23677884615384615
0 0.7367788461538461 0.5240384615384616 0.07932692307692307 0.24158653846153846
0 0.859375 0.5264423076923077 0.1622596153846154 0.24639423076923078
0 0.7740384615384616 0.6826923076923077 0.15504807692307693 0.1622596153846154
0 0.9266826923076923 0.6850961538461539 0.1466346153846154 0.15384615384615385
0 0.9122596153846154 0.8858173076923077 0.15745192307692307 0.21634615384615385