0 0.24879807692307693 0.4375 0.09134615384615384 0.1310096153846154
0 0.3401442307692308 0.4375 0.09134615384615384 0.1310096153846154
0 0.515625 0.4375 0.07451923076923077 0.1310096153846154
0 0.07091346153846154 0.4375 0.08774038461538461 0.1310096153846154
0 0.010817307692307692 0.4375 0.021634615384615384 0.1310096153846154
0 0.4338942307692308 0.4362980769230769 0.08774038461538461 0.13341346153846154
0 0.15745192307692307 0.4362980769230769 0.08533653846153846 0.13341346153846154
0 0.03245192307692308 0.32211538461538464 0.06370192307692307 0.13581730769230768
0 0.2956730769230769 0.32211538461538464 0.09134615384615384 0.13581730769230768
0 0.11057692307692307 0.32211538461538464 0.08774038461538461 0.13581730769230768
0 0.47836538461538464 0.32211538461538464 0.09134615384615384 0.13581730769230768
0 0.38822115384615385 0.32091346153846156 0.09134615384615384 0.13341346153846154
0 0.20552884615384615 0.32091346153846156 0.08774038461538461 0.13341346153846154
0 0.5384615384615384 0.32091346153846156 0.028846153846153848 0.13341346153846154
0 0.24759615384615385 0.20552884615384615 0.09134615384615384 0.13581730769230768
0 0.15865384615384615 0.20552884615384615 0.09134615384615384 0.13341346153846154
0 0.43149038461538464 0.20432692307692307 0.09134615384615384 0.13581730769230768
0 0.008413461538461538 0.20432692307692307 0.015625 0.13581730769230768
0 0.06610576923076923 0.20432692307692307 0.09134615384615384 0.13581730769230768
0 0.34134615384615385 0.20432692307692307 0.09134615384615384 0.13581730769230768
0 0.515625 0.20432692307692307 0.07451923076923077 0.13581730769230768
0 0.20432692307692307 0.09014423076923077 0.09134615384615384 0.13581730769230768
0 0.10817307692307693 0.08774038461538461 0.09134615384615384 0.13581730769230768
0 0.03125 0.08774038461538461 0.06129807692307692 0.13341346153846154
0 0.2956730769230769 0.08653846153846154 0.09134615384615384 0.13581730769230768
0 0.3858173076923077 0.08533653846153846 0.09134615384615384 0.13341346153846154
0 0.47716346153846156 0.08533653846153846 0.09134615384615384 0.13581730769230768
0 0.5372596153846154 0.0829326923076923 0.03245192307692308 0.13942307692307693
0 0.15745192307692307 0.019230769230769232 0.09134615384615384 0.037259615384615384
0 0.06009615384615385 0.016826923076923076 0.09134615384615384 0.03365384615384615
0 0.25 0.019230769230769232 0.08774038461538461 0.037259615384615384
0 0.3389423076923077 0.016826923076923076 0.09134615384615384 0.03365384615384615
0 0.43028846153846156 0.016826923076923076 0.08653846153846154 0.03365384615384615
0 0.515625 0.015625 0.07451923076923077 0.03125
0 0.6923076923076923 0.4266826923076923 0.09615384615384616 0.15264423076923078
0 0.5709134615384616 0.41466346153846156 0.03485576923076923 0.15985576923076922
0 0.8425480769230769 0.4098557692307692 0.0985576923076923 0.1502403846153846
0 0.6237980769230769 0.2283653846153846 0.07451923076923077 0.109375
0 0.5841346153846154 0.04326923076923077 0.06129807692307692 0.08533653846153846
0 0.4963942307692308 0.9074519230769231 0.109375 0.18389423076923078
0 0.2956730769230769 0.9038461538461539 0.109375 0.19230769230769232
0 0.028846153846153848 0.7175480769230769 0.057692307692307696 0.27163461538461536
0 0.4543269230769231 0.6862980769230769 0.1045673076923077 0.15985576923076922
0 0.5348557692307693 0.6574519230769231 0.037259615384615384 0.17668269230769232
0 0.328125 0.578125 0.15745192307692307 0.1502403846153846
0 0.12259615384615384 0.5552884615384616 0.1658653846153846 0.1045673076923077
0 0.7055288461538461 0.7259615384615384 0.20552884615384615 0.21634615384615385
0 0.9170673076923077 0.671875 0.1658653846153846 0.21153846153846154
0 0.8762019230769231 0.5709134615384616 0.18389423076923078 0.13581730769230768
0 0.6346153846153846 0.5805288461538461 0.16346153846153846 0.15504807692307693
0 0.9807692307692307 0.5576923076923077 0.037259615384615384 0.109375