0 0.10336538461538461 0.49759615384615385 0.1346153846153846 0.10216346153846154
0 0.27283653846153844 0.45913461538461536 0.12259615384615384 0.17908653846153846
0 0.04927884615384615 0.36538461538461536 0.0985576923076923 0.20192307692307693
0 0.15865384615384615 0.3605769230769231 0.12259615384615384 0.18870192307692307
0 0.33653846153846156 0.2800480769230769 0.08173076923076923 0.20432692307692307
0 0.23197115384615385 0.17908653846153846 0.14302884615384615 0.22716346153846154
0 0.028846153846153848 0.17427884615384615 0.057692307692307696 0.22355769230769232
0 0.3245192307692308 0.08774038461538461 0.10697115384615384 0.17548076923076922
0 0.10216346153846154 0.07572115384615384 0.14783653846153846 0.1502403846153846
0 0.21634615384615385 0.036057692307692304 0.12259615384615384 0.07091346153846154
0 0.6658653846153846 0.4807692307692308 0.32091346153846156 0.1346153846153846
0 0.9158653846153846 0.47596153846153844 0.16826923076923078 0.14543269230769232
0 0.5240384615384616 0.33413461538461536 0.2932692307692308 0.21995192307692307
0 0.8329326923076923 0.33052884615384615 0.32091346153846156 0.21394230769230768
0 0.9230769230769231 0.1502403846153846 0.15264423076923078 0.21995192307692307
0 0.6826923076923077 0.1466346153846154 0.3293269230769231 0.21634615384615385
0 0.4423076923076923 0.14423076923076922 0.12980769230769232 0.22716346153846154
0 0.8425480769230769 0.03365384615384615 0.3137019230769231 0.06610576923076923
0 0.5324519230769231 0.03245192307692308 0.3088942307692308 0.06370192307692307
0 0.078125 0.8329326923076923 0.1201923076923077 0.15865384615384615
0 0.19230769230769232 0.6995192307692307 0.14783653846153846 0.19110576923076922
0 0.03365384615384615 0.6838942307692307 0.06610576923076923 0.16826923076923078
0 0.09975961538461539 0.5793269230769231 0.14302884615384615 0.06129807692307692
0 0.026442307692307692 0.9242788461538461 0.030048076923076924 0.038461538461538464
0 0.06370192307692307 0.9314903846153846 0.030048076923076924 0.04567307692307692
0 0.12980769230769232 0.9146634615384616 0.030048076923076924 0.038461538461538464
0 0.1622596153846154 0.8533653846153846 0.027644230769230768 0.038461538461538464
0 0.1778846153846154 0.8269230769230769 0.030048076923076924 0.038461538461538464
0 0.20673076923076922 0.8088942307692307 0.030048076923076924 0.027644230769230768
0 0.25 0.8137019230769231 0.030048076923076924 0.040865384615384616
0 0.13701923076923078 0.8774038461538461 0.02283653846153846 0.03365384615384615
0 0.7307692307692307 0.7872596153846154 0.16346153846153846 0.2247596153846154