0 0.3605769230769231 0.0673076923076923 0.1141826923076923 0.13341346153846154
0 0.19831730769230768 0.10336538461538461 0.16706730769230768 0.20673076923076922
0 0.4026442307692308 0.13581730769230768 0.028846153846153848 0.16947115384615385
0 0.037259615384615384 0.1502403846153846 0.07451923076923077 0.2091346153846154
0 0.33533653846153844 0.21875 0.11658653846153846 0.1814903846153846
0 0.13221153846153846 0.24158653846153846 0.13341346153846154 0.15745192307692307
0 0.39302884615384615 0.27163461538461536 0.04807692307692308 0.09735576923076923
0 0.04326923076923077 0.2860576923076923 0.08653846153846154 0.0673076923076923
0 0.24158653846153846 0.45552884615384615 0.06610576923076923 0.11177884615384616
0 0.3858173076923077 0.47716346153846156 0.06370192307692307 0.109375
0 0.15745192307692307 0.49158653846153844 0.06009615384615385 0.10216346153846154
0 0.08774038461538461 0.5024038461538461 0.06009615384615385 0.10216346153846154
0 0.027644230769230768 0.5084134615384616 0.055288461538461536 0.09495192307692307
0 0.30408653846153844 0.5204326923076923 0.07572115384615384 0.12860576923076922
0 0.12740384615384615 0.5709134615384616 0.07091346153846154 0.11177884615384616
0 0.006009615384615385 0.5721153846153846 0.01201923076923077 0.12379807692307693
0 0.04567307692307692 0.5841346153846154 0.06610576923076923 0.11177884615384616
0 0.19951923076923078 0.5901442307692307 0.07091346153846154 0.11899038461538461
0 0.34375 0.6358173076923077 0.07572115384615384 0.12860576923076922
0 0.16105769230769232 0.6526442307692307 0.078125 0.12620192307692307
0 0.019230769230769232 0.6706730769230769 0.038461538461538464 0.109375
0 0.08653846153846154 0.6730769230769231 0.06850961538461539 0.109375
0 0.23197115384615385 0.6887019230769231 0.06850961538461539 0.109375
0 0.3870192307692308 0.7163461538461539 0.06009615384615385 0.12139423076923077
0 0.042067307692307696 0.7632211538461539 0.078125 0.12860576923076922
0 0.18870192307692307 0.7752403846153846 0.06610576923076923 0.10697115384615384
0 0.2848557692307692 0.7752403846153846 0.08052884615384616 0.12860576923076922
0 0.11658653846153846 0.7764423076923077 0.07572115384615384 0.11899038461538461
0 0.38822115384615385 0.8389423076923077 0.057692307692307696 0.12860576923076922
0 0.016826923076923076 0.8689903846153846 0.03365384615384615 0.140625
0 0.23076923076923078 0.8725961538461539 0.0733173076923077 0.12379807692307693
0 0.15504807692307693 0.8798076923076923 0.078125 0.1310096153846154
0 0.07572115384615384 0.8834134615384616 0.08052884615384616 0.1310096153846154
0 0.3293269230769231 0.8930288461538461 0.0829326923076923 0.13822115384615385
0 0.3798076923076923 0.9495192307692307 0.0673076923076923 0.10096153846153846
0 0.26802884615384615 0.9627403846153846 0.06971153846153846 0.07451923076923077
0 0.1875 0.9651442307692307 0.0673076923076923 0.06971153846153846
0 0.038461538461538464 0.9663461538461539 0.07211538461538461 0.0673076923076923
0 0.11778846153846154 0.9699519230769231 0.06610576923076923 0.06009615384615385
0 0.33413461538461536 0.4387019230769231 0.0733173076923077 0.11658653846153846
0 0.9879807692307693 0.3954326923076923 0.02403846153846154 0.10216346153846154
0 0.9423076923076923 0.3954326923076923 0.06610576923076923 0.09975961538461539
0 0.8016826923076923 0.3954326923076923 0.06850961538461539 0.09975961538461539
0 0.6634615384615384 0.39663461538461536 0.06850961538461539 0.09975961538461539
0 0.8725961538461539 0.39663461538461536 0.06850961538461539 0.09975961538461539
0 0.5973557692307693 0.39663461538461536 0.06610576923076923 0.09975961538461539
0 0.7331730769230769 0.39783653846153844 0.06850961538461539 0.09735576923076923
0 0.5264423076923077 0.39783653846153844 0.06610576923076923 0.09975961538461539
0 0.6995192307692307 0.4831730769230769 0.06850961538461539 0.10216346153846154
0 0.8389423076923077 0.4831730769230769 0.06850961538461539 0.09975961538461539
0 0.49158653846153844 0.4831730769230769 0.06850961538461539 0.10216346153846154
0 0.9711538461538461 0.48197115384615385 0.057692307692307696 0.09975961538461539
0 0.7692307692307693 0.484375 0.07091346153846154 0.09975961538461539
0 0.6298076923076923 0.484375 0.06850961538461539 0.09975961538461539
0 0.5600961538461539 0.484375 0.06610576923076923 0.09975961538461539
0 0.9074519230769231 0.4855769230769231 0.06850961538461539 0.09975961538461539
0 0.734375 0.5709134615384616 0.06610576923076923 0.09975961538461539
0 0.6646634615384616 0.5709134615384616 0.06850961538461539 0.10216346153846154
0 0.9435096153846154 0.5709134615384616 0.06850961538461539 0.09975961538461539
0 0.8737980769230769 0.5709134615384616 0.06850961538461539 0.09975961538461539
0 0.9891826923076923 0.5709134615384616 0.021634615384615384 0.10216346153846154
0 0.8040865384615384 0.5721153846153846 0.06850961538461539 0.09975961538461539
0 0.5961538461538461 0.5721153846153846 0.06850961538461539 0.09975961538461539
0 0.5264423076923077 0.5745192307692307 0.06610576923076923 0.09975961538461539
0 0.6310096153846154 0.65625 0.06850961538461539 0.10216346153846154
0 0.8401442307692307 0.65625 0.06850961538461539 0.09975961538461539
0 0.9711538461538461 0.65625 0.057692307692307696 0.09975961538461539
0 0.7019230769230769 0.6574519230769231 0.06850961538461539 0.09975961538461539
0 0.9086538461538461 0.6574519230769231 0.06610576923076923 0.09735576923076923
0 0.49038461538461536 0.6574519230769231 0.06610576923076923 0.09975961538461539
0 0.7692307692307693 0.6574519230769231 0.06850961538461539 0.10216346153846154
0 0.5600961538461539 0.6598557692307693 0.07091346153846154 0.10216346153846154
0 0.6670673076923077 0.7427884615384616 0.06850961538461539 0.10216346153846154
0 0.8052884615384616 0.7439903846153846 0.06850961538461539 0.09975961538461539
0 0.5985576923076923 0.7439903846153846 0.06610576923076923 0.09735576923076923
0 0.7379807692307693 0.7439903846153846 0.06610576923076923 0.10216346153846154
0 0.5252403846153846 0.7439903846153846 0.07091346153846154 0.09735576923076923
0 0.9447115384615384 0.7451923076923077 0.06850961538461539 0.10216346153846154
0 0.9903846153846154 0.7439903846153846 0.019230769230769232 0.09975961538461539
0 0.875 0.7463942307692307 0.06850961538461539 0.09735576923076923
0 0.5637019230769231 0.8305288461538461 0.06610576923076923 0.09975961538461539
0 0.703125 0.8317307692307693 0.06850961538461539 0.09975961538461539
0 0.7716346153846154 0.8317307692307693 0.06610576923076923 0.09975961538461539
0 0.6322115384615384 0.8317307692307693 0.06850961538461539 0.09975961538461539
0 0.9110576923076923 0.8317307692307693 0.06850961538461539 0.09975961538461539
0 0.49038461538461536 0.8329326923076923 0.06850961538461539 0.09735576923076923
0 0.8413461538461539 0.8329326923076923 0.06850961538461539 0.10216346153846154
0 0.9735576923076923 0.8317307692307693 0.052884615384615384 0.09975961538461539
0 0.5288461538461539 0.9170673076923077 0.06610576923076923 0.09735576923076923
0 0.6682692307692307 0.9170673076923077 0.06850961538461539 0.09975961538461539
0 0.7391826923076923 0.9182692307692307 0.06610576923076923 0.09735576923076923
0 0.5985576923076923 0.9182692307692307 0.06850961538461539 0.09975961538461539
0 0.9915865384615384 0.9194711538461539 0.016826923076923076 0.09735576923076923
0 0.8774038461538461 0.9206730769230769 0.06850961538461539 0.09735576923076923
0 0.9471153846153846 0.9206730769230769 0.06850961538461539 0.09735576923076923
0 0.8076923076923077 0.9206730769230769 0.06610576923076923 0.09975961538461539
0 0.49158653846153844 0.9759615384615384 0.07091346153846154 0.04807692307692308
0 0.8425480769230769 0.9771634615384616 0.06850961538461539 0.04567307692307692
0 0.6358173076923077 0.9783653846153846 0.06850961538461539 0.04326923076923077
0 0.9122596153846154 0.9795673076923077 0.06850961538461539 0.040865384615384616
0 0.9747596153846154 0.9795673076923077 0.05048076923076923 0.040865384615384616
0 0.7043269230769231 0.9795673076923077 0.06850961538461539 0.040865384615384616
0 0.5649038461538461 0.9795673076923077 0.06610576923076923 0.040865384615384616
0 0.7716346153846154 0.9795673076923077 0.06850961538461539 0.040865384615384616
0 0.9699519230769231 0.3389423076923077 0.06009615384615385 0.036057692307692304
0 0.765625 0.3401442307692308 0.06610576923076923 0.038461538461538464
0 0.8341346153846154 0.3389423076923077 0.06610576923076923 0.036057692307692304
0 0.9050480769230769 0.3401442307692308 0.06850961538461539 0.038461538461538464
0 0.6995192307692307 0.3401442307692308 0.06850961538461539 0.038461538461538464
0 0.6274038461538461 0.3401442307692308 0.06610576923076923 0.038461538461538464
0 0.5588942307692307 0.3401442307692308 0.06610576923076923 0.038461538461538464
0 0.49038461538461536 0.34134615384615385 0.06850961538461539 0.040865384615384616