0 0.052884615384615384 0.4254807692307692 0.10576923076923077 0.19591346153846154
0 0.16105769230769232 0.42788461538461536 0.11538461538461539 0.20072115384615385
0 0.3942307692307692 0.42788461538461536 0.11298076923076923 0.19591346153846154
0 0.6141826923076923 0.42908653846153844 0.10817307692307693 0.1935096153846154
0 0.5048076923076923 0.43028846153846156 0.11057692307692307 0.19110576923076922
0 0.7259615384615384 0.43028846153846156 0.10817307692307693 0.19110576923076922
0 0.9387019230769231 0.43028846153846156 0.10576923076923077 0.18269230769230768
0 0.27524038461538464 0.43149038461538464 0.11899038461538461 0.19831730769230768
0 0.8353365384615384 0.4338942307692308 0.11057692307692307 0.19110576923076922
0 0.4495192307692308 0.5889423076923077 0.10576923076923077 0.17548076923076922
0 0.7716346153846154 0.5901442307692307 0.10817307692307693 0.18509615384615385
0 0.9651442307692307 0.5901442307692307 0.06971153846153846 0.18028846153846154
0 0.3389423076923077 0.5913461538461539 0.10817307692307693 0.18870192307692307
0 0.5576923076923077 0.5913461538461539 0.10817307692307693 0.18028846153846154
0 0.8786057692307693 0.5925480769230769 0.10336538461538461 0.17548076923076922
0 0.6658653846153846 0.5925480769230769 0.10817307692307693 0.18028846153846154
0 0.11057692307692307 0.5961538461538461 0.11057692307692307 0.18870192307692307
0 0.025240384615384616 0.5949519230769231 0.05048076923076923 0.18990384615384615
0 0.2247596153846154 0.5973557692307693 0.11538461538461539 0.19110576923076922
0 0.6069711538461539 0.7355769230769231 0.10336538461538461 0.17307692307692307
0 0.984375 0.7367788461538461 0.03125 0.17067307692307693
0 0.7115384615384616 0.7391826923076923 0.10576923076923077 0.17548076923076922
0 0.8161057692307693 0.7391826923076923 0.10576923076923077 0.17307692307692307
0 0.9206730769230769 0.7403846153846154 0.10336538461538461 0.17548076923076922
0 0.5012019230769231 0.7403846153846154 0.10336538461538461 0.17307692307692307
0 0.3954326923076923 0.7475961538461539 0.10576923076923077 0.1778846153846154
0 0.28725961538461536 0.75 0.10817307692307693 0.17548076923076922
0 0.06610576923076923 0.7524038461538461 0.10817307692307693 0.1778846153846154
0 0.17427884615384615 0.7560096153846154 0.11298076923076923 0.17548076923076922
0 0.9567307692307693 0.8882211538461539 0.08653846153846154 0.16105769230769232
0 0.5528846153846154 0.8918269230769231 0.10336538461538461 0.1622596153846154
0 0.7620192307692307 0.8930288461538461 0.10576923076923077 0.15745192307692307
0 0.6586538461538461 0.8930288461538461 0.10336538461538461 0.1622596153846154
0 0.8641826923076923 0.8966346153846154 0.10576923076923077 0.16466346153846154
0 0.038461538461538464 0.8990384615384616 0.07692307692307693 0.17067307692307693
0 0.12980769230769232 0.9002403846153846 0.10576923076923077 0.16706730769230768
0 0.4495192307692308 0.9026442307692307 0.10096153846153846 0.16706730769230768
0 0.23677884615384615 0.9050480769230769 0.10336538461538461 0.17307692307692307
0 0.3425480769230769 0.90625 0.10336538461538461 0.16706730769230768
0 0.5096153846153846 0.09615384615384616 0.12980769230769232 0.19230769230769232
0 0.09254807692307693 0.24759615384615385 0.11538461538461539 0.21153846153846154
0 0.21033653846153846 0.2512019230769231 0.12139423076923077 0.2091346153846154
0 0.328125 0.2536057692307692 0.12139423076923077 0.21394230769230768
0 0.7752403846153846 0.2548076923076923 0.10096153846153846 0.18509615384615385
0 0.6790865384615384 0.25961538461538464 0.11057692307692307 0.203125
0 0.4483173076923077 0.2608173076923077 0.11538461538461539 0.2091346153846154
0 0.5673076923076923 0.26322115384615385 0.11899038461538461 0.21153846153846154
0 0.9146634615384616 0.26802884615384615 0.11538461538461539 0.21153846153846154
0 0.9819711538461539 0.26802884615384615 0.036057692307692304 0.20673076923076922
0 0.019230769230769232 0.24879807692307693 0.038461538461538464 0.21394230769230768