0 0.09014423076923077 0.4723557692307692 0.042067307692307696 0.09975961538461539
0 0.016826923076923076 0.5264423076923077 0.03365384615384615 0.0889423076923077
0 0.21754807692307693 0.5564903846153846 0.04927884615384615 0.09735576923076923
0 0.054086538461538464 0.5576923076923077 0.046875 0.09375
0 0.11538461538461539 0.5793269230769231 0.052884615384615384 0.10216346153846154
0 0.26322115384615385 0.5985576923076923 0.052884615384615384 0.09975961538461539
0 0.3389423076923077 0.6262019230769231 0.055288461538461536 0.1045673076923077
0 0.3942307692307692 0.6466346153846154 0.06009615384615385 0.11538461538461539
0 0.5300480769230769 0.7019230769230769 0.06850961538461539 0.12620192307692307
0 0.44471153846153844 0.7043269230769231 0.078125 0.1201923076923077
0 0.5973557692307693 0.75 0.09975961538461539 0.15144230769230768
0 0.8786057692307693 0.8064903846153846 0.1310096153846154 0.14903846153846154