0 0.42788461538461536 0.40625 0.07572115384615384 0.03365384615384615
0 0.3641826923076923 0.41586538461538464 0.05048076923076923 0.015625
0 0.24879807692307693 0.41346153846153844 0.05048076923076923 0.021634615384615384
0 0.1658653846153846 0.4170673076923077 0.037259615384615384 0.013221153846153846
0 0.010817307692307692 0.40865384615384615 0.021634615384615384 0.028846153846153848
0 0.1971153846153846 0.4026442307692308 0.046875 0.042067307692307696
0 0.28966346153846156 0.40024038461538464 0.052884615384615384 0.046875
0 0.08653846153846154 0.39302884615384615 0.046875 0.06009615384615385
0 0.33413461538461536 0.39903846153846156 0.028846153846153848 0.039663461538461536
0 0.14182692307692307 0.3942307692307692 0.037259615384615384 0.055288461538461536
0 0.042067307692307696 0.3858173076923077 0.046875 0.0733173076923077
0 0.3581730769230769 0.3786057692307692 0.028846153846153848 0.039663461538461536
0 0.23918269230769232 0.37740384615384615 0.028846153846153848 0.037259615384615384
0 0.3894230769230769 0.36538461538461536 0.037259615384615384 0.057692307692307696
0 0.4639423076923077 0.36538461538461536 0.046875 0.07091346153846154
0 0.26802884615384615 0.3629807692307692 0.028846153846153848 0.046875
0 0.16826923076923078 0.3581730769230769 0.046875 0.06850961538461539
0 0.33052884615384615 0.3581730769230769 0.03125 0.04447115384615385
0 0.015625 0.35336538461538464 0.03125 0.055288461538461536
0 0.21634615384615385 0.34975961538461536 0.028846153846153848 0.042067307692307696
0 0.11538461538461539 0.34375 0.046875 0.07091346153846154
0 0.3004807692307692 0.3425480769230769 0.039663461538461536 0.052884615384615384
0 0.07451923076923077 0.3293269230769231 0.046875 0.07091346153846154
0 0.35697115384615385 0.32572115384615385 0.046875 0.07091346153846154
0 0.039663461538461536 0.3245192307692308 0.03125 0.04447115384615385
0 0.2403846153846154 0.3233173076923077 0.05048076923076923 0.0733173076923077
0 0.42908653846153844 0.3233173076923077 0.028846153846153848 0.04447115384615385
0 0.4891826923076923 0.32091346153846156 0.026442307692307692 0.042067307692307696
0 0.39783653846153844 0.3088942307692308 0.037259615384615384 0.055288461538461536
0 0.28125 0.29447115384615385 0.02403846153846154 0.04447115384615385
0 0.4639423076923077 0.29447115384615385 0.05048076923076923 0.0733173076923077
0 0.01201923076923077 0.29086538461538464 0.02403846153846154 0.04447115384615385
0 0.31490384615384615 0.28966346153846156 0.05048076923076923 0.0733173076923077
0 0.4951923076923077 0.2800480769230769 0.026442307692307692 0.04447115384615385
0 0.4206730769230769 0.27283653846153844 0.028846153846153848 0.042067307692307696
0 0.14302884615384615 0.27283653846153844 0.07572115384615384 0.11298076923076923
0 0.2620192307692308 0.26802884615384615 0.03125 0.042067307692307696
0 0.2127403846153846 0.265625 0.046875 0.0733173076923077
0 0.375 0.25961538461538464 0.046875 0.0733173076923077
0 0.036057692307692304 0.25 0.07091346153846154 0.11538461538461539
0 0.34134615384615385 0.23557692307692307 0.028846153846153848 0.046875
0 0.484375 0.23317307692307693 0.037259615384615384 0.055288461538461536
0 0.44711538461538464 0.23197115384615385 0.026442307692307692 0.042067307692307696
0 0.26802884615384615 0.22596153846153846 0.026442307692307692 0.042067307692307696
0 0.11538461538461539 0.22115384615384615 0.037259615384615384 0.05048076923076923
0 0.41466346153846156 0.21995192307692307 0.046875 0.07091346153846154
0 0.3004807692307692 0.21754807692307693 0.05048076923076923 0.0733173076923077
0 0.2439903846153846 0.21033653846153846 0.028846153846153848 0.042067307692307696
0 0.3605769230769231 0.19951923076923078 0.028846153846153848 0.037259615384615384
0 0.19591346153846154 0.1971153846153846 0.046875 0.07091346153846154
0 0.15504807692307693 0.18509615384615385 0.037259615384615384 0.057692307692307696
0 0.4567307692307692 0.18269230769230768 0.037259615384615384 0.057692307692307696
0 0.38461538461538464 0.17908653846153846 0.028846153846153848 0.04447115384615385
0 0.4951923076923077 0.17067307692307693 0.026442307692307692 0.0733173076923077
0 0.2644230769230769 0.16947115384615385 0.05048076923076923 0.06850961538461539
0 0.1201923076923077 0.16826923076923078 0.037259615384615384 0.05048076923076923
0 0.35096153846153844 0.15865384615384615 0.03125 0.042067307692307696
0 0.0673076923076923 0.15745192307692307 0.05048076923076923 0.07091346153846154
0 0.4254807692307692 0.1466346153846154 0.046875 0.0733173076923077
0 0.17908653846153846 0.14423076923076922 0.039663461538461536 0.052884615384615384
0 0.3076923076923077 0.14302884615384615 0.046875 0.07091346153846154
0 0.21634615384615385 0.1346153846153846 0.028846153846153848 0.042067307692307696
0 0.24519230769230768 0.12980769230769232 0.028846153846153848 0.042067307692307696
0 0.38100961538461536 0.11899038461538461 0.046875 0.07091346153846154
0 0.04927884615384615 0.11538461538461539 0.037259615384615384 0.055288461538461536
0 0.34375 0.1141826923076923 0.028846153846153848 0.042067307692307696
0 0.4735576923076923 0.11298076923076923 0.046875 0.07091346153846154
0 0.13341346153846154 0.10817307692307693 0.046875 0.07091346153846154
0 0.0889423076923077 0.10697115384615384 0.028846153846153848 0.037259615384615384
0 0.008413461538461538 0.0985576923076923 0.015625 0.07091346153846154
0 0.27283653846153844 0.0985576923076923 0.05048076923076923 0.07091346153846154
0 0.18269230769230768 0.0889423076923077 0.039663461538461536 0.055288461538461536
0 0.22235576923076922 0.08413461538461539 0.039663461538461536 0.055288461538461536
0 0.3161057692307692 0.08173076923076923 0.039663461538461536 0.055288461538461536
0 0.35697115384615385 0.05889423076923077 0.046875 0.06850961538461539
0 0.5 0.055288461538461536 0.015625 0.11057692307692307
0 0.42788461538461536 0.052884615384615384 0.07572115384615384 0.10576923076923077
0 0.16105769230769232 0.046875 0.037259615384615384 0.057692307692307696
0 0.47475961538461536 0.04326923076923077 0.021634615384615384 0.046875
0 0.3245192307692308 0.042067307692307696 0.026442307692307692 0.042067307692307696
0 0.28966346153846156 0.042067307692307696 0.039663461538461536 0.055288461538461536
0 0.1935096153846154 0.03125 0.04567307692307692 0.0625
0 0.03245192307692308 0.039663461538461536 0.06490384615384616 0.07932692307692307
0 0.2403846153846154 0.028846153846153848 0.05048076923076923 0.057692307692307696
0 0.3449519230769231 0.014423076923076924 0.026442307692307692 0.028846153846153848
0 0.15384615384615385 0.013221153846153846 0.028846153846153848 0.026442307692307692
0 0.49038461538461536 0.013221153846153846 0.03365384615384615 0.026442307692307692
0 0.45552884615384615 0.006009615384615385 0.03125 0.01201923076923077
0 0.3798076923076923 0.013221153846153846 0.05048076923076923 0.026442307692307692
0 0.09735576923076923 0.013221153846153846 0.046875 0.026442307692307692
0 0.703125 0.3112980769230769 0.3894230769230769 0.22355769230769232
0 0.6069711538461539 0.14783653846153846 0.1971153846153846 0.21634615384615385
0 0.9242788461538461 0.0829326923076923 0.15144230769230768 0.1658653846153846
0 0.8966346153846154 0.3786057692307692 0.20673076923076922 0.0889423076923077
0 0.859375 0.015625 0.28125 0.03125
0 0.03245192307692308 0.7884615384615384 0.06490384615384616 0.24519230769230768
0 0.3161057692307692 0.7872596153846154 0.16346153846153846 0.24519230769230768
0 0.14783653846153846 0.7860576923076923 0.15504807692307693 0.23677884615384615
0 0.07211538461538461 0.5793269230769231 0.14423076923076922 0.24158653846153846
0 0.22716346153846154 0.5793269230769231 0.16346153846153846 0.24519230769230768
0 0.39663461538461536 0.578125 0.16346153846153846 0.24759615384615385
0 0.484375 0.5745192307692307 0.046875 0.234375
0 0.03245192307692308 0.4567307692307692 0.06490384615384616 0.0673076923076923
0 0.3088942307692308 0.4567307692307692 0.16105769230769232 0.06610576923076923
0 0.14783653846153846 0.4567307692307692 0.15745192307692307 0.06610576923076923
0 0.7307692307692307 0.9627403846153846 0.3076923076923077 0.0733173076923077
0 0.9182692307692307 0.9038461538461539 0.16346153846153846 0.19230769230769232
0 0.7211538461538461 0.8209134615384616 0.2920673076923077 0.2127403846153846
0 0.9122596153846154 0.703125 0.17548076923076922 0.2091346153846154
0 0.7331730769230769 0.6141826923076923 0.27884615384615385 0.1971153846153846
0 0.921875 0.5132211538461539 0.15504807692307693 0.17908653846153846
0 0.7512019230769231 0.4699519230769231 0.27163461538461536 0.09254807692307693