0 0.4254807692307692 0.07091346153846154 0.14423076923076922 0.14182692307692307
0 0.19230769230769232 0.08413461538461539 0.16346153846153846 0.16826923076923078
0 0.03125 0.09014423076923077 0.0625 0.18028846153846154
0 0.46274038461538464 0.20793269230769232 0.13221153846153846 0.15745192307692307
0 0.2824519230769231 0.21033653846153846 0.18629807692307693 0.19110576923076922
0 0.0829326923076923 0.22355769230769232 0.1658653846153846 0.16346153846153846
0 0.5432692307692307 0.14182692307692307 0.026442307692307692 0.15144230769230768
0 0.609375 0.14543269230769232 0.10336538461538461 0.1622596153846154
0 0.7175480769230769 0.14783653846153846 0.10096153846153846 0.14903846153846154
0 0.8269230769230769 0.14783653846153846 0.10817307692307693 0.15384615384615385
0 0.9375 0.1502403846153846 0.10336538461538461 0.15384615384615385
0 0.5661057692307693 0.2548076923076923 0.0733173076923077 0.10336538461538461
0 0.6622596153846154 0.25721153846153844 0.10336538461538461 0.0985576923076923
0 0.7716346153846154 0.25841346153846156 0.10336538461538461 0.09615384615384616
0 0.9675480769230769 0.25841346153846156 0.06370192307692307 0.09615384615384616
0 0.8798076923076923 0.25841346153846156 0.10336538461538461 0.09615384615384616
0 0.5685096153846154 0.042067307692307696 0.078125 0.0829326923076923
0 0.6670673076923077 0.042067307692307696 0.10336538461538461 0.0829326923076923
0 0.8822115384615384 0.042067307692307696 0.10336538461538461 0.0829326923076923
0 0.96875 0.042067307692307696 0.0625 0.08413461538461539
0 0.7764423076923077 0.04567307692307692 0.10336538461538461 0.09014423076923077
0 0.45552884615384615 0.875 0.051682692307692304 0.056490384615384616
0 0.7079326923076923 0.6274038461538461 0.054086538461538464 0.06850961538461539
0 0.7391826923076923 0.9038461538461539 0.051682692307692304 0.06370192307692307
0 0.7608173076923077 0.7415865384615384 0.054086538461538464 0.06610576923076923
0 0.7596153846153846 0.6274038461538461 0.054086538461538464 0.06610576923076923
0 0.8112980769230769 0.6274038461538461 0.054086538461538464 0.06850961538461539
0 0.6382211538461539 0.9014423076923077 0.051682692307692304 0.06370192307692307
0 0.8125 0.7403846153846154 0.054086538461538464 0.06610576923076923
0 0.7379807692307693 0.7956730769230769 0.054086538461538464 0.06610576923076923
0 0.8377403846153846 0.9026442307692307 0.051682692307692304 0.06370192307692307
0 0.7091346153846154 0.7415865384615384 0.051682692307692304 0.06850961538461539
0 0.7331730769230769 0.5697115384615384 0.054086538461538464 0.07091346153846154
0 0.734375 0.6850961538461539 0.054086538461538464 0.06850961538461539
0 0.7896634615384616 0.9026442307692307 0.051682692307692304 0.06370192307692307
0 0.7764423076923077 0.33533653846153844 0.054086538461538464 0.05889423076923077
0 0.6887019230769231 0.9026442307692307 0.051682692307692304 0.06370192307692307
0 0.6610576923076923 0.7403846153846154 0.051682692307692304 0.06610576923076923
0 0.9362980769230769 0.9026442307692307 0.04927884615384615 0.06610576923076923
0 0.7572115384615384 0.5120192307692307 0.054086538461538464 0.07091346153846154
0 0.8353365384615384 0.5697115384615384 0.054086538461538464 0.06850961538461539
0 0.8870192307692307 0.9026442307692307 0.051682692307692304 0.06370192307692307
0 0.8629807692307693 0.8497596153846154 0.051682692307692304 0.06610576923076923
0 0.7848557692307693 0.5697115384615384 0.054086538461538464 0.06850961538461539
0 0.7127403846153846 0.8509615384615384 0.051682692307692304 0.06610576923076923
0 0.7043269230769231 0.5108173076923077 0.054086538461538464 0.07091346153846154
0 0.8617788461538461 0.7391826923076923 0.051682692307692304 0.06610576923076923
0 0.8858173076923077 0.5697115384615384 0.054086538461538464 0.06850961538461539
0 0.6875 0.7956730769230769 0.051682692307692304 0.06610576923076923
0 0.9915865384615384 0.6262019230769231 0.016826923076923076 0.06610576923076923
0 0.8605769230769231 0.5120192307692307 0.054086538461538464 0.07091346153846154
0 0.8617788461538461 0.6274038461538461 0.051682692307692304 0.06610576923076923
0 0.8088942307692307 0.5120192307692307 0.054086538461538464 0.07091346153846154
0 0.7632211538461539 0.8509615384615384 0.051682692307692304 0.06610576923076923
0 0.9927884615384616 0.5120192307692307 0.014423076923076924 0.06850961538461539
0 0.5769230769230769 0.5673076923076923 0.054086538461538464 0.06610576923076923
0 0.7860576923076923 0.6838942307692307 0.054086538461538464 0.06850961538461539
0 0.6334134615384616 0.6838942307692307 0.051682692307692304 0.06850961538461539
0 0.8870192307692307 0.6826923076923077 0.051682692307692304 0.06850961538461539
0 0.7884615384615384 0.7956730769230769 0.051682692307692304 0.06610576923076923
0 0.7259615384615384 0.33533653846153844 0.054086538461538464 0.05889423076923077
0 0.8305288461538461 0.33653846153846156 0.054086538461538464 0.06129807692307692
0 0.9603365384615384 0.6274038461538461 0.051682692307692304 0.06610576923076923
0 0.8125 0.8509615384615384 0.051682692307692304 0.06610576923076923
0 0.6634615384615384 0.8509615384615384 0.051682692307692304 0.06610576923076923
0 0.9362980769230769 0.6826923076923077 0.051682692307692304 0.06850961538461539
0 0.9603365384615384 0.8497596153846154 0.051682692307692304 0.06610576923076923
0 0.9122596153846154 0.6274038461538461 0.051682692307692304 0.06610576923076923
0 0.6514423076923077 0.5096153846153846 0.056490384615384616 0.07091346153846154
0 0.6286057692307693 0.5685096153846154 0.054086538461538464 0.07091346153846154
0 0.6802884615384616 0.5685096153846154 0.056490384615384616 0.07091346153846154
0 0.8870192307692307 0.7944711538461539 0.051682692307692304 0.06610576923076923
0 0.8329326923076923 0.453125 0.054086538461538464 0.0733173076923077
0 0.9927884615384616 0.39302884615384615 0.014423076923076924 0.07091346153846154
0 0.5817307692307693 0.6826923076923077 0.051682692307692304 0.06610576923076923
0 0.8365384615384616 0.7956730769230769 0.051682692307692304 0.06610576923076923
0 0.9795673076923077 0.9014423076923077 0.040865384615384616 0.0673076923076923
0 0.5997596153846154 0.5096153846153846 0.054086538461538464 0.07091346153846154
0 0.9615384615384616 0.5132211538461539 0.051682692307692304 0.06850961538461539
0 0.9603365384615384 0.7391826923076923 0.051682692307692304 0.06610576923076923
0 0.9350961538461539 0.33653846153846156 0.051682692307692304 0.06129807692307692
0 0.7536057692307693 0.390625 0.056490384615384616 0.0733173076923077
0 0.9110576923076923 0.3942307692307692 0.054086538461538464 0.0733173076923077
0 0.9795673076923077 0.33653846153846156 0.040865384615384616 0.0625
0 0.9783653846153846 0.453125 0.04326923076923077 0.06971153846153846
0 0.859375 0.39302884615384615 0.054086538461538464 0.0733173076923077
0 0.5600961538461539 0.3317307692307692 0.06129807692307692 0.051682692307692304
0 0.9783653846153846 0.6802884615384616 0.04326923076923077 0.0673076923076923
0 0.9122596153846154 0.5132211538461539 0.054086538461538464 0.06850961538461539
0 0.8834134615384616 0.33774038461538464 0.056490384615384616 0.06370192307692307
0 0.9362980769230769 0.7944711538461539 0.051682692307692304 0.06610576923076923
0 0.7824519230769231 0.4519230769230769 0.054086538461538464 0.0733173076923077
0 0.609375 0.7403846153846154 0.051682692307692304 0.06610576923076923
0 0.6838942307692307 0.6838942307692307 0.051682692307692304 0.06850961538461539
0 0.6358173076923077 0.7956730769230769 0.054086538461538464 0.06610576923076923
0 0.7295673076923077 0.45072115384615385 0.056490384615384616 0.0733173076923077
0 0.9795673076923077 0.5673076923076923 0.040865384615384616 0.0673076923076923
0 0.6706730769230769 0.33413461538461536 0.056490384615384616 0.056490384615384616
0 0.6766826923076923 0.4495192307692308 0.054086538461538464 0.0733173076923077
0 0.8365384615384616 0.6838942307692307 0.051682692307692304 0.06610576923076923
0 0.9362980769230769 0.5697115384615384 0.051682692307692304 0.06610576923076923
0 0.6057692307692307 0.6274038461538461 0.054086538461538464 0.06610576923076923
0 0.8064903846153846 0.3918269230769231 0.056490384615384616 0.0733173076923077
0 0.6574519230769231 0.6262019230769231 0.054086538461538464 0.06610576923076923
0 0.8858173076923077 0.453125 0.054086538461538464 0.07091346153846154
0 0.9362980769230769 0.4543269230769231 0.054086538461538464 0.07091346153846154
0 0.6237980769230769 0.4495192307692308 0.054086538461538464 0.07091346153846154
0 0.9122596153846154 0.8497596153846154 0.051682692307692304 0.06610576923076923
0 0.9615384615384616 0.3942307692307692 0.054086538461538464 0.0733173076923077
0 0.5877403846153846 0.9050480769230769 0.051682692307692304 0.06610576923076923
0 0.7007211538461539 0.390625 0.056490384615384616 0.0733173076923077
0 0.5709134615384616 0.4495192307692308 0.056490384615384616 0.06850961538461539
0 0.9783653846153846 0.7920673076923077 0.04326923076923077 0.06490384615384616
0 0.5949519230769231 0.38822115384615385 0.054086538461538464 0.0733173076923077
0 0.9915865384615384 0.8485576923076923 0.016826923076923076 0.06850961538461539
0 0.9122596153846154 0.7391826923076923 0.051682692307692304 0.06610576923076923
0 0.6129807692307693 0.8497596153846154 0.051682692307692304 0.06610576923076923
0 0.6165865384615384 0.33413461538461536 0.056490384615384616 0.056490384615384616
0 0.5853365384615384 0.7944711538461539 0.051682692307692304 0.06610576923076923
0 0.9915865384615384 0.7391826923076923 0.016826923076923076 0.06610576923076923
0 0.6466346153846154 0.3894230769230769 0.056490384615384616 0.0733173076923077