0 0.038461538461538464 0.31009615384615385 0.07692307692307693 0.1201923076923077
0 0.2127403846153846 0.3088942307692308 0.08052884615384616 0.11658653846153846
0 0.12980769230769232 0.30408653846153844 0.09495192307692307 0.14423076923076922
0 0.3954326923076923 0.28725961538461536 0.0829326923076923 0.12139423076923077
0 0.4567307692307692 0.27884615384615385 0.036057692307692304 0.14903846153846154
0 0.3112980769230769 0.27524038461538464 0.09495192307692307 0.14423076923076922
0 0.12379807692307693 0.17668269230769232 0.08052884615384616 0.12139423076923077
0 0.04567307692307692 0.16706730769230768 0.09014423076923077 0.14903846153846154
0 0.21153846153846154 0.16706730769230768 0.09254807692307693 0.14182692307692307
0 0.45913461538461536 0.15384615384615385 0.03365384615384615 0.12139423076923077
0 0.30649038461538464 0.15504807692307693 0.08533653846153846 0.12139423076923077
0 0.4014423076923077 0.14423076923076922 0.09495192307692307 0.14903846153846154
0 0.2704326923076923 0.04326923076923077 0.0829326923076923 0.08533653846153846
0 0.4387019230769231 0.039663461538461536 0.06971153846153846 0.07932692307692307
0 0.09975961538461539 0.03245192307692308 0.07932692307692307 0.06490384615384616
0 0.359375 0.036057692307692304 0.09375 0.07211538461538461
0 0.03125 0.026442307692307692 0.0625 0.052884615384615384
0 0.18870192307692307 0.026442307692307692 0.09375 0.052884615384615384
0 0.12620192307692307 0.421875 0.08052884615384616 0.0829326923076923
0 0.04447115384615385 0.41466346153846156 0.08774038461538461 0.09735576923076923
0 0.21514423076923078 0.41225961538461536 0.09254807692307693 0.10216346153846154
0 0.45913461538461536 0.41225961538461536 0.03365384615384615 0.10216346153846154
0 0.3076923076923077 0.4110576923076923 0.08774038461538461 0.1045673076923077
0 0.4014423076923077 0.4026442307692308 0.09495192307692307 0.12139423076923077
0 0.9242788461538461 0.43509615384615385 0.03365384615384615 0.056490384615384616
0 0.890625 0.43509615384615385 0.03365384615384615 0.056490384615384616
0 0.8581730769230769 0.4338942307692308 0.038461538461538464 0.05889423076923077
0 0.8257211538461539 0.42908653846153844 0.036057692307692304 0.06850961538461539
0 0.7536057692307693 0.42908653846153844 0.038461538461538464 0.06850961538461539
0 0.5829326923076923 0.4254807692307692 0.04927884615384615 0.07572115384615384
0 0.7896634615384616 0.42788461538461536 0.038461538461538464 0.07091346153846154
0 0.7163461538461539 0.42788461538461536 0.040865384615384616 0.07091346153846154
0 0.6730769230769231 0.4230769230769231 0.04447115384615385 0.08052884615384616
0 0.6286057692307693 0.4230769230769231 0.046875 0.08052884615384616
0 0.9387019230769231 0.37259615384615385 0.03125 0.09975961538461539
0 0.9098557692307693 0.3701923076923077 0.03365384615384615 0.10697115384615384
0 0.8798076923076923 0.36778846153846156 0.03365384615384615 0.1045673076923077
0 0.8449519230769231 0.36538461538461536 0.038461538461538464 0.11658653846153846
0 0.8112980769230769 0.3629807692307692 0.038461538461538464 0.1141826923076923
0 0.7740384615384616 0.35697115384615385 0.038461538461538464 0.11658653846153846
0 0.7367788461538461 0.35216346153846156 0.040865384615384616 0.12139423076923077
0 0.6935096153846154 0.3473557692307692 0.04447115384615385 0.12379807692307693
0 0.6526442307692307 0.34134615384615385 0.04447115384615385 0.12980769230769232
0 0.5612980769230769 0.34134615384615385 0.04927884615384615 0.12980769230769232
0 0.6081730769230769 0.3401442307692308 0.04927884615384615 0.12379807692307693
0 0.9254807692307693 0.2800480769230769 0.03365384615384615 0.09975961538461539
0 0.8966346153846154 0.27884615384615385 0.036057692307692304 0.1045673076923077
0 0.8641826923076923 0.2692307692307692 0.036057692307692304 0.109375
0 0.8293269230769231 0.265625 0.038461538461538464 0.11899038461538461
0 0.7932692307692307 0.2620192307692308 0.038461538461538464 0.11177884615384616
0 0.7536057692307693 0.25600961538461536 0.040865384615384616 0.11899038461538461
0 0.7139423076923077 0.24759615384615385 0.04447115384615385 0.1141826923076923
0 0.6706730769230769 0.23557692307692307 0.04447115384615385 0.12379807692307693
0 0.6274038461538461 0.23076923076923078 0.04447115384615385 0.12379807692307693
0 0.5805288461538461 0.2283653846153846 0.046875 0.12139423076923077
0 0.9110576923076923 0.19110576923076922 0.03125 0.1045673076923077
0 0.8810096153846154 0.18509615384615385 0.038461538461538464 0.109375
0 0.8449519230769231 0.1778846153846154 0.038461538461538464 0.1141826923076923
0 0.8112980769230769 0.17427884615384615 0.036057692307692304 0.11177884615384616
0 0.7740384615384616 0.16706730769230768 0.036057692307692304 0.12139423076923077
0 0.7355769230769231 0.16105769230769232 0.046875 0.12139423076923077
0 0.6911057692307693 0.1502403846153846 0.046875 0.12139423076923077
0 0.6478365384615384 0.13221153846153846 0.04447115384615385 0.12740384615384615
0 0.6009615384615384 0.12379807692307693 0.04927884615384615 0.12740384615384615
0 0.8954326923076923 0.09735576923076923 0.036057692307692304 0.1045673076923077
0 0.8617788461538461 0.09014423076923077 0.038461538461538464 0.1045673076923077
0 0.8245192307692307 0.08774038461538461 0.03365384615384615 0.10697115384615384
0 0.7908653846153846 0.07572115384615384 0.038461538461538464 0.10697115384615384
0 0.7548076923076923 0.06971153846153846 0.038461538461538464 0.1141826923076923
0 0.7127403846153846 0.05889423076923077 0.04447115384615385 0.11658653846153846
0 0.6706730769230769 0.04927884615384615 0.04447115384615385 0.09735576923076923
0 0.6213942307692307 0.039663461538461536 0.04567307692307692 0.07932692307692307
0 0.8774038461538461 0.03125 0.03365384615384615 0.0625
0 0.8413461538461539 0.03125 0.038461538461538464 0.0625
0 0.8088942307692307 0.02403846153846154 0.03125 0.04807692307692308
0 0.7728365384615384 0.015625 0.038461538461538464 0.03125
0 0.7355769230769231 0.01201923076923077 0.040865384615384616 0.02403846153846154
0 0.6947115384615384 0.006009615384615385 0.04447115384615385 0.01201923076923077
0 0.3485576923076923 0.7271634615384616 0.17067307692307693 0.3629807692307692
0 0.8425480769230769 0.9903846153846154 0.1045673076923077 0.019230769230769232
0 0.9483173076923077 0.9891826923076923 0.10216346153846154 0.021634615384615384
0 0.734375 0.9879807692307693 0.10697115384615384 0.02403846153846154
0 0.6262019230769231 0.9879807692307693 0.1045673076923077 0.02403846153846154
0 0.8990384615384616 0.9182692307692307 0.10216346153846154 0.15144230769230768
0 0.9759615384615384 0.9158653846153846 0.04807692307692308 0.15384615384615385
0 0.7884615384615384 0.9146634615384616 0.10216346153846154 0.15384615384615385
0 0.6790865384615384 0.9146634615384616 0.10697115384615384 0.15144230769230768
0 0.5709134615384616 0.9134615384615384 0.10697115384615384 0.15865384615384615
0 0.4951923076923077 0.9122596153846154 0.038461538461538464 0.15625
0 0.7367788461538461 0.7776442307692307 0.1045673076923077 0.15384615384615385
0 0.9495192307692307 0.7764423076923077 0.09975961538461539 0.15384615384615385
0 0.6262019230769231 0.7740384615384616 0.1045673076923077 0.15144230769230768
0 0.5204326923076923 0.7704326923076923 0.09014423076923077 0.15625
0 0.9771634615384616 0.6370192307692307 0.04567307692307692 0.15384615384615385
0 0.8990384615384616 0.6358173076923077 0.10216346153846154 0.14903846153846154
0 0.7908653846153846 0.6346153846153846 0.1045673076923077 0.15384615384615385
0 0.6802884615384616 0.6334134615384616 0.10697115384615384 0.15865384615384615
0 0.5721153846153846 0.6310096153846154 0.1045673076923077 0.15865384615384615
0 0.4963942307692308 0.6298076923076923 0.040865384615384616 0.1658653846153846
0 0.9495192307692307 0.5168269230769231 0.09975961538461539 0.10697115384615384
0 0.84375 0.5180288461538461 0.10216346153846154 0.109375
0 0.734375 0.5168269230769231 0.10697115384615384 0.10697115384615384
0 0.6274038461538461 0.5168269230769231 0.10697115384615384 0.10697115384615384
0 0.5228365384615384 0.5168269230769231 0.09495192307692307 0.10697115384615384