0 0.21995192307692307 0.3798076923076923 0.06370192307692307 0.026442307692307692
0 0.10096153846153846 0.37740384615384615 0.06129807692307692 0.03125
0 0.026442307692307692 0.3641826923076923 0.052884615384615384 0.055288461538461536
0 0.26802884615384615 0.35096153846153844 0.06370192307692307 0.0829326923076923
0 0.1502403846153846 0.3449519230769231 0.06129807692307692 0.08052884615384616
0 0.007211538461538462 0.3245192307692308 0.014423076923076924 0.0733173076923077
0 0.2091346153846154 0.3233173076923077 0.06370192307692307 0.08052884615384616
0 0.09014423076923077 0.31850961538461536 0.06129807692307692 0.0829326923076923
0 0.040865384615384616 0.30288461538461536 0.056490384615384616 0.078125
0 0.25600961538461536 0.27163461538461536 0.06370192307692307 0.08052884615384616
0 0.13942307692307693 0.265625 0.06129807692307692 0.0829326923076923
0 0.01201923076923077 0.24759615384615385 0.02403846153846154 0.07572115384615384
0 0.19951923076923078 0.24519230769230768 0.06129807692307692 0.08052884615384616
0 0.10216346153846154 0.24278846153846154 0.054086538461538464 0.07091346153846154
0 0.05048076923076923 0.22115384615384615 0.05889423076923077 0.07572115384615384
0 0.359375 0.21995192307692307 0.06610576923076923 0.08774038461538461
0 0.1622596153846154 0.20432692307692307 0.05889423076923077 0.046875
0 0.29927884615384615 0.19110576923076922 0.06610576923076923 0.08533653846153846
0 0.11658653846153846 0.1658653846153846 0.05889423076923077 0.07572115384615384
0 0.016826923076923076 0.16466346153846154 0.03365384615384615 0.07572115384615384
0 0.4110576923076923 0.16346153846153846 0.06610576923076923 0.08774038461538461
0 0.23798076923076922 0.15985576923076922 0.06610576923076923 0.08533653846153846
0 0.0625 0.14182692307692307 0.05889423076923077 0.07572115384615384
0 0.18028846153846154 0.13942307692307693 0.056490384615384616 0.07572115384615384
0 0.3473557692307692 0.13341346153846154 0.06850961538461539 0.0829326923076923
0 0.28725961538461536 0.10216346153846154 0.06610576923076923 0.08533653846153846
0 0.13341346153846154 0.09134615384615384 0.05889423076923077 0.0733173076923077
0 0.02403846153846154 0.08774038461538461 0.04807692307692308 0.07451923076923077
0 0.22596153846153846 0.07692307692307693 0.06370192307692307 0.08052884615384616
0 0.39783653846153844 0.07692307692307693 0.06370192307692307 0.0829326923076923
0 0.078125 0.06971153846153846 0.056490384615384616 0.07572115384615384
0 0.33653846153846156 0.05048076923076923 0.06610576923076923 0.0829326923076923
0 0.27524038461538464 0.030048076923076924 0.06490384615384616 0.06009615384615385
0 0.38461538461538464 0.020432692307692308 0.06129807692307692 0.040865384615384616
0 0.3269230769230769 0.007211538461538462 0.05889423076923077 0.014423076923076924
0 0.1622596153846154 0.013221153846153846 0.06129807692307692 0.026442307692307692
0 0.016826923076923076 0.009615384615384616 0.03365384615384615 0.019230769230769232
0 0.43028846153846156 0.008413461538461538 0.06129807692307692 0.016826923076923076
0 0.6286057692307693 0.1778846153846154 0.14423076923076922 0.14903846153846154
0 0.9459134615384616 0.13822115384615385 0.08533653846153846 0.12379807692307693
0 0.9939903846153846 0.12740384615384615 0.01201923076923077 0.11177884615384616
0 0.7596153846153846 0.16105769230769232 0.11658653846153846 0.14423076923076922
0 0.8617788461538461 0.14903846153846154 0.09735576923076923 0.12379807692307693
0 0.018028846153846152 0.9507211538461539 0.036057692307692304 0.09735576923076923
0 0.1201923076923077 0.9423076923076923 0.1346153846153846 0.1141826923076923
0 0.2608173076923077 0.9338942307692307 0.13701923076923078 0.13221153846153846
0 0.4050480769230769 0.9242788461538461 0.14182692307692307 0.15144230769230768
0 0.05048076923076923 0.8112980769230769 0.09975961538461539 0.21754807692307693
0 0.17427884615384615 0.7836538461538461 0.13701923076923078 0.21514423076923078
0 0.47115384615384615 0.7716346153846154 0.10216346153846154 0.22716346153846154
0 0.32572115384615385 0.7692307692307693 0.14423076923076922 0.22235576923076922
0 0.014423076923076924 0.6298076923076923 0.028846153846153848 0.21514423076923078
0 0.1141826923076923 0.6237980769230769 0.13221153846153846 0.2127403846153846
0 0.41947115384615385 0.5865384615384616 0.14182692307692307 0.2247596153846154
0 0.2403846153846154 0.5805288461538461 0.14182692307692307 0.21995192307692307
0 0.5048076923076923 0.5612980769230769 0.03365384615384615 0.22956730769230768
0 0.05048076923076923 0.4723557692307692 0.09975961538461539 0.15865384615384615
0 0.15384615384615385 0.453125 0.13701923076923078 0.12139423076923077
0 0.3125 0.4387019230769231 0.14182692307692307 0.09254807692307693
0 0.46634615384615385 0.4362980769230769 0.11177884615384616 0.08774038461538461
0 0.6526442307692307 0.5240384615384616 0.13221153846153846 0.20192307692307693
0 0.9567307692307693 0.46033653846153844 0.08533653846153846 0.1346153846153846
0 0.8677884615384616 0.43990384615384615 0.09254807692307693 0.09495192307692307