0 0.08173076923076923 0.0625 0.13942307692307693 0.125
0 0.20552884615384615 0.0733173076923077 0.09254807692307693 0.1466346153846154
0 0.03125 0.20432692307692307 0.06129807692307692 0.2283653846153846
0 0.13942307692307693 0.234375 0.14302884615384615 0.22596153846153846
0 0.07692307692307693 0.4026442307692308 0.13822115384615385 0.22355769230769232
0 0.19230769230769232 0.4483173076923077 0.11778846153846154 0.23076923076923078
0 0.03125 0.5348557692307693 0.06129807692307692 0.11057692307692307
0 0.11778846153846154 0.5528846153846154 0.14302884615384615 0.07451923076923077
0 0.8389423076923077 0.13822115384615385 0.32211538461538464 0.2764423076923077
0 0.6454326923076923 0.3870192307692308 0.31490384615384615 0.4050480769230769
0 0.9146634615384616 0.4338942307692308 0.17067307692307693 0.31009615384615385
0 0.12620192307692307 0.7536057692307693 0.2512019230769231 0.328125
0 0.07572115384615384 0.9387019230769231 0.15144230769230768 0.12259615384615384
0 0.36177884615384615 0.6358173076923077 0.21995192307692307 0.09254807692307693
0 0.8137019230769231 0.6346153846153846 0.2127403846153846 0.09014423076923077
0 0.4987980769230769 0.7800480769230769 0.20793269230769232 0.3125
0 0.3004807692307692 0.7896634615384616 0.09735576923076923 0.34375
0 0.7151442307692307 0.8040865384615384 0.20793269230769232 0.3076923076923077
0 0.9290865384615384 0.84375 0.140625 0.3125
0 0.36778846153846156 0.9471153846153846 0.21754807692307693 0.1045673076923077
0 0.5901442307692307 0.9507211538461539 0.19951923076923078 0.09735576923076923