0 0.06490384615384616 0.06129807692307692 0.12980769230769232 0.12259615384615384
0 0.18389423076923078 0.07211538461538461 0.09495192307692307 0.14423076923076922
0 0.018028846153846152 0.203125 0.036057692307692304 0.23317307692307693
0 0.11658653846153846 0.23557692307692307 0.14783653846153846 0.23197115384615385
0 0.06129807692307692 0.4050480769230769 0.12259615384615384 0.2283653846153846
0 0.17067307692307693 0.45552884615384615 0.12139423076923077 0.23677884615384615
0 0.018028846153846152 0.5420673076923077 0.036057692307692304 0.11298076923076923
0 0.09495192307692307 0.5612980769230769 0.14783653846153846 0.07572115384615384
0 0.8353365384615384 0.13942307692307693 0.3293269230769231 0.27884615384615385
0 0.6358173076923077 0.3918269230769231 0.3233173076923077 0.41586538461538464
0 0.9122596153846154 0.43990384615384615 0.17548076923076922 0.3173076923076923
0 0.11538461538461539 0.7668269230769231 0.23076923076923078 0.33653846153846156
0 0.06490384615384616 0.9471153846153846 0.12860576923076922 0.10576923076923077
0 0.3449519230769231 0.6478365384615384 0.22596153846153846 0.09495192307692307
0 0.8088942307692307 0.6466346153846154 0.21875 0.09254807692307693
0 0.4855769230769231 0.7944711538461539 0.2127403846153846 0.32091346153846156
0 0.28125 0.8052884615384616 0.09975961538461539 0.35216346153846156
0 0.7079326923076923 0.8197115384615384 0.2127403846153846 0.3161057692307692
0 0.9278846153846154 0.8497596153846154 0.14423076923076922 0.3004807692307692
0 0.35096153846153844 0.9567307692307693 0.22355769230769232 0.08653846153846154
0 0.5793269230769231 0.9603365384615384 0.20552884615384615 0.07932692307692307