0 0.010817307692307692 0.09254807692307693 0.021634615384615384 0.18509615384615385
0 0.6117788461538461 0.22355769230769232 0.04567307692307692 0.22716346153846154
0 0.5012019230769231 0.24278846153846154 0.140625 0.22716346153846154
0 0.3545673076923077 0.25961538461538464 0.14302884615384615 0.22956730769230768
0 0.203125 0.27524038461538464 0.14783653846153846 0.2403846153846154
0 0.055288461538461536 0.2800480769230769 0.109375 0.234375
0 0.578125 0.42908653846153844 0.11538461538461539 0.21995192307692307
0 0.44350961538461536 0.44350961538461536 0.14302884615384615 0.18870192307692307
0 0.109375 0.44711538461538464 0.15264423076923078 0.1814903846153846
0 0.28725961538461536 0.45072115384615385 0.1502403846153846 0.17548076923076922
0 0.5649038461538461 0.07211538461538461 0.13942307692307693 0.14423076923076922
0 0.41947115384615385 0.08173076923076923 0.14543269230769232 0.16346153846153846
0 0.2668269230769231 0.08533653846153846 0.14543269230769232 0.17067307692307693
0 0.09254807692307693 0.08653846153846154 0.1502403846153846 0.17307692307692307
0 0.9603365384615384 0.025240384615384616 0.07932692307692307 0.05048076923076923
0 0.8737980769230769 0.025240384615384616 0.0889423076923077 0.05048076923076923
0 0.7788461538461539 0.025240384615384616 0.0889423076923077 0.05048076923076923
0 0.6850961538461539 0.027644230769230768 0.09134615384615384 0.055288461538461536
0 0.9819711538461539 0.09735576923076923 0.036057692307692304 0.13822115384615385
0 0.9194711538461539 0.10096153846153846 0.08653846153846154 0.1346153846153846
0 0.828125 0.10096153846153846 0.08653846153846154 0.12980769230769232
0 0.7331730769230769 0.1045673076923077 0.0889423076923077 0.13221153846153846
0 0.6610576923076923 0.1045673076923077 0.05048076923076923 0.12740384615384615
0 0.8762019230769231 0.21514423076923078 0.09134615384615384 0.12980769230769232
0 0.9603365384615384 0.21634615384615385 0.07932692307692307 0.12740384615384615
0 0.6899038461538461 0.21995192307692307 0.0889423076923077 0.12740384615384615
0 0.7800480769230769 0.22115384615384615 0.09134615384615384 0.1346153846153846
0 0.9230769230769231 0.33052884615384615 0.08653846153846154 0.13221153846153846
0 0.9831730769230769 0.3317307692307692 0.03365384615384615 0.13221153846153846
0 0.7355769230769231 0.33533653846153844 0.08653846153846154 0.1346153846153846
0 0.828125 0.33653846153846156 0.09134615384615384 0.12980769230769232
0 0.6610576923076923 0.33533653846153844 0.05048076923076923 0.12980769230769232
0 0.9615384615384616 0.44471153846153844 0.07692307692307693 0.12980769230769232
0 0.8762019230769231 0.4495192307692308 0.0889423076923077 0.12740384615384615
0 0.7824519230769231 0.4519230769230769 0.09134615384615384 0.13221153846153846
0 0.6899038461538461 0.4519230769230769 0.0889423076923077 0.13221153846153846
0 0.984375 0.5168269230769231 0.030048076923076924 0.04326923076923077
0 0.921875 0.5180288461538461 0.0889423076923077 0.040865384615384616
0 0.8293269230769231 0.5192307692307693 0.09134615384615384 0.038461538461538464
0 0.7355769230769231 0.5192307692307693 0.0889423076923077 0.038461538461538464
0 0.328125 0.6802884615384616 0.10697115384615384 0.18629807692307693
0 0.5925480769230769 0.7319711538461539 0.08413461538461539 0.2091346153846154
0 0.4182692307692308 0.7355769230769231 0.17908653846153846 0.26802884615384615
0 0.13221153846153846 0.8209134615384616 0.09134615384615384 0.16105769230769232
0 0.3894230769230769 0.8870192307692307 0.125 0.16105769230769232
0 0.19110576923076922 0.8870192307692307 0.1466346153846154 0.22596153846153846
0 0.53125 0.90625 0.125 0.1875
0 0.59375 0.9266826923076923 0.08173076923076923 0.1466346153846154
0 0.25 0.9831730769230769 0.10697115384615384 0.03365384615384615
0 0.06009615384615385 0.9795673076923077 0.1201923076923077 0.040865384615384616
0 0.2800480769230769 0.5685096153846154 0.16826923076923078 0.06129807692307692
0 0.47716346153846156 0.5625 0.11778846153846154 0.04807692307692308
0 0.5685096153846154 0.5925480769230769 0.13221153846153846 0.109375
0 0.8149038461538461 0.5817307692307693 0.21153846153846154 0.08653846153846154
0 0.9050480769230769 0.7475961538461539 0.18870192307692307 0.30649038461538464
0 0.703125 0.7908653846153846 0.1346153846153846 0.3161057692307692
0 0.9699519230769231 0.9182692307692307 0.06009615384615385 0.14423076923076922