0 0.016826923076923076 0.09134615384615384 0.03365384615384615 0.18269230769230768
0 0.6225961538461539 0.22115384615384615 0.04567307692307692 0.22716346153846154
0 0.5120192307692307 0.2403846153846154 0.140625 0.22716346153846154
0 0.36538461538461536 0.25721153846153844 0.14302884615384615 0.22956730769230768
0 0.2127403846153846 0.27283653846153844 0.14783653846153846 0.2403846153846154
0 0.06009615384615385 0.2776442307692308 0.1201923076923077 0.234375
0 0.5877403846153846 0.4254807692307692 0.11538461538461539 0.21995192307692307
0 0.4543269230769231 0.4411057692307692 0.14302884615384615 0.18870192307692307
0 0.1201923076923077 0.44471153846153844 0.15264423076923078 0.1814903846153846
0 0.296875 0.44711538461538464 0.1502403846153846 0.17548076923076922
0 0.5757211538461539 0.07091346153846154 0.13701923076923078 0.14182692307692307
0 0.43028846153846156 0.08052884615384616 0.14543269230769232 0.16105769230769232
0 0.2764423076923077 0.08413461538461539 0.14543269230769232 0.16826923076923078
0 0.10336538461538461 0.08533653846153846 0.1502403846153846 0.17067307692307693
0 0.9651442307692307 0.02403846153846154 0.06850961538461539 0.04807692307692308
0 0.8834134615384616 0.02403846153846154 0.0889423076923077 0.04807692307692308
0 0.7896634615384616 0.02403846153846154 0.0889423076923077 0.04807692307692308
0 0.6947115384615384 0.026442307692307692 0.09134615384615384 0.052884615384615384
0 0.9867788461538461 0.09495192307692307 0.025240384615384616 0.13822115384615385
0 0.9302884615384616 0.0985576923076923 0.08653846153846154 0.1346153846153846
0 0.8377403846153846 0.0985576923076923 0.08653846153846154 0.12980769230769232
0 0.7439903846153846 0.10216346153846154 0.0889423076923077 0.13221153846153846
0 0.6706730769230769 0.10216346153846154 0.05048076923076923 0.12740384615384615
0 0.8870192307692307 0.2127403846153846 0.09134615384615384 0.12980769230769232
0 0.9651442307692307 0.21394230769230768 0.06850961538461539 0.12740384615384615
0 0.7007211538461539 0.21634615384615385 0.0889423076923077 0.12740384615384615
0 0.7908653846153846 0.21754807692307693 0.09134615384615384 0.1346153846153846
0 0.9338942307692307 0.328125 0.08653846153846154 0.13221153846153846
0 0.9879807692307693 0.3293269230769231 0.02283653846153846 0.13221153846153846
0 0.7463942307692307 0.3329326923076923 0.08653846153846154 0.1346153846153846
0 0.8377403846153846 0.33413461538461536 0.09134615384615384 0.12980769230769232
0 0.6706730769230769 0.3329326923076923 0.05048076923076923 0.12980769230769232
0 0.9663461538461539 0.4423076923076923 0.06610576923076923 0.12980769230769232
0 0.8870192307692307 0.44591346153846156 0.0889423076923077 0.12740384615384615
0 0.7920673076923077 0.4495192307692308 0.09134615384615384 0.13221153846153846
0 0.7007211538461539 0.4495192307692308 0.0889423076923077 0.13221153846153846
0 0.9891826923076923 0.5144230769230769 0.021634615384615384 0.04326923076923077
0 0.9326923076923077 0.515625 0.0889423076923077 0.040865384615384616
0 0.8389423076923077 0.5168269230769231 0.09134615384615384 0.038461538461538464
0 0.7463942307692307 0.5168269230769231 0.0889423076923077 0.038461538461538464
0 0.33774038461538464 0.6778846153846154 0.10697115384615384 0.18629807692307693
0 0.6033653846153846 0.7295673076923077 0.08413461538461539 0.2091346153846154
0 0.42908653846153844 0.7331730769230769 0.17908653846153846 0.26802884615384615
0 0.14302884615384615 0.8185096153846154 0.09134615384615384 0.16105769230769232
0 0.39903846153846156 0.8834134615384616 0.125 0.16105769230769232
0 0.20192307692307693 0.8858173076923077 0.14423076923076922 0.2283653846153846
0 0.5420673076923077 0.9050480769230769 0.125 0.18870192307692307
0 0.6045673076923077 0.9254807692307693 0.08173076923076923 0.14783653846153846
0 0.25961538461538464 0.9819711538461539 0.10697115384615384 0.036057692307692304
0 0.06490384615384616 0.9783653846153846 0.12980769230769232 0.04326923076923077
0 0.29086538461538464 0.5661057692307693 0.16826923076923078 0.06129807692307692
0 0.48677884615384615 0.5600961538461539 0.11778846153846154 0.04807692307692308
0 0.5793269230769231 0.5901442307692307 0.13221153846153846 0.109375
0 0.8257211538461539 0.5793269230769231 0.21153846153846154 0.08653846153846154
0 0.9098557692307693 0.7439903846153846 0.18028846153846154 0.30528846153846156
0 0.7127403846153846 0.7884615384615384 0.1346153846153846 0.3161057692307692
0 0.9759615384615384 0.9170673076923077 0.04807692307692308 0.14543269230769232