0 0.008413461538461538 0.0733173076923077 0.016826923076923076 0.1466346153846154
0 0.10216346153846154 0.08173076923076923 0.13701923076923078 0.16346153846153846
0 0.22115384615384615 0.09254807692307693 0.09014423076923077 0.18389423076923078
0 0.040865384615384616 0.2403846153846154 0.08173076923076923 0.22115384615384615
0 0.15745192307692307 0.2704326923076923 0.13942307692307693 0.21875
0 0.004807692307692308 0.42788461538461536 0.009615384615384616 0.21875
0 0.09735576923076923 0.4326923076923077 0.1346153846153846 0.21634615384615385
0 0.2091346153846154 0.47716346153846156 0.1141826923076923 0.22355769230769232
0 0.040865384615384616 0.5612980769230769 0.08173076923076923 0.10697115384615384
0 0.13701923076923078 0.578125 0.13942307692307693 0.07211538461538461
0 0.8401442307692307 0.15504807692307693 0.31971153846153844 0.31009615384615385
0 0.6478365384615384 0.4182692307692308 0.30649038461538464 0.39302884615384615
0 0.9134615384615384 0.46274038461538464 0.17307692307692307 0.3004807692307692
0 0.13701923076923078 0.7740384615384616 0.25841346153846156 0.31850961538461536
0 0.08413461538461539 0.9459134615384616 0.16826923076923078 0.10817307692307693
0 0.37259615384615385 0.6586538461538461 0.21394230769230768 0.09014423076923077
0 0.8125 0.6574519230769231 0.20673076923076922 0.08653846153846154
0 0.5060096153846154 0.7980769230769231 0.20192307692307693 0.30288461538461536
0 0.3137019230769231 0.8088942307692307 0.09495192307692307 0.3329326923076923
0 0.7163461538461539 0.8221153846153846 0.20192307692307693 0.2980769230769231
0 0.9278846153846154 0.8545673076923077 0.14423076923076922 0.29086538461538464
0 0.3798076923076923 0.9543269230769231 0.21153846153846154 0.09134615384615384
0 0.5949519230769231 0.9591346153846154 0.1935096153846154 0.08173076923076923