0 0.23798076923076922 0.1045673076923077 0.10697115384615384 0.20793269230769232
0 0.08774038461538461 0.11778846153846154 0.17548076923076922 0.23557692307692307
0 0.18629807692307693 0.3269230769230769 0.18990384615384615 0.2620192307692308
0 0.040865384615384616 0.33774038461538464 0.08173076923076923 0.2644230769230769
0 0.24278846153846154 0.47836538461538464 0.0985576923076923 0.1141826923076923
0 0.09254807692307693 0.48197115384615385 0.18509615384615385 0.10697115384615384
0 0.46274038461538464 0.06490384615384616 0.19591346153846154 0.12980769230769232
0 0.9867788461538461 0.06370192307692307 0.025240384615384616 0.12740384615384615
0 0.6538461538461539 0.0673076923076923 0.18990384615384615 0.1346153846153846
0 0.37259615384615385 0.23076923076923078 0.1622596153846154 0.29927884615384615
0 0.5576923076923077 0.2403846153846154 0.19230769230769232 0.29927884615384615
0 0.9399038461538461 0.24158653846153846 0.11899038461538461 0.29447115384615385
0 0.7512019230769231 0.24519230769230768 0.19591346153846154 0.3016826923076923
0 0.9651442307692307 0.4411057692307692 0.06850961538461539 0.1875
0 0.32211538461538464 0.4375 0.06129807692307692 0.19591346153846154
0 0.453125 0.43990384615384615 0.19591346153846154 0.18990384615384615
0 0.6514423076923077 0.4411057692307692 0.19591346153846154 0.1875
0 0.2704326923076923 0.9627403846153846 0.04326923076923077 0.0733173076923077
0 0.008413461538461538 0.9675480769230769 0.016826923076923076 0.06490384615384616
0 0.5877403846153846 0.9014423076923077 0.16105769230769232 0.1971153846153846