0 0.2403846153846154 0.0985576923076923 0.10336538461538461 0.19591346153846154
0 0.09014423076923077 0.11177884615384616 0.17668269230769232 0.22355769230769232
0 0.18990384615384615 0.3112980769230769 0.18389423076923078 0.25240384615384615
0 0.04447115384615385 0.32091346153846156 0.08774038461538461 0.2548076923076923
0 0.2439903846153846 0.4567307692307692 0.09615384615384616 0.11057692307692307
0 0.0985576923076923 0.46033653846153844 0.1814903846153846 0.10336538461538461
0 0.4567307692307692 0.06009615384615385 0.18870192307692307 0.1201923076923077
0 0.9747596153846154 0.05889423076923077 0.05048076923076923 0.11778846153846154
0 0.640625 0.0625 0.18389423076923078 0.125
0 0.3701923076923077 0.21754807692307693 0.15745192307692307 0.28966346153846156
0 0.5480769230769231 0.22716346153846154 0.18629807692307693 0.28966346153846156
0 0.9302884615384616 0.2283653846153846 0.13942307692307693 0.2848557692307692
0 0.7355769230769231 0.23197115384615385 0.18870192307692307 0.2920673076923077
0 0.9543269230769231 0.421875 0.09014423076923077 0.1814903846153846
0 0.32091346153846156 0.4182692307692308 0.05889423076923077 0.18870192307692307
0 0.44711538461538464 0.4206730769230769 0.18870192307692307 0.18389423076923078
0 0.6382211538461539 0.421875 0.18870192307692307 0.1814903846153846
0 0.006009615384615385 0.8846153846153846 0.01201923076923077 0.0985576923076923
0 0.2704326923076923 0.9387019230769231 0.042067307692307696 0.0985576923076923
0 0.013221153846153846 0.9435096153846154 0.026442307692307692 0.08774038461538461
0 0.5793269230769231 0.8810096153846154 0.15745192307692307 0.21514423076923078