0 0.5913461538461539 0.22716346153846154 0.04567307692307692 0.22596153846153846
0 0.4807692307692308 0.24639423076923078 0.13942307692307693 0.22596153846153846
0 0.33533653846153844 0.2644230769230769 0.14182692307692307 0.2283653846153846
0 0.18389423076923078 0.27884615384615385 0.1466346153846154 0.23798076923076922
0 0.04567307692307692 0.2848557692307692 0.09134615384615384 0.23317307692307693
0 0.5576923076923077 0.43149038461538464 0.1141826923076923 0.21875
0 0.42427884615384615 0.44711538461538464 0.14182692307692307 0.1875
0 0.09134615384615384 0.45072115384615385 0.15264423076923078 0.18028846153846154
0 0.26802884615384615 0.453125 0.1502403846153846 0.17548076923076922
0 0.5444711538461539 0.07451923076923077 0.13701923076923078 0.14903846153846154
0 0.40024038461538464 0.08413461538461539 0.14423076923076922 0.16706730769230768
0 0.24759615384615385 0.08774038461538461 0.14423076923076922 0.17548076923076922
0 0.07451923076923077 0.0889423076923077 0.14903846153846154 0.1778846153846154
0 0.9951923076923077 0.027644230769230768 0.009615384615384616 0.055288461538461536
0 0.9423076923076923 0.027644230769230768 0.0889423076923077 0.055288461538461536
0 0.8509615384615384 0.027644230769230768 0.0889423076923077 0.055288461538461536
0 0.7572115384615384 0.027644230769230768 0.0889423076923077 0.055288461538461536
0 0.6634615384615384 0.030048076923076924 0.09134615384615384 0.06009615384615385
0 0.9699519230769231 0.09975961538461539 0.06009615384615385 0.13701923076923078
0 0.8966346153846154 0.10576923076923077 0.08653846153846154 0.1346153846153846
0 0.8052884615384616 0.10576923076923077 0.08653846153846154 0.12980769230769232
0 0.7115384615384616 0.109375 0.0889423076923077 0.13221153846153846
0 0.6394230769230769 0.109375 0.05048076923076923 0.12740384615384615
0 0.9951923076923077 0.21875 0.009615384615384616 0.13221153846153846
0 0.8545673076923077 0.21995192307692307 0.09134615384615384 0.12980769230769232
0 0.9447115384615384 0.22115384615384615 0.0889423076923077 0.12740384615384615
0 0.6682692307692307 0.22355769230769232 0.0889423076923077 0.12740384615384615
0 0.7584134615384616 0.2247596153846154 0.09134615384615384 0.1346153846153846
0 0.9014423076923077 0.33413461538461536 0.08653846153846154 0.13221153846153846
0 0.9723557692307693 0.33533653846153844 0.055288461538461536 0.13221153846153846
0 0.7139423076923077 0.3389423076923077 0.08653846153846154 0.1346153846153846
0 0.8052884615384616 0.3401442307692308 0.09134615384615384 0.12980769230769232
0 0.6394230769230769 0.3389423076923077 0.05048076923076923 0.12980769230769232
0 0.9447115384615384 0.4483173076923077 0.08653846153846154 0.12980769230769232
0 0.9963942307692307 0.4495192307692308 0.007211538461538462 0.13221153846153846
0 0.8545673076923077 0.4519230769230769 0.0889423076923077 0.12740384615384615
0 0.7596153846153846 0.4543269230769231 0.09134615384615384 0.13221153846153846
0 0.6682692307692307 0.4543269230769231 0.0889423076923077 0.13221153846153846
0 0.9735576923076923 0.5192307692307693 0.052884615384615384 0.04326923076923077
0 0.9002403846153846 0.5204326923076923 0.0889423076923077 0.040865384615384616
0 0.8076923076923077 0.5216346153846154 0.09134615384615384 0.038461538461538464
0 0.7139423076923077 0.5216346153846154 0.0889423076923077 0.038461538461538464
0 0.3088942307692308 0.6814903846153846 0.10697115384615384 0.18509615384615385
0 0.5721153846153846 0.7331730769230769 0.08413461538461539 0.20793269230769232
0 0.39903846153846156 0.7367788461538461 0.1778846153846154 0.2668269230769231
0 0.1141826923076923 0.8221153846153846 0.09134615384615384 0.15985576923076922
0 0.36899038461538464 0.8870192307692307 0.12379807692307693 0.15985576923076922
0 0.17427884615384615 0.8882211538461539 0.14423076923076922 0.22355769230769232
0 0.5120192307692307 0.9074519230769231 0.12379807692307693 0.18509615384615385
0 0.5733173076923077 0.9278846153846154 0.08173076923076923 0.14423076923076922
0 0.23076923076923078 0.9831730769230769 0.10697115384615384 0.03245192307692308
0 0.05048076923076923 0.9795673076923077 0.10096153846153846 0.040865384615384616
0 0.2620192307692308 0.5709134615384616 0.16706730769230768 0.06129807692307692
0 0.4567307692307692 0.5649038461538461 0.11658653846153846 0.04807692307692308
0 0.5480769230769231 0.5949519230769231 0.13221153846153846 0.109375
0 0.7932692307692307 0.5841346153846154 0.21033653846153846 0.08653846153846154
0 0.8930288461538461 0.75 0.20552884615384615 0.30408653846153844
0 0.6814903846153846 0.7920673076923077 0.1346153846153846 0.31490384615384615
0 0.9591346153846154 0.9194711538461539 0.08173076923076923 0.14423076923076922