0 0.23197115384615385 0.3317307692307692 0.2536057692307692 0.2848557692307692
0 0.7271634615384616 0.31490384615384615 0.203125 0.28966346153846156
0 0.9206730769230769 0.2247596153846154 0.15865384615384615 0.31490384615384615
0 0.5024038461538461 0.16706730769230768 0.22596153846153846 0.3125
0 0.7247596153846154 0.07211538461538461 0.31009615384615385 0.14302884615384615
0 0.03125 0.6766826923076923 0.054086538461538464 0.05889423076923077
0 0.7451923076923077 0.8665865384615384 0.20793269230769232 0.2668269230769231
0 0.9471153846153846 0.8533653846153846 0.1045673076923077 0.2920673076923077
0 0.5264423076923077 0.8545673076923077 0.20793269230769232 0.28966346153846156
0 0.8762019230769231 0.6959134615384616 0.21754807692307693 0.15625
0 0.6538461538461539 0.6935096153846154 0.19951923076923078 0.1466346153846154