0 0.6875 0.30408653846153844 0.055288461538461536 0.0733173076923077
0 0.7415865384615384 0.2956730769230769 0.055288461538461536 0.0733173076923077
0 0.7932692307692307 0.28846153846153844 0.052884615384615384 0.0733173076923077
0 0.390625 0.2824519230769231 0.030048076923076924 0.0733173076923077
0 0.84375 0.2800480769230769 0.052884615384615384 0.07091346153846154
0 0.4338942307692308 0.2764423076923077 0.06129807692307692 0.07572115384615384
0 0.8942307692307693 0.27524038461538464 0.05048076923076923 0.07091346153846154
0 0.49158653846153844 0.2692307692307692 0.05889423076923077 0.07572115384615384
0 0.9459134615384616 0.26802884615384615 0.052884615384615384 0.0733173076923077
0 0.5480769230769231 0.2620192307692308 0.05889423076923077 0.0733173076923077
0 0.984375 0.25841346153846156 0.030048076923076924 0.07091346153846154
0 0.6045673076923077 0.2536057692307692 0.05889423076923077 0.0733173076923077
0 0.6586538461538461 0.24639423076923078 0.055288461538461536 0.0733173076923077
0 0.7103365384615384 0.23798076923076922 0.055288461538461536 0.07091346153846154
0 0.7632211538461539 0.23197115384615385 0.052884615384615384 0.07091346153846154
0 0.8137019230769231 0.22596153846153846 0.05048076923076923 0.07091346153846154
0 0.8629807692307693 0.21995192307692307 0.05048076923076923 0.07091346153846154
0 0.40625 0.21754807692307693 0.05889423076923077 0.0733173076923077
0 0.9110576923076923 0.2127403846153846 0.05048076923076923 0.06850961538461539
0 0.46274038461538464 0.21033653846153846 0.05889423076923077 0.0733173076923077
0 0.9603365384615384 0.20673076923076922 0.052884615384615384 0.06850961538461539
0 0.5192307692307693 0.20432692307692307 0.05889423076923077 0.07091346153846154
0 0.9903846153846154 0.19951923076923078 0.019230769230769232 0.0673076923076923
0 0.5733173076923077 0.1971153846153846 0.05889423076923077 0.07091346153846154
0 0.6286057692307693 0.18990384615384615 0.055288461538461536 0.06850961538461539
0 0.6814903846153846 0.18389423076923078 0.052884615384615384 0.07091346153846154
0 0.7331730769230769 0.17668269230769232 0.052884615384615384 0.06850961538461539
0 0.7824519230769231 0.171875 0.05048076923076923 0.06850961538461539
0 0.8329326923076923 0.16466346153846154 0.05048076923076923 0.06850961538461539
0 0.8822115384615384 0.15865384615384615 0.05048076923076923 0.06610576923076923
0 0.390625 0.15745192307692307 0.030048076923076924 0.07091346153846154
0 0.9278846153846154 0.15384615384615385 0.04807692307692308 0.06610576923076923
0 0.4338942307692308 0.15384615384615385 0.05889423076923077 0.07091346153846154
0 0.9759615384615384 0.1466346153846154 0.04807692307692308 0.06610576923076923
0 0.49038461538461536 0.1466346153846154 0.05889423076923077 0.06850961538461539
0 0.9987980769230769 0.14182692307692307 0.002403846153846154 0.06610576923076923
0 0.5456730769230769 0.140625 0.055288461538461536 0.06850961538461539
0 0.5985576923076923 0.13581730769230768 0.055288461538461536 0.06850961538461539
0 0.6526442307692307 0.12980769230769232 0.052884615384615384 0.06850961538461539
0 0.703125 0.12379807692307693 0.052884615384615384 0.06850961538461539
0 0.7524038461538461 0.11778846153846154 0.05048076923076923 0.06850961538461539
0 0.8016826923076923 0.11298076923076923 0.05048076923076923 0.06610576923076923
0 0.8497596153846154 0.10817307692307693 0.05048076923076923 0.06610576923076923
0 0.8990384615384616 0.10336538461538461 0.04807692307692308 0.06610576923076923
0 0.9447115384615384 0.09735576923076923 0.04807692307692308 0.06610576923076923
0 0.4074519230769231 0.09735576923076923 0.055288461538461536 0.07091346153846154
0 0.46153846153846156 0.09254807692307693 0.05889423076923077 0.06850961538461539
0 0.9831730769230769 0.09254807692307693 0.03245192307692308 0.06370192307692307
0 0.5180288461538461 0.08774038461538461 0.055288461538461536 0.06850961538461539
0 0.5709134615384616 0.08173076923076923 0.052884615384615384 0.06850961538461539
0 0.6225961538461539 0.07572115384615384 0.055288461538461536 0.06850961538461539
0 0.6742788461538461 0.07211538461538461 0.052884615384615384 0.06610576923076923
0 0.7247596153846154 0.0673076923076923 0.05048076923076923 0.06610576923076923
0 0.7728365384615384 0.0625 0.05048076923076923 0.06610576923076923
0 0.8197115384615384 0.057692307692307696 0.04807692307692308 0.06610576923076923
0 0.8677884615384616 0.051682692307692304 0.05048076923076923 0.06370192307692307
0 0.9146634615384616 0.04807692307692308 0.04567307692307692 0.06370192307692307
0 0.9603365384615384 0.04447115384615385 0.04807692307692308 0.06370192307692307
0 0.390625 0.040865384615384616 0.030048076923076924 0.06610576923076923
0 0.9903846153846154 0.038461538461538464 0.019230769230769232 0.0625
0 0.43509615384615385 0.038461538461538464 0.055288461538461536 0.07091346153846154
0 0.48677884615384615 0.03245192307692308 0.055288461538461536 0.06490384615384616
0 0.5408653846153846 0.030048076923076924 0.052884615384615384 0.06009615384615385
0 0.5925480769230769 0.027644230769230768 0.052884615384615384 0.055288461538461536
0 0.6442307692307693 0.025240384615384616 0.05048076923076923 0.05048076923076923
0 0.6959134615384616 0.02403846153846154 0.05048076923076923 0.04807692307692308
0 0.7427884615384616 0.021634615384615384 0.04807692307692308 0.04326923076923077
0 0.7908653846153846 0.019230769230769232 0.04807692307692308 0.038461538461538464
0 0.8389423076923077 0.018028846153846152 0.04807692307692308 0.036057692307692304
0 0.8846153846153846 0.015625 0.04807692307692308 0.030048076923076924
0 0.9302884615384616 0.013221153846153846 0.04807692307692308 0.025240384615384616
0 0.9747596153846154 0.009615384615384616 0.04567307692307692 0.019230769230769232
0 0.40625 0.007211538461538462 0.052884615384615384 0.014423076923076924
0 0.4579326923076923 0.006009615384615385 0.055288461538461536 0.01201923076923077
0 0.7632211538461539 0.5396634615384616 0.05889423076923077 0.027644230769230768
0 0.390625 0.5360576923076923 0.030048076923076924 0.036057692307692304
0 0.8185096153846154 0.5324519230769231 0.05889423076923077 0.040865384615384616
0 0.43509615384615385 0.53125 0.06370192307692307 0.04326923076923077
0 0.8725961538461539 0.5276442307692307 0.055288461538461536 0.05048076923076923
0 0.4951923076923077 0.5252403846153846 0.06129807692307692 0.055288461538461536
0 0.9278846153846154 0.5240384615384616 0.05889423076923077 0.05889423076923077
0 0.5540865384615384 0.5216346153846154 0.06370192307692307 0.06370192307692307
0 0.6141826923076923 0.5168269230769231 0.06129807692307692 0.0733173076923077
0 0.6742788461538461 0.5096153846153846 0.06129807692307692 0.078125
0 0.7307692307692307 0.5 0.05889423076923077 0.08173076923076923
0 0.7860576923076923 0.49158653846153844 0.05889423076923077 0.08173076923076923
0 0.40625 0.48197115384615385 0.06129807692307692 0.08173076923076923
0 0.8413461538461539 0.4807692307692308 0.05889423076923077 0.078125
0 0.4651442307692308 0.4735576923076923 0.06129807692307692 0.08413461538461539
0 0.8930288461538461 0.47115384615384615 0.055288461538461536 0.078125
0 0.5252403846153846 0.4639423076923077 0.06129807692307692 0.08413461538461539
0 0.9471153846153846 0.46153846153846156 0.052884615384615384 0.078125
0 0.5841346153846154 0.45552884615384615 0.06129807692307692 0.08173076923076923
0 0.9855769230769231 0.4519230769230769 0.027644230769230768 0.07572115384615384
0 0.640625 0.44591346153846156 0.06129807692307692 0.08173076923076923
0 0.6983173076923077 0.4362980769230769 0.06129807692307692 0.08173076923076923
0 0.7536057692307693 0.4266826923076923 0.05889423076923077 0.078125
0 0.8076923076923077 0.4170673076923077 0.055288461538461536 0.078125
0 0.3894230769230769 0.41586538461538464 0.027644230769230768 0.08173076923076923
0 0.8605769230769231 0.40865384615384615 0.055288461538461536 0.078125
0 0.4338942307692308 0.40865384615384615 0.06129807692307692 0.08173076923076923
0 0.9122596153846154 0.40024038461538464 0.052884615384615384 0.07572115384615384
0 0.49399038461538464 0.40024038461538464 0.06129807692307692 0.078125
0 0.9639423076923077 0.3918269230769231 0.055288461538461536 0.07572115384615384
0 0.5504807692307693 0.390625 0.06129807692307692 0.078125
0 0.9927884615384616 0.38341346153846156 0.014423076923076924 0.07451923076923077
0 0.609375 0.38221153846153844 0.05889423076923077 0.078125
0 0.6646634615384616 0.37259615384615385 0.05889423076923077 0.078125
0 0.7199519230769231 0.3641826923076923 0.055288461538461536 0.07572115384615384
0 0.7728365384615384 0.3557692307692308 0.055288461538461536 0.07572115384615384
0 0.8257211538461539 0.3473557692307692 0.055288461538461536 0.078125
0 0.4050480769230769 0.3449519230769231 0.05889423076923077 0.07572115384615384
0 0.8774038461538461 0.3401442307692308 0.052884615384615384 0.0733173076923077
0 0.46274038461538464 0.33774038461538464 0.06129807692307692 0.078125
0 0.9278846153846154 0.3329326923076923 0.052884615384615384 0.0733173076923077
0 0.5216346153846154 0.328125 0.05889423076923077 0.07572115384615384
0 0.9759615384615384 0.3245192307692308 0.04807692307692308 0.07091346153846154
0 0.5769230769230769 0.31971153846153844 0.05889423076923077 0.07572115384615384
0 0.6346153846153846 0.3125 0.05889423076923077 0.07572115384615384
0 0.3004807692307692 0.9747596153846154 0.0889423076923077 0.05048076923076923
0 0.0673076923076923 0.5865384615384616 0.0889423076923077 0.06610576923076923
0 0.10817307692307693 0.6899038461538461 0.109375 0.21514423076923078
0 0.10697115384615384 0.9603365384615384 0.10697115384615384 0.078125
0 0.28125 0.75 0.0889423076923077 0.20072115384615385
0 0.3545673076923077 0.5901442307692307 0.04326923076923077 0.0733173076923077
0 0.24158653846153846 0.8942307692307693 0.0889423076923077 0.12740384615384615
0 0.07572115384615384 0.8641826923076923 0.109375 0.1502403846153846
0 0.21514423076923078 0.6298076923076923 0.07572115384615384 0.11177884615384616
0 0.34615384615384615 0.6814903846153846 0.05889423076923077 0.11899038461538461
0 0.9603365384615384 0.7091346153846154 0.06850961538461539 0.13942307692307693