0 0.3629807692307692 0.4254807692307692 0.009615384615384616 0.0673076923076923
0 0.3473557692307692 0.4254807692307692 0.026442307692307692 0.0673076923076923
0 0.12379807692307693 0.42427884615384615 0.036057692307692304 0.07932692307692307
0 0.31971153846153844 0.42427884615384615 0.028846153846153848 0.06971153846153846
0 0.01201923076923077 0.4230769230769231 0.02403846153846154 0.08653846153846154
0 0.19471153846153846 0.42427884615384615 0.03365384615384615 0.07451923076923077
0 0.1622596153846154 0.42427884615384615 0.036057692307692304 0.07692307692307693
0 0.25961538461538464 0.4230769230769231 0.03125 0.07451923076923077
0 0.08533653846153846 0.4230769230769231 0.038461538461538464 0.07692307692307693
0 0.2920673076923077 0.4230769230769231 0.03125 0.07451923076923077
0 0.046875 0.421875 0.040865384615384616 0.08173076923076923
0 0.2283653846153846 0.421875 0.03365384615384615 0.07451923076923077
0 0.3605769230769231 0.2956730769230769 0.014423076923076924 0.0673076923076923
0 0.34134615384615385 0.2932692307692308 0.028846153846153848 0.06490384615384616
0 0.3112980769230769 0.2920673076923077 0.028846153846153848 0.0673076923076923
0 0.2824519230769231 0.29086538461538464 0.028846153846153848 0.06971153846153846
0 0.2512019230769231 0.2860576923076923 0.028846153846153848 0.06971153846153846
0 0.22115384615384615 0.2848557692307692 0.03125 0.07211538461538461
0 0.1875 0.28125 0.036057692307692304 0.07451923076923077
0 0.15144230769230768 0.2800480769230769 0.036057692307692304 0.07451923076923077
0 0.11538461538461539 0.27524038461538464 0.036057692307692304 0.07692307692307693
0 0.07932692307692307 0.27283653846153844 0.038461538461538464 0.08173076923076923
0 0.038461538461538464 0.2692307692307692 0.040865384615384616 0.08413461538461539
0 0.009615384615384616 0.2644230769230769 0.019230769230769232 0.08653846153846154
0 0.359375 0.17067307692307693 0.016826923076923076 0.0673076923076923
0 0.33774038461538464 0.16826923076923078 0.028846153846153848 0.0673076923076923
0 0.31009615384615385 0.1658653846153846 0.026442307692307692 0.06490384615384616
0 0.28125 0.15865384615384615 0.028846153846153848 0.06971153846153846
0 0.2512019230769231 0.15384615384615385 0.03125 0.07211538461538461
0 0.21875 0.1502403846153846 0.03125 0.06971153846153846
0 0.18629807692307693 0.14423076923076922 0.03125 0.07211538461538461
0 0.15264423076923078 0.13701923076923078 0.036057692307692304 0.07451923076923077
0 0.11658653846153846 0.12980769230769232 0.036057692307692304 0.07692307692307693
0 0.07932692307692307 0.12379807692307693 0.038461538461538464 0.07692307692307693
0 0.038461538461538464 0.11538461538461539 0.040865384615384616 0.07692307692307693
0 0.009615384615384616 0.109375 0.019230769230769232 0.07932692307692307
0 0.35697115384615385 0.04927884615384615 0.021634615384615384 0.06490384615384616
0 0.3329326923076923 0.042067307692307696 0.028846153846153848 0.06490384615384616
0 0.30408653846153844 0.037259615384615384 0.028846153846153848 0.06490384615384616
0 0.27524038461538464 0.03125 0.03125 0.0625
0 0.2439903846153846 0.027644230769230768 0.03125 0.055288461538461536
0 0.21153846153846154 0.02283653846153846 0.03365384615384615 0.04567307692307692
0 0.18028846153846154 0.020432692307692308 0.03365384615384615 0.040865384615384616
0 0.14543269230769232 0.015625 0.036057692307692304 0.03125
0 0.10817307692307693 0.010817307692307692 0.038461538461538464 0.021634615384615384
0 0.013221153846153846 0.5913461538461539 0.026442307692307692 0.08653846153846154
0 0.09615384615384616 0.5817307692307693 0.040865384615384616 0.08173076923076923
0 0.1346153846153846 0.5757211538461539 0.036057692307692304 0.07932692307692307
0 0.171875 0.5733173076923077 0.036057692307692304 0.07692307692307693
0 0.20552884615384615 0.5697115384615384 0.03365384615384615 0.07451923076923077
0 0.2403846153846154 0.5661057692307693 0.03365384615384615 0.07451923076923077
0 0.27283653846153844 0.5625 0.028846153846153848 0.07451923076923077
0 0.3016826923076923 0.5625 0.028846153846153848 0.07211538461538461
0 0.33413461538461536 0.5600961538461539 0.03125 0.07211538461538461
0 0.3581730769230769 0.5552884615384616 0.019230769230769232 0.0673076923076923
0 0.8497596153846154 0.23557692307692307 0.24278846153846154 0.15865384615384615
0 0.6358173076923077 0.171875 0.21634615384615385 0.1346153846153846
0 0.4519230769230769 0.109375 0.16826923076923078 0.14182692307692307
0 0.9170673076923077 0.06370192307692307 0.1658653846153846 0.12740384615384615
0 0.038461538461538464 0.8786057692307693 0.07692307692307693 0.24278846153846154
0 0.3329326923076923 0.8737980769230769 0.06971153846153846 0.25240384615384615
0 0.12740384615384615 0.8461538461538461 0.15384615384615385 0.27884615384615385
0 0.36538461538461536 0.6838942307692307 0.004807692307692308 0.04567307692307692
0 0.1346153846153846 0.6802884615384616 0.052884615384615384 0.04326923076923077
0 0.07932692307692307 0.6658653846153846 0.052884615384615384 0.014423076923076924