0 0.02403846153846154 0.3088942307692308 0.046875 0.13581730769230768
0 0.14182692307692307 0.3485576923076923 0.14182692307692307 0.13581730769230768
0 0.03245192307692308 0.40625 0.06490384615384616 0.11538461538461539
0 0.14783653846153846 0.46033653846153844 0.13341346153846154 0.11538461538461539
0 0.052884615384615384 0.5012019230769231 0.1045673076923077 0.07091346153846154
0 0.46634615384615385 0.016826923076923076 0.0733173076923077 0.03365384615384615
0 0.8413461538461539 0.016826923076923076 0.07091346153846154 0.03365384615384615
0 0.9158653846153846 0.018028846153846152 0.0733173076923077 0.036057692307692304
0 0.6153846153846154 0.016826923076923076 0.0733173076923077 0.03365384615384615
0 0.39302884615384615 0.016826923076923076 0.06850961538461539 0.03365384615384615
0 0.6911057692307693 0.016826923076923076 0.0733173076923077 0.03365384615384615
0 0.5420673076923077 0.018028846153846152 0.0733173076923077 0.036057692307692304
0 0.7644230769230769 0.018028846153846152 0.0733173076923077 0.036057692307692304
0 0.9759615384615384 0.018028846153846152 0.046875 0.036057692307692304
0 0.43149038461538464 0.0733173076923077 0.0733173076923077 0.10697115384615384
0 0.953125 0.07451923076923077 0.0733173076923077 0.109375
0 0.7271634615384616 0.07451923076923077 0.0733173076923077 0.10697115384615384
0 0.5793269230769231 0.07451923076923077 0.0733173076923077 0.10697115384615384
0 0.5036057692307693 0.07572115384615384 0.07091346153846154 0.10697115384615384
0 0.8774038461538461 0.07572115384615384 0.0733173076923077 0.10697115384615384
0 0.6526442307692307 0.07572115384615384 0.07091346153846154 0.1045673076923077
0 0.8040865384615384 0.07572115384615384 0.0733173076923077 0.109375
0 0.9939903846153846 0.07692307692307693 0.01201923076923077 0.11057692307692307
0 0.390625 0.1658653846153846 0.07091346153846154 0.109375
0 0.9134615384615384 0.16706730769230768 0.0733173076923077 0.109375
0 0.7644230769230769 0.16826923076923078 0.0733173076923077 0.10697115384615384
0 0.9759615384615384 0.16706730769230768 0.046875 0.1045673076923077
0 0.8377403846153846 0.16826923076923078 0.07091346153846154 0.109375
0 0.4651442307692308 0.16826923076923078 0.0733173076923077 0.109375
0 0.6153846153846154 0.17067307692307693 0.0733173076923077 0.109375
0 0.5396634615384616 0.17067307692307693 0.0733173076923077 0.10697115384615384
0 0.6899038461538461 0.171875 0.0733173076923077 0.1045673076923077
0 0.9939903846153846 0.25961538461538464 0.01201923076923077 0.10576923076923077
0 0.8762019230769231 0.26322115384615385 0.0733173076923077 0.10697115384615384
0 0.8004807692307693 0.26322115384615385 0.07091346153846154 0.10697115384615384
0 0.9519230769230769 0.26322115384615385 0.0733173076923077 0.10697115384615384
0 0.6502403846153846 0.26322115384615385 0.0733173076923077 0.10697115384615384
0 0.7259615384615384 0.2644230769230769 0.0733173076923077 0.109375
0 0.5745192307692307 0.2644230769230769 0.0733173076923077 0.10697115384615384
0 0.4266826923076923 0.2644230769230769 0.0733173076923077 0.1045673076923077
0 0.5012019230769231 0.265625 0.0733173076923077 0.109375
0 0.3858173076923077 0.3545673076923077 0.0733173076923077 0.109375
0 0.9122596153846154 0.3557692307692308 0.0733173076923077 0.10697115384615384
0 0.8365384615384616 0.35697115384615385 0.07091346153846154 0.1045673076923077
0 0.46033653846153844 0.35697115384615385 0.07091346153846154 0.10697115384615384
0 0.9747596153846154 0.35697115384615385 0.04927884615384615 0.10697115384615384
0 0.5348557692307693 0.3581730769230769 0.0733173076923077 0.1045673076923077
0 0.6875 0.359375 0.0733173076923077 0.1045673076923077
0 0.6129807692307693 0.359375 0.0733173076923077 0.1045673076923077
0 0.7620192307692307 0.359375 0.07091346153846154 0.10697115384615384
0 0.421875 0.45072115384615385 0.0733173076923077 0.10697115384615384
0 0.7235576923076923 0.45072115384615385 0.0733173076923077 0.10697115384615384
0 0.49759615384615385 0.4519230769230769 0.07091346153846154 0.109375
0 0.9471153846153846 0.453125 0.0733173076923077 0.109375
0 0.6478365384615384 0.453125 0.0733173076923077 0.1045673076923077
0 0.5733173076923077 0.453125 0.0733173076923077 0.1045673076923077
0 0.8737980769230769 0.45552884615384615 0.0733173076923077 0.109375
0 0.9939903846153846 0.4543269230769231 0.01201923076923077 0.11057692307692307
0 0.7992788461538461 0.45552884615384615 0.0733173076923077 0.109375
0 0.052884615384615384 0.5697115384615384 0.0625 0.06490384615384616
0 0.10817307692307693 0.5697115384615384 0.055288461538461536 0.06490384615384616
0 0.019230769230769232 0.6274038461538461 0.038461538461538464 0.11057692307692307
0 0.0625 0.6358173076923077 0.06009615384615385 0.09975961538461539
0 0.13581730769230768 0.6358173076923077 0.0625 0.09975961538461539
0 0.0829326923076923 0.7139423076923077 0.057692307692307696 0.0889423076923077
0 0.02403846153846154 0.71875 0.046875 0.09735576923076923
0 0.12139423076923077 0.8858173076923077 0.06490384615384616 0.109375
0 0.06009615384615385 0.9074519230769231 0.0625 0.11298076923076923
0 0.013221153846153846 0.9230769230769231 0.026442307692307692 0.11298076923076923
0 0.13221153846153846 0.9555288461538461 0.06009615384615385 0.0889423076923077
0 0.0829326923076923 0.9639423076923077 0.06009615384615385 0.07211538461538461
0 0.026442307692307692 0.9723557692307693 0.052884615384615384 0.055288461538461536
0 0.17908653846153846 0.9927884615384616 0.06971153846153846 0.014423076923076924
0 0.10697115384615384 0.9951923076923077 0.06009615384615385 0.009615384615384616
0 0.6646634615384616 0.5697115384615384 0.1045673076923077 0.06490384615384616
0 0.3545673076923077 0.5721153846153846 0.10216346153846154 0.07091346153846154
0 0.265625 0.5721153846153846 0.07572115384615384 0.07091346153846154
0 0.8569711538461539 0.5757211538461539 0.09735576923076923 0.078125
0 0.46153846153846156 0.5745192307692307 0.09735576923076923 0.07572115384615384
0 0.5612980769230769 0.5757211538461539 0.09735576923076923 0.078125
0 0.7548076923076923 0.5757211538461539 0.09134615384615384 0.078125
0 0.96875 0.6057692307692307 0.0625 0.13822115384615385
0 0.3112980769230769 0.6634615384615384 0.10216346153846154 0.1466346153846154
0 0.41346153846153844 0.6646634615384616 0.09735576923076923 0.14903846153846154
0 0.7944711538461539 0.6658653846153846 0.08413461538461539 0.11778846153846154
0 0.515625 0.6670673076923077 0.09735576923076923 0.1466346153846154
0 0.7103365384615384 0.6670673076923077 0.09735576923076923 0.1466346153846154
0 0.8774038461538461 0.6730769230769231 0.08413461538461539 0.1201923076923077
0 0.6117788461538461 0.6730769230769231 0.09375 0.14182692307692307
0 0.9927884615384616 0.7283653846153846 0.014423076923076924 0.14423076923076922
0 0.2644230769230769 0.7884615384615384 0.0733173076923077 0.15144230769230768
0 0.35336538461538464 0.7908653846153846 0.10697115384615384 0.15745192307692307
0 0.4675480769230769 0.7932692307692307 0.09375 0.14182692307692307
0 0.796875 0.7932692307692307 0.11538461538461539 0.17067307692307693
0 0.6586538461538461 0.7932692307692307 0.09375 0.14182692307692307
0 0.5625 0.7944711538461539 0.09375 0.14423076923076922
0 0.8810096153846154 0.7956730769230769 0.08413461538461539 0.15504807692307693
0 0.9495192307692307 0.7980769230769231 0.07572115384615384 0.14423076923076922
0 0.9795673076923077 0.9146634615384616 0.040865384615384616 0.14182692307692307
0 0.7079326923076923 0.9182692307692307 0.09134615384615384 0.14182692307692307
0 0.6117788461538461 0.9206730769230769 0.0889423076923077 0.13822115384615385
0 0.5108173076923077 0.921875 0.10817307692307693 0.15625
0 0.296875 0.9206730769230769 0.10817307692307693 0.15865384615384615
0 0.40865384615384615 0.9254807692307693 0.09375 0.14903846153846154
0 0.8413461538461539 0.9278846153846154 0.10697115384615384 0.14423076923076922
0 0.9266826923076923 0.9771634615384616 0.09375 0.04447115384615385
0 0.7463942307692307 0.9879807692307693 0.09975961538461539 0.02403846153846154
0 0.6502403846153846 0.9939903846153846 0.0889423076923077 0.01201923076923077
0 0.4543269230769231 0.9951923076923077 0.10096153846153846 0.009615384615384616
0 0.5552884615384616 0.9951923076923077 0.09615384615384616 0.009615384615384616