0 0.016826923076923076 0.6586538461538461 0.03245192307692308 0.08533653846153846
0 0.054086538461538464 0.6358173076923077 0.04807692307692308 0.12379807692307693
0 0.019230769230769232 0.5552884615384616 0.038461538461538464 0.12139423076923077
0 0.05889423076923077 0.5144230769230769 0.05048076923076923 0.12620192307692307
0 0.021634615384615384 0.4362980769230769 0.04326923076923077 0.12139423076923077
0 0.06850961538461539 0.3918269230769231 0.05048076923076923 0.12860576923076922
0 0.026442307692307692 0.31490384615384615 0.04807692307692308 0.12379807692307693
0 0.026442307692307692 0.18870192307692307 0.04807692307692308 0.12860576923076922
0 0.07091346153846154 0.12980769230769232 0.052884615384615384 0.12860576923076922
0 0.006009615384615385 0.11057692307692307 0.01201923076923077 0.125
0 0.03245192307692308 0.06009615384615385 0.05048076923076923 0.1201923076923077
0 0.008413461538461538 0.026442307692307692 0.016826923076923076 0.052884615384615384
0 0.7283653846153846 0.5540865384615384 0.12620192307692307 0.18629807692307693
0 0.6009615384615384 0.5540865384615384 0.12379807692307693 0.18389423076923078
0 0.8557692307692307 0.5540865384615384 0.12139423076923077 0.18389423076923078
0 0.9591346153846154 0.5480769230769231 0.08052884615384616 0.1814903846153846
0 0.5504807692307693 0.39783653846153844 0.07572115384615384 0.18990384615384615
0 0.6538461538461539 0.3942307692307692 0.1310096153846154 0.19471153846153846
0 0.7956730769230769 0.39302884615384615 0.12379807692307693 0.18389423076923078
0 0.9182692307692307 0.3918269230769231 0.12139423076923077 0.18389423076923078
0 0.9891826923076923 0.3894230769230769 0.021634615384615384 0.18269230769230768
0 0.9615384615384616 0.22716346153846154 0.07572115384615384 0.17668269230769232
0 0.5865384615384616 0.22235576923076922 0.13942307692307693 0.21995192307692307
0 0.7235576923076923 0.21995192307692307 0.11658653846153846 0.18990384615384615
0 0.8521634615384616 0.21875 0.13341346153846154 0.20673076923076922
0 0.7824519230769231 0.06971153846153846 0.12620192307692307 0.13942307692307693
0 0.9855769230769231 0.06850961538461539 0.027644230769230768 0.13581730769230768
0 0.9074519230769231 0.06610576923076923 0.12379807692307693 0.1310096153846154
0 0.5396634615384616 0.06490384615384616 0.052884615384615384 0.12860576923076922
0 0.609375 0.04807692307692308 0.14423076923076922 0.09615384615384616
0 0.65625 0.6658653846153846 0.12620192307692307 0.0733173076923077
0 0.5528846153846154 0.6634615384615384 0.08052884615384616 0.078125
0 0.9158653846153846 0.6610576923076923 0.12379807692307693 0.08052884615384616
0 0.7896634615384616 0.6610576923076923 0.12379807692307693 0.08052884615384616
0 0.38341346153846156 0.7920673076923077 0.22235576923076922 0.17908653846153846
0 0.6322115384615384 0.8918269230769231 0.2403846153846154 0.21634615384615385
0 0.8581730769230769 0.8509615384615384 0.2824519230769231 0.2980769230769231