0 0.18389423076923078 0.6225961538461539 0.03485576923076923 0.10336538461538461
0 0.3173076923076923 0.6201923076923077 0.04326923076923077 0.1141826923076923
0 0.008413461538461538 0.6045673076923077 0.016826923076923076 0.07932692307692307
0 0.10336538461538461 0.6009615384615384 0.030048076923076924 0.09375
0 0.21754807692307693 0.5973557692307693 0.038461538461538464 0.10336538461538461
0 0.026442307692307692 0.5925480769230769 0.025240384615384616 0.0829326923076923
0 0.3557692307692308 0.5913461538461539 0.04326923076923077 0.11899038461538461
0 0.12980769230769232 0.5769230769230769 0.030048076923076924 0.0985576923076923
0 0.04567307692307692 0.5721153846153846 0.027644230769230768 0.0889423076923077
0 0.25 0.5697115384615384 0.038461538461538464 0.10576923076923077
0 0.39903846153846156 0.5576923076923077 0.05048076923076923 0.12379807692307693
0 0.15504807692307693 0.5516826923076923 0.030048076923076924 0.0985576923076923
0 0.28365384615384615 0.5408653846153846 0.040865384615384616 0.1141826923076923
0 0.07932692307692307 0.5360576923076923 0.030048076923076924 0.09375
0 0.008413461538461538 0.5252403846153846 0.016826923076923076 0.07932692307692307
0 0.18629807692307693 0.5240384615384616 0.03485576923076923 0.10336538461538461
0 0.10336538461538461 0.5108173076923077 0.030048076923076924 0.09134615384615384
0 0.32091346153846156 0.5084134615384616 0.04326923076923077 0.11658653846153846
0 0.02403846153846154 0.5036057692307693 0.025240384615384616 0.08533653846153846
0 0.21754807692307693 0.4951923076923077 0.03485576923076923 0.10576923076923077
0 0.12860576923076922 0.48197115384615385 0.030048076923076924 0.09615384615384616
0 0.3605769230769231 0.47716346153846156 0.04807692307692308 0.11899038461538461
0 0.054086538461538464 0.47596153846153844 0.027644230769230768 0.0889423076923077
0 0.2512019230769231 0.4639423076923077 0.040865384615384616 0.10817307692307693
0 0.15625 0.4543269230769231 0.03245192307692308 0.10096153846153846
0 0.07932692307692307 0.44591346153846156 0.027644230769230768 0.0889423076923077
0 0.007211538461538462 0.4411057692307692 0.014423076923076924 0.08413461538461539
0 0.4050480769230769 0.4362980769230769 0.04807692307692308 0.12379807692307693
0 0.2848557692307692 0.43149038461538464 0.04326923076923077 0.1141826923076923
0 0.18629807692307693 0.4230769230769231 0.03485576923076923 0.10576923076923077
0 0.1045673076923077 0.4170673076923077 0.030048076923076924 0.09615384615384616
0 0.03245192307692308 0.4110576923076923 0.027644230769230768 0.08533653846153846
0 0.3245192307692308 0.39663461538461536 0.04567307692307692 0.11658653846153846
0 0.21875 0.390625 0.03485576923076923 0.10817307692307693
0 0.12980769230769232 0.3858173076923077 0.030048076923076924 0.0985576923076923
0 0.055288461538461536 0.38221153846153844 0.027644230769230768 0.09134615384615384
0 0.36658653846153844 0.3557692307692308 0.04807692307692308 0.12139423076923077
0 0.25240384615384615 0.3557692307692308 0.038461538461538464 0.1141826923076923
0 0.15745192307692307 0.35336538461538464 0.03245192307692308 0.10096153846153846
0 0.078125 0.35216346153846156 0.030048076923076924 0.09375
0 0.03125 0.32211538461538464 0.027644230769230768 0.09375
0 0.10216346153846154 0.32091346153846156 0.030048076923076924 0.0985576923076923
0 0.18990384615384615 0.31971153846153844 0.03485576923076923 0.10576923076923077
0 0.28846153846153844 0.3173076923076923 0.04326923076923077 0.1141826923076923
0 0.4098557692307692 0.31490384615384615 0.05048076923076923 0.12620192307692307
0 0.056490384615384616 0.28966346153846156 0.027644230769230768 0.09375
0 0.12980769230769232 0.28846153846153844 0.030048076923076924 0.0985576923076923
0 0.22115384615384615 0.28365384615384615 0.038461538461538464 0.11057692307692307
0 0.328125 0.27884615384615385 0.04567307692307692 0.11899038461538461
0 0.08052884615384616 0.25600961538461536 0.027644230769230768 0.09615384615384616
0 0.15865384615384615 0.25240384615384615 0.03485576923076923 0.10336538461538461
0 0.2548076923076923 0.24519230769230768 0.040865384615384616 0.1141826923076923
0 0.3701923076923077 0.23677884615384615 0.04807692307692308 0.12139423076923077
0 0.35336538461538464 0.6610576923076923 0.04567307692307692 0.030048076923076924
0 0.03365384615384615 0.23197115384615385 0.025240384615384616 0.09134615384615384
0 0.10576923076923077 0.22355769230769232 0.030048076923076924 0.09615384615384616
0 0.18990384615384615 0.21514423076923078 0.03485576923076923 0.10817307692307693
0 0.21634615384615385 0.6598557692307693 0.038461538461538464 0.03245192307692308
0 0.2920673076923077 0.20432692307692307 0.04326923076923077 0.11658653846153846
0 0.057692307692307696 0.1971153846153846 0.027644230769230768 0.09615384615384616
0 0.41947115384615385 0.19230769230769232 0.05048076923076923 0.12860576923076922
0 0.13341346153846154 0.18509615384615385 0.030048076923076924 0.10096153846153846
0 0.22235576923076922 0.17427884615384615 0.038461538461538464 0.11057692307692307
0 0.08173076923076923 0.15985576923076922 0.030048076923076924 0.09615384615384616
0 0.3317307692307692 0.15865384615384615 0.04567307692307692 0.12139423076923077
0 0.16466346153846154 0.14903846153846154 0.03245192307692308 0.10336538461538461
0 0.03245192307692308 0.14182692307692307 0.027644230769230768 0.09134615384615384
0 0.25721153846153844 0.13221153846153846 0.040865384615384616 0.11658653846153846
0 0.10697115384615384 0.125 0.030048076923076924 0.0985576923076923
0 0.008413461538461538 0.6586538461538461 0.016826923076923076 0.03365384615384615
0 0.37740384615384615 0.11538461538461539 0.04807692307692308 0.12379807692307693
0 0.19471153846153846 0.10817307692307693 0.038461538461538464 0.10576923076923077
0 0.05889423076923077 0.10336538461538461 0.027644230769230768 0.09134615384615384
0 0.2932692307692308 0.08653846153846154 0.04326923076923077 0.11899038461538461
0 0.13822115384615385 0.08533653846153846 0.03245192307692308 0.10336538461538461
0 0.0829326923076923 0.0673076923076923 0.030048076923076924 0.09615384615384616
0 0.22716346153846154 0.06490384615384616 0.038461538461538464 0.11057692307692307
0 0.03485576923076923 0.04927884615384615 0.027644230769230768 0.09134615384615384
0 0.16706730769230768 0.04807692307692308 0.03485576923076923 0.09615384615384616
0 0.3329326923076923 0.04927884615384615 0.04567307692307692 0.0985576923076923
0 0.10697115384615384 0.036057692307692304 0.03125 0.07211538461538461
0 0.25961538461538464 0.038461538461538464 0.040865384615384616 0.07572115384615384
0 0.05889423076923077 0.027644230769230768 0.027644230769230768 0.055288461538461536
0 0.3954326923076923 0.6454326923076923 0.04807692307692308 0.06370192307692307
0 0.1971153846153846 0.025240384615384616 0.03485576923076923 0.05048076923076923
0 0.37740384615384615 0.026442307692307692 0.04807692307692308 0.052884615384615384
0 0.13581730769230768 0.016826923076923076 0.030048076923076924 0.03245192307692308
0 0.025240384615384616 0.6526442307692307 0.025240384615384616 0.04807692307692308
0 0.24879807692307693 0.6466346153846154 0.038461538461538464 0.06009615384615385
0 0.08173076923076923 0.007211538461538462 0.028846153846153848 0.014423076923076924
0 0.29927884615384615 0.013221153846153846 0.04326923076923077 0.025240384615384616
0 0.12860576923076922 0.6490384615384616 0.030048076923076924 0.055288461538461536
0 0.04927884615384615 0.6454326923076923 0.027644230769230768 0.06370192307692307
0 0.2800480769230769 0.6334134615384616 0.040865384615384616 0.08533653846153846
0 0.15384615384615385 0.6358173076923077 0.030048076923076924 0.08052884615384616
0 0.06971153846153846 0.6346153846153846 0.027644230769230768 0.0829326923076923
0 0.8930288461538461 0.48197115384615385 0.17427884615384615 0.265625
0 0.5336538461538461 0.4074519230769231 0.13341346153846154 0.265625
0 0.8173076923076923 0.2764423076923077 0.2091346153846154 0.3076923076923077
0 0.5012019230769231 0.18389423076923078 0.06850961538461539 0.3076923076923077
0 0.9903846153846154 0.1310096153846154 0.019230769230769232 0.2620192307692308
0 0.6887019230769231 0.09375 0.20432692307692307 0.18629807692307693
0 0.9146634615384616 0.046875 0.17067307692307693 0.09375
0 0.8209134615384616 0.6165865384615384 0.16706730769230768 0.12139423076923077
0 0.9867788461538461 0.5889423076923077 0.025240384615384616 0.17668269230769232
0 0.4963942307692308 0.5733173076923077 0.057692307692307696 0.20673076923076922
0 0.6887019230769231 0.5552884615384616 0.2091346153846154 0.24278846153846154
0 0.8365384615384616 0.14182692307692307 0.13581730769230768 0.1814903846153846
0 0.4050480769230769 0.9543269230769231 0.12379807692307693 0.09134615384615384
0 0.052884615384615384 0.9423076923076923 0.10576923076923077 0.11538461538461539
0 0.22115384615384615 0.9447115384615384 0.234375 0.11057692307692307
0 0.35697115384615385 0.8149038461538461 0.21995192307692307 0.234375
0 0.12379807692307693 0.7980769230769231 0.23677884615384615 0.23197115384615385
0 0.8882211538461539 0.875 0.22355769230769232 0.25
0 0.6598557692307693 0.8725961538461539 0.2403846153846154 0.2548076923076923
0 0.7824519230769231 0.734375 0.24759615384615385 0.11658653846153846
0 0.5649038461538461 0.734375 0.19471153846153846 0.11658653846153846
0 0.9519230769230769 0.734375 0.09615384615384616 0.11658653846153846