0 0.1201923076923077 0.24879807692307693 0.036057692307692304 0.10697115384615384
0 0.25721153846153844 0.24759615384615385 0.04447115384615385 0.11778846153846154
0 0.036057692307692304 0.22596153846153846 0.03125 0.09615384615384616
0 0.15384615384615385 0.22235576923076922 0.038461538461538464 0.10697115384615384
0 0.296875 0.21634615384615385 0.04447115384615385 0.12259615384615384
0 0.06370192307692307 0.20192307692307693 0.03125 0.10096153846153846
0 0.1875 0.1935096153846154 0.038461538461538464 0.109375
0 0.09014423076923077 0.17548076923076922 0.03125 0.10096153846153846
0 0.22235576923076922 0.16346153846153846 0.042067307692307696 0.11778846153846154
0 0.013221153846153846 0.15985576923076922 0.026442307692307692 0.09615384615384616
0 0.12259615384615384 0.1466346153846154 0.036057692307692304 0.10697115384615384
0 0.036057692307692304 0.1346153846153846 0.03125 0.09375
0 0.2608173076923077 0.1310096153846154 0.04447115384615385 0.1201923076923077
0 0.15384615384615385 0.11778846153846154 0.036057692307692304 0.109375
0 0.0625 0.1045673076923077 0.03125 0.0985576923076923
0 0.21875 0.33774038461538464 0.042067307692307696 0.028846153846153848
0 0.2980769230769231 0.09735576923076923 0.04447115384615385 0.12259615384615384
0 0.18870192307692307 0.08413461538461539 0.042067307692307696 0.11177884615384616
0 0.09134615384615384 0.07572115384615384 0.03365384615384615 0.1045673076923077
0 0.013221153846153846 0.06610576923076923 0.026442307692307692 0.09134615384615384
0 0.22235576923076922 0.055288461538461536 0.04447115384615385 0.109375
0 0.009615384615384616 0.33052884615384615 0.018028846153846152 0.042067307692307696
0 0.12259615384615384 0.04807692307692308 0.036057692307692304 0.09615384615384616
0 0.036057692307692304 0.04326923076923077 0.03125 0.08653846153846154
0 0.2620192307692308 0.037259615384615384 0.04807692307692308 0.07451923076923077
0 0.15384615384615385 0.03245192307692308 0.036057692307692304 0.06490384615384616
0 0.0625 0.027644230769230768 0.03125 0.055288461538461536
0 0.25600961538461536 0.32572115384615385 0.04447115384615385 0.051682692307692304
0 0.3004807692307692 0.018028846153846152 0.038461538461538464 0.036057692307692304
0 0.18870192307692307 0.015625 0.038461538461538464 0.03125
0 0.09254807692307693 0.01201923076923077 0.03365384615384615 0.02403846153846154
0 0.11899038461538461 0.3233173076923077 0.038461538461538464 0.057692307692307696
0 0.013221153846153846 0.009615384615384616 0.026442307692307692 0.018028846153846152
0 0.29447115384615385 0.3125 0.046875 0.078125
0 0.15264423076923078 0.3112980769230769 0.038461538461538464 0.08052884615384616
0 0.18629807692307693 0.296875 0.038461538461538464 0.109375
0 0.06370192307692307 0.296875 0.03125 0.09615384615384616
0 0.21995192307692307 0.27524038461538464 0.042067307692307696 0.1141826923076923
0 0.09014423076923077 0.27524038461538464 0.03125 0.1045673076923077
0 0.007211538461538462 0.26322115384615385 0.014423076923076924 0.0889423076923077
0 0.7752403846153846 0.3016826923076923 0.27884615384615385 0.0985576923076923
0 0.6538461538461539 0.14783653846153846 0.28365384615384615 0.2956730769230769
0 0.38822115384615385 0.10697115384615384 0.13581730769230768 0.21394230769230768
0 0.9134615384615384 0.0733173076923077 0.171875 0.14543269230769232
0 0.30528846153846156 0.9939903846153846 0.028846153846153848 0.01201923076923077
0 0.021634615384615384 0.9783653846153846 0.03365384615384615 0.04326923076923077
0 0.055288461538461536 0.9783653846153846 0.038461538461538464 0.04326923076923077
0 0.09014423076923077 0.9771634615384616 0.036057692307692304 0.04567307692307692
0 0.12259615384615384 0.9771634615384616 0.03365384615384615 0.04567307692307692
0 0.15745192307692307 0.9771634615384616 0.036057692307692304 0.04567307692307692
0 0.19110576923076922 0.9759615384615384 0.03365384615384615 0.046875
0 0.22596153846153846 0.9747596153846154 0.036057692307692304 0.04927884615384615
0 0.29447115384615385 0.9747596153846154 0.036057692307692304 0.04927884615384615
0 0.31490384615384615 0.9723557692307693 0.010817307692307692 0.04927884615384615
0 0.2620192307692308 0.9735576923076923 0.036057692307692304 0.046875
0 0.013221153846153846 0.9423076923076923 0.026442307692307692 0.046875
0 0.042067307692307696 0.9423076923076923 0.036057692307692304 0.046875
0 0.07572115384615384 0.9423076923076923 0.036057692307692304 0.046875
0 0.109375 0.9411057692307693 0.03365384615384615 0.04927884615384615
0 0.14302884615384615 0.9399038461538461 0.036057692307692304 0.04927884615384615
0 0.17668269230769232 0.9387019230769231 0.036057692307692304 0.04927884615384615
0 0.21153846153846154 0.9375 0.03365384615384615 0.046875
0 0.2439903846153846 0.9362980769230769 0.036057692307692304 0.04927884615384615
0 0.2776442307692308 0.9362980769230769 0.03365384615384615 0.04927884615384615
0 0.30649038461538464 0.9338942307692307 0.028846153846153848 0.04927884615384615
0 0.004807692307692308 0.9050480769230769 0.009615384615384616 0.04567307692307692
0 0.026442307692307692 0.9050480769230769 0.03365384615384615 0.04927884615384615
0 0.06009615384615385 0.9038461538461539 0.03365384615384615 0.046875
0 0.09375 0.9038461538461539 0.03365384615384615 0.046875
0 0.12740384615384615 0.9026442307692307 0.03365384615384615 0.046875
0 0.16105769230769232 0.9014423076923077 0.036057692307692304 0.046875
0 0.1935096153846154 0.9002403846153846 0.03365384615384615 0.046875
0 0.22596153846153846 0.9002403846153846 0.03365384615384615 0.046875
0 0.2608173076923077 0.8966346153846154 0.036057692307692304 0.046875
0 0.29447115384615385 0.8966346153846154 0.03365384615384615 0.046875
0 0.31490384615384615 0.8942307692307693 0.010817307692307692 0.04927884615384615
0 0.014423076923076924 0.8677884615384616 0.028846153846153848 0.046875
0 0.04567307692307692 0.8677884615384616 0.03365384615384615 0.046875
0 0.078125 0.8653846153846154 0.036057692307692304 0.046875
0 0.11177884615384616 0.8641826923076923 0.036057692307692304 0.046875
0 0.14543269230769232 0.8629807692307693 0.03365384615384615 0.046875
0 0.1778846153846154 0.8617788461538461 0.03365384615384615 0.046875
0 0.2127403846153846 0.8617788461538461 0.03125 0.046875
0 0.24519230769230768 0.8605769230769231 0.03365384615384615 0.046875
0 0.2776442307692308 0.859375 0.03365384615384615 0.046875
0 0.3076923076923077 0.8569711538461539 0.026442307692307692 0.046875
0 0.006009615384615385 0.8293269230769231 0.01201923076923077 0.04807692307692308
0 0.030048076923076924 0.8293269230769231 0.03365384615384615 0.046875
0 0.06370192307692307 0.828125 0.03365384615384615 0.046875
0 0.09735576923076923 0.8269230769230769 0.036057692307692304 0.046875
0 0.12980769230769232 0.8269230769230769 0.03365384615384615 0.046875
0 0.1622596153846154 0.8257211538461539 0.03365384615384615 0.046875
0 0.19471153846153846 0.8245192307692307 0.03365384615384615 0.046875
0 0.22956730769230768 0.8233173076923077 0.03125 0.046875
0 0.2620192307692308 0.8233173076923077 0.03365384615384615 0.046875
0 0.29447115384615385 0.8221153846153846 0.03125 0.046875
0 0.31490384615384615 0.8185096153846154 0.010817307692307692 0.04447115384615385
0 0.015625 0.7920673076923077 0.03125 0.046875
0 0.04807692307692308 0.7920673076923077 0.03365384615384615 0.046875
0 0.1141826923076923 0.7920673076923077 0.03365384615384615 0.046875
0 0.08173076923076923 0.7908653846153846 0.03365384615384615 0.046875
0 0.1466346153846154 0.7884615384615384 0.03365384615384615 0.046875
0 0.18028846153846154 0.7872596153846154 0.03365384615384615 0.04447115384615385
0 0.2127403846153846 0.7860576923076923 0.03125 0.046875
0 0.24519230769230768 0.7860576923076923 0.03365384615384615 0.046875
0 0.2776442307692308 0.7848557692307693 0.03365384615384615 0.046875
0 0.30649038461538464 0.7824519230769231 0.028846153846153848 0.04447115384615385
0 0.009615384615384616 0.7560096153846154 0.018028846153846152 0.04447115384615385
0 0.03365384615384615 0.7560096153846154 0.03365384615384615 0.046875
0 0.06610576923076923 0.7548076923076923 0.03125 0.04447115384615385
0 0.0985576923076923 0.7536057692307693 0.03365384615384615 0.046875
0 0.16346153846153846 0.7524038461538461 0.036057692307692304 0.04447115384615385
0 0.13221153846153846 0.7524038461538461 0.03365384615384615 0.04447115384615385
0 0.1971153846153846 0.7512019230769231 0.03365384615384615 0.046875
0 0.22956730769230768 0.75 0.03125 0.046875
0 0.2620192307692308 0.7487980769230769 0.03125 0.046875
0 0.29447115384615385 0.7487980769230769 0.03125 0.046875
0 0.31490384615384615 0.7463942307692307 0.010817307692307692 0.04447115384615385
0 0.018028846153846152 0.7199519230769231 0.03365384615384615 0.046875
0 0.05048076923076923 0.71875 0.03365384615384615 0.046875
0 0.0829326923076923 0.7175480769230769 0.03125 0.04447115384615385
0 0.11538461538461539 0.7175480769230769 0.03365384615384615 0.04447115384615385
0 0.14783653846153846 0.7163461538461539 0.03365384615384615 0.04447115384615385
0 0.1814903846153846 0.7163461538461539 0.03365384615384615 0.046875
0 0.21394230769230768 0.7151442307692307 0.03125 0.04447115384615385
0 0.24519230769230768 0.7139423076923077 0.03365384615384615 0.046875
0 0.27884615384615385 0.7127403846153846 0.03365384615384615 0.046875
0 0.30649038461538464 0.7091346153846154 0.028846153846153848 0.04447115384615385
0 0.009615384615384616 0.6838942307692307 0.018028846153846152 0.04447115384615385
0 0.036057692307692304 0.6838942307692307 0.03365384615384615 0.042067307692307696
0 0.0673076923076923 0.6826923076923077 0.03365384615384615 0.04447115384615385
0 0.09975961538461539 0.6814903846153846 0.03365384615384615 0.04447115384615385
0 0.13221153846153846 0.6814903846153846 0.03365384615384615 0.046875
0 0.1658653846153846 0.6802884615384616 0.03365384615384615 0.04447115384615385
0 0.23076923076923078 0.6778846153846154 0.03365384615384615 0.042067307692307696
0 0.1971153846153846 0.6778846153846154 0.03365384615384615 0.046875
0 0.2620192307692308 0.6766826923076923 0.03365384615384615 0.04447115384615385
0 0.29447115384615385 0.6754807692307693 0.03125 0.04447115384615385
0 0.31490384615384615 0.6730769230769231 0.010817307692307692 0.04447115384615385
0 0.021634615384615384 0.6466346153846154 0.03365384615384615 0.042067307692307696
0 0.052884615384615384 0.6466346153846154 0.03365384615384615 0.042067307692307696
0 0.08653846153846154 0.6454326923076923 0.03365384615384615 0.046875
0 0.11778846153846154 0.6454326923076923 0.03365384615384615 0.046875
0 0.1502403846153846 0.6442307692307693 0.03365384615384615 0.046875
0 0.1814903846153846 0.6442307692307693 0.03365384615384615 0.04447115384615385
0 0.21394230769230768 0.6430288461538461 0.03365384615384615 0.04447115384615385
0 0.24519230769230768 0.6418269230769231 0.03365384615384615 0.04447115384615385
0 0.2776442307692308 0.640625 0.03125 0.04447115384615385
0 0.30649038461538464 0.6394230769230769 0.028846153846153848 0.04447115384615385
0 0.010817307692307692 0.6141826923076923 0.020432692307692308 0.042067307692307696
0 0.037259615384615384 0.6129807692307693 0.03365384615384615 0.04447115384615385
0 0.06971153846153846 0.6117788461538461 0.03365384615384615 0.042067307692307696
0 0.10096153846153846 0.6105769230769231 0.03365384615384615 0.04447115384615385
0 0.1346153846153846 0.609375 0.03365384615384615 0.042067307692307696
0 0.1658653846153846 0.6081730769230769 0.03365384615384615 0.04447115384615385
0 0.19831730769230768 0.6069711538461539 0.03365384615384615 0.04447115384615385
0 0.2620192307692308 0.6069711538461539 0.03365384615384615 0.04447115384615385
0 0.23076923076923078 0.6057692307692307 0.03365384615384615 0.04447115384615385
0 0.29447115384615385 0.6045673076923077 0.03125 0.046875
0 0.31490384615384615 0.6033653846153846 0.010817307692307692 0.04447115384615385
0 0.003605769230769231 0.5793269230769231 0.007211538461538462 0.04447115384615385
0 0.02403846153846154 0.578125 0.03365384615384615 0.04447115384615385
0 0.055288461538461536 0.5757211538461539 0.03365384615384615 0.04447115384615385
0 0.08774038461538461 0.5757211538461539 0.03365384615384615 0.04447115384615385
0 0.11778846153846154 0.5733173076923077 0.03365384615384615 0.04447115384615385
0 0.1502403846153846 0.5733173076923077 0.03365384615384615 0.04447115384615385
0 0.21394230769230768 0.5721153846153846 0.03365384615384615 0.04447115384615385
0 0.18269230769230768 0.5721153846153846 0.03365384615384615 0.04447115384615385
0 0.24639423076923078 0.5697115384615384 0.03365384615384615 0.04447115384615385
0 0.2776442307692308 0.5685096153846154 0.03365384615384615 0.04447115384615385
0 0.30649038461538464 0.5661057692307693 0.028846153846153848 0.04447115384615385
0 0.9230769230769231 0.8641826923076923 0.15384615384615385 0.171875
0 0.7463942307692307 0.7956730769230769 0.234375 0.14543269230769232
0 0.5120192307692307 0.7283653846153846 0.25240384615384615 0.15384615384615385
0 0.9807692307692307 0.6694711538461539 0.038461538461538464 0.15625
0 0.4230769230769231 0.5913461538461539 0.20552884615384615 0.12980769230769232
0 0.6262019230769231 0.5673076923076923 0.1875 0.13581730769230768
0 0.8064903846153846 0.5096153846153846 0.28365384615384615 0.16706730769230768