0 0.06490384615384616 0.3557692307692308 0.12980769230769232 0.13822115384615385
0 0.21754807692307693 0.36899038461538464 0.19471153846153846 0.11177884615384616
0 0.4014423076923077 0.3762019230769231 0.19230769230769232 0.09615384615384616
0 0.5853365384615384 0.3701923076923077 0.19230769230769232 0.109375
0 0.6454326923076923 0.12740384615384615 0.171875 0.2548076923076923
0 0.009615384615384616 0.11538461538461539 0.019230769230769232 0.23076923076923078
0 0.109375 0.11899038461538461 0.19230769230769232 0.23677884615384615
0 0.29086538461538464 0.1141826923076923 0.19230769230769232 0.2283653846153846
0 0.4807692307692308 0.125 0.18509615384615385 0.25
0 0.8713942307692307 0.3605769230769231 0.12740384615384615 0.12740384615384615
0 0.7608173076923077 0.34134615384615385 0.057692307692307696 0.16706730769230768
0 0.9771634615384616 0.2127403846153846 0.04567307692307692 0.1658653846153846
0 0.9254807692307693 0.14423076923076922 0.14783653846153846 0.23677884615384615
0 0.7944711538461539 0.10576923076923077 0.125 0.21153846153846154
0 0.5985576923076923 0.5829326923076923 0.265625 0.3173076923076923
0 0.6574519230769231 0.8617788461538461 0.14783653846153846 0.2764423076923077
0 0.24759615384615385 0.7115384615384616 0.28125 0.41346153846153844
0 0.1346153846153846 0.4855769230769231 0.26802884615384615 0.12259615384615384
0 0.5456730769230769 0.9194711538461539 0.31971153846153844 0.16105769230769232
0 0.9435096153846154 0.8569711538461539 0.11177884615384616 0.2860576923076923
0 0.8269230769230769 0.5564903846153846 0.18990384615384615 0.26322115384615385