0 0.7019230769230769 0.3798076923076923 0.09134615384615384 0.29086538461538464
0 0.5697115384615384 0.39302884615384615 0.19110576923076922 0.265625
0 0.390625 0.40024038461538464 0.18870192307692307 0.25
0 0.2091346153846154 0.3942307692307692 0.18870192307692307 0.26322115384615385
0 0.0625 0.39783653846153844 0.125 0.2548076923076923
0 0.02403846153846154 0.08653846153846154 0.04807692307692308 0.17307692307692307
0 0.13942307692307693 0.10216346153846154 0.19110576923076922 0.20432692307692307
0 0.6646634615384616 0.09254807692307693 0.1658653846153846 0.18509615384615385
0 0.4963942307692308 0.0889423076923077 0.18990384615384615 0.1778846153846154
0 0.3125 0.09975961538461539 0.1814903846153846 0.19951923076923078
0 0.8076923076923077 0.16947115384615385 0.1201923076923077 0.3389423076923077
0 0.025240384615384616 0.7259615384615384 0.05048076923076923 0.140625
0 0.12860576923076922 0.6189903846153846 0.036057692307692304 0.07932692307692307
0 0.18269230769230768 0.5985576923076923 0.07932692307692307 0.14543269230769232
0 0.609375 0.609375 0.13822115384615385 0.16826923076923078
0 0.2920673076923077 0.5588942307692307 0.0889423076923077 0.06610576923076923
0 0.8161057692307693 0.9423076923076923 0.13822115384615385 0.11538461538461539
0 0.9423076923076923 0.9350961538461539 0.11538461538461539 0.12980769230769232
0 0.7800480769230769 0.8401442307692307 0.06610576923076923 0.1502403846153846
0 0.8846153846153846 0.8269230769230769 0.13822115384615385 0.14783653846153846
0 0.9795673076923077 0.8149038461538461 0.040865384615384616 0.16105769230769232
0 0.8125 0.6959134615384616 0.12980769230769232 0.14783653846153846
0 0.9411057692307693 0.6875 0.11778846153846154 0.14543269230769232
0 0.7776442307692307 0.5865384615384616 0.06129807692307692 0.12259615384615384
0 0.8786057692307693 0.5709134615384616 0.12980769230769232 0.09134615384615384
0 0.9699519230769231 0.5697115384615384 0.06009615384615385 0.09134615384615384