0 0.5637019230769231 0.25240384615384615 0.04447115384615385 0.3581730769230769
0 0.45552884615384615 0.27524038461538464 0.19951923076923078 0.35096153846153844
0 0.2704326923076923 0.2860576923076923 0.1935096153846154 0.3425480769230769
0 0.09014423076923077 0.27884615384615385 0.18028846153846154 0.35336538461538464
0 0.054086538461538464 0.020432692307692308 0.10817307692307693 0.040865384615384616
0 0.18990384615384615 0.018028846153846152 0.18629807692307693 0.036057692307692304
0 0.9423076923076923 0.109375 0.055288461538461536 0.06009615384615385
0 0.4170673076923077 0.9038461538461539 0.33413461538461536 0.19230769230769232
0 0.12620192307692307 0.9026442307692307 0.2512019230769231 0.1935096153846154
0 0.5048076923076923 0.7355769230769231 0.1622596153846154 0.21514423076923078
0 0.25841346153846156 0.7271634615384616 0.3401442307692308 0.21754807692307693
0 0.04326923076923077 0.71875 0.08653846153846154 0.22716346153846154
0 0.42427884615384615 0.5769230769230769 0.2932692307692308 0.16466346153846154
0 0.12139423076923077 0.5709134615384616 0.24278846153846154 0.15625
0 0.6454326923076923 0.9110576923076923 0.11778846153846154 0.1778846153846154
0 0.8064903846153846 0.8882211538461539 0.21514423076923078 0.22235576923076922
0 0.953125 0.9026442307692307 0.09375 0.1935096153846154
0 0.7980769230769231 0.671875 0.15144230769230768 0.23317307692307693
0 0.9435096153846154 0.6574519230769231 0.11298076923076923 0.2980769230769231
0 0.6550480769230769 0.6670673076923077 0.13581730769230768 0.3137019230769231