0 0.29927884615384615 0.24639423076923078 0.07091346153846154 0.17307692307692307
0 0.19471153846153846 0.24519230769230768 0.12620192307692307 0.18629807692307693
0 0.0625 0.23918269230769232 0.11538461538461539 0.17307692307692307
0 0.11298076923076923 0.08653846153846154 0.109375 0.16466346153846154
0 0.31850961538461536 0.0829326923076923 0.03365384615384615 0.16466346153846154
0 0.23076923076923078 0.0829326923076923 0.1201923076923077 0.16466346153846154
0 0.026442307692307692 0.08533653846153846 0.052884615384615384 0.17067307692307693
0 0.29927884615384615 0.4098557692307692 0.07091346153846154 0.13341346153846154
0 0.1778846153846154 0.4098557692307692 0.109375 0.13341346153846154
0 0.06370192307692307 0.4014423076923077 0.12740384615384615 0.14903846153846154
0 0.19471153846153846 0.9723557692307693 0.09134615384615384 0.055288461538461536
0 0.03485576923076923 0.9579326923076923 0.06971153846153846 0.08413461538461539
0 0.1141826923076923 0.9338942307692307 0.0985576923076923 0.13221153846153846
0 0.27283653846153844 0.9290865384615384 0.09975961538461539 0.14182692307692307
0 0.04567307692307692 0.8545673076923077 0.09134615384615384 0.13822115384615385
0 0.31490384615384615 0.8389423076923077 0.039663461538461536 0.14423076923076922
0 0.13341346153846154 0.8100961538461539 0.09975961538461539 0.1466346153846154
0 0.25240384615384615 0.7956730769230769 0.10216346153846154 0.14423076923076922
0 0.056490384615384616 0.7319711538461539 0.09975961538461539 0.1466346153846154
0 0.30528846153846156 0.703125 0.06009615384615385 0.14903846153846154
0 0.18990384615384615 0.6442307692307693 0.07091346153846154 0.109375
0 0.016826923076923076 0.6237980769230769 0.03365384615384615 0.14903846153846154
0 0.25 0.6057692307692307 0.07572115384615384 0.11298076923076923
0 0.11899038461538461 0.5829326923076923 0.09134615384615384 0.13341346153846154
0 0.3112980769230769 0.5552884615384616 0.046875 0.109375
0 0.07572115384615384 0.5048076923076923 0.0733173076923077 0.057692307692307696
0 0.15264423076923078 0.5024038461538461 0.07572115384615384 0.052884615384615384
0 0.22596153846153846 0.5024038461538461 0.07572115384615384 0.052884615384615384
0 0.019230769230769232 0.49278846153846156 0.038461538461538464 0.03365384615384615
0 0.359375 0.8425480769230769 0.04927884615384615 0.0733173076923077
0 0.38822115384615385 0.546875 0.055288461538461536 0.06850961538461539
0 0.41225961538461536 0.7211538461538461 0.057692307692307696 0.07091346153846154
0 0.4110576923076923 0.8425480769230769 0.057692307692307696 0.0733173076923077
0 0.46634615384615385 0.8425480769230769 0.057692307692307696 0.0733173076923077
0 0.9555288461538461 0.9615384615384616 0.057692307692307696 0.0733173076923077
0 0.9471153846153846 0.8413461538461539 0.057692307692307696 0.07091346153846154
0 0.9278846153846154 0.9927884615384616 0.057692307692307696 0.014423076923076924
0 0.9903846153846154 0.9603365384615384 0.018028846153846152 0.0733173076923077
0 0.8930288461538461 0.8413461538461539 0.057692307692307696 0.07091346153846154
0 0.4675480769230769 0.7223557692307693 0.057692307692307696 0.07091346153846154
0 0.3870192307692308 0.6634615384615384 0.057692307692307696 0.07091346153846154
0 0.4951923076923077 0.5480769230769231 0.055288461538461536 0.06850961538461539
0 0.890625 0.7223557692307693 0.057692307692307696 0.07091346153846154
0 0.9759615384615384 0.9002403846153846 0.046875 0.0733173076923077
0 0.8954326923076923 0.9627403846153846 0.06009615384615385 0.07451923076923077
0 0.359375 0.7199519230769231 0.04927884615384615 0.0733173076923077
0 0.38221153846153844 0.9050480769230769 0.057692307692307696 0.07572115384615384
0 0.38341346153846156 0.78125 0.057692307692307696 0.0733173076923077
0 0.8677884615384616 0.9026442307692307 0.057692307692307696 0.0733173076923077
0 0.9711538461538461 0.7800480769230769 0.057692307692307696 0.0733173076923077
0 0.9230769230769231 0.9026442307692307 0.06009615384615385 0.0733173076923077
0 0.4423076923076923 0.5480769230769231 0.055288461538461536 0.06850961538461539
0 0.3485576923076923 0.546875 0.026442307692307692 0.06850961538461539
0 0.5997596153846154 0.5480769230769231 0.052884615384615384 0.07091346153846154
0 0.40865384615384615 0.9627403846153846 0.057692307692307696 0.07451923076923077
0 0.49158653846153844 0.9050480769230769 0.057692307692307696 0.0733173076923077
0 0.546875 0.5480769230769231 0.055288461538461536 0.06850961538461539
0 0.5204326923076923 0.6057692307692307 0.055288461538461536 0.07091346153846154
0 0.4375 0.9050480769230769 0.057692307692307696 0.0733173076923077
0 0.36177884615384615 0.6033653846153846 0.052884615384615384 0.07091346153846154
0 0.8413461538461539 0.9627403846153846 0.057692307692307696 0.07451923076923077
0 0.3557692307692308 0.9639423076923077 0.04326923076923077 0.07211538461538461
0 0.5192307692307693 0.7235576923076923 0.055288461538461536 0.07091346153846154
0 0.5456730769230769 0.9050480769230769 0.057692307692307696 0.0733173076923077
0 0.7848557692307693 0.8425480769230769 0.055288461538461536 0.07091346153846154
0 0.3473557692307692 0.6622596153846154 0.02403846153846154 0.06850961538461539
0 0.6778846153846154 0.8425480769230769 0.055288461538461536 0.07091346153846154
0 0.5168269230769231 0.9627403846153846 0.057692307692307696 0.07451923076923077
0 0.5192307692307693 0.8425480769230769 0.055288461538461536 0.0733173076923077
0 0.703125 0.5480769230769231 0.052884615384615384 0.07091346153846154
0 0.4639423076923077 0.9627403846153846 0.057692307692307696 0.07451923076923077
0 0.41466346153846156 0.6045673076923077 0.055288461538461536 0.07091346153846154
0 0.7319711538461539 0.9627403846153846 0.055288461538461536 0.07451923076923077
0 0.6790865384615384 0.9627403846153846 0.055288461538461536 0.07451923076923077
0 0.8389423076923077 0.8425480769230769 0.057692307692307696 0.0733173076923077
0 0.7319711538461539 0.8425480769230769 0.055288461538461536 0.07091346153846154
0 0.7596153846153846 0.9050480769230769 0.057692307692307696 0.07091346153846154
0 0.4387019230769231 0.7824519230769231 0.057692307692307696 0.0733173076923077
0 0.9435096153846154 0.7223557692307693 0.055288461538461536 0.07091346153846154
0 0.546875 0.7836538461538461 0.055288461538461536 0.0733173076923077
0 0.4411057692307692 0.6634615384615384 0.055288461538461536 0.07091346153846154
0 0.7884615384615384 0.9627403846153846 0.057692307692307696 0.07451923076923077
0 0.9879807692307693 0.8389423076923077 0.02403846153846154 0.07091346153846154
0 0.6262019230769231 0.8425480769230769 0.055288461538461536 0.07091346153846154
0 0.4675480769230769 0.6045673076923077 0.055288461538461536 0.07091346153846154
0 0.984375 0.7211538461538461 0.03125 0.07091346153846154
0 0.5997596153846154 0.7836538461538461 0.055288461538461536 0.0733173076923077
0 0.8137019230769231 0.9026442307692307 0.057692307692307696 0.07091346153846154
0 0.6262019230769231 0.6057692307692307 0.055288461538461536 0.07091346153846154
0 0.9182692307692307 0.7824519230769231 0.057692307692307696 0.07091346153846154
0 0.5733173076923077 0.8425480769230769 0.055288461538461536 0.0733173076923077
0 0.34375 0.9050480769230769 0.018028846153846152 0.07572115384615384
0 0.546875 0.6646634615384616 0.055288461538461536 0.07091346153846154
0 0.49399038461538464 0.6634615384615384 0.055288461538461536 0.07091346153846154
0 0.6514423076923077 0.546875 0.052884615384615384 0.07091346153846154
0 0.6262019230769231 0.9627403846153846 0.055288461538461536 0.07451923076923077
0 0.8365384615384616 0.7223557692307693 0.055288461538461536 0.07091346153846154
0 0.6262019230769231 0.7235576923076923 0.055288461538461536 0.07091346153846154
0 0.7043269230769231 0.7836538461538461 0.055288461538461536 0.0733173076923077
0 0.9975961538461539 0.6622596153846154 0.004807692307692308 0.06850961538461539
0 0.6514423076923077 0.7836538461538461 0.055288461538461536 0.0733173076923077
0 0.5721153846153846 0.9627403846153846 0.057692307692307696 0.07451923076923077
0 0.5997596153846154 0.6646634615384616 0.055288461538461536 0.07091346153846154
0 0.7055288461538461 0.9050480769230769 0.055288461538461536 0.07091346153846154
0 0.9399038461538461 0.6045673076923077 0.055288461538461536 0.07091346153846154
0 0.9146634615384616 0.6634615384615384 0.055288461538461536 0.07091346153846154
0 0.9122596153846154 0.546875 0.055288461538461536 0.07091346153846154
0 0.3449519230769231 0.78125 0.020432692307692308 0.07091346153846154
0 0.7548076923076923 0.5480769230769231 0.055288461538461536 0.07091346153846154
0 0.6526442307692307 0.9050480769230769 0.055288461538461536 0.07091346153846154
0 0.9675480769230769 0.6634615384615384 0.055288461538461536 0.07091346153846154
0 0.8858173076923077 0.6045673076923077 0.055288461538461536 0.07091346153846154
0 0.8076923076923077 0.546875 0.052884615384615384 0.07091346153846154
0 0.49399038461538464 0.7824519230769231 0.055288461538461536 0.07091346153846154
0 0.5997596153846154 0.9050480769230769 0.055288461538461536 0.07091346153846154
0 0.8341346153846154 0.6057692307692307 0.055288461538461536 0.07091346153846154
0 0.7295673076923077 0.6057692307692307 0.055288461538461536 0.07091346153846154
0 0.7307692307692307 0.7235576923076923 0.055288461538461536 0.07091346153846154
0 0.8617788461538461 0.6634615384615384 0.055288461538461536 0.07091346153846154
0 0.859375 0.546875 0.052884615384615384 0.07091346153846154
0 0.5733173076923077 0.6057692307692307 0.055288461538461536 0.07091346153846154
0 0.7584134615384616 0.7836538461538461 0.055288461538461536 0.07091346153846154
0 0.8641826923076923 0.7824519230769231 0.057692307692307696 0.07091346153846154
0 0.9651442307692307 0.5480769230769231 0.055288461538461536 0.07091346153846154
0 0.7560096153846154 0.6646634615384616 0.055288461538461536 0.07091346153846154
0 0.8088942307692307 0.6646634615384616 0.055288461538461536 0.07091346153846154
0 0.6514423076923077 0.6658653846153846 0.055288461538461536 0.07091346153846154
0 0.78125 0.6057692307692307 0.055288461538461536 0.07091346153846154
0 0.7824519230769231 0.7235576923076923 0.055288461538461536 0.07091346153846154
0 0.6778846153846154 0.6057692307692307 0.055288461538461536 0.07091346153846154
0 0.7043269230769231 0.6646634615384616 0.055288461538461536 0.07091346153846154
0 0.5733173076923077 0.7235576923076923 0.055288461538461536 0.07091346153846154
0 0.9939903846153846 0.5444711538461539 0.01201923076923077 0.06971153846153846
0 0.6778846153846154 0.7235576923076923 0.055288461538461536 0.07091346153846154
0 0.8112980769230769 0.7824519230769231 0.055288461538461536 0.07091346153846154
0 0.9819711538461539 0.6033653846153846 0.036057692307692304 0.07091346153846154