0 0.03485576923076923 0.23798076923076922 0.06971153846153846 0.16346153846153846
0 0.11538461538461539 0.24879807692307693 0.11177884615384616 0.171875
0 0.5336538461538461 0.25 0.09375 0.171875
0 0.4182692307692308 0.2536057692307692 0.125 0.18509615384615385
0 0.2860576923076923 0.25961538461538464 0.1141826923076923 0.171875
0 0.016826923076923076 0.39903846153846156 0.03365384615384615 0.19831730769230768
0 0.08413461538461539 0.40384615384615385 0.109375 0.16105769230769232
0 0.33653846153846156 0.4110576923076923 0.109375 0.16346153846153846
0 0.5516826923076923 0.4170673076923077 0.057692307692307696 0.16706730769230768
0 0.453125 0.4230769230769231 0.1201923076923077 0.18028846153846154
0 0.21153846153846154 0.42427884615384615 0.12980769230769232 0.19230769230769232
0 0.0889423076923077 0.5817307692307693 0.12740384615384615 0.19230769230769232
0 0.014423076923076924 0.5877403846153846 0.028846153846153848 0.16947115384615385
0 0.33413461538461536 0.5925480769230769 0.12980769230769232 0.19230769230769232
0 0.5625 0.5973557692307693 0.036057692307692304 0.20072115384615385
0 0.4675480769230769 0.6057692307692307 0.109375 0.16346153846153846
0 0.21153846153846154 0.6069711538461539 0.109375 0.16706730769230768
0 0.15264423076923078 0.06610576923076923 0.11778846153846154 0.13221153846153846
0 0.04567307692307692 0.0733173076923077 0.09134615384615384 0.14543269230769232
0 0.41947115384615385 0.7379807692307693 0.1141826923076923 0.11778846153846154
0 0.5288461538461539 0.7319711538461539 0.1045673076923077 0.12980769230769232
0 0.109375 0.7403846153846154 0.1141826923076923 0.11177884615384616
0 0.025240384615384616 0.734375 0.04927884615384615 0.125
0 0.2848557692307692 0.7379807692307693 0.13221153846153846 0.11778846153846154
0 0.5336538461538461 0.078125 0.09375 0.15625
0 0.4014423076923077 0.078125 0.109375 0.15625
0 0.2860576923076923 0.08653846153846154 0.12980769230769232 0.171875
0 0.5997596153846154 0.4567307692307692 0.038461538461538464 0.27283653846153844
0 0.6069711538461539 0.6971153846153846 0.051682692307692304 0.20072115384615385
0 0.859375 0.7596153846153846 0.21394230769230768 0.07572115384615384
0 0.06370192307692307 0.8978365384615384 0.12740384615384615 0.20432692307692307
0 0.7860576923076923 0.8161057692307693 0.1045673076923077 0.038461538461538464
0 0.9627403846153846 0.8389423076923077 0.07451923076923077 0.08653846153846154
0 0.7860576923076923 0.8942307692307693 0.08653846153846154 0.12740384615384615
0 0.6129807692307693 0.8954326923076923 0.06490384615384616 0.12980769230769232
0 0.8774038461538461 0.9026442307692307 0.1045673076923077 0.15865384615384615
0 0.6923076923076923 0.90625 0.1045673076923077 0.15865384615384615
0 0.9699519230769231 0.9350961538461539 0.06009615384615385 0.125