0 0.921875 0.1875 0.10697115384615384 0.109375
0 0.9543269230769231 0.2776442307692308 0.09134615384615384 0.10336538461538461
0 0.7367788461538461 0.2824519230769231 0.109375 0.109375
0 0.8497596153846154 0.28365384615384615 0.10697115384615384 0.10697115384615384
0 0.5036057692307693 0.28365384615384615 0.11658653846153846 0.11177884615384616
0 0.38100961538461536 0.2848557692307692 0.1141826923076923 0.1141826923076923
0 0.6225961538461539 0.28966346153846156 0.109375 0.109375
0 0.9795673076923077 0.36538461538461536 0.039663461538461536 0.109375
0 0.9098557692307693 0.3737980769230769 0.109375 0.10697115384615384
0 0.7896634615384616 0.3786057692307692 0.1141826923076923 0.109375
0 0.5564903846153846 0.3798076923076923 0.11658653846153846 0.109375
0 0.4387019230769231 0.38100961538461536 0.1141826923076923 0.1141826923076923
0 0.6766826923076923 0.38221153846153844 0.109375 0.109375
0 0.3245192307692308 0.38461538461538464 0.1141826923076923 0.11177884615384616
0 0.9495192307692307 0.4567307692307692 0.10096153846153846 0.10576923076923077
0 0.8449519230769231 0.46634615384615385 0.1045673076923077 0.1045673076923077
0 0.7355769230769231 0.4723557692307692 0.109375 0.10697115384615384
0 0.6129807692307693 0.4723557692307692 0.1141826923076923 0.10697115384615384
0 0.49759615384615385 0.47596153846153844 0.1141826923076923 0.109375
0 0.38221153846153844 0.4795673076923077 0.11658653846153846 0.11177884615384616
0 0.2608173076923077 0.4831730769230769 0.1141826923076923 0.11177884615384616
0 0.9747596153846154 0.5444711538461539 0.04927884615384615 0.1045673076923077
0 0.8954326923076923 0.5480769230769231 0.09975961538461539 0.09975961538461539
0 0.7920673076923077 0.5649038461538461 0.109375 0.1045673076923077
0 0.6706730769230769 0.5649038461538461 0.11177884615384616 0.1045673076923077
0 0.5552884615384616 0.5709134615384616 0.1141826923076923 0.109375
0 0.4387019230769231 0.5745192307692307 0.1141826923076923 0.109375
0 0.32211538461538464 0.578125 0.1141826923076923 0.109375
0 0.203125 0.5829326923076923 0.12139423076923077 0.109375
0 0.953125 0.6442307692307693 0.09375 0.10096153846153846
0 0.7271634615384616 0.6526442307692307 0.109375 0.1045673076923077
0 0.8521634615384616 0.6538461538461539 0.10697115384615384 0.1045673076923077
0 0.6177884615384616 0.6622596153846154 0.11177884615384616 0.1045673076923077
0 0.49759615384615385 0.6658653846153846 0.11177884615384616 0.10697115384615384
0 0.38341346153846156 0.6778846153846154 0.1141826923076923 0.109375
0 0.2644230769230769 0.6790865384615384 0.11658653846153846 0.11177884615384616
0 0.14423076923076922 0.6814903846153846 0.11658653846153846 0.11177884615384616
0 0.9771634615384616 0.7295673076923077 0.04447115384615385 0.10216346153846154
0 0.9014423076923077 0.7355769230769231 0.1045673076923077 0.09975961538461539
0 0.7896634615384616 0.7415865384615384 0.1045673076923077 0.1045673076923077
0 0.671875 0.7463942307692307 0.1045673076923077 0.10216346153846154
0 0.5612980769230769 0.7560096153846154 0.11177884615384616 0.1045673076923077
0 0.4423076923076923 0.7632211538461539 0.11177884615384616 0.1045673076923077
0 0.32211538461538464 0.7692307692307693 0.1141826923076923 0.1045673076923077
0 0.20673076923076922 0.7764423076923077 0.11899038461538461 0.109375
0 0.0733173076923077 0.7764423076923077 0.12139423076923077 0.109375
0 0.9483173076923077 0.8185096153846154 0.10216346153846154 0.09735576923076923
0 0.8401442307692307 0.8233173076923077 0.1045673076923077 0.09735576923076923
0 0.7331730769230769 0.8317307692307693 0.109375 0.10216346153846154
0 0.6177884615384616 0.8425480769230769 0.109375 0.09975961538461539
0 0.5048076923076923 0.8509615384615384 0.11177884615384616 0.1045673076923077
0 0.38461538461538464 0.859375 0.1141826923076923 0.1045673076923077
0 0.2644230769230769 0.8665865384615384 0.1141826923076923 0.1045673076923077
0 0.140625 0.8689903846153846 0.11899038461538461 0.1045673076923077
0 0.039663461538461536 0.8774038461538461 0.07932692307692307 0.10697115384615384
0 0.9723557692307693 0.8930288461538461 0.055288461538461536 0.09495192307692307
0 0.8858173076923077 0.9026442307692307 0.09975961538461539 0.09495192307692307
0 0.7848557692307693 0.9158653846153846 0.1045673076923077 0.09975961538461539
0 0.6802884615384616 0.9254807692307693 0.10697115384615384 0.10216346153846154
0 0.5625 0.9362980769230769 0.10697115384615384 0.09975961538461539
0 0.4423076923076923 0.9447115384615384 0.109375 0.1045673076923077
0 0.3245192307692308 0.9519230769230769 0.11057692307692307 0.09615384615384616
0 0.19951923076923078 0.9519230769230769 0.11538461538461539 0.09615384615384616
0 0.07692307692307693 0.9543269230769231 0.1201923076923077 0.09134615384615384
0 0.9879807692307693 0.1778846153846154 0.02403846153846154 0.11538461538461539