0 0.9098557692307693 0.17908653846153846 0.11298076923076923 0.11538461538461539
0 0.9483173076923077 0.27403846153846156 0.10336538461538461 0.11057692307692307
0 0.7151442307692307 0.27884615384615385 0.11538461538461539 0.11538461538461539
0 0.8341346153846154 0.2800480769230769 0.11298076923076923 0.11298076923076923
0 0.4699519230769231 0.2800480769230769 0.12259615384615384 0.11778846153846154
0 0.3401442307692308 0.28125 0.1201923076923077 0.1201923076923077
0 0.5949519230769231 0.2860576923076923 0.11538461538461539 0.11538461538461539
0 0.9747596153846154 0.36658653846153844 0.04927884615384615 0.11538461538461539
0 0.8978365384615384 0.3762019230769231 0.11538461538461539 0.11298076923076923
0 0.7704326923076923 0.3798076923076923 0.1201923076923077 0.11538461538461539
0 0.5252403846153846 0.38100961538461536 0.12259615384615384 0.11538461538461539
0 0.4014423076923077 0.38221153846153844 0.1201923076923077 0.1201923076923077
0 0.6514423076923077 0.38341346153846156 0.11538461538461539 0.11538461538461539
0 0.28125 0.3858173076923077 0.1201923076923077 0.11778846153846154
0 0.9423076923076923 0.4639423076923077 0.10697115384615384 0.109375
0 0.828125 0.4723557692307692 0.109375 0.109375
0 0.7139423076923077 0.4795673076923077 0.11538461538461539 0.11298076923076923
0 0.5853365384615384 0.4795673076923077 0.1201923076923077 0.11298076923076923
0 0.4639423076923077 0.4831730769230769 0.1201923076923077 0.11538461538461539
0 0.34134615384615385 0.48677884615384615 0.12259615384615384 0.11778846153846154
0 0.21514423076923078 0.4891826923076923 0.1201923076923077 0.11778846153846154
0 0.9699519230769231 0.5552884615384616 0.06009615384615385 0.109375
0 0.8822115384615384 0.5588942307692307 0.1045673076923077 0.1045673076923077
0 0.7740384615384616 0.5757211538461539 0.11538461538461539 0.109375
0 0.6454326923076923 0.5757211538461539 0.11778846153846154 0.109375
0 0.5240384615384616 0.5829326923076923 0.1201923076923077 0.11538461538461539
0 0.4014423076923077 0.5865384615384616 0.1201923076923077 0.11538461538461539
0 0.27884615384615385 0.5901442307692307 0.1201923076923077 0.11538461538461539
0 0.15264423076923078 0.5949519230769231 0.12860576923076922 0.11538461538461539
0 0.9471153846153846 0.6610576923076923 0.1045673076923077 0.10697115384615384
0 0.7055288461538461 0.6682692307692307 0.11538461538461539 0.109375
0 0.8365384615384616 0.6706730769230769 0.11298076923076923 0.109375
0 0.5901442307692307 0.6778846153846154 0.11778846153846154 0.109375
0 0.4639423076923077 0.6814903846153846 0.11778846153846154 0.11298076923076923
0 0.3425480769230769 0.6947115384615384 0.1201923076923077 0.11538461538461539
0 0.21875 0.6959134615384616 0.12259615384615384 0.11778846153846154
0 0.09134615384615384 0.6995192307692307 0.12259615384615384 0.11778846153846154
0 0.9723557692307693 0.75 0.055288461538461536 0.10697115384615384
0 0.8882211538461539 0.7548076923076923 0.109375 0.1045673076923077
0 0.7704326923076923 0.7620192307692307 0.109375 0.109375
0 0.6466346153846154 0.7668269230769231 0.109375 0.10697115384615384
0 0.5300480769230769 0.7776442307692307 0.11778846153846154 0.109375
0 0.40625 0.7848557692307693 0.11778846153846154 0.109375
0 0.27884615384615385 0.7908653846153846 0.1201923076923077 0.109375
0 0.15745192307692307 0.7980769230769231 0.12620192307692307 0.11538461538461539
0 0.040865384615384616 0.7980769230769231 0.08173076923076923 0.11538461538461539
0 0.9375 0.8425480769230769 0.10697115384615384 0.10216346153846154
0 0.8233173076923077 0.8485576923076923 0.109375 0.10216346153846154
0 0.7103365384615384 0.8569711538461539 0.11538461538461539 0.10697115384615384
0 0.5901442307692307 0.8677884615384616 0.11538461538461539 0.1045673076923077
0 0.47115384615384615 0.8774038461538461 0.11778846153846154 0.109375
0 0.34375 0.8858173076923077 0.1201923076923077 0.109375
0 0.21875 0.8942307692307693 0.1201923076923077 0.109375
0 0.08774038461538461 0.8966346153846154 0.12620192307692307 0.109375
0 0.01201923076923077 0.9050480769230769 0.02403846153846154 0.11298076923076923
0 0.9675480769230769 0.921875 0.06490384615384616 0.09975961538461539
0 0.8713942307692307 0.9314903846153846 0.1045673076923077 0.09975961538461539
0 0.765625 0.9447115384615384 0.109375 0.1045673076923077
0 0.6550480769230769 0.9495192307692307 0.11298076923076923 0.10096153846153846
0 0.5300480769230769 0.9567307692307693 0.11298076923076923 0.08653846153846154
0 0.40625 0.9603365384615384 0.11538461538461539 0.078125
0 0.2824519230769231 0.9675480769230769 0.11538461538461539 0.06490384615384616
0 0.1502403846153846 0.9675480769230769 0.12259615384615384 0.06490384615384616
0 0.04326923076923077 0.9699519230769231 0.08653846153846154 0.06009615384615385
0 0.984375 0.17067307692307693 0.03125 0.1201923076923077