0 0.28725961538461536 0.10336538461538461 0.24519230769230768 0.20673076923076922
0 0.0829326923076923 0.10216346153846154 0.16466346153846154 0.203125
0 0.4699519230769231 0.109375 0.11057692307692307 0.21875
0 0.1466346153846154 0.25961538461538464 0.24278846153846154 0.1622596153846154
0 0.390625 0.25961538461538464 0.23918269230769232 0.1622596153846154
0 0.5432692307692307 0.08413461538461539 0.036057692307692304 0.16706730769230768
0 0.7319711538461539 0.09735576923076923 0.17067307692307693 0.19471153846153846
0 0.9326923076923077 0.1045673076923077 0.1346153846153846 0.2091346153846154
0 0.6370192307692307 0.23918269230769232 0.19591346153846154 0.20072115384615385
0 0.8689903846153846 0.2536057692307692 0.21634615384615385 0.17307692307692307
0 0.007211538461538462 0.5865384615384616 0.014423076923076924 0.14423076923076922
0 0.06129807692307692 0.6153846153846154 0.05889423076923077 0.15264423076923078
0 0.14543269230769232 0.6466346153846154 0.0673076923076923 0.16466346153846154
0 0.010817307692307692 0.7283653846153846 0.020432692307692308 0.13701923076923078
0 0.0673076923076923 0.7644230769230769 0.05889423076923077 0.1466346153846154
0 0.14903846153846154 0.8064903846153846 0.0673076923076923 0.15504807692307693
0 0.013221153846153846 0.8629807692307693 0.025240384615384616 0.1346153846153846
0 0.07211538461538461 0.9074519230769231 0.056490384615384616 0.14423076923076922
0 0.1502403846153846 0.9399038461538461 0.06490384615384616 0.1201923076923077
0 0.015625 0.9639423076923077 0.03125 0.07211538461538461
0 0.07451923076923077 0.9867788461538461 0.056490384615384616 0.025240384615384616
0 0.5877403846153846 0.37259615384615385 0.12379807692307693 0.06490384615384616
0 0.7391826923076923 0.3737980769230769 0.18509615384615385 0.0673076923076923
0 0.9146634615384616 0.375 0.17067307692307693 0.06971153846153846
0 0.6069711538461539 0.4675480769230769 0.1622596153846154 0.14182692307692307
0 0.7860576923076923 0.47115384615384615 0.19110576923076922 0.14182692307692307
0 0.9375 0.47115384615384615 0.125 0.14423076923076922
0 0.578125 0.6057692307692307 0.10576923076923077 0.15504807692307693
0 0.7271634615384616 0.6081730769230769 0.19591346153846154 0.15264423076923078
0 0.9122596153846154 0.6129807692307693 0.17548076923076922 0.15504807692307693