0 0.15264423076923078 0.020432692307692308 0.0829326923076923 0.039663461538461536
0 0.234375 0.016826923076923076 0.07451923076923077 0.03365384615384615
0 0.06610576923076923 0.036057692307692304 0.08533653846153846 0.07211538461538461
0 0.24879807692307693 0.08413461538461539 0.09254807692307693 0.14903846153846154
0 0.13221153846153846 0.09735576923076923 0.08774038461538461 0.13341346153846154
0 0.03365384615384615 0.11298076923076923 0.06610576923076923 0.1201923076923077
0 0.3076923076923077 0.140625 0.03485576923076923 0.12740384615384615
0 0.08653846153846154 0.19591346153846154 0.09254807692307693 0.15144230769230768
0 0.16466346153846154 0.20192307692307693 0.06971153846153846 0.1141826923076923
0 0.015625 0.2127403846153846 0.03125 0.14182692307692307
0 0.25721153846153844 0.23317307692307693 0.09014423076923077 0.1466346153846154
0 0.140625 0.3004807692307692 0.07932692307692307 0.12740384615384615
0 0.29927884615384615 0.3233173076923077 0.05048076923076923 0.140625
0 0.04807692307692308 0.33052884615384615 0.09615384615384616 0.15384615384615385
0 0.20192307692307693 0.3425480769230769 0.07451923076923077 0.1141826923076923
0 0.11298076923076923 0.4338942307692308 0.09014423076923077 0.1466346153846154
0 0.25721153846153844 0.4338942307692308 0.08533653846153846 0.140625
0 0.015625 0.4639423076923077 0.03125 0.125
0 0.20072115384615385 0.4795673076923077 0.0829326923076923 0.12740384615384615
0 0.3004807692307692 0.5528846153846154 0.04807692307692308 0.14302884615384615
0 0.06129807692307692 0.5600961538461539 0.09615384615384616 0.1466346153846154
0 0.22355769230769232 0.5612980769230769 0.07451923076923077 0.11177884615384616
0 0.1466346153846154 0.5661057692307693 0.07211538461538461 0.11177884615384616
0 0.27403846153846156 0.671875 0.09014423076923077 0.13822115384615385
0 0.027644230769230768 0.6790865384615384 0.055288461538461536 0.13581730769230768
0 0.19230769230769232 0.6838942307692307 0.07451923076923077 0.11658653846153846
0 0.11057692307692307 0.6850961538461539 0.09254807692307693 0.125
0 0.9050480769230769 0.055288461538461536 0.1466346153846154 0.11057692307692307
0 0.49759615384615385 0.06971153846153846 0.15384615384615385 0.13822115384615385
0 0.6502403846153846 0.10096153846153846 0.15144230769230768 0.20192307692307693
0 0.3786057692307692 0.15504807692307693 0.109375 0.22596153846153846
0 0.9723557692307693 0.16466346153846154 0.055288461538461536 0.2283653846153846
0 0.8305288461538461 0.1971153846153846 0.15745192307692307 0.234375
0 0.5024038461538461 0.25240384615384615 0.1466346153846154 0.22115384615384615
0 0.6526442307692307 0.30528846153846156 0.14302884615384615 0.21033653846153846
0 0.9350961538461539 0.36538461538461536 0.12980769230769232 0.22115384615384615
0 0.3870192307692308 0.3798076923076923 0.125 0.22355769230769232
0 0.7884615384615384 0.38461538461538464 0.140625 0.20432692307692307
0 0.5552884615384616 0.44591346153846156 0.13822115384615385 0.21033653846153846
0 0.6875 0.5228365384615384 0.13822115384615385 0.20432692307692307
0 0.9783653846153846 0.5252403846153846 0.042067307692307696 0.21033653846153846
0 0.8846153846153846 0.5348557692307693 0.14302884615384615 0.20432692307692307
0 0.44711538461538464 0.5528846153846154 0.13822115384615385 0.20192307692307693
0 0.9338942307692307 0.640625 0.08774038461538461 0.11658653846153846
0 0.5625 0.6634615384615384 0.08774038461538461 0.12980769230769232
0 0.7415865384615384 0.6634615384615384 0.09615384615384616 0.13822115384615385
0 0.8425480769230769 0.6694711538461539 0.09014423076923077 0.12740384615384615
0 0.35096153846153844 0.6574519230769231 0.052884615384615384 0.18028846153846154
0 0.6526442307692307 0.6730769230769231 0.08774038461538461 0.12980769230769232
0 0.4362980769230769 0.6959134615384616 0.09014423076923077 0.10336538461538461
0 0.9663461538461539 0.7055288461538461 0.06610576923076923 0.0829326923076923
0 0.8966346153846154 0.7295673076923077 0.09615384615384616 0.03485576923076923
0 0.7860576923076923 0.7319711538461539 0.09254807692307693 0.03245192307692308
0 0.6971153846153846 0.7355769230769231 0.09014423076923077 0.02403846153846154
0 0.5084134615384616 0.7355769230769231 0.09014423076923077 0.02403846153846154
0 0.6009615384615384 0.7367788461538461 0.09615384615384616 0.021634615384615384
0 0.37259615384615385 0.018028846153846152 0.09615384615384616 0.036057692307692304
0 0.7668269230769231 0.020432692307692308 0.140625 0.039663461538461536
0 0.11658653846153846 0.7872596153846154 0.23317307692307693 0.08413461538461539
0 0.03485576923076923 0.875 0.06971153846153846 0.25
0 0.18870192307692307 0.8810096153846154 0.27163461538461536 0.23798076923076922
0 0.5661057692307693 0.765625 0.06971153846153846 0.037259615384615384
0 0.8293269230769231 0.7884615384615384 0.052884615384615384 0.0829326923076923
0 0.38461538461538464 0.8016826923076923 0.0829326923076923 0.109375
0 0.7487980769230769 0.8028846153846154 0.07211538461538461 0.11177884615384616
0 0.47596153846153844 0.8149038461538461 0.07451923076923077 0.12980769230769232
0 0.6802884615384616 0.8161057692307693 0.07451923076923077 0.12740384615384615
0 0.6045673076923077 0.8341346153846154 0.07451923076923077 0.12980769230769232
0 0.5324519230769231 0.8485576923076923 0.07211538461538461 0.12980769230769232
0 0.7884615384615384 0.8978365384615384 0.06370192307692307 0.12740384615384615
0 0.35336538461538464 0.9146634615384616 0.05889423076923077 0.13341346153846154
0 0.41225961538461536 0.9230769230769231 0.07451923076923077 0.12980769230769232
0 0.5697115384615384 0.9278846153846154 0.06971153846153846 0.06129807692307692
0 0.6538461538461539 0.9362980769230769 0.07211538461538461 0.10096153846153846