0 0.28725961538461536 0.1141826923076923 0.23677884615384615 0.2283653846153846
0 0.08413461538461539 0.11298076923076923 0.16826923076923078 0.22596153846153846
0 0.4639423076923077 0.12259615384615384 0.10697115384615384 0.23677884615384615
0 0.15144230769230768 0.2800480769230769 0.234375 0.15625
0 0.3870192307692308 0.2800480769230769 0.23076923076923078 0.15625
0 0.5348557692307693 0.09975961538461539 0.03485576923076923 0.18389423076923078
0 0.7163461538461539 0.12259615384615384 0.16466346153846154 0.19110576923076922
0 0.9230769230769231 0.1310096153846154 0.15384615384615385 0.20192307692307693
0 0.6237980769230769 0.2608173076923077 0.18870192307692307 0.1935096153846154
0 0.8485576923076923 0.27524038461538464 0.2091346153846154 0.16706730769230768
0 0.01201923076923077 0.5961538461538461 0.02403846153846154 0.13942307692307693
0 0.06971153846153846 0.6237980769230769 0.057692307692307696 0.1466346153846154
0 0.1502403846153846 0.6538461538461539 0.06490384615384616 0.15865384615384615
0 0.014423076923076924 0.7319711538461539 0.028846153846153848 0.13221153846153846
0 0.07451923076923077 0.7668269230769231 0.057692307692307696 0.14182692307692307
0 0.15384615384615385 0.8088942307692307 0.06490384615384616 0.14903846153846154
0 0.016826923076923076 0.8629807692307693 0.03365384615384615 0.12980769230769232
0 0.07932692307692307 0.9050480769230769 0.055288461538461536 0.13942307692307693
0 0.15504807692307693 0.9399038461538461 0.0625 0.11899038461538461
0 0.020432692307692308 0.9627403846153846 0.039663461538461536 0.07451923076923077
0 0.08052884615384616 0.984375 0.055288461538461536 0.03125
0 0.5769230769230769 0.3894230769230769 0.11899038461538461 0.0625
0 0.7235576923076923 0.390625 0.17908653846153846 0.06490384615384616
0 0.9026442307692307 0.3918269230769231 0.18389423076923078 0.0673076923076923
0 0.5961538461538461 0.4807692307692308 0.15625 0.13701923076923078
0 0.7692307692307693 0.4855769230769231 0.18389423076923078 0.13701923076923078
0 0.9278846153846154 0.4855769230769231 0.14423076923076922 0.13942307692307693
0 0.5685096153846154 0.6141826923076923 0.10216346153846154 0.14903846153846154
0 0.7115384615384616 0.6165865384615384 0.18870192307692307 0.1466346153846154
0 0.9026442307692307 0.6213942307692307 0.1935096153846154 0.14903846153846154