0 0.17668269230769232 0.5024038461538461 0.07451923076923077 0.03365384615384615
0 0.018028846153846152 0.48197115384615385 0.036057692307692304 0.07451923076923077
0 0.07091346153846154 0.4699519230769231 0.06971153846153846 0.0985576923076923
0 0.31971153846153844 0.46033653846153844 0.07211538461538461 0.11778846153846154
0 0.3786057692307692 0.4579326923076923 0.040865384615384616 0.12259615384615384
0 0.21514423076923078 0.43509615384615385 0.07451923076923077 0.12740384615384615
0 0.036057692307692304 0.4182692307692308 0.07211538461538461 0.125
0 0.1045673076923077 0.38341346153846156 0.0673076923076923 0.10817307692307693
0 0.26322115384615385 0.3545673076923077 0.0673076923076923 0.1201923076923077
0 0.06129807692307692 0.296875 0.06490384615384616 0.10576923076923077
0 0.15745192307692307 0.296875 0.07932692307692307 0.12740384615384615
0 0.013221153846153846 0.29447115384615385 0.026442307692307692 0.11778846153846154
0 0.35096153846153844 0.25240384615384615 0.07451923076923077 0.12259615384615384
0 0.2692307692307692 0.234375 0.07451923076923077 0.12740384615384615
0 0.10336538461538461 0.20072115384615385 0.07211538461538461 0.12259615384615384
0 0.03365384615384615 0.19230769230769232 0.0673076923076923 0.12980769230769232
0 0.20072115384615385 0.18028846153846154 0.08173076923076923 0.13701923076923078
0 0.3329326923076923 0.12860576923076922 0.07692307692307693 0.13221153846153846
0 0.2536057692307692 0.11538461538461539 0.0673076923076923 0.11298076923076923
0 0.14302884615384615 0.09014423076923077 0.0673076923076923 0.11057692307692307
0 0.0625 0.0889423076923077 0.06490384615384616 0.10576923076923077
0 0.01201923076923077 0.078125 0.02403846153846154 0.10817307692307693
0 0.3894230769230769 0.051682692307692304 0.019230769230769232 0.10336538461538461
0 0.32211538461538464 0.038461538461538464 0.0625 0.07692307692307693
0 0.1971153846153846 0.04447115384615385 0.07692307692307693 0.0889423076923077
0 0.09975961538461539 0.025240384615384616 0.07451923076923077 0.05048076923076923
0 0.03365384615384615 0.014423076923076924 0.0673076923076923 0.028846153846153848
0 0.7127403846153846 0.43149038461538464 0.09134615384615384 0.10096153846153846
0 0.6201923076923077 0.43028846153846156 0.0889423076923077 0.0985576923076923
0 0.46153846153846156 0.43028846153846156 0.0673076923076923 0.09375
0 0.5288461538461539 0.42908653846153844 0.08653846153846154 0.09375
0 0.9939903846153846 0.3389423076923077 0.01201923076923077 0.10096153846153846
0 0.4495192307692308 0.23918269230769232 0.08173076923076923 0.09615384615384616
0 0.5360576923076923 0.23677884615384615 0.08413461538461539 0.09615384615384616
0 0.6262019230769231 0.23317307692307693 0.0889423076923077 0.0985576923076923
0 0.7163461538461539 0.23076923076923078 0.09134615384615384 0.10096153846153846
0 0.4543269230769231 0.056490384615384616 0.07932692307692307 0.09375
0 0.5360576923076923 0.04927884615384615 0.08173076923076923 0.09615384615384616
0 0.6225961538461539 0.046875 0.08653846153846154 0.09375
0 0.7199519230769231 0.04447115384615385 0.0889423076923077 0.0889423076923077
0 0.06971153846153846 0.9230769230769231 0.13942307692307693 0.15384615384615385
0 0.06850961538461539 0.6911057692307693 0.13701923076923078 0.25240384615384615
0 0.9050480769230769 0.9098557692307693 0.04567307692307692 0.08653846153846154
0 0.9675480769230769 0.9098557692307693 0.04807692307692308 0.08653846153846154
0 0.6814903846153846 0.9098557692307693 0.057692307692307696 0.09375
0 0.8629807692307693 0.9086538461538461 0.05048076923076923 0.09134615384615384
0 0.7439903846153846 0.9086538461538461 0.055288461538461536 0.09375
0 0.5576923076923077 0.9086538461538461 0.06009615384615385 0.10096153846153846
0 0.6225961538461539 0.9074519230769231 0.06009615384615385 0.0985576923076923
0 0.8100961538461539 0.9050480769230769 0.057692307692307696 0.09375
0 0.9783653846153846 0.8449519230769231 0.04326923076923077 0.07932692307692307
0 0.9254807692307693 0.8401442307692307 0.04567307692307692 0.08173076923076923
0 0.8245192307692307 0.8317307692307693 0.052884615384615384 0.0889423076923077
0 0.8786057692307693 0.8305288461538461 0.05048076923076923 0.08653846153846154
0 0.7704326923076923 0.8269230769230769 0.052884615384615384 0.09134615384615384
0 0.7139423076923077 0.8245192307692307 0.057692307692307696 0.09615384615384616
0 0.6538461538461539 0.8221153846153846 0.06009615384615385 0.09615384615384616
0 0.45913461538461536 0.8221153846153846 0.0673076923076923 0.10336538461538461
0 0.5913461538461539 0.8185096153846154 0.0625 0.09615384615384616
0 0.5276442307692307 0.8185096153846154 0.06490384615384616 0.10096153846153846
0 0.9783653846153846 0.7115384615384616 0.04326923076923077 0.09615384615384616
0 0.8076923076923077 0.7007211538461539 0.057692307692307696 0.09375
0 0.6165865384615384 0.6574519230769231 0.07451923076923077 0.1201923076923077
0 0.953125 0.6237980769230769 0.055288461538461536 0.0985576923076923
0 0.8930288461538461 0.6213942307692307 0.057692307692307696 0.0985576923076923
0 0.8341346153846154 0.6141826923076923 0.06009615384615385 0.0985576923076923
0 0.7740384615384616 0.6045673076923077 0.06009615384615385 0.10336538461538461
0 0.7127403846153846 0.5889423076923077 0.0673076923076923 0.10576923076923077
0 0.6358173076923077 0.5805288461538461 0.07211538461538461 0.10576923076923077
0 0.9939903846153846 0.5733173076923077 0.01201923076923077 0.0889423076923077
0 0.5625 0.5721153846153846 0.07211538461538461 0.10576923076923077
0 0.484375 0.5685096153846154 0.07451923076923077 0.0985576923076923
0 0.9627403846153846 0.5612980769230769 0.05048076923076923 0.08413461538461539
0 0.9110576923076923 0.5540865384615384 0.052884615384615384 0.06971153846153846
0 0.8581730769230769 0.5492788461538461 0.057692307692307696 0.06009615384615385
0 0.7956730769230769 0.5480769230769231 0.057692307692307696 0.057692307692307696
0 0.7379807692307693 0.5396634615384616 0.0625 0.040865384615384616
0 0.6730769230769231 0.5324519230769231 0.0673076923076923 0.026442307692307692
0 0.5973557692307693 0.5300480769230769 0.06971153846153846 0.021634615384615384