0 0.07091346153846154 0.015625 0.11298076923076923 0.03125
0 0.18028846153846154 0.03245192307692308 0.11177884615384616 0.06370192307692307
0 0.2956730769230769 0.030048076923076924 0.11057692307692307 0.06009615384615385
0 0.4338942307692308 0.06490384615384616 0.05889423076923077 0.12980769230769232
0 0.030048076923076924 0.09014423076923077 0.06009615384615385 0.12259615384615384
0 0.23317307692307693 0.11298076923076923 0.11177884615384616 0.1201923076923077
0 0.11538461538461539 0.13942307692307693 0.109375 0.12740384615384615
0 0.9507211538461539 0.19230769230769232 0.0985576923076923 0.38461538461538464
0 0.5348557692307693 0.3137019230769231 0.14302884615384615 0.33533653846153844
0 0.7007211538461539 0.3425480769230769 0.19951923076923078 0.2764423076923077
0 0.9014423076923077 0.375 0.1971153846153846 0.2127403846153846
0 0.5949519230769231 0.12139423076923077 0.18870192307692307 0.24158653846153846
0 0.7932692307692307 0.15384615384615385 0.21153846153846154 0.3076923076923077
0 0.484375 0.09134615384615384 0.04567307692307692 0.18269230769230768
0 0.48677884615384615 0.7704326923076923 0.04807692307692308 0.3641826923076923
0 0.5552884615384616 0.7944711538461539 0.15144230769230768 0.32211538461538464
0 0.8389423076923077 0.8100961538461539 0.20793269230769232 0.359375
0 0.9447115384615384 0.8088942307692307 0.11057692307692307 0.30528846153846156
0 0.6586538461538461 0.5600961538461539 0.21033653846153846 0.15745192307692307
0 0.9567307692307693 0.5697115384615384 0.08653846153846154 0.1778846153846154
0 0.7788461538461539 0.5625 0.17067307692307693 0.1622596153846154