0 0.06129807692307692 0.3485576923076923 0.12259615384615384 0.3798076923076923
0 0.24158653846153846 0.34615384615384615 0.22596153846153846 0.36658653846153844
0 0.4074519230769231 0.34134615384615385 0.09254807692307693 0.36899038461538464
0 0.34615384615384615 0.10216346153846154 0.21153846153846154 0.20432692307692307
0 0.140625 0.0829326923076923 0.17548076923076922 0.1658653846153846
0 0.12139423076923077 0.5252403846153846 0.24278846153846154 0.10336538461538461
0 0.9915865384615384 0.2956730769230769 0.016826923076923076 0.15384615384615385
0 0.9903846153846154 0.14783653846153846 0.019230769230769232 0.15144230769230768
0 0.15745192307692307 0.6526442307692307 0.1045673076923077 0.1466346153846154
0 0.8341346153846154 0.8509615384615384 0.1201923076923077 0.20793269230769232
0 0.5180288461538461 0.8149038461538461 0.12860576923076922 0.21995192307692307
0 0.7367788461538461 0.7524038461538461 0.171875 0.2620192307692308
0 0.9338942307692307 0.6670673076923077 0.13221153846153846 0.17548076923076922
0 0.4795673076923077 0.6526442307692307 0.051682692307692304 0.1466346153846154