0 0.8930288461538461 0.16826923076923078 0.052884615384615384 0.0829326923076923
0 0.6875 0.17548076923076922 0.052884615384615384 0.08774038461538461
0 0.7427884615384616 0.17548076923076922 0.055288461538461536 0.08533653846153846
0 0.6298076923076923 0.17668269230769232 0.052884615384615384 0.08533653846153846
0 0.7944711538461539 0.1814903846153846 0.052884615384615384 0.08774038461538461
0 0.24759615384615385 0.18389423076923078 0.057692307692307696 0.09014423076923077
0 0.30288461538461536 0.18990384615384615 0.055288461538461536 0.08533653846153846
0 0.35697115384615385 0.19471153846153846 0.055288461538461536 0.08774038461538461
0 0.04447115384615385 0.1935096153846154 0.0889423076923077 0.2620192307692308
0 0.4170673076923077 0.19831730769230768 0.057692307692307696 0.08533653846153846
0 0.46875 0.20432692307692307 0.055288461538461536 0.08533653846153846
0 0.5276442307692307 0.20673076923076922 0.055288461538461536 0.0829326923076923
0 0.5793269230769231 0.2091346153846154 0.052884615384615384 0.08533653846153846
0 0.7151442307692307 0.21754807692307693 0.002403846153846154 0.002403846153846154
0 0.9387019230769231 0.2247596153846154 0.052884615384615384 0.0829326923076923
0 0.1502403846153846 0.25 0.057692307692307696 0.09014423076923077
0 0.8257211538461539 0.25240384615384615 0.052884615384615384 0.0829326923076923
0 0.7644230769230769 0.25240384615384615 0.052884615384615384 0.08533653846153846
0 0.6502403846153846 0.2536057692307692 0.052884615384615384 0.0829326923076923
0 0.7019230769230769 0.2536057692307692 0.052884615384615384 0.0829326923076923
0 0.2127403846153846 0.25961538461538464 0.057692307692307696 0.09014423076923077
0 0.27403846153846156 0.2620192307692308 0.057692307692307696 0.08774038461538461
0 0.8762019230769231 0.2692307692307692 0.052884615384615384 0.08533653846153846
0 0.32572115384615385 0.2692307692307692 0.052884615384615384 0.08533653846153846
0 0.3918269230769231 0.27163461538461536 0.055288461538461536 0.08533653846153846
0 0.44350961538461536 0.27884615384615385 0.055288461538461536 0.08533653846153846
0 0.4987980769230769 0.28125 0.052884615384615384 0.08774038461538461
0 0.6045673076923077 0.2848557692307692 0.055288461538461536 0.08774038461538461
0 0.5504807692307693 0.2848557692307692 0.052884615384615384 0.08533653846153846
0 0.9639423076923077 0.29927884615384615 0.055288461538461536 0.0829326923076923
0 0.7872596153846154 0.3293269230769231 0.052884615384615384 0.08533653846153846
0 0.18629807692307693 0.3317307692307692 0.057692307692307696 0.09014423076923077
0 0.6790865384615384 0.3329326923076923 0.055288461538461536 0.08533653846153846
0 0.8461538461538461 0.33413461538461536 0.055288461538461536 0.08533653846153846
0 0.24519230769230768 0.33653846153846156 0.055288461538461536 0.08774038461538461
0 0.9146634615384616 0.33774038461538464 0.052884615384615384 0.08533653846153846
0 0.30408653846153844 0.3389423076923077 0.055288461538461536 0.08774038461538461
0 0.7331730769230769 0.34134615384615385 0.052884615384615384 0.08533653846153846
0 0.3557692307692308 0.34615384615384615 0.052884615384615384 0.08774038461538461
0 0.9951923076923077 0.3485576923076923 0.009615384615384616 0.08774038461538461
0 0.4098557692307692 0.35216346153846156 0.052884615384615384 0.08533653846153846
0 0.4675480769230769 0.3557692307692308 0.055288461538461536 0.08533653846153846
0 0.5240384615384616 0.35697115384615385 0.052884615384615384 0.08533653846153846
0 0.6322115384615384 0.36177884615384615 0.055288461538461536 0.08774038461538461
0 0.5805288461538461 0.3629807692307692 0.052884615384615384 0.0829326923076923
0 0.9435096153846154 0.3858173076923077 0.052884615384615384 0.08052884615384616
0 0.1502403846153846 0.39903846153846156 0.055288461538461536 0.09014423076923077
0 0.8629807692307693 0.4026442307692308 0.052884615384615384 0.07692307692307693
0 0.8112980769230769 0.4050480769230769 0.052884615384615384 0.08533653846153846
0 0.7019230769230769 0.4098557692307692 0.052884615384615384 0.08533653846153846
0 0.20673076923076922 0.41225961538461536 0.052884615384615384 0.08774038461538461
0 0.25600961538461536 0.41586538461538464 0.052884615384615384 0.08052884615384616
0 0.7596153846153846 0.4170673076923077 0.052884615384615384 0.08533653846153846
0 0.31971153846153844 0.4206730769230769 0.057692307692307696 0.08774038461538461
0 0.38221153846153844 0.4266826923076923 0.057692307692307696 0.08774038461538461
0 0.4326923076923077 0.43149038461538464 0.052884615384615384 0.08774038461538461
0 0.48197115384615385 0.4338942307692308 0.052884615384615384 0.0829326923076923
0 0.5432692307692307 0.4375 0.055288461538461536 0.08533653846153846
0 0.65625 0.43990384615384615 0.052884615384615384 0.08774038461538461
0 0.6021634615384616 0.43990384615384615 0.052884615384615384 0.08774038461538461
0 0.9230769230769231 0.45913461538461536 0.052884615384615384 0.0829326923076923
0 0.9759615384615384 0.46634615384615385 0.04807692307692308 0.0829326923076923
0 0.8509615384615384 0.47596153846153844 0.052884615384615384 0.08774038461538461
0 0.17548076923076922 0.48197115384615385 0.06009615384615385 0.09014423076923077
0 0.7932692307692307 0.48677884615384615 0.052884615384615384 0.08533653846153846
0 0.23798076923076922 0.49038461538461536 0.057692307692307696 0.08774038461538461
0 0.7391826923076923 0.4963942307692308 0.055288461538461536 0.08533653846153846
0 0.29447115384615385 0.49759615384615385 0.055288461538461536 0.08774038461538461
0 0.35216346153846156 0.5 0.057692307692307696 0.08774038461538461
0 0.41346153846153844 0.5048076923076923 0.055288461538461536 0.08774038461538461
0 0.4651442307692308 0.5096153846153846 0.052884615384615384 0.08533653846153846
0 0.5240384615384616 0.5132211538461539 0.052884615384615384 0.08533653846153846
0 0.6862980769230769 0.5144230769230769 0.052884615384615384 0.08774038461538461
0 0.5769230769230769 0.5168269230769231 0.055288461538461536 0.08774038461538461
0 0.6346153846153846 0.5192307692307693 0.055288461538461536 0.08533653846153846
0 0.8918269230769231 0.5360576923076923 0.052884615384615384 0.08533653846153846
0 0.9867788461538461 0.5372596153846154 0.026442307692307692 0.0889423076923077
0 0.12740384615384615 0.5408653846153846 0.057692307692307696 0.08774038461538461
0 0.9483173076923077 0.5408653846153846 0.055288461538461536 0.08533653846153846
0 0.8305288461538461 0.5552884615384616 0.052884615384615384 0.08533653846153846
0 0.2091346153846154 0.5649038461538461 0.06009615384615385 0.08774038461538461
0 0.7728365384615384 0.5661057692307693 0.05048076923076923 0.08533653846153846
0 0.26802884615384615 0.5721153846153846 0.057692307692307696 0.08774038461538461
0 0.3233173076923077 0.5769230769230769 0.055288461538461536 0.08774038461538461
0 0.7259615384615384 0.5817307692307693 0.052884615384615384 0.08533653846153846
0 0.3870192307692308 0.5817307692307693 0.057692307692307696 0.09014423076923077
0 0.4423076923076923 0.5865384615384616 0.057692307692307696 0.08774038461538461
0 0.4963942307692308 0.5889423076923077 0.052884615384615384 0.08774038461538461
0 0.5456730769230769 0.5901442307692307 0.055288461538461536 0.09014423076923077
0 0.6057692307692307 0.5925480769230769 0.052884615384615384 0.08774038461538461
0 0.6658653846153846 0.5973557692307693 0.055288461538461536 0.08533653846153846
0 0.9230769230769231 0.6057692307692307 0.052884615384615384 0.08533653846153846
0 0.15985576923076922 0.6213942307692307 0.057692307692307696 0.09014423076923077
0 0.9711538461538461 0.6237980769230769 0.05048076923076923 0.08533653846153846
0 0.8701923076923077 0.6286057692307693 0.052884615384615384 0.08533653846153846
0 0.8112980769230769 0.6394230769230769 0.055288461538461536 0.0829326923076923
0 0.7536057692307693 0.6454326923076923 0.055288461538461536 0.0829326923076923
0 0.22596153846153846 0.6454326923076923 0.057692307692307696 0.08774038461538461
0 0.2860576923076923 0.6526442307692307 0.057692307692307696 0.08774038461538461
0 0.6959134615384616 0.65625 0.055288461538461536 0.08533653846153846
0 0.3389423076923077 0.6574519230769231 0.055288461538461536 0.08533653846153846
0 0.46153846153846156 0.6646634615384616 0.057692307692307696 0.08533653846153846
0 0.5709134615384616 0.6646634615384616 0.05048076923076923 0.08533653846153846
0 0.5252403846153846 0.6646634615384616 0.057692307692307696 0.08533653846153846
0 0.4050480769230769 0.6658653846153846 0.055288461538461536 0.08774038461538461
0 0.6225961538461539 0.6694711538461539 0.055288461538461536 0.08533653846153846
0 0.10697115384615384 0.6742788461538461 0.06009615384615385 0.09014423076923077
0 0.9783653846153846 0.040865384615384616 0.038461538461538464 0.08173076923076923
0 0.9074519230769231 0.6887019230769231 0.052884615384615384 0.08533653846153846
0 0.17908653846153846 0.7055288461538461 0.06009615384615385 0.08774038461538461
0 0.8413461538461539 0.7067307692307693 0.052884615384615384 0.08533653846153846
0 0.9615384615384616 0.7175480769230769 0.052884615384615384 0.08533653846153846
0 0.7403846153846154 0.7247596153846154 0.055288461538461536 0.08533653846153846
0 0.25600961538461536 0.7259615384615384 0.057692307692307696 0.09014423076923077
0 0.6670673076923077 0.7307692307692307 0.055288461538461536 0.08533653846153846
0 0.3161057692307692 0.7355769230769231 0.057692307692307696 0.08774038461538461
0 0.9927884615384616 0.7379807692307693 0.014423076923076924 0.08533653846153846
0 0.5456730769230769 0.7403846153846154 0.055288461538461536 0.08774038461538461
0 0.3762019230769231 0.7403846153846154 0.057692307692307696 0.08774038461538461
0 0.5997596153846154 0.7427884615384616 0.052884615384615384 0.08533653846153846
0 0.4362980769230769 0.7463942307692307 0.057692307692307696 0.08533653846153846
0 0.49158653846153844 0.7487980769230769 0.055288461538461536 0.08774038461538461
0 0.7103365384615384 0.09735576923076923 0.055288461538461536 0.08533653846153846
0 0.65625 0.10096153846153846 0.055288461538461536 0.08533653846153846
0 0.5961538461538461 0.10336538461538461 0.052884615384615384 0.08533653846153846
0 0.8353365384615384 0.11778846153846154 0.052884615384615384 0.08533653846153846
0 0.5432692307692307 0.13942307692307693 0.052884615384615384 0.06490384615384616
0 0.9771634615384616 0.13942307692307693 0.04447115384615385 0.09495192307692307
0 0.5600961538461539 0.054086538461538464 0.06971153846153846 0.10697115384615384