0 0.39302884615384615 0.35096153846153844 0.22956730769230768 0.21033653846153846
0 0.5372596153846154 0.3485576923076923 0.06129807692307692 0.21514423076923078
0 0.29447115384615385 0.15264423076923078 0.23197115384615385 0.23677884615384615
0 0.4879807692307692 0.1502403846153846 0.16105769230769232 0.22716346153846154
0 0.08653846153846154 0.13822115384615385 0.17307692307692307 0.23197115384615385
0 0.4254807692307692 0.030048076923076924 0.23076923076923078 0.06009615384615385
0 0.19230769230769232 0.028846153846153848 0.22596153846153846 0.057692307692307696
0 0.6971153846153846 0.421875 0.15625 0.06850961538461539
0 0.8653846153846154 0.39663461538461536 0.1658653846153846 0.11899038461538461
0 0.6310096153846154 0.26322115384615385 0.12379807692307693 0.21995192307692307
0 0.7716346153846154 0.24158653846153846 0.16105769230769232 0.23197115384615385
0 0.9278846153846154 0.21995192307692307 0.14423076923076922 0.22956730769230768
0 0.8473557692307693 0.09254807692307693 0.15384615384615385 0.18509615384615385
0 0.9627403846153846 0.0829326923076923 0.07451923076923077 0.1658653846153846
0 0.5901442307692307 0.07572115384615384 0.04447115384615385 0.15144230769230768
0 0.6899038461538461 0.07211538461538461 0.15625 0.14423076923076922
0 0.2800480769230769 0.4879807692307692 0.051682692307692304 0.056490384615384616
0 0.9086538461538461 0.7992788461538461 0.15865384615384615 0.2439903846153846
0 0.7463942307692307 0.7992788461538461 0.15865384615384615 0.24158653846153846
0 0.6153846153846154 0.7944711538461539 0.09495192307692307 0.23677884615384615
0 0.8317307692307693 0.5949519230769231 0.15384615384615385 0.23197115384615385
0 0.9543269230769231 0.5889423076923077 0.09014423076923077 0.24158653846153846
0 0.6742788461538461 0.5889423076923077 0.15384615384615385 0.234375
0 0.921875 0.9771634615384616 0.15625 0.04567307692307692
0 0.7620192307692307 0.9759615384615384 0.15865384615384615 0.04807692307692308