0 0.34975961538461536 0.03125 0.051682692307692304 0.06129807692307692
0 0.025240384615384616 0.03365384615384615 0.04927884615384615 0.0673076923076923
0 0.0829326923076923 0.03485576923076923 0.06129807692307692 0.06971153846153846
0 0.21634615384615385 0.05889423076923077 0.07692307692307693 0.11778846153846154
0 0.2932692307692308 0.06971153846153846 0.06971153846153846 0.0889423076923077
0 0.007211538461538462 0.08413461538461539 0.014423076923076924 0.1141826923076923
0 0.13581730769230768 0.08653846153846154 0.07932692307692307 0.12620192307692307
0 0.06129807692307692 0.09735576923076923 0.0673076923076923 0.1141826923076923
0 0.30528846153846156 0.15985576923076922 0.08653846153846154 0.13822115384615385
0 0.1971153846153846 0.171875 0.08173076923076923 0.12379807692307693
0 0.10216346153846154 0.18870192307692307 0.0673076923076923 0.11177884615384616
0 0.027644230769230768 0.18990384615384615 0.054086538461538464 0.11177884615384616
0 0.3605769230769231 0.2127403846153846 0.03245192307692308 0.11899038461538461
0 0.15504807692307693 0.26322115384615385 0.08653846153846154 0.140625
0 0.22716346153846154 0.2692307692307692 0.06490384615384616 0.10697115384615384
0 0.06610576923076923 0.28125 0.07932692307692307 0.1310096153846154
0 0.013221153846153846 0.2920673076923077 0.026442307692307692 0.12259615384615384
0 0.3137019230769231 0.2980769230769231 0.08413461538461539 0.13581730769230768
0 0.20552884615384615 0.36177884615384615 0.07451923076923077 0.11899038461538461
0 0.35216346153846156 0.38221153846153844 0.046875 0.1310096153846154
0 0.11899038461538461 0.3894230769230769 0.0889423076923077 0.14302884615384615
0 0.2620192307692308 0.4014423076923077 0.06971153846153846 0.10697115384615384
0 0.036057692307692304 0.40384615384615385 0.07211538461538461 0.13341346153846154
0 0.17908653846153846 0.4855769230769231 0.08413461538461539 0.13581730769230768
0 0.3137019230769231 0.4855769230769231 0.07932692307692307 0.1310096153846154
0 0.06850961538461539 0.5144230769230769 0.07211538461538461 0.11658653846153846
0 0.009615384615384616 0.515625 0.019230769230769232 0.11177884615384616
0 0.2608173076923077 0.5288461538461539 0.07692307692307693 0.11899038461538461
0 0.35336538461538464 0.5961538461538461 0.04447115384615385 0.13341346153846154
0 0.1310096153846154 0.6021634615384616 0.0889423076923077 0.13581730769230768
0 0.2824519230769231 0.6033653846153846 0.06971153846153846 0.10336538461538461
0 0.21033653846153846 0.609375 0.0673076923076923 0.10336538461538461
0 0.03365384615384615 0.6105769230769231 0.0673076923076923 0.11177884615384616
0 0.3293269230769231 0.7067307692307693 0.08413461538461539 0.12860576923076922
0 0.013221153846153846 0.7103365384615384 0.026442307692307692 0.11298076923076923
0 0.08413461538461539 0.7139423076923077 0.08413461538461539 0.12620192307692307
0 0.2536057692307692 0.7175480769230769 0.06971153846153846 0.109375
0 0.17668269230769232 0.71875 0.08653846153846154 0.11658653846153846
0 0.9170673076923077 0.09254807692307693 0.13581730769230768 0.18509615384615385
0 0.5372596153846154 0.10576923076923077 0.14302884615384615 0.21033653846153846
0 0.6790865384615384 0.16466346153846154 0.140625 0.21033653846153846
0 0.4266826923076923 0.22596153846153846 0.10096153846153846 0.21033653846153846
0 0.9759615384615384 0.23557692307692307 0.046875 0.2127403846153846
0 0.8473557692307693 0.2644230769230769 0.1466346153846154 0.21754807692307693
0 0.5420673076923077 0.3173076923076923 0.13581730769230768 0.20552884615384615
0 0.6814903846153846 0.36658653846153844 0.13341346153846154 0.19591346153846154
0 0.9411057692307693 0.4206730769230769 0.11778846153846154 0.20673076923076922
0 0.4338942307692308 0.43509615384615385 0.11658653846153846 0.20793269230769232
0 0.8076923076923077 0.43990384615384615 0.1310096153846154 0.19110576923076922
0 0.5913461538461539 0.4963942307692308 0.12860576923076922 0.19591346153846154
0 0.7139423076923077 0.5685096153846154 0.12860576923076922 0.19110576923076922
0 0.9819711538461539 0.5697115384615384 0.036057692307692304 0.1971153846153846
0 0.8978365384615384 0.5793269230769231 0.13341346153846154 0.19110576923076922
0 0.49038461538461536 0.5961538461538461 0.12860576923076922 0.18870192307692307
0 0.9435096153846154 0.6778846153846154 0.08173076923076923 0.109375
0 0.5973557692307693 0.6995192307692307 0.08173076923076923 0.12139423076923077
0 0.7644230769230769 0.6995192307692307 0.0889423076923077 0.12860576923076922
0 0.859375 0.7043269230769231 0.08413461538461539 0.11899038461538461
0 0.4014423076923077 0.6935096153846154 0.04927884615384615 0.16826923076923078
0 0.6814903846153846 0.7079326923076923 0.08173076923076923 0.12139423076923077
0 0.4807692307692308 0.7283653846153846 0.08413461538461539 0.09615384615384616
0 0.9711538461538461 0.7391826923076923 0.056490384615384616 0.07692307692307693
0 0.9086538461538461 0.7608173076923077 0.0889423076923077 0.03245192307692308
0 0.8052884615384616 0.7620192307692307 0.08653846153846154 0.030048076923076924
0 0.7223557692307693 0.765625 0.08413461538461539 0.02283653846153846
0 0.546875 0.765625 0.08413461538461539 0.02283653846153846
0 0.6334134615384616 0.7668269230769231 0.0889423076923077 0.019230769230769232
0 0.6538461538461539 0.03125 0.13822115384615385 0.06129807692307692
0 0.41947115384615385 0.057692307692307696 0.0889423076923077 0.11538461538461539
0 0.7872596153846154 0.05889423076923077 0.13221153846153846 0.11778846153846154
0 0.1466346153846154 0.8161057692307693 0.2920673076923077 0.07692307692307693
0 0.06971153846153846 0.8894230769230769 0.13822115384615385 0.21995192307692307
0 0.24879807692307693 0.8954326923076923 0.25240384615384615 0.2091346153846154
0 0.6009615384615384 0.7944711538461539 0.06490384615384616 0.03485576923076923
0 0.8461538461538461 0.8161057692307693 0.04927884615384615 0.07692307692307693
0 0.43149038461538464 0.828125 0.07692307692307693 0.10096153846153846
0 0.7716346153846154 0.8293269230769231 0.0673076923076923 0.10336538461538461
0 0.5168269230769231 0.8401442307692307 0.06971153846153846 0.12139423076923077
0 0.7079326923076923 0.8413461538461539 0.06971153846153846 0.11899038461538461
0 0.6370192307692307 0.8581730769230769 0.06971153846153846 0.12139423076923077
0 0.5697115384615384 0.8713942307692307 0.0673076923076923 0.12139423076923077
0 0.8076923076923077 0.9170673076923077 0.05889423076923077 0.11899038461538461
0 0.40384615384615385 0.9326923076923077 0.054086538461538464 0.12379807692307693
0 0.4579326923076923 0.9387019230769231 0.06971153846153846 0.12259615384615384
0 0.6033653846153846 0.9459134615384616 0.06490384615384616 0.056490384615384616
0 0.6826923076923077 0.953125 0.0673076923076923 0.09375