0 0.3112980769230769 0.4519230769230769 0.0889423076923077 0.13221153846153846
0 0.4074519230769231 0.45072115384615385 0.0889423076923077 0.1346153846153846
0 0.12860576923076922 0.45072115384615385 0.09134615384615384 0.12980769230769232
0 0.49399038461538464 0.44711538461538464 0.07932692307692307 0.12980769230769232
0 0.21995192307692307 0.4495192307692308 0.0889423076923077 0.12740384615384615
0 0.039663461538461536 0.44471153846153844 0.07932692307692307 0.1346153846153846
0 0.3581730769230769 0.33533653846153844 0.0889423076923077 0.1346153846153846
0 0.17548076923076922 0.33533653846153844 0.08653846153846154 0.13221153846153846
0 0.453125 0.33533653846153844 0.08653846153846154 0.13221153846153846
0 0.5180288461538461 0.33413461538461536 0.030048076923076924 0.13221153846153846
0 0.2644230769230769 0.33413461538461536 0.0889423076923077 0.13221153846153846
0 0.015625 0.33052884615384615 0.030048076923076924 0.1346153846153846
0 0.08052884615384616 0.3293269230769231 0.09134615384615384 0.12980769230769232
0 0.4050480769230769 0.22235576923076922 0.0889423076923077 0.12980769230769232
0 0.21995192307692307 0.22115384615384615 0.08653846153846154 0.12980769230769232
0 0.3125 0.21995192307692307 0.0889423076923077 0.13221153846153846
0 0.49399038461538464 0.21754807692307693 0.07932692307692307 0.1346153846153846
0 0.12860576923076922 0.21634615384615385 0.0889423076923077 0.12740384615384615
0 0.039663461538461536 0.21394230769230768 0.07932692307692307 0.13221153846153846
0 0.26802884615384615 0.1045673076923077 0.0889423076923077 0.12980769230769232
0 0.45552884615384615 0.10216346153846154 0.09134615384615384 0.13221153846153846
0 0.3581730769230769 0.10216346153846154 0.0889423076923077 0.1346153846153846
0 0.5180288461538461 0.10096153846153846 0.030048076923076924 0.1346153846153846
0 0.17548076923076922 0.10216346153846154 0.0889423076923077 0.12980769230769232
0 0.08173076923076923 0.10096153846153846 0.09134615384615384 0.12980769230769232
0 0.016826923076923076 0.0985576923076923 0.03365384615384615 0.12980769230769232
0 0.4951923076923077 0.027644230769230768 0.07692307692307693 0.055288461538461536
0 0.40865384615384615 0.027644230769230768 0.09134615384615384 0.055288461538461536
0 0.3125 0.026442307692307692 0.09134615384615384 0.052884615384615384
0 0.039663461538461536 0.02403846153846154 0.07932692307692307 0.04807692307692308
0 0.12740384615384615 0.02403846153846154 0.09134615384615384 0.04807692307692308
0 0.22115384615384615 0.02403846153846154 0.09495192307692307 0.04807692307692308
0 0.7620192307692307 0.07211538461538461 0.28365384615384615 0.14423076923076922
0 0.5252403846153846 0.9783653846153846 0.015625 0.04326923076923077
0 0.43509615384615385 0.9711538461538461 0.057692307692307696 0.057692307692307696
0 0.49278846153846156 0.9711538461538461 0.052884615384615384 0.057692307692307696
0 0.3762019230769231 0.96875 0.055288461538461536 0.0625
0 0.31850961538461536 0.9663461538461539 0.06129807692307692 0.06610576923076923
0 0.2536057692307692 0.9651442307692307 0.06370192307692307 0.06850961538461539
0 0.04807692307692308 0.9627403846153846 0.07091346153846154 0.07451923076923077
0 0.18870192307692307 0.9627403846153846 0.06610576923076923 0.07451923076923077
0 0.12139423076923077 0.9615384615384616 0.06850961538461539 0.07692307692307693
0 0.4182692307692308 0.8533653846153846 0.06129807692307692 0.09975961538461539
0 0.21514423076923078 0.8076923076923077 0.07932692307692307 0.12740384615384615
0 0.5048076923076923 0.7692307692307693 0.056490384615384616 0.1045673076923077
0 0.44591346153846156 0.7620192307692307 0.06370192307692307 0.1045673076923077
0 0.38221153846153844 0.7512019230769231 0.06370192307692307 0.109375
0 0.3173076923076923 0.734375 0.07091346153846154 0.11177884615384616
0 0.23557692307692307 0.7259615384615384 0.07692307692307693 0.11177884615384616
0 0.15865384615384615 0.7151442307692307 0.07692307692307693 0.11778846153846154
0 0.07692307692307693 0.7067307692307693 0.07932692307692307 0.11778846153846154
0 0.5168269230769231 0.6850961538461539 0.03365384615384615 0.09975961538461539
0 0.4735576923076923 0.6730769230769231 0.06129807692307692 0.10216346153846154
0 0.4050480769230769 0.6694711538461539 0.06129807692307692 0.10697115384615384
0 0.3449519230769231 0.6514423076923077 0.06610576923076923 0.10697115384615384
0 0.27524038461538464 0.6346153846153846 0.07091346153846154 0.109375
0 0.19471153846153846 0.6274038461538461 0.07451923076923077 0.11177884615384616
0 0.1201923076923077 0.6045673076923077 0.07692307692307693 0.11538461538461539
0 0.038461538461538464 0.5961538461538461 0.07692307692307693 0.1201923076923077
0 0.5168269230769231 0.5865384615384616 0.03365384615384615 0.10216346153846154
0 0.46634615384615385 0.5697115384615384 0.06370192307692307 0.1045673076923077
0 0.4014423076923077 0.5637019230769231 0.06850961538461539 0.09134615384615384
0 0.3317307692307692 0.5588942307692307 0.07091346153846154 0.08173076923076923
0 0.25841346153846156 0.5480769230769231 0.07451923076923077 0.06129807692307692
0 0.18269230769230768 0.5396634615384616 0.07932692307692307 0.04326923076923077
0 0.6394230769230769 0.5324519230769231 0.06370192307692307 0.027644230769230768
0 0.8822115384615384 0.6850961538461539 0.06370192307692307 0.04807692307692308
0 0.7247596153846154 0.7271634615384616 0.06610576923076923 0.05048076923076923
0 0.5745192307692307 0.5324519230769231 0.06610576923076923 0.027644230769230768
0 0.5504807692307693 0.5600961538461539 0.036057692307692304 0.04807692307692308
0 0.9435096153846154 0.5336538461538461 0.06129807692307692 0.030048076923076924
0 0.8822115384615384 0.5336538461538461 0.06129807692307692 0.030048076923076924
0 0.6346153846153846 0.6033653846153846 0.06610576923076923 0.04807692307692308
0 0.7620192307692307 0.5324519230769231 0.06370192307692307 0.027644230769230768
0 0.7596153846153846 0.6033653846153846 0.06370192307692307 0.04807692307692308
0 0.6971153846153846 0.6033653846153846 0.06370192307692307 0.04807692307692308
0 0.8209134615384616 0.5324519230769231 0.06129807692307692 0.027644230769230768
0 0.7007211538461539 0.5324519230769231 0.06370192307692307 0.027644230769230768
0 0.6574519230769231 0.7247596153846154 0.06850961538461539 0.04807692307692308
0 0.7307692307692307 0.5637019230769231 0.06370192307692307 0.04807692307692308
0 0.8822115384615384 0.6045673076923077 0.06370192307692307 0.04807692307692308
0 0.6682692307692307 0.5637019230769231 0.06370192307692307 0.05048076923076923
0 0.8197115384615384 0.6850961538461539 0.06370192307692307 0.04807692307692308
0 0.8221153846153846 0.6033653846153846 0.06370192307692307 0.04807692307692308
0 0.9134615384615384 0.5649038461538461 0.06129807692307692 0.04807692307692308
0 0.9855769230769231 0.5336538461538461 0.027644230769230768 0.030048076923076924
0 0.6634615384615384 0.6430288461538461 0.06610576923076923 0.04807692307692308
0 0.7920673076923077 0.5637019230769231 0.06370192307692307 0.05048076923076923
0 0.5661057692307693 0.5997596153846154 0.06610576923076923 0.05048076923076923
0 0.9435096153846154 0.6838942307692307 0.06129807692307692 0.04567307692307692
0 0.8533653846153846 0.5637019230769231 0.06129807692307692 0.04807692307692308
0 0.9711538461538461 0.7247596153846154 0.057692307692307696 0.05048076923076923
0 0.9699519230769231 0.5661057692307693 0.06009615384615385 0.04567307692307692
0 0.5973557692307693 0.6418269230769231 0.06610576923076923 0.05048076923076923
0 0.9435096153846154 0.6045673076923077 0.06129807692307692 0.04567307692307692
0 0.8509615384615384 0.6442307692307693 0.06370192307692307 0.05048076923076923
0 0.5444711538461539 0.7223557692307693 0.02283653846153846 0.05048076923076923
0 0.5637019230769231 0.6802884615384616 0.06129807692307692 0.04807692307692308
0 0.6057692307692307 0.5625 0.06850961538461539 0.04807692307692308
0 0.546875 0.6394230769230769 0.027644230769230768 0.04807692307692308
0 0.9867788461538461 0.6033653846153846 0.025240384615384616 0.04807692307692308
0 0.9867788461538461 0.6838942307692307 0.025240384615384616 0.05048076923076923
0 0.5901442307692307 0.7247596153846154 0.06370192307692307 0.05048076923076923
0 0.9134615384615384 0.6442307692307693 0.06370192307692307 0.05048076923076923
0 0.7572115384615384 0.6850961538461539 0.06370192307692307 0.05048076923076923
0 0.6935096153846154 0.6850961538461539 0.06610576923076923 0.05048076923076923
0 0.7896634615384616 0.6442307692307693 0.06370192307692307 0.05048076923076923
0 0.9711538461538461 0.6442307692307693 0.057692307692307696 0.04807692307692308
0 0.6262019230769231 0.6826923076923077 0.06610576923076923 0.05048076923076923
0 0.7884615384615384 0.7271634615384616 0.06370192307692307 0.05048076923076923
0 0.7271634615384616 0.6442307692307693 0.06370192307692307 0.05048076923076923