0 0.640625 0.2668269230769231 0.0985576923076923 0.038461538461538464
0 0.2283653846153846 0.25961538461538464 0.13221153846153846 0.055288461538461536
0 0.53125 0.2620192307692308 0.109375 0.04927884615384615
0 0.6682692307692307 0.23557692307692307 0.04447115384615385 0.10096153846153846
0 0.59375 0.21754807692307693 0.109375 0.12740384615384615
0 0.4795673076923077 0.21754807692307693 0.10697115384615384 0.125
0 0.3112980769230769 0.1622596153846154 0.12740384615384615 0.15144230769230768
0 0.1778846153846154 0.140625 0.12740384615384615 0.15144230769230768
0 0.055288461538461536 0.10817307692307693 0.109375 0.14783653846153846
0 0.5432692307692307 0.10576923076923077 0.109375 0.11778846153846154
0 0.6466346153846154 0.078125 0.08653846153846154 0.125
0 0.25240384615384615 0.056490384615384616 0.125 0.11177884615384616
0 0.12740384615384615 0.04567307692307692 0.125 0.09134615384615384
0 0.7367788461538461 0.07211538461538461 0.09375 0.14302884615384615
0 0.9507211538461539 0.14302884615384615 0.0985576923076923 0.2860576923076923
0 0.052884615384615384 0.5264423076923077 0.10576923076923077 0.28846153846153844
0 0.6069711538461539 0.5252403846153846 0.16706730769230768 0.29927884615384615
0 0.4182692307692308 0.5216346153846154 0.203125 0.296875
0 0.20793269230769232 0.515625 0.20072115384615385 0.3016826923076923
0 0.53125 0.3545673076923077 0.203125 0.13581730769230768
0 0.12139423076923077 0.3545673076923077 0.20072115384615385 0.13581730769230768
0 0.6622596153846154 0.35336538461538464 0.055288461538461536 0.13221153846153846
0 0.32572115384615385 0.3485576923076923 0.203125 0.125
0 0.84375 0.8473557692307693 0.2608173076923077 0.30408653846153844
0 0.9879807692307693 0.8485576923076923 0.02403846153846154 0.3016826923076923
0 0.9266826923076923 0.5853365384615384 0.14543269230769232 0.3389423076923077
0 0.7680288461538461 0.5661057692307693 0.15625 0.36177884615384615
0 0.9831730769230769 0.37740384615384615 0.03365384615384615 0.18269230769230768
0 0.8557692307692307 0.375 0.22115384615384615 0.17668269230769232