0 0.10576923076923077 0.24158653846153846 0.13822115384615385 0.11778846153846154
0 0.008413461538461538 0.24639423076923078 0.015625 0.109375
0 0.9879807692307693 0.03365384615384615 0.02403846153846154 0.0673076923076923
0 0.9495192307692307 0.04567307692307692 0.06009615384615385 0.09134615384615384
0 0.9266826923076923 0.1045673076923077 0.042067307692307696 0.08173076923076923
0 0.8774038461538461 0.109375 0.055288461538461536 0.09975961538461539
0 0.9723557692307693 0.11658653846153846 0.055288461538461536 0.10697115384615384
0 0.8233173076923077 0.12620192307692307 0.055288461538461536 0.09735576923076923
0 0.7692307692307693 0.13822115384615385 0.055288461538461536 0.09134615384615384
0 0.9002403846153846 0.1875 0.057692307692307696 0.10216346153846154
0 0.9867788461538461 0.20192307692307693 0.026442307692307692 0.109375
0 0.7932692307692307 0.21634615384615385 0.055288461538461536 0.09735576923076923
0 0.9411057692307693 0.21754807692307693 0.06490384615384616 0.10697115384615384
0 0.9242788461538461 0.2668269230769231 0.057692307692307696 0.06850961538461539
0 0.8665865384615384 0.265625 0.057692307692307696 0.07091346153846154
0 0.8112980769230769 0.27283653846153844 0.052884615384615384 0.057692307692307696
0 0.7584134615384616 0.2776442307692308 0.055288461538461536 0.046875
0 0.06850961538461539 0.4254807692307692 0.13581730769230768 0.24879807692307693
0 0.515625 0.5492788461538461 0.1778846153846154 0.46875
0 0.3329326923076923 0.6237980769230769 0.19591346153846154 0.5024038461538461
0 0.12379807692307693 0.7007211538461539 0.21754807692307693 0.53125
0 0.421875 0.8810096153846154 0.18269230769230768 0.23798076923076922
0 0.23197115384615385 0.9206730769230769 0.19471153846153846 0.15865384615384615
0 0.4387019230769231 0.3545673076923077 0.18629807692307693 0.10697115384615384
0 0.24158653846153846 0.3870192307692308 0.20673076923076922 0.17307692307692307
0 0.06009615384615385 0.9699519230769231 0.1201923076923077 0.06009615384615385
0 0.5552884615384616 0.8389423076923077 0.1045673076923077 0.32211538461538464
0 0.7620192307692307 0.33533653846153844 0.3088942307692308 0.06850961538461539
0 0.9194711538461539 0.40384615384615385 0.16105769230769232 0.20673076923076922
0 0.671875 0.4387019230769231 0.12860576923076922 0.21754807692307693
0 0.8245192307692307 0.578125 0.3401442307692308 0.22235576923076922
0 0.7067307692307693 0.7548076923076923 0.19951923076923078 0.22235576923076922
0 0.9122596153846154 0.7644230769230769 0.17548076923076922 0.2247596153846154
0 0.8100961538461539 0.9182692307692307 0.3485576923076923 0.1622596153846154