0 0.31850961538461536 0.4411057692307692 0.09014423076923077 0.13341346153846154
0 0.41466346153846156 0.43990384615384615 0.09014423076923077 0.13581730769230768
0 0.1346153846153846 0.43990384615384615 0.09254807692307693 0.1310096153846154
0 0.5012019230769231 0.4375 0.07932692307692307 0.1310096153846154
0 0.22596153846153846 0.4387019230769231 0.09014423076923077 0.12860576923076922
0 0.042067307692307696 0.43509615384615385 0.08413461538461539 0.13581730769230768
0 0.36538461538461536 0.3245192307692308 0.09014423076923077 0.13581730769230768
0 0.1814903846153846 0.3245192307692308 0.08774038461538461 0.13341346153846154
0 0.46033653846153844 0.3245192307692308 0.08774038461538461 0.13341346153846154
0 0.5252403846153846 0.3233173076923077 0.03125 0.13341346153846154
0 0.2704326923076923 0.3233173076923077 0.09014423076923077 0.13341346153846154
0 0.018028846153846152 0.31971153846153844 0.036057692307692304 0.13581730769230768
0 0.08533653846153846 0.31850961538461536 0.09254807692307693 0.1310096153846154
0 0.41225961538461536 0.21033653846153846 0.09014423076923077 0.1310096153846154
0 0.22596153846153846 0.2091346153846154 0.08774038461538461 0.1310096153846154
0 0.31971153846153844 0.20793269230769232 0.09014423076923077 0.13341346153846154
0 0.5012019230769231 0.20673076923076922 0.07932692307692307 0.13581730769230768
0 0.1346153846153846 0.20552884615384615 0.09014423076923077 0.12860576923076922
0 0.042067307692307696 0.203125 0.08413461538461539 0.13341346153846154
0 0.27403846153846156 0.09254807692307693 0.09014423076923077 0.1310096153846154
0 0.46274038461538464 0.09014423076923077 0.09254807692307693 0.13341346153846154
0 0.36538461538461536 0.09014423076923077 0.09014423076923077 0.13581730769230768
0 0.5252403846153846 0.0889423076923077 0.03125 0.13581730769230768
0 0.1814903846153846 0.09014423076923077 0.09014423076923077 0.1310096153846154
0 0.08774038461538461 0.0889423076923077 0.09254807692307693 0.1310096153846154
0 0.019230769230769232 0.08533653846153846 0.038461538461538464 0.1310096153846154
0 0.5024038461538461 0.021634615384615384 0.07692307692307693 0.04326923076923077
0 0.41586538461538464 0.021634615384615384 0.09254807692307693 0.04326923076923077
0 0.32091346153846156 0.020432692307692308 0.09254807692307693 0.040865384615384616
0 0.042067307692307696 0.018028846153846152 0.08413461538461539 0.036057692307692304
0 0.13341346153846154 0.018028846153846152 0.09254807692307693 0.036057692307692304
0 0.22716346153846154 0.018028846153846152 0.09495192307692307 0.036057692307692304
0 0.7692307692307693 0.06610576923076923 0.28365384615384615 0.13221153846153846
0 0.5324519230769231 0.9735576923076923 0.016826923076923076 0.052884615384615384
0 0.44350961538461536 0.9675480769230769 0.056490384615384616 0.06370192307692307
0 0.5012019230769231 0.9675480769230769 0.054086538461538464 0.06370192307692307
0 0.38461538461538464 0.9651442307692307 0.056490384615384616 0.06971153846153846
0 0.32572115384615385 0.9627403846153846 0.06129807692307692 0.07451923076923077
0 0.2608173076923077 0.9615384615384616 0.06370192307692307 0.07692307692307693
0 0.054086538461538464 0.9591346153846154 0.07211538461538461 0.08173076923076923
0 0.19471153846153846 0.9591346153846154 0.06610576923076923 0.08173076923076923
0 0.12740384615384615 0.9579326923076923 0.06971153846153846 0.08413461538461539
0 0.4254807692307692 0.8449519230769231 0.06129807692307692 0.09975961538461539
0 0.22235576923076922 0.7992788461538461 0.07932692307692307 0.12860576923076922
0 0.5132211538461539 0.7608173076923077 0.056490384615384616 0.1045673076923077
0 0.4543269230769231 0.7524038461538461 0.06370192307692307 0.1045673076923077
0 0.3894230769230769 0.7427884615384616 0.06370192307692307 0.11057692307692307
0 0.3245192307692308 0.7259615384615384 0.07211538461538461 0.11298076923076923
0 0.24278846153846154 0.7163461538461539 0.07692307692307693 0.11298076923076923
0 0.16466346153846154 0.7067307692307693 0.07692307692307693 0.11778846153846154
0 0.08173076923076923 0.6971153846153846 0.07932692307692307 0.11778846153846154
0 0.5240384615384616 0.6754807692307693 0.03365384615384615 0.09975961538461539
0 0.4807692307692308 0.6646634615384616 0.06129807692307692 0.10216346153846154
0 0.41225961538461536 0.6598557692307693 0.06129807692307692 0.10817307692307693
0 0.35096153846153844 0.6418269230769231 0.06610576923076923 0.10817307692307693
0 0.2824519230769231 0.6262019230769231 0.07211538461538461 0.11057692307692307
0 0.20072115384615385 0.6177884615384616 0.07451923076923077 0.11298076923076923
0 0.12620192307692307 0.5949519230769231 0.07692307692307693 0.11538461538461539
0 0.042067307692307696 0.5853365384615384 0.08173076923076923 0.1201923076923077
0 0.5240384615384616 0.5769230769230769 0.03365384615384615 0.10216346153846154
0 0.47475961538461536 0.5600961538461539 0.06370192307692307 0.1045673076923077
0 0.40865384615384615 0.5540865384615384 0.06971153846153846 0.09254807692307693
0 0.3389423076923077 0.5492788461538461 0.07211538461538461 0.08173076923076923
0 0.265625 0.5384615384615384 0.07451923076923077 0.06129807692307692
0 0.18870192307692307 0.5300480769230769 0.07932692307692307 0.04326923076923077
0 0.6478365384615384 0.5216346153846154 0.06370192307692307 0.027644230769230768
0 0.8918269230769231 0.6754807692307693 0.06370192307692307 0.04927884615384615
0 0.7331730769230769 0.7175480769230769 0.06610576923076923 0.051682692307692304
0 0.5817307692307693 0.5216346153846154 0.06610576923076923 0.027644230769230768
0 0.5588942307692307 0.5504807692307693 0.036057692307692304 0.04927884615384615
0 0.9543269230769231 0.5228365384615384 0.06129807692307692 0.03125
0 0.8918269230769231 0.5228365384615384 0.06129807692307692 0.03125
0 0.6430288461538461 0.59375 0.06610576923076923 0.04927884615384615
0 0.7704326923076923 0.5216346153846154 0.06370192307692307 0.027644230769230768
0 0.7692307692307693 0.59375 0.06370192307692307 0.04927884615384615
0 0.7067307692307693 0.59375 0.06370192307692307 0.04927884615384615
0 0.8305288461538461 0.5216346153846154 0.06129807692307692 0.027644230769230768
0 0.7091346153846154 0.5216346153846154 0.06370192307692307 0.027644230769230768
0 0.6658653846153846 0.7151442307692307 0.06971153846153846 0.04927884615384615
0 0.7391826923076923 0.5540865384615384 0.06370192307692307 0.04927884615384615
0 0.8918269230769231 0.5949519230769231 0.06370192307692307 0.04927884615384615
0 0.6766826923076923 0.5540865384615384 0.06370192307692307 0.051682692307692304
0 0.8293269230769231 0.6754807692307693 0.06370192307692307 0.04927884615384615
0 0.8317307692307693 0.59375 0.06370192307692307 0.04927884615384615
0 0.9230769230769231 0.5552884615384616 0.06129807692307692 0.04927884615384615
0 0.9903846153846154 0.5228365384615384 0.019230769230769232 0.03125
0 0.671875 0.6334134615384616 0.06610576923076923 0.04927884615384615
0 0.8016826923076923 0.5540865384615384 0.06370192307692307 0.051682692307692304
0 0.5745192307692307 0.5901442307692307 0.06610576923076923 0.051682692307692304
0 0.9543269230769231 0.6742788461538461 0.06129807692307692 0.04567307692307692
0 0.8629807692307693 0.5540865384615384 0.06129807692307692 0.04927884615384615
0 0.9771634615384616 0.7151442307692307 0.04567307692307692 0.051682692307692304
0 0.9747596153846154 0.5564903846153846 0.05048076923076923 0.04567307692307692
0 0.6045673076923077 0.6322115384615384 0.06610576923076923 0.051682692307692304
0 0.9543269230769231 0.5949519230769231 0.06129807692307692 0.04567307692307692
0 0.8605769230769231 0.6346153846153846 0.06370192307692307 0.051682692307692304
0 0.5528846153846154 0.7127403846153846 0.02283653846153846 0.051682692307692304
0 0.5721153846153846 0.6706730769230769 0.06129807692307692 0.04927884615384615
0 0.6141826923076923 0.5528846153846154 0.06971153846153846 0.04927884615384615
0 0.5552884615384616 0.6298076923076923 0.027644230769230768 0.04927884615384615
0 0.9915865384615384 0.5925480769230769 0.016826923076923076 0.05048076923076923
0 0.9915865384615384 0.6730769230769231 0.016826923076923076 0.052884615384615384
0 0.5985576923076923 0.7151442307692307 0.06370192307692307 0.051682692307692304
0 0.9230769230769231 0.6346153846153846 0.06370192307692307 0.051682692307692304
0 0.7668269230769231 0.6754807692307693 0.06370192307692307 0.051682692307692304
0 0.703125 0.6754807692307693 0.06610576923076923 0.051682692307692304
0 0.7992788461538461 0.6346153846153846 0.06370192307692307 0.051682692307692304
0 0.9771634615384616 0.6346153846153846 0.04567307692307692 0.04927884615384615
0 0.6346153846153846 0.6730769230769231 0.06610576923076923 0.051682692307692304
0 0.796875 0.7175480769230769 0.06370192307692307 0.051682692307692304
0 0.7355769230769231 0.6346153846153846 0.06370192307692307 0.051682692307692304