0 0.31971153846153844 0.453125 0.08653846153846154 0.12860576923076922
0 0.41225961538461536 0.4519230769230769 0.08653846153846154 0.1310096153846154
0 0.14182692307692307 0.4519230769230769 0.0889423076923077 0.12620192307692307
0 0.4963942307692308 0.4495192307692308 0.07692307692307693 0.12620192307692307
0 0.23076923076923078 0.45072115384615385 0.08653846153846154 0.12379807692307693
0 0.04927884615384615 0.44711538461538464 0.0889423076923077 0.1310096153846154
0 0.36538461538461536 0.3401442307692308 0.08653846153846154 0.1310096153846154
0 0.18870192307692307 0.3401442307692308 0.08413461538461539 0.12860576923076922
0 0.4567307692307692 0.3401442307692308 0.08413461538461539 0.12860576923076922
0 0.5192307692307693 0.3389423076923077 0.030048076923076924 0.12860576923076922
0 0.27403846153846156 0.3389423076923077 0.08653846153846154 0.12860576923076922
0 0.02403846153846154 0.33533653846153844 0.046875 0.1310096153846154
0 0.09495192307692307 0.33413461538461536 0.0889423076923077 0.12620192307692307
0 0.4110576923076923 0.23076923076923078 0.08653846153846154 0.12620192307692307
0 0.23076923076923078 0.2283653846153846 0.08413461538461539 0.12620192307692307
0 0.32091346153846156 0.22716346153846154 0.08653846153846154 0.12860576923076922
0 0.4963942307692308 0.22596153846153846 0.07692307692307693 0.1310096153846154
0 0.14182692307692307 0.2247596153846154 0.08653846153846154 0.12379807692307693
0 0.05048076923076923 0.22235576923076922 0.0889423076923077 0.12860576923076922
0 0.2776442307692308 0.11658653846153846 0.08653846153846154 0.12620192307692307
0 0.45913461538461536 0.1141826923076923 0.0889423076923077 0.12860576923076922
0 0.36538461538461536 0.1141826923076923 0.08653846153846154 0.1310096153846154
0 0.5192307692307693 0.11298076923076923 0.030048076923076924 0.1310096153846154
0 0.18870192307692307 0.1141826923076923 0.08653846153846154 0.12620192307692307
0 0.09615384615384616 0.11298076923076923 0.0889423076923077 0.12620192307692307
0 0.025240384615384616 0.11057692307692307 0.04927884615384615 0.12620192307692307
0 0.49759615384615385 0.03485576923076923 0.07451923076923077 0.06971153846153846
0 0.41346153846153844 0.03485576923076923 0.0889423076923077 0.06971153846153846
0 0.32211538461538464 0.03365384615384615 0.0889423076923077 0.0673076923076923
0 0.05048076923076923 0.03125 0.08653846153846154 0.06129807692307692
0 0.140625 0.03125 0.0889423076923077 0.06129807692307692
0 0.23197115384615385 0.03125 0.09134615384615384 0.06129807692307692
0 0.7560096153846154 0.078125 0.27524038461538464 0.15625
0 0.5276442307692307 0.9711538461538461 0.014423076923076924 0.056490384615384616
0 0.4411057692307692 0.9651442307692307 0.054086538461538464 0.06971153846153846
0 0.4963942307692308 0.9651442307692307 0.051682692307692304 0.06971153846153846
0 0.38341346153846156 0.9627403846153846 0.054086538461538464 0.07451923076923077
0 0.3269230769230769 0.9603365384615384 0.05889423076923077 0.07932692307692307
0 0.26322115384615385 0.9591346153846154 0.06129807692307692 0.08173076923076923
0 0.06490384615384616 0.9567307692307693 0.06971153846153846 0.08653846153846154
0 0.20072115384615385 0.9567307692307693 0.06490384615384616 0.08653846153846154
0 0.1346153846153846 0.9555288461538461 0.0673076923076923 0.0889423076923077
0 0.4230769230769231 0.8425480769230769 0.05889423076923077 0.09615384615384616
0 0.22596153846153846 0.7980769230769231 0.07692307692307693 0.12379807692307693
0 0.5072115384615384 0.7608173076923077 0.054086538461538464 0.10096153846153846
0 0.45072115384615385 0.7536057692307693 0.06129807692307692 0.10096153846153846
0 0.38822115384615385 0.7439903846153846 0.06129807692307692 0.10697115384615384
0 0.32572115384615385 0.7271634615384616 0.06971153846153846 0.109375
0 0.24639423076923078 0.71875 0.07451923076923077 0.109375
0 0.17067307692307693 0.7091346153846154 0.07451923076923077 0.1141826923076923
0 0.09134615384615384 0.7007211538461539 0.07692307692307693 0.1141826923076923
0 0.5180288461538461 0.6790865384615384 0.03245192307692308 0.09615384615384616
0 0.47596153846153844 0.6682692307692307 0.05889423076923077 0.0985576923076923
0 0.4110576923076923 0.6646634615384616 0.05889423076923077 0.10336538461538461
0 0.35096153846153844 0.6478365384615384 0.06490384615384616 0.10336538461538461
0 0.2848557692307692 0.6310096153846154 0.06971153846153846 0.10697115384615384
0 0.20673076923076922 0.6237980769230769 0.07211538461538461 0.109375
0 0.13341346153846154 0.6009615384615384 0.07451923076923077 0.11177884615384616
0 0.052884615384615384 0.5925480769230769 0.07932692307692307 0.11658653846153846
0 0.5180288461538461 0.5841346153846154 0.03245192307692308 0.0985576923076923
0 0.4699519230769231 0.5685096153846154 0.06129807692307692 0.10096153846153846
0 0.4074519230769231 0.5612980769230769 0.0673076923076923 0.0889423076923077
0 0.3389423076923077 0.5564903846153846 0.06971153846153846 0.07932692307692307
0 0.26802884615384615 0.546875 0.07211538461538461 0.05889423076923077
0 0.19471153846153846 0.5384615384615384 0.07692307692307693 0.042067307692307696
0 0.6370192307692307 0.53125 0.06129807692307692 0.027644230769230768
0 0.8737980769230769 0.6790865384615384 0.06129807692307692 0.046875
0 0.7199519230769231 0.7199519230769231 0.06490384615384616 0.04927884615384615
0 0.5745192307692307 0.53125 0.06490384615384616 0.027644230769230768
0 0.5516826923076923 0.5576923076923077 0.03485576923076923 0.046875
0 0.9326923076923077 0.5324519230769231 0.05889423076923077 0.030048076923076924
0 0.8737980769230769 0.5324519230769231 0.05889423076923077 0.030048076923076924
0 0.6334134615384616 0.5997596153846154 0.06490384615384616 0.046875
0 0.7560096153846154 0.53125 0.06129807692307692 0.027644230769230768
0 0.7548076923076923 0.5997596153846154 0.06129807692307692 0.046875
0 0.6947115384615384 0.5997596153846154 0.06129807692307692 0.046875
0 0.8149038461538461 0.53125 0.05889423076923077 0.027644230769230768
0 0.6971153846153846 0.53125 0.06129807692307692 0.027644230769230768
0 0.6550480769230769 0.7175480769230769 0.0673076923076923 0.046875
0 0.7259615384615384 0.5612980769230769 0.06129807692307692 0.046875
0 0.8737980769230769 0.6009615384615384 0.06129807692307692 0.046875
0 0.6658653846153846 0.5612980769230769 0.06129807692307692 0.04927884615384615
0 0.8137019230769231 0.6790865384615384 0.06129807692307692 0.046875
0 0.8161057692307693 0.5997596153846154 0.06129807692307692 0.046875
0 0.9038461538461539 0.5637019230769231 0.05889423076923077 0.046875
0 0.9795673076923077 0.53125 0.040865384615384616 0.028846153846153848
0 0.6610576923076923 0.6382211538461539 0.06490384615384616 0.046875
0 0.7860576923076923 0.5612980769230769 0.06129807692307692 0.04927884615384615
0 0.5673076923076923 0.5961538461538461 0.06490384615384616 0.04927884615384615
0 0.9326923076923077 0.6778846153846154 0.05889423076923077 0.04447115384615385
0 0.8449519230769231 0.5612980769230769 0.05889423076923077 0.046875
0 0.9639423076923077 0.71875 0.05889423076923077 0.04927884615384615
0 0.9963942307692307 0.7175480769230769 0.007211538461538462 0.04927884615384615
0 0.9615384615384616 0.5649038461538461 0.05889423076923077 0.04447115384615385
0 0.5961538461538461 0.6370192307692307 0.06490384615384616 0.04927884615384615
0 0.9326923076923077 0.6009615384615384 0.05889423076923077 0.04447115384615385
0 0.8425480769230769 0.6394230769230769 0.06129807692307692 0.04927884615384615
0 0.5456730769230769 0.7151442307692307 0.02283653846153846 0.04927884615384615
0 0.5649038461538461 0.6742788461538461 0.05889423076923077 0.046875
0 0.6057692307692307 0.5600961538461539 0.0673076923076923 0.046875
0 0.5480769230769231 0.6346153846153846 0.027644230769230768 0.046875
0 0.9807692307692307 0.5985576923076923 0.038461538461538464 0.04807692307692308
0 0.9807692307692307 0.6766826923076923 0.038461538461538464 0.05048076923076923
0 0.5901442307692307 0.7175480769230769 0.06129807692307692 0.04927884615384615
0 0.9038461538461539 0.6394230769230769 0.06129807692307692 0.04927884615384615
0 0.7524038461538461 0.6790865384615384 0.06129807692307692 0.04927884615384615
0 0.6911057692307693 0.6790865384615384 0.06490384615384616 0.04927884615384615
0 0.7836538461538461 0.6394230769230769 0.06129807692307692 0.04927884615384615
0 0.9627403846153846 0.6394230769230769 0.05889423076923077 0.046875
0 0.9951923076923077 0.6394230769230769 0.009615384615384616 0.046875
0 0.625 0.6766826923076923 0.06490384615384616 0.04927884615384615
0 0.7824519230769231 0.7199519230769231 0.06129807692307692 0.04927884615384615
0 0.9951923076923077 0.5637019230769231 0.009615384615384616 0.046875
0 0.7223557692307693 0.6394230769230769 0.06129807692307692 0.04927884615384615