0 0.025240384615384616 0.019230769230769232 0.05048076923076923 0.038461538461538464
0 0.18629807692307693 0.020432692307692308 0.08774038461538461 0.040865384615384616
0 0.27524038461538464 0.020432692307692308 0.08533653846153846 0.040865384615384616
0 0.3629807692307692 0.020432692307692308 0.08533653846153846 0.040865384615384616
0 0.0985576923076923 0.021634615384615384 0.08533653846153846 0.04326923076923077
0 0.453125 0.020432692307692308 0.08533653846153846 0.040865384615384616
0 0.5408653846153846 0.02283653846153846 0.08774038461538461 0.04567307692307692
0 0.23197115384615385 0.08653846153846154 0.08774038461538461 0.1310096153846154
0 0.051682692307692304 0.08774038461538461 0.08533653846153846 0.12860576923076922
0 0.31971153846153844 0.0889423076923077 0.0829326923076923 0.12860576923076922
0 0.40625 0.0889423076923077 0.0829326923076923 0.12379807692307693
0 0.140625 0.0889423076923077 0.0829326923076923 0.12620192307692307
0 0.4963942307692308 0.09254807692307693 0.08533653846153846 0.12620192307692307
0 0.5805288461538461 0.09254807692307693 0.078125 0.12139423076923077
0 0.18629807692307693 0.1971153846153846 0.08533653846153846 0.12620192307692307
0 0.09615384615384616 0.19831730769230768 0.08533653846153846 0.12860576923076922
0 0.3605769230769231 0.19831730769230768 0.08774038461538461 0.12379807692307693
0 0.02403846153846154 0.19831730769230768 0.04807692307692308 0.12379807692307693
0 0.27403846153846156 0.19951923076923078 0.08533653846153846 0.12139423076923077
0 0.5372596153846154 0.20192307692307693 0.08533653846153846 0.12139423076923077
0 0.4519230769230769 0.203125 0.08774038461538461 0.12860576923076922
0 0.5997596153846154 0.203125 0.038461538461538464 0.12379807692307693
0 0.14182692307692307 0.30649038461538464 0.08533653846153846 0.12860576923076922
0 0.3161057692307692 0.30649038461538464 0.0829326923076923 0.12620192307692307
0 0.051682692307692304 0.30649038461538464 0.0829326923076923 0.12620192307692307
0 0.23197115384615385 0.3076923076923077 0.08533653846153846 0.12620192307692307
0 0.49399038461538464 0.3112980769230769 0.0829326923076923 0.12860576923076922
0 0.40625 0.3137019230769231 0.08774038461538461 0.12379807692307693
0 0.5793269230769231 0.3112980769230769 0.08052884615384616 0.12379807692307693
0 0.09735576923076923 0.41466346153846156 0.08533653846153846 0.12379807692307693
0 0.27403846153846156 0.41586538461538464 0.0829326923076923 0.12379807692307693
0 0.18509615384615385 0.4170673076923077 0.08533653846153846 0.12620192307692307
0 0.02403846153846154 0.4182692307692308 0.04807692307692308 0.12860576923076922
0 0.3605769230769231 0.41947115384615385 0.08533653846153846 0.12139423076923077
0 0.45072115384615385 0.421875 0.08774038461538461 0.12620192307692307
0 0.5372596153846154 0.421875 0.08533653846153846 0.12620192307692307
0 0.5997596153846154 0.421875 0.038461538461538464 0.12620192307692307
0 0.2283653846153846 0.5264423076923077 0.08533653846153846 0.12379807692307693
0 0.04927884615384615 0.5288461538461539 0.08774038461538461 0.12620192307692307
0 0.14182692307692307 0.5288461538461539 0.08533653846153846 0.12860576923076922
0 0.3161057692307692 0.5288461538461539 0.08533653846153846 0.12379807692307693
0 0.4050480769230769 0.5300480769230769 0.08774038461538461 0.12379807692307693
0 0.49278846153846156 0.53125 0.08533653846153846 0.12379807692307693
0 0.578125 0.5336538461538461 0.0829326923076923 0.12139423076923077
0 0.02403846153846154 0.6165865384615384 0.04807692307692308 0.09254807692307693
0 0.09254807692307693 0.6165865384615384 0.08774038461538461 0.09254807692307693
0 0.18389423076923078 0.6189903846153846 0.08774038461538461 0.08774038461538461
0 0.45072115384615385 0.6213942307692307 0.08533653846153846 0.0829326923076923
0 0.36177884615384615 0.6213942307692307 0.08774038461538461 0.0829326923076923
0 0.5372596153846154 0.6213942307692307 0.08533653846153846 0.0829326923076923
0 0.2704326923076923 0.6213942307692307 0.09014423076923077 0.0829326923076923
0 0.5997596153846154 0.6213942307692307 0.038461538461538464 0.0829326923076923
0 0.7367788461538461 0.2860576923076923 0.23557692307692307 0.15985576923076922
0 0.8317307692307693 0.46875 0.23076923076923078 0.14543269230769232
0 0.6610576923076923 0.6009615384615384 0.08533653846153846 0.12379807692307693
0 0.9026442307692307 0.9038461538461539 0.19471153846153846 0.19230769230769232
0 0.7175480769230769 0.8137019230769231 0.1971153846153846 0.3004807692307692
0 0.90625 0.7608173076923077 0.18629807692307693 0.1971153846153846