0 0.9002403846153846 0.16466346153846154 0.054086538461538464 0.08413461538461539
0 0.6911057692307693 0.17067307692307693 0.054086538461538464 0.0889423076923077
0 0.7475961538461539 0.17067307692307693 0.056490384615384616 0.08653846153846154
0 0.6322115384615384 0.171875 0.054086538461538464 0.08653846153846154
0 0.8004807692307693 0.1778846153846154 0.054086538461538464 0.0889423076923077
0 0.24278846153846154 0.18028846153846154 0.05889423076923077 0.09134615384615384
0 0.2980769230769231 0.18629807692307693 0.056490384615384616 0.08653846153846154
0 0.3545673076923077 0.19110576923076922 0.056490384615384616 0.0889423076923077
0 0.040865384615384616 0.18990384615384615 0.08173076923076923 0.26802884615384615
0 0.41586538461538464 0.19471153846153846 0.05889423076923077 0.08653846153846154
0 0.4675480769230769 0.20072115384615385 0.056490384615384616 0.08653846153846154
0 0.5276442307692307 0.203125 0.056490384615384616 0.08413461538461539
0 0.5805288461538461 0.20552884615384615 0.054086538461538464 0.08653846153846154
0 0.7199519230769231 0.21394230769230768 0.002403846153846154 0.002403846153846154
0 0.9471153846153846 0.22235576923076922 0.054086538461538464 0.08413461538461539
0 0.14302884615384615 0.24759615384615385 0.05889423076923077 0.09134615384615384
0 0.8329326923076923 0.25 0.054086538461538464 0.08413461538461539
0 0.7704326923076923 0.25 0.054086538461538464 0.08653846153846154
0 0.6526442307692307 0.2512019230769231 0.054086538461538464 0.08413461538461539
0 0.7067307692307693 0.2512019230769231 0.054086538461538464 0.08413461538461539
0 0.20673076923076922 0.25721153846153844 0.05889423076923077 0.09134615384615384
0 0.2692307692307692 0.25961538461538464 0.05889423076923077 0.0889423076923077
0 0.8834134615384616 0.2668269230769231 0.054086538461538464 0.08653846153846154
0 0.32211538461538464 0.2668269230769231 0.054086538461538464 0.08653846153846154
0 0.3894230769230769 0.2692307692307692 0.056490384615384616 0.08653846153846154
0 0.4423076923076923 0.2764423076923077 0.056490384615384616 0.08653846153846154
0 0.4987980769230769 0.27884615384615385 0.054086538461538464 0.0889423076923077
0 0.6069711538461539 0.28365384615384615 0.056490384615384616 0.0889423076923077
0 0.5504807692307693 0.28365384615384615 0.054086538461538464 0.08653846153846154
0 0.9711538461538461 0.296875 0.057692307692307696 0.08413461538461539
0 0.7932692307692307 0.328125 0.054086538461538464 0.08653846153846154
0 0.18028846153846154 0.33052884615384615 0.05889423076923077 0.09134615384615384
0 0.6826923076923077 0.3317307692307692 0.056490384615384616 0.08653846153846154
0 0.8533653846153846 0.3329326923076923 0.056490384615384616 0.08653846153846154
0 0.2403846153846154 0.33533653846153844 0.056490384615384616 0.0889423076923077
0 0.9230769230769231 0.33653846153846156 0.054086538461538464 0.08653846153846154
0 0.29927884615384615 0.33774038461538464 0.056490384615384616 0.0889423076923077
0 0.7379807692307693 0.3401442307692308 0.054086538461538464 0.08653846153846154
0 0.35336538461538464 0.34615384615384615 0.054086538461538464 0.0889423076923077
0 0.40865384615384615 0.35216346153846156 0.054086538461538464 0.08653846153846154
0 0.46634615384615385 0.3557692307692308 0.056490384615384616 0.08653846153846154
0 0.5240384615384616 0.35697115384615385 0.054086538461538464 0.08653846153846154
0 0.6346153846153846 0.3605769230769231 0.056490384615384616 0.0889423076923077
0 0.5817307692307693 0.36177884615384615 0.054086538461538464 0.08413461538461539
0 0.953125 0.3870192307692308 0.054086538461538464 0.08173076923076923
0 0.14302884615384615 0.39903846153846156 0.056490384615384616 0.09134615384615384
0 0.8701923076923077 0.4026442307692308 0.054086538461538464 0.07932692307692307
0 0.8173076923076923 0.4050480769230769 0.054086538461538464 0.08653846153846154
0 0.7067307692307693 0.4110576923076923 0.054086538461538464 0.08653846153846154
0 0.20072115384615385 0.41346153846153844 0.054086538461538464 0.0889423076923077
0 0.2512019230769231 0.4170673076923077 0.054086538461538464 0.08173076923076923
0 0.765625 0.4182692307692308 0.054086538461538464 0.08653846153846154
0 0.3161057692307692 0.421875 0.05889423076923077 0.0889423076923077
0 0.3798076923076923 0.42788461538461536 0.05889423076923077 0.0889423076923077
0 0.43149038461538464 0.4326923076923077 0.054086538461538464 0.0889423076923077
0 0.48197115384615385 0.43509615384615385 0.054086538461538464 0.08413461538461539
0 0.5444711538461539 0.4387019230769231 0.056490384615384616 0.08653846153846154
0 0.6598557692307693 0.4411057692307692 0.054086538461538464 0.0889423076923077
0 0.6045673076923077 0.4411057692307692 0.054086538461538464 0.0889423076923077
0 0.9314903846153846 0.46033653846153844 0.054086538461538464 0.08413461538461539
0 0.9807692307692307 0.4675480769230769 0.038461538461538464 0.08413461538461539
0 0.8581730769230769 0.47836538461538464 0.054086538461538464 0.0889423076923077
0 0.16826923076923078 0.484375 0.06129807692307692 0.09134615384615384
0 0.7992788461538461 0.4879807692307692 0.054086538461538464 0.08653846153846154
0 0.23197115384615385 0.49278846153846156 0.05889423076923077 0.0889423076923077
0 0.7439903846153846 0.4987980769230769 0.056490384615384616 0.08653846153846154
0 0.29086538461538464 0.5 0.056490384615384616 0.0889423076923077
0 0.34975961538461536 0.5024038461538461 0.05889423076923077 0.0889423076923077
0 0.41225961538461536 0.5072115384615384 0.056490384615384616 0.0889423076923077
0 0.4639423076923077 0.5132211538461539 0.054086538461538464 0.08653846153846154
0 0.5240384615384616 0.5168269230769231 0.054086538461538464 0.08653846153846154
0 0.6899038461538461 0.5180288461538461 0.054086538461538464 0.0889423076923077
0 0.5793269230769231 0.5192307692307693 0.056490384615384616 0.0889423076923077
0 0.6382211538461539 0.5216346153846154 0.056490384615384616 0.08653846153846154
0 0.8990384615384616 0.5396634615384616 0.054086538461538464 0.08653846153846154
0 0.9915865384615384 0.5420673076923077 0.016826923076923076 0.0889423076923077
0 0.1201923076923077 0.5444711538461539 0.05889423076923077 0.0889423076923077
0 0.9579326923076923 0.5444711538461539 0.056490384615384616 0.08653846153846154
0 0.8365384615384616 0.5588942307692307 0.054086538461538464 0.08653846153846154
0 0.203125 0.5685096153846154 0.06129807692307692 0.0889423076923077
0 0.7776442307692307 0.5697115384615384 0.05048076923076923 0.08653846153846154
0 0.26322115384615385 0.5769230769230769 0.05889423076923077 0.0889423076923077
0 0.31971153846153844 0.5817307692307693 0.056490384615384616 0.0889423076923077
0 0.7307692307692307 0.5853365384615384 0.054086538461538464 0.08653846153846154
0 0.38461538461538464 0.5853365384615384 0.05889423076923077 0.09134615384615384
0 0.4411057692307692 0.5901442307692307 0.05889423076923077 0.0889423076923077
0 0.4963942307692308 0.5925480769230769 0.054086538461538464 0.0889423076923077
0 0.546875 0.5949519230769231 0.056490384615384616 0.09134615384615384
0 0.6081730769230769 0.5973557692307693 0.054086538461538464 0.0889423076923077
0 0.6694711538461539 0.6021634615384616 0.056490384615384616 0.08653846153846154
0 0.9314903846153846 0.6105769230769231 0.054086538461538464 0.08653846153846154
0 0.15264423076923078 0.6262019230769231 0.05889423076923077 0.09134615384615384
0 0.9771634615384616 0.6274038461538461 0.04567307692307692 0.08653846153846154
0 0.8774038461538461 0.6334134615384616 0.054086538461538464 0.08653846153846154
0 0.8173076923076923 0.6454326923076923 0.056490384615384616 0.08413461538461539
0 0.7584134615384616 0.6502403846153846 0.056490384615384616 0.08413461538461539
0 0.22115384615384615 0.6502403846153846 0.05889423076923077 0.0889423076923077
0 0.2824519230769231 0.6586538461538461 0.05889423076923077 0.0889423076923077
0 0.7007211538461539 0.6622596153846154 0.056490384615384616 0.08653846153846154
0 0.33533653846153844 0.6634615384615384 0.056490384615384616 0.08653846153846154
0 0.46033653846153844 0.6706730769230769 0.05889423076923077 0.08653846153846154
0 0.5721153846153846 0.6706730769230769 0.05048076923076923 0.08653846153846154
0 0.5252403846153846 0.6706730769230769 0.05889423076923077 0.08653846153846154
0 0.4026442307692308 0.671875 0.056490384615384616 0.0889423076923077
0 0.625 0.6754807692307693 0.056490384615384616 0.08653846153846154
0 0.09975961538461539 0.6802884615384616 0.06129807692307692 0.09134615384615384
0 0.984375 0.038461538461538464 0.030048076923076924 0.07692307692307693
0 0.9158653846153846 0.6947115384615384 0.054086538461538464 0.08653846153846154
0 0.171875 0.7115384615384616 0.06129807692307692 0.0889423076923077
0 0.8485576923076923 0.7127403846153846 0.054086538461538464 0.08653846153846154
0 0.9711538461538461 0.7247596153846154 0.054086538461538464 0.08653846153846154
0 0.7451923076923077 0.7319711538461539 0.056490384615384616 0.08653846153846154
0 0.2512019230769231 0.7331730769230769 0.05889423076923077 0.09134615384615384
0 0.6706730769230769 0.7379807692307693 0.056490384615384616 0.08653846153846154
0 0.3125 0.7427884615384616 0.05889423076923077 0.0889423076923077
0 0.546875 0.7475961538461539 0.056490384615384616 0.0889423076923077
0 0.3737980769230769 0.7475961538461539 0.05889423076923077 0.0889423076923077
0 0.6021634615384616 0.75 0.054086538461538464 0.08653846153846154
0 0.43509615384615385 0.7536057692307693 0.05889423076923077 0.08653846153846154
0 0.49158653846153844 0.7560096153846154 0.056490384615384616 0.0889423076923077
0 0.7139423076923077 0.09134615384615384 0.056490384615384616 0.08653846153846154
0 0.6598557692307693 0.09615384615384616 0.056490384615384616 0.08653846153846154
0 0.5985576923076923 0.0985576923076923 0.054086538461538464 0.08653846153846154
0 0.8413461538461539 0.11177884615384616 0.054086538461538464 0.08653846153846154
0 0.5444711538461539 0.1346153846153846 0.054086538461538464 0.06610576923076923
0 0.9819711538461539 0.1346153846153846 0.036057692307692304 0.09735576923076923
0 0.5600961538461539 0.05048076923076923 0.07211538461538461 0.10096153846153846