0 0.16826923076923078 0.484375 0.078125 0.03485576923076923
0 0.009615384615384616 0.46274038461538464 0.019230769230769232 0.07932692307692307
0 0.056490384615384616 0.45072115384615385 0.0733173076923077 0.10336538461538461
0 0.31850961538461536 0.4411057692307692 0.07572115384615384 0.12379807692307693
0 0.3798076923076923 0.4387019230769231 0.04326923076923077 0.12860576923076922
0 0.20793269230769232 0.41466346153846156 0.078125 0.13341346153846154
0 0.028846153846153848 0.39663461538461536 0.057692307692307696 0.1310096153846154
0 0.09254807692307693 0.359375 0.07091346153846154 0.1141826923076923
0 0.25841346153846156 0.3293269230769231 0.07091346153846154 0.12620192307692307
0 0.046875 0.2692307692307692 0.06850961538461539 0.11057692307692307
0 0.14783653846153846 0.2692307692307692 0.0829326923076923 0.13341346153846154
0 0.004807692307692308 0.2668269230769231 0.009615384615384616 0.12379807692307693
0 0.35096153846153844 0.22235576923076922 0.078125 0.12860576923076922
0 0.265625 0.203125 0.078125 0.13341346153846154
0 0.09134615384615384 0.16826923076923078 0.07572115384615384 0.12860576923076922
0 0.026442307692307692 0.15865384615384615 0.052884615384615384 0.13581730769230768
0 0.1935096153846154 0.1466346153846154 0.08533653846153846 0.14423076923076922
0 0.3317307692307692 0.09254807692307693 0.08052884615384616 0.13942307692307693
0 0.24879807692307693 0.078125 0.07091346153846154 0.11899038461538461
0 0.1310096153846154 0.054086538461538464 0.07091346153846154 0.10817307692307693
0 0.046875 0.052884615384615384 0.06850961538461539 0.10576923076923077
0 0.003605769230769231 0.04807692307692308 0.007211538461538462 0.09615384615384616
0 0.390625 0.03245192307692308 0.021634615384615384 0.06490384615384616
0 0.32091346153846156 0.019230769230769232 0.06610576923076923 0.038461538461538464
0 0.18990384615384615 0.025240384615384616 0.08052884615384616 0.05048076923076923
0 0.7307692307692307 0.4098557692307692 0.09615384615384616 0.10576923076923077
0 0.6334134615384616 0.40865384615384615 0.09375 0.10336538461538461
0 0.4675480769230769 0.40865384615384615 0.07091346153846154 0.0985576923076923
0 0.5384615384615384 0.4074519230769231 0.09134615384615384 0.0985576923076923
0 0.4543269230769231 0.20793269230769232 0.08533653846153846 0.10096153846153846
0 0.5456730769230769 0.20552884615384615 0.0889423076923077 0.10096153846153846
0 0.640625 0.20192307692307693 0.09375 0.10336538461538461
0 0.734375 0.19951923076923078 0.09615384615384616 0.10576923076923077
0 0.4567307692307692 0.03245192307692308 0.08173076923076923 0.06490384615384616
0 0.5456730769230769 0.028846153846153848 0.08533653846153846 0.057692307692307696
0 0.6358173076923077 0.027644230769230768 0.09134615384615384 0.055288461538461536
0 0.7391826923076923 0.025240384615384616 0.09375 0.05048076923076923
0 0.06490384615384616 0.9230769230769231 0.12860576923076922 0.15384615384615385
0 0.06370192307692307 0.6826923076923077 0.12620192307692307 0.265625
0 0.9326923076923077 0.9134615384615384 0.04807692307692308 0.09134615384615384
0 0.9855769230769231 0.9110576923076923 0.027644230769230768 0.09134615384615384
0 0.6983173076923077 0.9134615384615384 0.06009615384615385 0.0985576923076923
0 0.8894230769230769 0.9110576923076923 0.052884615384615384 0.09615384615384616
0 0.7644230769230769 0.9110576923076923 0.057692307692307696 0.0985576923076923
0 0.5685096153846154 0.9110576923076923 0.06370192307692307 0.10576923076923077
0 0.6358173076923077 0.9098557692307693 0.06370192307692307 0.10336538461538461
0 0.8329326923076923 0.9074519230769231 0.06009615384615385 0.0985576923076923
0 0.9927884615384616 0.84375 0.014423076923076924 0.08173076923076923
0 0.9543269230769231 0.8401442307692307 0.04807692307692308 0.08533653846153846
0 0.8485576923076923 0.8305288461538461 0.055288461538461536 0.09375
0 0.9050480769230769 0.8293269230769231 0.052884615384615384 0.09134615384615384
0 0.7920673076923077 0.8257211538461539 0.055288461538461536 0.09615384615384616
0 0.7319711538461539 0.8233173076923077 0.06009615384615385 0.10096153846153846
0 0.6694711538461539 0.8209134615384616 0.06370192307692307 0.10096153846153846
0 0.4651442307692308 0.8209134615384616 0.07091346153846154 0.10817307692307693
0 0.6033653846153846 0.8173076923076923 0.06610576923076923 0.10096153846153846
0 0.5360576923076923 0.8173076923076923 0.06850961538461539 0.10576923076923077
0 0.9927884615384616 0.7043269230769231 0.014423076923076924 0.10096153846153846
0 0.8305288461538461 0.6935096153846154 0.06009615384615385 0.0985576923076923
0 0.6298076923076923 0.6478365384615384 0.078125 0.12620192307692307
0 0.9771634615384616 0.6117788461538461 0.04567307692307692 0.10336538461538461
0 0.9206730769230769 0.609375 0.06009615384615385 0.10336538461538461
0 0.8581730769230769 0.6021634615384616 0.06370192307692307 0.10336538461538461
0 0.7956730769230769 0.5925480769230769 0.06370192307692307 0.10817307692307693
0 0.7307692307692307 0.5757211538461539 0.07091346153846154 0.11057692307692307
0 0.6502403846153846 0.5673076923076923 0.07572115384615384 0.11057692307692307
0 0.5733173076923077 0.5576923076923077 0.07572115384615384 0.11057692307692307
0 0.49158653846153844 0.5540865384615384 0.078125 0.10336538461538461
0 0.9831730769230769 0.546875 0.03245192307692308 0.0889423076923077
0 0.9399038461538461 0.5396634615384616 0.055288461538461536 0.0733173076923077
0 0.8834134615384616 0.5336538461538461 0.06009615384615385 0.06370192307692307
0 0.8185096153846154 0.5324519230769231 0.06009615384615385 0.06009615384615385
0 0.7572115384615384 0.5240384615384616 0.06610576923076923 0.04326923076923077
0 0.6899038461538461 0.5168269230769231 0.07091346153846154 0.027644230769230768
0 0.609375 0.5144230769230769 0.0733173076923077 0.02283653846153846