0 0.16105769230769232 0.36538461538461536 0.21995192307692307 0.27283653846153844
0 0.38341346153846156 0.36658653846153844 0.21514423076923078 0.2704326923076923
0 0.5769230769230769 0.3641826923076923 0.15865384615384615 0.27524038461538464
0 0.03125 0.36538461538461536 0.0625 0.2692307692307692
0 0.4855769230769231 0.13701923076923078 0.20432692307692307 0.27283653846153844
0 0.6213942307692307 0.12379807692307693 0.06490384615384616 0.24759615384615385
0 0.09975961538461539 0.12980769230769232 0.19951923076923078 0.25841346153846156
0 0.28846153846153844 0.11778846153846154 0.16826923076923078 0.23557692307692307
0 0.6634615384615384 0.2860576923076923 0.014423076923076924 0.14423076923076922
0 0.7043269230769231 0.2800480769230769 0.07091346153846154 0.14903846153846154
0 0.7740384615384616 0.27524038461538464 0.07091346153846154 0.15144230769230768
0 0.8497596153846154 0.2668269230769231 0.07572115384615384 0.15384615384615385
0 0.9266826923076923 0.25841346153846156 0.0829326923076923 0.1658653846153846
0 0.9831730769230769 0.24879807692307693 0.03365384615384615 0.17067307692307693
0 0.6646634615384616 0.057692307692307696 0.016826923076923076 0.1141826923076923
0 0.7043269230769231 0.052884615384615384 0.06850961538461539 0.1045673076923077
0 0.7752403846153846 0.046875 0.06850961538461539 0.09254807692307693
0 0.8485576923076923 0.040865384615384616 0.07692307692307693 0.08173076923076923
0 0.9242788461538461 0.03365384615384615 0.07451923076923077 0.0673076923076923
0 0.9831730769230769 0.025240384615384616 0.03365384615384615 0.05048076923076923
0 0.6959134615384616 0.4326923076923077 0.06129807692307692 0.13701923076923078
0 0.7608173076923077 0.42908653846153844 0.06370192307692307 0.14423076923076922
0 0.8269230769230769 0.42788461538461536 0.06850961538461539 0.1466346153846154
0 0.9002403846153846 0.4266826923076923 0.0733173076923077 0.15144230769230768
0 0.9675480769230769 0.4230769230769231 0.06490384615384616 0.15865384615384615
0 0.17548076923076922 0.6033653846153846 0.14182692307692307 0.13221153846153846
0 0.6370192307692307 0.6009615384615384 0.038461538461538464 0.12379807692307693
0 0.44471153846153844 0.5913461538461539 0.14423076923076922 0.12980769230769232
0 0.0625 0.5516826923076923 0.12379807692307693 0.09735576923076923
0 0.5516826923076923 0.5480769230769231 0.13701923076923078 0.09014423076923077
0 0.30649038461538464 0.5396634615384616 0.14423076923076922 0.07572115384615384
0 0.18269230769230768 0.5240384615384616 0.12740384615384615 0.04447115384615385
0 0.41947115384615385 0.5192307692307693 0.12740384615384615 0.03365384615384615
0 0.7908653846153846 0.8353365384615384 0.15625 0.21514423076923078