0 0.23557692307692307 0.21394230769230768 0.3161057692307692 0.3641826923076923
0 0.04567307692307692 0.22355769230769232 0.09014423076923077 0.34615384615384615
0 0.5504807692307693 0.21153846153846154 0.3088942307692308 0.3701923076923077
0 0.7079326923076923 0.04567307692307692 0.30288461538461536 0.09014423076923077
0 0.1971153846153846 0.6526442307692307 0.39302884615384615 0.5132211538461539
0 0.9759615384615384 0.9939903846153846 0.03365384615384615 0.01201923076923077
0 0.5528846153846154 0.9927884615384616 0.037259615384615384 0.013221153846153846
0 0.5877403846153846 0.9927884615384616 0.037259615384615384 0.013221153846153846
0 0.625 0.9903846153846154 0.037259615384615384 0.018028846153846152
0 0.6598557692307693 0.9891826923076923 0.037259615384615384 0.021634615384615384
0 0.6947115384615384 0.9879807692307693 0.037259615384615384 0.02403846153846154
0 0.7259615384615384 0.9867788461538461 0.037259615384615384 0.026442307692307692
0 0.7620192307692307 0.9855769230769231 0.03485576923076923 0.028846153846153848
0 0.7932692307692307 0.9831730769230769 0.03365384615384615 0.03365384615384615
0 0.8245192307692307 0.9819711538461539 0.03365384615384615 0.036057692307692304
0 0.859375 0.9807692307692307 0.036057692307692304 0.038461538461538464
0 0.8918269230769231 0.9795673076923077 0.03485576923076923 0.039663461538461536
0 0.421875 0.9771634615384616 0.039663461538461536 0.04567307692307692
0 0.9242788461538461 0.9783653846153846 0.03485576923076923 0.042067307692307696
0 0.4579326923076923 0.9759615384615384 0.037259615384615384 0.04807692307692308
0 0.9543269230769231 0.9759615384615384 0.03245192307692308 0.04807692307692308
0 0.4963942307692308 0.9759615384615384 0.039663461538461536 0.04807692307692308
0 0.9831730769230769 0.9747596153846154 0.03365384615384615 0.04567307692307692
0 0.5324519230769231 0.9735576923076923 0.037259615384615384 0.052884615384615384
0 0.5673076923076923 0.9723557692307693 0.037259615384615384 0.05048076923076923
0 0.6033653846153846 0.9699519230769231 0.037259615384615384 0.052884615384615384
0 0.6382211538461539 0.9663461538461539 0.037259615384615384 0.05048076923076923
0 0.671875 0.9639423076923077 0.037259615384615384 0.05048076923076923
0 0.7055288461538461 0.9615384615384616 0.03485576923076923 0.04807692307692308
0 0.7391826923076923 0.9579326923076923 0.03485576923076923 0.04807692307692308
0 0.7740384615384616 0.9543269230769231 0.03485576923076923 0.04807692307692308
0 0.8052884615384616 0.953125 0.03485576923076923 0.05048076923076923
0 0.8377403846153846 0.9507211538461539 0.03485576923076923 0.05048076923076923
0 0.8701923076923077 0.9483173076923077 0.03245192307692308 0.04807692307692308
0 0.9014423076923077 0.9447115384615384 0.03245192307692308 0.04807692307692308
0 0.4074519230769231 0.9423076923076923 0.026442307692307692 0.05048076923076923
0 0.4387019230769231 0.9399038461538461 0.039663461538461536 0.05048076923076923
0 0.9338942307692307 0.9399038461538461 0.03245192307692308 0.04807692307692308
0 0.47596153846153844 0.9387019230769231 0.039663461538461536 0.05048076923076923
0 0.9651442307692307 0.9375 0.03485576923076923 0.04807692307692308
0 0.5108173076923077 0.9362980769230769 0.037259615384615384 0.05048076923076923
0 0.5480769230769231 0.9338942307692307 0.037259615384615384 0.05048076923076923
0 0.5829326923076923 0.9302884615384616 0.037259615384615384 0.04807692307692308
0 0.6165865384615384 0.9278846153846154 0.03485576923076923 0.05048076923076923
0 0.6502403846153846 0.9266826923076923 0.03485576923076923 0.04807692307692308
0 0.6850961538461539 0.9242788461538461 0.03485576923076923 0.04807692307692308
0 0.7175480769230769 0.921875 0.03485576923076923 0.04807692307692308
0 0.7512019230769231 0.9194711538461539 0.03485576923076923 0.04807692307692308
0 0.7848557692307693 0.9158653846153846 0.03485576923076923 0.04807692307692308
0 0.8161057692307693 0.9134615384615384 0.03485576923076923 0.04807692307692308
0 0.8485576923076923 0.9110576923076923 0.03245192307692308 0.04807692307692308
0 0.8798076923076923 0.9086538461538461 0.03245192307692308 0.04807692307692308
0 0.9122596153846154 0.9038461538461539 0.03485576923076923 0.04567307692307692
0 0.9423076923076923 0.9014423076923077 0.03245192307692308 0.04807692307692308
0 0.4170673076923077 0.9014423076923077 0.039663461538461536 0.05048076923076923
0 0.9723557692307693 0.9002403846153846 0.028846153846153848 0.042067307692307696
0 0.4543269230769231 0.8990384615384616 0.039663461538461536 0.05048076923076923
0 0.49038461538461536 0.8978365384615384 0.037259615384615384 0.05048076923076923
0 0.5264423076923077 0.8954326923076923 0.037259615384615384 0.04807692307692308
0 0.5612980769230769 0.8918269230769231 0.037259615384615384 0.04807692307692308
0 0.5961538461538461 0.890625 0.03485576923076923 0.04807692307692308
0 0.6298076923076923 0.8882211538461539 0.03485576923076923 0.04807692307692308
0 0.6634615384615384 0.8870192307692307 0.03485576923076923 0.04807692307692308
0 0.6971153846153846 0.8846153846153846 0.03485576923076923 0.05048076923076923
0 0.7319711538461539 0.8822115384615384 0.03485576923076923 0.04807692307692308
0 0.7632211538461539 0.8786057692307693 0.03245192307692308 0.04807692307692308
0 0.7956730769230769 0.8774038461538461 0.03485576923076923 0.04807692307692308
0 0.8269230769230769 0.875 0.03245192307692308 0.04807692307692308
0 0.859375 0.8725961538461539 0.03485576923076923 0.04807692307692308
0 0.8894230769230769 0.8713942307692307 0.03245192307692308 0.04807692307692308
0 0.9206730769230769 0.8665865384615384 0.03485576923076923 0.04567307692307692
0 0.9519230769230769 0.8653846153846154 0.03245192307692308 0.04807692307692308
0 0.40384615384615385 0.8605769230769231 0.021634615384615384 0.05048076923076923
0 0.4338942307692308 0.8605769230769231 0.039663461538461536 0.05048076923076923
0 0.47115384615384615 0.859375 0.037259615384615384 0.05048076923076923
0 0.5048076923076923 0.8569711538461539 0.037259615384615384 0.04807692307692308
0 0.5408653846153846 0.8545673076923077 0.037259615384615384 0.04807692307692308
0 0.5757211538461539 0.8533653846153846 0.037259615384615384 0.04807692307692308
0 0.609375 0.8521634615384616 0.03485576923076923 0.04807692307692308
0 0.6418269230769231 0.8497596153846154 0.03485576923076923 0.04807692307692308
0 0.6754807692307693 0.8485576923076923 0.03485576923076923 0.04567307692307692
0 0.7091346153846154 0.8461538461538461 0.03485576923076923 0.04567307692307692
0 0.7415865384615384 0.8461538461538461 0.03245192307692308 0.04807692307692308
0 0.8052884615384616 0.8389423076923077 0.03245192307692308 0.04807692307692308
0 0.7740384615384616 0.8389423076923077 0.03245192307692308 0.04807692307692308
0 0.8377403846153846 0.8365384615384616 0.03245192307692308 0.04807692307692308
0 0.8677884615384616 0.8353365384615384 0.03245192307692308 0.04567307692307692
0 0.8978365384615384 0.8329326923076923 0.03245192307692308 0.04567307692307692
0 0.9302884615384616 0.8305288461538461 0.03245192307692308 0.04567307692307692
0 0.9615384615384616 0.8293269230769231 0.03245192307692308 0.04567307692307692
0 0.41346153846153844 0.8209134615384616 0.039663461538461536 0.05048076923076923
0 0.4495192307692308 0.8197115384615384 0.037259615384615384 0.04807692307692308
0 0.4855769230769231 0.8197115384615384 0.037259615384615384 0.04807692307692308
0 0.5216346153846154 0.8173076923076923 0.037259615384615384 0.04807692307692308
0 0.5540865384615384 0.8161057692307693 0.03485576923076923 0.04807692307692308
0 0.5889423076923077 0.8149038461538461 0.03485576923076923 0.04807692307692308
0 0.6237980769230769 0.8125 0.03485576923076923 0.042067307692307696
0 0.6550480769230769 0.8125 0.03485576923076923 0.04567307692307692
0 0.6887019230769231 0.8100961538461539 0.03485576923076923 0.04567307692307692
0 0.7211538461538461 0.8088942307692307 0.03485576923076923 0.04807692307692308
0 0.7536057692307693 0.8052884615384616 0.03485576923076923 0.04567307692307692
0 0.7848557692307693 0.8040865384615384 0.03245192307692308 0.04567307692307692
0 0.8161057692307693 0.8016826923076923 0.03245192307692308 0.042067307692307696
0 0.8485576923076923 0.7992788461538461 0.03485576923076923 0.042067307692307696
0 0.9098557692307693 0.796875 0.03245192307692308 0.04807692307692308
0 0.8786057692307693 0.796875 0.03485576923076923 0.042067307692307696
0 0.9411057692307693 0.7956730769230769 0.03245192307692308 0.042067307692307696
0 0.4014423076923077 0.7824519230769231 0.015625 0.04807692307692308
0 0.4651442307692308 0.7800480769230769 0.037259615384615384 0.04807692307692308
0 0.5012019230769231 0.7800480769230769 0.037259615384615384 0.04807692307692308
0 0.42908653846153844 0.7788461538461539 0.037259615384615384 0.04807692307692308
0 0.5348557692307693 0.7776442307692307 0.037259615384615384 0.04567307692307692
0 0.5697115384615384 0.7776442307692307 0.03485576923076923 0.04807692307692308
0 0.6033653846153846 0.7764423076923077 0.03485576923076923 0.04807692307692308
0 0.6358173076923077 0.7752403846153846 0.03245192307692308 0.04807692307692308
0 0.6694711538461539 0.7740384615384616 0.03485576923076923 0.04807692307692308
0 0.7007211538461539 0.7728365384615384 0.03485576923076923 0.04807692307692308
0 0.7331730769230769 0.7716346153846154 0.03485576923076923 0.04567307692307692
0 0.765625 0.7680288461538461 0.03245192307692308 0.04567307692307692
0 0.796875 0.7668269230769231 0.03245192307692308 0.04567307692307692
0 0.8269230769230769 0.765625 0.03245192307692308 0.04567307692307692
0 0.859375 0.7632211538461539 0.03485576923076923 0.04567307692307692
0 0.8894230769230769 0.7620192307692307 0.03485576923076923 0.04807692307692308
0 0.9495192307692307 0.7608173076923077 0.028846153846153848 0.042067307692307696
0 0.9206730769230769 0.7608173076923077 0.03245192307692308 0.04567307692307692
0 0.4795673076923077 0.7427884615384616 0.03485576923076923 0.04807692307692308
0 0.44591346153846156 0.7427884615384616 0.037259615384615384 0.05048076923076923
0 0.4110576923076923 0.7403846153846154 0.03485576923076923 0.05048076923076923
0 0.5144230769230769 0.7403846153846154 0.037259615384615384 0.04567307692307692
0 0.5504807692307693 0.7403846153846154 0.03485576923076923 0.04807692307692308
0 0.5829326923076923 0.7391826923076923 0.03485576923076923 0.04567307692307692
0 0.6165865384615384 0.7391826923076923 0.03485576923076923 0.042067307692307696
0 0.6490384615384616 0.7379807692307693 0.03485576923076923 0.04807692307692308
0 0.7127403846153846 0.7355769230769231 0.03245192307692308 0.04807692307692308
0 0.6802884615384616 0.7355769230769231 0.03485576923076923 0.04567307692307692
0 0.7451923076923077 0.734375 0.03485576923076923 0.04807692307692308
0 0.7764423076923077 0.7331730769230769 0.03485576923076923 0.04567307692307692
0 0.8076923076923077 0.7295673076923077 0.03245192307692308 0.04567307692307692
0 0.8389423076923077 0.7271634615384616 0.03245192307692308 0.039663461538461536
0 0.8677884615384616 0.7271634615384616 0.03245192307692308 0.042067307692307696
0 0.9302884615384616 0.7247596153846154 0.028846153846153848 0.042067307692307696
0 0.9026442307692307 0.7247596153846154 0.03245192307692308 0.04567307692307692
0 0.4963942307692308 0.7043269230769231 0.039663461538461536 0.04807692307692308
0 0.46153846153846156 0.703125 0.039663461538461536 0.05048076923076923
0 0.5288461538461539 0.703125 0.037259615384615384 0.04807692307692308
0 0.40024038461538464 0.703125 0.013221153846153846 0.05048076923076923
0 0.6298076923076923 0.703125 0.037259615384615384 0.04807692307692308
0 0.42427884615384615 0.703125 0.039663461538461536 0.05048076923076923
0 0.5625 0.7019230769230769 0.037259615384615384 0.04807692307692308
0 0.5985576923076923 0.7007211538461539 0.037259615384615384 0.04807692307692308
0 0.6622596153846154 0.6995192307692307 0.037259615384615384 0.04807692307692308
0 0.6959134615384616 0.6983173076923077 0.037259615384615384 0.04807692307692308
0 0.7271634615384616 0.6971153846153846 0.037259615384615384 0.04807692307692308
0 0.7872596153846154 0.6959134615384616 0.03485576923076923 0.042067307692307696
0 0.9375 0.6947115384615384 0.028846153846153848 0.042067307692307696
0 0.7584134615384616 0.6923076923076923 0.03485576923076923 0.042067307692307696
0 0.8173076923076923 0.6923076923076923 0.03485576923076923 0.042067307692307696
0 0.8497596153846154 0.6923076923076923 0.03485576923076923 0.042067307692307696
0 0.8798076923076923 0.6911057692307693 0.03245192307692308 0.042067307692307696
0 0.9098557692307693 0.6911057692307693 0.03245192307692308 0.042067307692307696