0 0.4170673076923077 0.11658653846153846 0.10336538461538461 0.23317307692307693
0 0.1201923076923077 0.32572115384615385 0.2403846153846154 0.36778846153846156
0 0.3485576923076923 0.33774038461538464 0.2403846153846154 0.34375
0 0.23677884615384615 0.11057692307692307 0.2764423076923077 0.22115384615384615
0 0.4362980769230769 0.5925480769230769 0.052884615384615384 0.06971153846153846
0 0.38461538461538464 0.59375 0.052884615384615384 0.06971153846153846
0 0.006009615384615385 0.5961538461538461 0.01201923076923077 0.0673076923076923
0 0.038461538461538464 0.5973557692307693 0.05048076923076923 0.0673076923076923
0 0.33413461538461536 0.5973557692307693 0.052884615384615384 0.07211538461538461
0 0.08653846153846154 0.5985576923076923 0.05048076923076923 0.06971153846153846
0 0.28365384615384615 0.5985576923076923 0.05048076923076923 0.06971153846153846
0 0.13581730769230768 0.5997596153846154 0.05048076923076923 0.06971153846153846
0 0.234375 0.5997596153846154 0.05048076923076923 0.06971153846153846
0 0.18509615384615385 0.5997596153846154 0.05048076923076923 0.06971153846153846
0 0.45072115384615385 0.6502403846153846 0.036057692307692304 0.06971153846153846
0 0.40865384615384615 0.6526442307692307 0.052884615384615384 0.06971153846153846
0 0.019230769230769232 0.6538461538461539 0.038461538461538464 0.0673076923076923
0 0.06490384615384616 0.6550480769230769 0.05048076923076923 0.0673076923076923
0 0.3581730769230769 0.65625 0.052884615384615384 0.06971153846153846
0 0.11298076923076923 0.65625 0.05048076923076923 0.0673076923076923
0 0.16105769230769232 0.65625 0.04807692307692308 0.06971153846153846
0 0.3076923076923077 0.6574519230769231 0.05048076923076923 0.06971153846153846
0 0.2091346153846154 0.6574519230769231 0.05048076923076923 0.06971153846153846
0 0.25841346153846156 0.6574519230769231 0.05048076923076923 0.06971153846153846
0 0.46153846153846156 0.7091346153846154 0.014423076923076924 0.0673076923076923
0 0.008413461538461538 0.7091346153846154 0.016826923076923076 0.0673076923076923
0 0.43149038461538464 0.7103365384615384 0.052884615384615384 0.06971153846153846
0 0.042067307692307696 0.7103365384615384 0.05048076923076923 0.0673076923076923
0 0.09014423076923077 0.7115384615384616 0.05048076923076923 0.0673076923076923
0 0.13822115384615385 0.7127403846153846 0.04807692307692308 0.0673076923076923
0 0.18629807692307693 0.7127403846153846 0.04807692307692308 0.0673076923076923
0 0.234375 0.7139423076923077 0.05048076923076923 0.0673076923076923
0 0.38100961538461536 0.7139423076923077 0.05048076923076923 0.06971153846153846
0 0.2824519230769231 0.7139423076923077 0.05048076923076923 0.0673076923076923
0 0.3317307692307692 0.7139423076923077 0.05048076923076923 0.0673076923076923
0 0.021634615384615384 0.765625 0.04326923076923077 0.06490384615384616
0 0.06850961538461539 0.765625 0.04807692307692308 0.06490384615384616
0 0.11538461538461539 0.7668269230769231 0.04807692307692308 0.06490384615384616
0 0.16346153846153846 0.7668269230769231 0.04807692307692308 0.06490384615384616
0 0.4483173076923077 0.7668269230769231 0.040865384615384616 0.0673076923076923
0 0.21033653846153846 0.7680288461538461 0.04807692307692308 0.06490384615384616
0 0.25841346153846156 0.7692307692307693 0.05048076923076923 0.06490384615384616
0 0.30649038461538464 0.7692307692307693 0.04807692307692308 0.06490384615384616
0 0.3557692307692308 0.7704326923076923 0.05048076923076923 0.0673076923076923
0 0.4050480769230769 0.7704326923076923 0.052884615384615384 0.0673076923076923
0 0.010817307692307692 0.8173076923076923 0.021634615384615384 0.0625
0 0.046875 0.8185096153846154 0.04807692307692308 0.06490384615384616
0 0.09375 0.8197115384615384 0.04807692307692308 0.06490384615384616
0 0.140625 0.8209134615384616 0.04807692307692308 0.06490384615384616
0 0.1875 0.8209134615384616 0.04807692307692308 0.06490384615384616
0 0.234375 0.8233173076923077 0.04807692307692308 0.06490384615384616
0 0.46033653846153844 0.8221153846153846 0.016826923076923076 0.0673076923076923
0 0.28125 0.8233173076923077 0.05048076923076923 0.0673076923076923
0 0.3293269230769231 0.8245192307692307 0.05048076923076923 0.06490384615384616
0 0.3786057692307692 0.8257211538461539 0.05048076923076923 0.0673076923076923
0 0.42788461538461536 0.8257211538461539 0.052884615384615384 0.0673076923076923
0 0.025240384615384616 0.8701923076923077 0.04807692307692308 0.06490384615384616
0 0.07091346153846154 0.8725961538461539 0.04807692307692308 0.06490384615384616
0 0.11778846153846154 0.8725961538461539 0.04807692307692308 0.06490384615384616
0 0.16466346153846154 0.8737980769230769 0.04807692307692308 0.06490384615384616
0 0.21033653846153846 0.8737980769230769 0.04807692307692308 0.06490384615384616
0 0.25721153846153844 0.8762019230769231 0.04807692307692308 0.06490384615384616
0 0.30408653846153844 0.8774038461538461 0.05048076923076923 0.06490384615384616
0 0.35216346153846156 0.8786057692307693 0.05048076923076923 0.06490384615384616
0 0.4014423076923077 0.8798076923076923 0.05048076923076923 0.06490384615384616
0 0.44711538461538464 0.8798076923076923 0.04326923076923077 0.0673076923076923
0 0.013221153846153846 0.9206730769230769 0.026442307692307692 0.0625
0 0.04927884615384615 0.9230769230769231 0.04567307692307692 0.0625
0 0.09615384615384616 0.9242788461538461 0.04567307692307692 0.0625
0 0.14182692307692307 0.9242788461538461 0.04807692307692308 0.0625
0 0.1875 0.9254807692307693 0.04807692307692308 0.06490384615384616
0 0.23317307692307693 0.9266826923076923 0.04807692307692308 0.0625
0 0.2800480769230769 0.9290865384615384 0.04807692307692308 0.0625
0 0.328125 0.9302884615384616 0.04807692307692308 0.06490384615384616
0 0.375 0.9338942307692307 0.05048076923076923 0.06490384615384616
0 0.42427884615384615 0.9338942307692307 0.05048076923076923 0.06490384615384616
0 0.4579326923076923 0.9338942307692307 0.021634615384615384 0.06490384615384616
0 0.027644230769230768 0.9711538461538461 0.04567307692307692 0.057692307692307696
0 0.0733173076923077 0.9711538461538461 0.04567307692307692 0.057692307692307696
0 0.11899038461538461 0.9711538461538461 0.04567307692307692 0.057692307692307696
0 0.16346153846153846 0.9723557692307693 0.04807692307692308 0.055288461538461536
0 0.2091346153846154 0.9735576923076923 0.04807692307692308 0.052884615384615384
0 0.25600961538461536 0.9735576923076923 0.04567307692307692 0.052884615384615384
0 0.30288461538461536 0.9747596153846154 0.04807692307692308 0.05048076923076923
0 0.35096153846153844 0.9759615384615384 0.04807692307692308 0.04807692307692308
0 0.39663461538461536 0.9759615384615384 0.04807692307692308 0.04807692307692308
0 0.44471153846153844 0.9771634615384616 0.04807692307692308 0.04567307692307692
0 0.453125 0.5384615384615384 0.03125 0.057692307692307696
0 0.41346153846153844 0.5384615384615384 0.052884615384615384 0.057692307692307696
0 0.3605769230769231 0.5384615384615384 0.052884615384615384 0.057692307692307696
0 0.3088942307692308 0.5408653846153846 0.05048076923076923 0.0625
0 0.018028846153846152 0.5420673076923077 0.036057692307692304 0.06490384615384616
0 0.25841346153846156 0.5420673076923077 0.05048076923076923 0.06490384615384616
0 0.05889423076923077 0.5420673076923077 0.05048076923076923 0.06490384615384616
0 0.109375 0.5420673076923077 0.05048076923076923 0.06490384615384616
0 0.20793269230769232 0.5420673076923077 0.05048076923076923 0.06490384615384616
0 0.15985576923076922 0.5420673076923077 0.05048076923076923 0.06490384615384616
0 0.7536057692307693 0.5516826923076923 0.055288461538461536 0.08413461538461539
0 0.5685096153846154 0.5552884615384616 0.052884615384615384 0.08173076923076923
0 0.6622596153846154 0.5564903846153846 0.055288461538461536 0.08413461538461539
0 0.49038461538461536 0.5564903846153846 0.04326923076923077 0.07932692307692307
0 0.8617788461538461 0.5649038461538461 0.057692307692307696 0.0889423076923077
0 0.9579326923076923 0.5733173076923077 0.057692307692307696 0.08413461538461539
0 0.7067307692307693 0.6021634615384616 0.052884615384615384 0.08173076923076923
0 0.8076923076923077 0.6069711538461539 0.057692307692307696 0.08413461538461539
0 0.6177884615384616 0.6081730769230769 0.04807692307692308 0.07211538461538461
0 0.984375 0.6153846153846154 0.03125 0.08173076923076923
0 0.8930288461538461 0.6225961538461539 0.05048076923076923 0.07451923076923077
0 0.5048076923076923 0.6334134615384616 0.05048076923076923 0.07692307692307693
0 0.5564903846153846 0.6394230769230769 0.055288461538461536 0.08173076923076923
0 0.7572115384615384 0.6418269230769231 0.057692307692307696 0.08413461538461539
0 0.6610576923076923 0.6430288461538461 0.052884615384615384 0.07451923076923077
0 0.8569711538461539 0.6550480769230769 0.057692307692307696 0.08413461538461539
0 0.9399038461538461 0.6598557692307693 0.05048076923076923 0.07692307692307693
0 0.6165865384615384 0.6826923076923077 0.052884615384615384 0.07451923076923077
0 0.4795673076923077 0.6862980769230769 0.021634615384615384 0.07932692307692307
0 0.8004807692307693 0.6947115384615384 0.052884615384615384 0.07692307692307693
0 0.9819711538461539 0.6983173076923077 0.036057692307692304 0.07932692307692307
0 0.8942307692307693 0.6995192307692307 0.052884615384615384 0.07451923076923077
0 0.5180288461538461 0.7127403846153846 0.055288461538461536 0.07692307692307693
0 0.5721153846153846 0.7199519230769231 0.05048076923076923 0.07451923076923077
0 0.6622596153846154 0.7223557692307693 0.055288461538461536 0.08173076923076923
0 0.7524038461538461 0.7295673076923077 0.055288461538461536 0.07451923076923077
0 0.8509615384615384 0.7391826923076923 0.057692307692307696 0.07692307692307693
0 0.9350961538461539 0.7415865384615384 0.052884615384615384 0.07692307692307693
0 0.6129807692307693 0.7620192307692307 0.055288461538461536 0.07451923076923077
0 0.7091346153846154 0.765625 0.055288461538461536 0.08413461538461539
0 0.7980769230769231 0.7716346153846154 0.052884615384615384 0.07451923076923077
0 0.4855769230769231 0.7776442307692307 0.03365384615384615 0.08413461538461539
0 0.8918269230769231 0.7800480769230769 0.052884615384615384 0.07932692307692307
0 0.9615384615384616 0.7824519230769231 0.04807692307692308 0.06971153846153846
0 0.5612980769230769 0.8004807692307693 0.055288461538461536 0.08413461538461539
0 0.6598557692307693 0.8040865384615384 0.055288461538461536 0.08173076923076923
0 0.7536057692307693 0.8112980769230769 0.055288461538461536 0.07932692307692307
0 0.8353365384615384 0.8161057692307693 0.04807692307692308 0.07451923076923077
0 0.9807692307692307 0.8209134615384616 0.038461538461538464 0.06490384615384616
0 0.9338942307692307 0.8233173076923077 0.05048076923076923 0.07451923076923077
0 0.5180288461538461 0.8365384615384616 0.052884615384615384 0.07932692307692307
0 0.6105769230769231 0.8461538461538461 0.055288461538461536 0.07932692307692307
0 0.7956730769230769 0.8509615384615384 0.052884615384615384 0.07451923076923077
0 0.7079326923076923 0.8509615384615384 0.055288461538461536 0.08173076923076923
0 0.8954326923076923 0.8665865384615384 0.052884615384615384 0.07692307692307693
0 0.484375 0.8725961538461539 0.03125 0.08173076923076923
0 0.6574519230769231 0.8846153846153846 0.05048076923076923 0.07451923076923077
0 0.5612980769230769 0.8858173076923077 0.055288461538461536 0.07932692307692307
0 0.8341346153846154 0.8894230769230769 0.05048076923076923 0.07692307692307693
0 0.7512019230769231 0.890625 0.052884615384615384 0.07211538461538461
0 0.9807692307692307 0.8942307692307693 0.038461538461538464 0.0673076923076923
0 0.5180288461538461 0.9146634615384616 0.05048076923076923 0.07451923076923077
0 0.9459134615384616 0.9266826923076923 0.04807692307692308 0.06971153846153846
0 0.7043269230769231 0.9278846153846154 0.052884615384615384 0.07692307692307693
0 0.6069711538461539 0.9326923076923077 0.057692307692307696 0.08413461538461539
0 0.796875 0.9362980769230769 0.055288461538461536 0.07932692307692307
0 0.8918269230769231 0.9459134615384616 0.05048076923076923 0.07451923076923077
0 0.4831730769230769 0.9495192307692307 0.028846153846153848 0.07692307692307693
0 0.5625 0.9615384615384616 0.055288461538461536 0.07451923076923077
0 0.9807692307692307 0.9663461538461539 0.038461538461538464 0.0673076923076923
0 0.7487980769230769 0.9651442307692307 0.055288461538461536 0.06971153846153846
0 0.6550480769230769 0.9639423076923077 0.055288461538461536 0.07211538461538461
0 0.8401442307692307 0.9735576923076923 0.05048076923076923 0.052884615384615384
0 0.5108173076923077 0.9795673076923077 0.055288461538461536 0.040865384615384616
0 0.9447115384615384 0.9831730769230769 0.04807692307692308 0.03365384615384615
0 0.6081730769230769 0.9855769230769231 0.052884615384615384 0.028846153846153848
0 0.7007211538461539 0.9855769230769231 0.05048076923076923 0.028846153846153848
0 0.8774038461538461 0.9891826923076923 0.04807692307692308 0.021634615384615384
0 0.7932692307692307 0.9903846153846154 0.052884615384615384 0.019230769230769232
0 0.5240384615384616 0.5240384615384616 0.057692307692307696 0.028846153846153848
0 0.9807692307692307 0.5300480769230769 0.038461538461538464 0.040865384615384616
0 0.7055288461538461 0.5324519230769231 0.05048076923076923 0.04567307692307692
0 0.6129807692307693 0.5336538461538461 0.052884615384615384 0.04807692307692308
0 0.8088942307692307 0.5384615384615384 0.055288461538461536 0.057692307692307696
0 0.9086538461538461 0.5420673076923077 0.057692307692307696 0.06490384615384616