0 0.39663461538461536 0.2283653846153846 0.08413461538461539 0.3641826923076923
0 0.0829326923076923 0.11538461538461539 0.1658653846153846 0.23076923076923078
0 0.3016826923076923 0.28846153846153844 0.27283653846153844 0.2644230769230769
0 0.734375 0.23677884615384615 0.15865384615384615 0.21754807692307693
0 0.3161057692307692 0.6983173076923077 0.09375 0.19591346153846154
0 0.1658653846153846 0.6730769230769231 0.10336538461538461 0.2127403846153846
0 0.07211538461538461 0.6033653846153846 0.12139423076923077 0.22716346153846154
0 0.3942307692307692 0.5348557692307693 0.08653846153846154 0.21754807692307693
0 0.24639423076923078 0.5252403846153846 0.10096153846153846 0.19831730769230768
0 0.09134615384615384 0.4951923076923077 0.11899038461538461 0.14903846153846154
0 0.9411057692307693 0.6658653846153846 0.11778846153846154 0.18269230769230768
0 0.7223557692307693 0.6442307692307693 0.16346153846153846 0.19110576923076922
0 0.5144230769230769 0.6370192307692307 0.15384615384615385 0.20072115384615385
0 0.9639423076923077 0.5072115384615384 0.07211538461538461 0.15865384615384615
0 0.8112980769230769 0.5120192307692307 0.18870192307692307 0.18269230769230768
0 0.5913461538461539 0.49759615384615385 0.20793269230769232 0.15384615384615385