0 0.3918269230769231 0.22235576923076922 0.08413461538461539 0.36177884615384615
0 0.08173076923076923 0.11177884615384616 0.1622596153846154 0.22355769230769232
0 0.2980769230769231 0.2824519230769231 0.2704326923076923 0.26322115384615385
0 0.7283653846153846 0.23076923076923078 0.15745192307692307 0.21634615384615385
0 0.3112980769230769 0.6899038461538461 0.09375 0.19471153846153846
0 0.1622596153846154 0.6646634615384616 0.10336538461538461 0.21153846153846154
0 0.06850961538461539 0.5961538461538461 0.1201923076923077 0.22716346153846154
0 0.390625 0.5276442307692307 0.08653846153846154 0.21634615384615385
0 0.24278846153846154 0.5168269230769231 0.10096153846153846 0.1971153846153846
0 0.0889423076923077 0.4879807692307692 0.11778846153846154 0.14783653846153846
0 0.9387019230769231 0.6574519230769231 0.12259615384615384 0.18269230769230768
0 0.7163461538461539 0.6370192307692307 0.1622596153846154 0.18990384615384615
0 0.5096153846153846 0.6298076923076923 0.15264423076923078 0.19951923076923078
0 0.9603365384615384 0.5 0.07932692307692307 0.15745192307692307
0 0.8052884615384616 0.5048076923076923 0.1875 0.18269230769230768
0 0.5865384615384616 0.49038461538461536 0.20673076923076922 0.15264423076923078