0 0.20432692307692307 0.2776442307692308 0.27283653846153844 0.40384615384615385
0 0.11177884615384616 0.046875 0.22355769230769232 0.09375
0 0.5516826923076923 0.15384615384615385 0.2704326923076923 0.3076923076923077
0 0.6274038461538461 0.3737980769230769 0.18990384615384615 0.21153846153846154
0 0.3641826923076923 0.44591346153846156 0.27283653846153844 0.06850961538461539
0 0.7956730769230769 0.13822115384615385 0.1466346153846154 0.27524038461538464
0 0.8978365384615384 0.14302884615384615 0.11057692307692307 0.18629807692307693
0 0.9158653846153846 0.3401442307692308 0.16826923076923078 0.2764423076923077
0 0.7487980769230769 0.3786057692307692 0.052884615384615384 0.20192307692307693
0 0.9543269230769231 0.03485576923076923 0.09134615384615384 0.06971153846153846
0 0.28966346153846156 0.6177884615384616 0.14423076923076922 0.27524038461538464
0 0.35697115384615385 0.8822115384615384 0.13341346153846154 0.234375
0 0.6850961538461539 0.8100961538461539 0.0733173076923077 0.24278846153846154
0 0.6153846153846154 0.7680288461538461 0.09134615384615384 0.22716346153846154
0 0.41466346153846156 0.6610576923076923 0.1141826923076923 0.26322115384615385
0 0.6514423076923077 0.9591346153846154 0.09134615384615384 0.08052884615384616
0 0.5661057692307693 0.9338942307692307 0.09615384615384616 0.1310096153846154
0 0.46634615384615385 0.9158653846153846 0.10096153846153846 0.16826923076923078
0 0.4831730769230769 0.5288461538461539 0.11899038461538461 0.0985576923076923
0 0.5745192307692307 0.5576923076923077 0.09375 0.15625
0 0.6538461538461539 0.5841346153846154 0.10576923076923077 0.2091346153846154
0 0.5216346153846154 0.7139423076923077 0.10817307692307693 0.27524038461538464
0 0.7776442307692307 0.7692307692307693 0.11057692307692307 0.21514423076923078
0 0.9014423076923077 0.8185096153846154 0.13581730769230768 0.2247596153846154