0 0.12379807692307693 0.13221153846153846 0.24759615384615385 0.2403846153846154
0 0.6454326923076923 0.06009615384615385 0.16947115384615385 0.11899038461538461
0 0.24639423076923078 0.3858173076923077 0.04807692307692308 0.11658653846153846
0 0.18389423076923078 0.39302884615384615 0.06850961538461539 0.11658653846153846
0 0.1201923076923077 0.3954326923076923 0.06370192307692307 0.1141826923076923
0 0.054086538461538464 0.40625 0.06370192307692307 0.10576923076923077
0 0.01201923076923077 0.4074519230769231 0.02403846153846154 0.10576923076923077
0 0.0625 0.546875 0.05048076923076923 0.09495192307692307
0 0.009615384615384616 0.5444711538461539 0.018028846153846152 0.09495192307692307
0 0.10817307692307693 0.5480769230769231 0.055288461538461536 0.10096153846153846
0 0.23918269230769232 0.5480769230769231 0.06129807692307692 0.10336538461538461
0 0.16706730769230768 0.5516826923076923 0.06370192307692307 0.10336538461538461
0 0.039663461538461536 0.6225961538461539 0.05048076923076923 0.09014423076923077
0 0.1502403846153846 0.6322115384615384 0.057692307692307696 0.09735576923076923
0 0.09134615384615384 0.6334134615384616 0.055288461538461536 0.09495192307692307
0 0.21033653846153846 0.6370192307692307 0.057692307692307696 0.10096153846153846
0 0.2548076923076923 0.640625 0.028846153846153848 0.10576923076923077
0 0.16947115384615385 0.7764423076923077 0.06370192307692307 0.10336538461538461
0 0.020432692307692308 0.8605769230769231 0.039663461538461536 0.10817307692307693
0 0.07572115384615384 0.8641826923076923 0.06370192307692307 0.10817307692307693
0 0.140625 0.8713942307692307 0.06610576923076923 0.10817307692307693
0 0.20673076923076922 0.8822115384615384 0.06610576923076923 0.1141826923076923
0 0.25240384615384615 0.8990384615384616 0.03485576923076923 0.11658653846153846
0 0.01201923076923077 0.9326923076923077 0.02403846153846154 0.09735576923076923
0 0.052884615384615384 0.9483173076923077 0.057692307692307696 0.10336538461538461
0 0.109375 0.9543269230769231 0.06490384615384616 0.09134615384615384
0 0.1814903846153846 0.9543269230769231 0.06490384615384616 0.09134615384615384
0 0.2403846153846154 0.9639423076923077 0.057692307692307696 0.07091346153846154
0 0.24639423076923078 0.27283653846153844 0.042067307692307696 0.037259615384615384
0 0.20552884615384615 0.27403846153846156 0.04447115384615385 0.039663461538461536
0 0.16105769230769232 0.27524038461538464 0.042067307692307696 0.042067307692307696
0 0.11778846153846154 0.2764423076923077 0.039663461538461536 0.04447115384615385
0 0.08052884615384616 0.27884615384615385 0.039663461538461536 0.05048076923076923
0 0.04447115384615385 0.2800480769230769 0.037259615384615384 0.052884615384615384
0 0.5997596153846154 0.6057692307692307 0.41586538461538464 0.703125