0 0.17908653846153846 0.5877403846153846 0.140625 0.14302884615384615
0 0.2800480769230769 0.5661057692307693 0.040865384615384616 0.14302884615384615
0 0.08533653846153846 0.4699519230769231 0.1466346153846154 0.140625
0 0.23317307692307693 0.44350961538461536 0.13341346153846154 0.14302884615384615
0 0.03485576923076923 0.35336538461538464 0.06971153846153846 0.14302884615384615
0 0.140625 0.34975961538461536 0.14302884615384615 0.140625
0 0.2824519230769231 0.328125 0.036057692307692304 0.14302884615384615
0 0.23317307692307693 0.22716346153846154 0.13341346153846154 0.140625
0 0.06009615384615385 0.2091346153846154 0.1201923076923077 0.140625
0 0.34615384615384615 0.4411057692307692 0.09254807692307693 0.30288461538461536
0 0.6045673076923077 0.46033653846153844 0.20793269230769232 0.34615384615384615
0 0.6550480769230769 0.7223557692307693 0.1814903846153846 0.11057692307692307
0 0.6923076923076923 0.1045673076923077 0.20192307692307693 0.2091346153846154
0 0.4495192307692308 0.10216346153846154 0.1778846153846154 0.20432692307692307
0 0.390625 0.7091346153846154 0.171875 0.13581730769230768
0 0.04927884615384615 0.859375 0.04567307692307692 0.06370192307692307
0 0.1466346153846154 0.8545673076923077 0.04326923076923077 0.06370192307692307
0 0.27403846153846156 0.8161057692307693 0.051682692307692304 0.07932692307692307
0 0.16947115384615385 0.8149038461538461 0.06129807692307692 0.07692307692307693
0 0.05889423076923077 0.8125 0.06129807692307692 0.07211538461538461
0 0.01201923076923077 0.796875 0.02283653846153846 0.040865384615384616
0 0.0985576923076923 0.7992788461538461 0.04326923076923077 0.04326923076923077
0 0.19951923076923078 0.7956730769230769 0.040865384615384616 0.038461538461538464
0 0.16947115384615385 0.9639423076923077 0.06129807692307692 0.07211538461538461
0 0.27283653846153844 0.9627403846153846 0.054086538461538464 0.07451923076923077
0 0.056490384615384616 0.9615384615384616 0.06129807692307692 0.07692307692307693
0 0.010817307692307692 0.9350961538461539 0.020432692307692308 0.05889423076923077
0 0.09495192307692307 0.9350961538461539 0.04567307692307692 0.06610576923076923
0 0.22596153846153846 0.890625 0.06129807692307692 0.08774038461538461
0 0.11538461538461539 0.890625 0.06129807692307692 0.09014423076923077
0 0.019230769230769232 0.8822115384615384 0.038461538461538464 0.08774038461538461
0 0.7427884615384616 0.9675480769230769 0.09975961538461539 0.06370192307692307
0 0.640625 0.9663461538461539 0.10216346153846154 0.06610576923076923
0 0.5372596153846154 0.9651442307692307 0.1045673076923077 0.06971153846153846
0 0.9483173076923077 0.9675480769230769 0.09735576923076923 0.06370192307692307
0 0.8497596153846154 0.9651442307692307 0.09975961538461539 0.06971153846153846
0 0.4266826923076923 0.9579326923076923 0.1045673076923077 0.08413461538461539
0 0.33413461538461536 0.9555288461538461 0.07211538461538461 0.0889423076923077
0 0.9711538461538461 0.8834134615384616 0.057692307692307696 0.14182692307692307
0 0.6935096153846154 0.8810096153846154 0.10216346153846154 0.14903846153846154
0 0.5901442307692307 0.8798076923076923 0.09975961538461539 0.15144230769230768
0 0.8930288461538461 0.8798076923076923 0.09495192307692307 0.1466346153846154
0 0.796875 0.8762019230769231 0.09735576923076923 0.15144230769230768
0 0.484375 0.8617788461538461 0.10216346153846154 0.15144230769230768
0 0.38100961538461536 0.8617788461538461 0.09975961538461539 0.15144230769230768
0 0.3137019230769231 0.8569711538461539 0.027644230769230768 0.14903846153846154
0 0.9375 0.8004807692307693 0.09495192307692307 0.04567307692307692
0 0.7379807692307693 0.7992788461538461 0.09735576923076923 0.04326923076923077
0 0.8413461538461539 0.7956730769230769 0.09735576923076923 0.038461538461538464
0 0.640625 0.796875 0.09735576923076923 0.040865384615384616
0 0.5420673076923077 0.7932692307692307 0.09975961538461539 0.03365384615384615