0 0.15384615384615385 0.5685096153846154 0.13942307692307693 0.14182692307692307
0 0.25240384615384615 0.5480769230769231 0.040865384615384616 0.14182692307692307
0 0.0673076923076923 0.453125 0.13341346153846154 0.13942307692307693
0 0.20673076923076922 0.4266826923076923 0.1310096153846154 0.14182692307692307
0 0.02283653846153846 0.3389423076923077 0.04567307692307692 0.14182692307692307
0 0.11658653846153846 0.33413461538461536 0.14182692307692307 0.13942307692307693
0 0.2548076923076923 0.3137019230769231 0.03485576923076923 0.14182692307692307
0 0.20673076923076922 0.21394230769230768 0.1310096153846154 0.13942307692307693
0 0.04807692307692308 0.19591346153846154 0.09615384615384616 0.13942307692307693
0 0.31850961538461536 0.42427884615384615 0.09134615384615384 0.2980769230769231
0 0.5733173076923077 0.44350961538461536 0.20432692307692307 0.34134615384615385
0 0.6225961538461539 0.7007211538461539 0.17908653846153846 0.10817307692307693
0 0.6598557692307693 0.0985576923076923 0.19951923076923078 0.1971153846153846
0 0.421875 0.09615384615384616 0.17668269230769232 0.19230769230769232
0 0.36177884615384615 0.6887019230769231 0.16947115384615385 0.13341346153846154
0 0.025240384615384616 0.8353365384615384 0.04567307692307692 0.06370192307692307
0 0.12139423076923077 0.8317307692307693 0.04326923076923077 0.06370192307692307
0 0.24759615384615385 0.7944711538461539 0.05048076923076923 0.078125
0 0.14423076923076922 0.7932692307692307 0.06009615384615385 0.07572115384615384
0 0.03485576923076923 0.7908653846153846 0.06009615384615385 0.07091346153846154
0 0.07451923076923077 0.7764423076923077 0.04326923076923077 0.04326923076923077
0 0.17427884615384615 0.7740384615384616 0.040865384615384616 0.038461538461538464
0 0.14543269230769232 0.9483173076923077 0.06009615384615385 0.0889423076923077
0 0.24639423076923078 0.9447115384615384 0.052884615384615384 0.08533653846153846
0 0.03245192307692308 0.9435096153846154 0.06009615384615385 0.08533653846153846
0 0.07091346153846154 0.9098557692307693 0.04567307692307692 0.06610576923076923
0 0.19951923076923078 0.8677884615384616 0.06009615384615385 0.08533653846153846
0 0.09134615384615384 0.8677884615384616 0.06009615384615385 0.0889423076923077
0 0.007211538461538462 0.8569711538461539 0.014423076923076924 0.08413461538461539
0 0.9807692307692307 0.9627403846153846 0.038461538461538464 0.07451923076923077
0 0.7079326923076923 0.9555288461538461 0.0985576923076923 0.0889423076923077
0 0.6081730769230769 0.9543269230769231 0.10096153846153846 0.09134615384615384
0 0.5060096153846154 0.953125 0.10336538461538461 0.09375
0 0.9110576923076923 0.9555288461538461 0.09615384615384616 0.0889423076923077
0 0.8149038461538461 0.953125 0.0985576923076923 0.09375
0 0.39783653846153844 0.9459134615384616 0.10336538461538461 0.10817307692307693
0 0.3076923076923077 0.9447115384615384 0.07091346153846154 0.11057692307692307
0 0.9507211538461539 0.8605769230769231 0.0889423076923077 0.14182692307692307
0 0.6598557692307693 0.8569711538461539 0.10096153846153846 0.1466346153846154
0 0.5576923076923077 0.8557692307692307 0.0985576923076923 0.14903846153846154
0 0.8569711538461539 0.8557692307692307 0.09375 0.14423076923076922
0 0.7632211538461539 0.8521634615384616 0.09615384615384616 0.14903846153846154
0 0.4543269230769231 0.8389423076923077 0.10096153846153846 0.14903846153846154
0 0.35216346153846156 0.8389423076923077 0.0985576923076923 0.14903846153846154
0 0.2860576923076923 0.8329326923076923 0.027644230769230768 0.1466346153846154
0 0.9747596153846154 0.7884615384615384 0.05048076923076923 0.06610576923076923
0 0.9002403846153846 0.7776442307692307 0.09375 0.04567307692307692
0 0.7043269230769231 0.7764423076923077 0.09615384615384616 0.04326923076923077
0 0.8052884615384616 0.7740384615384616 0.09615384615384616 0.038461538461538464
0 0.6081730769230769 0.7752403846153846 0.09615384615384616 0.040865384615384616
0 0.5108173076923077 0.7716346153846154 0.0985576923076923 0.03245192307692308