0 0.5108173076923077 0.109375 0.11538461538461539 0.15384615384615385
0 0.28846153846153844 0.13701923076923078 0.12620192307692307 0.17067307692307693
0 0.40024038461538464 0.1466346153846154 0.10817307692307693 0.1502403846153846
0 0.6658653846153846 0.19110576923076922 0.12259615384615384 0.1658653846153846
0 0.1875 0.19110576923076922 0.0985576923076923 0.140625
0 0.5649038461538461 0.2668269230769231 0.1310096153846154 0.17548076923076922
0 0.7992788461538461 0.3125 0.12620192307692307 0.17067307692307693
0 0.44350961538461536 0.32211538461538464 0.1201923076923077 0.16346153846153846
0 0.29927884615384615 0.32572115384615385 0.11778846153846154 0.15865384615384615
0 0.06129807692307692 0.35697115384615385 0.10576923076923077 0.14543269230769232
0 0.171875 0.3581730769230769 0.10096153846153846 0.140625
0 0.6754807692307693 0.3605769230769231 0.12620192307692307 0.17067307692307693
0 0.9146634615384616 0.36658653846153844 0.1201923076923077 0.16826923076923078
0 0.39302884615384615 0.46153846153846156 0.09254807692307693 0.13341346153846154
0 0.1310096153846154 0.46634615384615385 0.10576923076923077 0.14302884615384615
0 0.5 0.4675480769230769 0.12620192307692307 0.1778846153846154
0 0.8425480769230769 0.4699519230769231 0.11057692307692307 0.1502403846153846
0 0.24278846153846154 0.47596153846153844 0.11778846153846154 0.16105769230769232
0 0.6129807692307693 0.5060096153846154 0.10817307692307693 0.14783653846153846
0 0.7319711538461539 0.515625 0.11057692307692307 0.15625
0 0.328125 0.5709134615384616 0.10576923076923077 0.140625
0 0.030048076923076924 0.5709134615384616 0.06009615384615385 0.140625
0 0.16346153846153846 0.5889423076923077 0.0985576923076923 0.13581730769230768
0 0.4411057692307692 0.6009615384615384 0.0985576923076923 0.140625
0 0.9038461538461539 0.6153846153846154 0.0985576923076923 0.14302884615384615
0 0.8028846153846154 0.6201923076923077 0.10576923076923077 0.1502403846153846
0 0.5528846153846154 0.6334134615384616 0.10817307692307693 0.14302884615384615
0 0.6550480769230769 0.6490384615384616 0.10336538461538461 0.13822115384615385
0 0.25 0.6622596153846154 0.10096153846153846 0.13822115384615385
0 0.3762019230769231 0.6887019230769231 0.09495192307692307 0.1310096153846154
0 0.04447115384615385 0.7283653846153846 0.08774038461538461 0.13581730769230768
0 0.9038461538461539 0.7295673076923077 0.09495192307692307 0.10817307692307693
0 0.13341346153846154 0.7307692307692307 0.09495192307692307 0.14302884615384615
0 0.46274038461538464 0.7391826923076923 0.10336538461538461 0.13822115384615385
0 0.5661057692307693 0.7728365384615384 0.10096153846153846 0.13341346153846154
0 0.2980769230769231 0.7776442307692307 0.09254807692307693 0.13581730769230768
0 0.9519230769230769 0.8269230769230769 0.09495192307692307 0.1502403846153846
0 0.6490384615384616 0.8305288461538461 0.10576923076923077 0.1502403846153846
0 0.38100961538461536 0.8425480769230769 0.10576923076923077 0.13581730769230768
0 0.8701923076923077 0.84375 0.09495192307692307 0.1310096153846154
0 0.18629807692307693 0.8533653846153846 0.10096153846153846 0.13822115384615385
0 0.7439903846153846 0.8533653846153846 0.08774038461538461 0.12860576923076922
0 0.11177884615384616 0.8557692307692307 0.08052884615384616 0.12620192307692307
0 0.02403846153846154 0.8846153846153846 0.04807692307692308 0.1201923076923077
0 0.5 0.8894230769230769 0.09014423076923077 0.11057692307692307
0 0.9735576923076923 0.4987980769230769 0.052884615384615384 0.14783653846153846
0 0.9675480769230769 0.6274038461538461 0.06490384615384616 0.12860576923076922