0 0.1778846153846154 0.004807692307692308 0.07692307692307693 0.009615384615384616
0 0.4651442307692308 0.038461538461538464 0.055288461538461536 0.07692307692307693
0 0.22115384615384615 0.046875 0.07692307692307693 0.09375
0 0.0673076923076923 0.05048076923076923 0.07211538461538461 0.09014423076923077
0 0.1466346153846154 0.0625 0.06490384615384616 0.07932692307692307
0 0.3737980769230769 0.0625 0.06490384615384616 0.08413461538461539
0 0.31009615384615385 0.06850961538461539 0.07211538461538461 0.08653846153846154
0 0.43509615384615385 0.11057692307692307 0.06971153846153846 0.08653846153846154
0 0.25600961538461536 0.12740384615384615 0.0673076923076923 0.08173076923076923
0 0.028846153846153848 0.12860576923076922 0.057692307692307696 0.09254807692307693
0 0.1814903846153846 0.1310096153846154 0.06971153846153846 0.08413461538461539
0 0.0985576923076923 0.13341346153846154 0.07451923076923077 0.09014423076923077
0 0.4831730769230769 0.13822115384615385 0.020432692307692308 0.08653846153846154
0 0.34615384615384615 0.140625 0.06971153846153846 0.08413461538461539
0 0.2920673076923077 0.1971153846153846 0.0625 0.08173076923076923
0 0.22235576923076922 0.20072115384615385 0.07211538461538461 0.09014423076923077
0 0.140625 0.20552884615384615 0.07451923076923077 0.09254807692307693
0 0.4579326923076923 0.20793269230769232 0.06971153846153846 0.08653846153846154
0 0.38221153846153844 0.21153846153846154 0.06971153846153846 0.08413461538461539
0 0.046875 0.21153846153846154 0.07932692307692307 0.09495192307692307
0 0.004807692307692308 0.21514423076923078 0.009615384615384616 0.09254807692307693
0 0.33774038461538464 0.27163461538461536 0.07211538461538461 0.08653846153846154
0 0.26322115384615385 0.27163461538461536 0.07211538461538461 0.08413461538461539
0 0.18509615384615385 0.27403846153846156 0.06971153846153846 0.08173076923076923
0 0.10336538461538461 0.28125 0.07692307692307693 0.09014423076923077
0 0.421875 0.2860576923076923 0.06971153846153846 0.08413461538461539
0 0.47596153846153844 0.28725961538461536 0.03245192307692308 0.08653846153846154
0 0.02403846153846154 0.29927884615384615 0.046875 0.09735576923076923
0 0.2956730769230769 0.33774038461538464 0.0673076923076923 0.08173076923076923
0 0.22596153846153846 0.3449519230769231 0.07211538461538461 0.08413461538461539
0 0.36899038461538464 0.34615384615384615 0.07211538461538461 0.08413461538461539
0 0.1466346153846154 0.35216346153846156 0.07451923076923077 0.09014423076923077
0 0.44350961538461536 0.35697115384615385 0.06490384615384616 0.08173076923076923
0 0.05889423076923077 0.36778846153846156 0.08173076923076923 0.08413461538461539
0 0.009615384615384616 0.37740384615384615 0.019230769230769232 0.0673076923076923
0 0.2608173076923077 0.390625 0.06971153846153846 0.039663461538461536
0 0.3317307692307692 0.39302884615384615 0.07211538461538461 0.03485576923076923
0 0.1875 0.39302884615384615 0.07211538461538461 0.03485576923076923
0 0.40384615384615385 0.3954326923076923 0.07211538461538461 0.030048076923076924
0 0.109375 0.39903846153846156 0.07451923076923077 0.02283653846153846
0 0.7572115384615384 0.3125 0.4855769230769231 0.1971153846153846
0 0.17548076923076922 0.4362980769230769 0.171875 0.051682692307692304
0 0.02403846153846154 0.4579326923076923 0.046875 0.09495192307692307
0 0.41466346153846156 0.5252403846153846 0.1346153846153846 0.17668269230769232
0 0.27884615384615385 0.5829326923076923 0.13942307692307693 0.17668269230769232
0 0.47596153846153844 0.5420673076923077 0.03245192307692308 0.109375
0 0.9158653846153846 0.5372596153846154 0.16826923076923078 0.25721153846153844
0 0.7620192307692307 0.5192307692307693 0.15144230769230768 0.21634615384615385
0 0.5913461538461539 0.5408653846153846 0.1971153846153846 0.2608173076923077
0 0.9278846153846154 0.7620192307692307 0.14423076923076922 0.22115384615384615
0 0.5973557692307693 0.7728365384615384 0.14423076923076922 0.22115384615384615
0 0.7644230769230769 0.9543269230769231 0.15384615384615385 0.09134615384615384
0 0.9206730769230769 0.9387019230769231 0.15865384615384615 0.12139423076923077
0 0.5925480769230769 0.9507211538461539 0.18990384615384615 0.0985576923076923
0 0.7692307692307693 0.7764423076923077 0.20192307692307693 0.2980769230769231