0 0.4098557692307692 0.36177884615384615 0.10817307692307693 0.15264423076923078
0 0.0889423076923077 0.3557692307692308 0.10336538461538461 0.15745192307692307
0 0.30408653846153844 0.3557692307692308 0.10576923076923077 0.15745192307692307
0 0.1971153846153846 0.3545673076923077 0.10576923076923077 0.15504807692307693
0 0.015625 0.35336538461538464 0.03125 0.15865384615384615
0 0.4050480769230769 0.5841346153846154 0.10576923076923077 0.05889423076923077
0 0.3004807692307692 0.5841346153846154 0.10336538461538461 0.05889423076923077
0 0.19230769230769232 0.5829326923076923 0.10336538461538461 0.06129807692307692
0 0.08653846153846154 0.5817307692307693 0.10817307692307693 0.06370192307692307
0 0.013221153846153846 0.5805288461538461 0.026442307692307692 0.06490384615384616
0 0.4411057692307692 0.22596153846153846 0.05889423076923077 0.15504807692307693
0 0.359375 0.22235576923076922 0.10817307692307693 0.1502403846153846
0 0.25 0.21875 0.10576923076923077 0.15504807692307693
0 0.14302884615384615 0.21875 0.10576923076923077 0.15745192307692307
0 0.04447115384615385 0.21754807692307693 0.0889423076923077 0.15504807692307693
0 0.41466346153846156 0.08533653846153846 0.10576923076923077 0.15745192307692307
0 0.3076923076923077 0.08413461538461539 0.10336538461538461 0.15745192307692307
0 0.19831730769230768 0.0829326923076923 0.10576923076923077 0.15745192307692307
0 0.016826923076923076 0.08052884615384616 0.03365384615384615 0.15625
0 0.09134615384615384 0.0829326923076923 0.10576923076923077 0.15745192307692307
0 0.3629807692307692 0.013221153846153846 0.10576923076923077 0.026442307692307692
0 0.2536057692307692 0.01201923076923077 0.10817307692307693 0.02403846153846154
0 0.1466346153846154 0.01201923076923077 0.10576923076923077 0.02403846153846154
0 0.04447115384615385 0.010817307692307692 0.0889423076923077 0.021634615384615384
0 0.4387019230769231 0.49759615384615385 0.06370192307692307 0.15264423076923078
0 0.35336538461538464 0.4951923076923077 0.10576923076923077 0.15985576923076922
0 0.140625 0.49278846153846156 0.10576923076923077 0.15745192307692307
0 0.24759615384615385 0.49158653846153844 0.10576923076923077 0.15504807692307693
0 0.042067307692307696 0.49038461538461536 0.08413461538461539 0.15745192307692307
0 0.9795673076923077 0.2704326923076923 0.040865384615384616 0.06971153846153846
0 0.90625 0.32572115384615385 0.056490384615384616 0.0733173076923077
0 0.7956730769230769 0.3125 0.056490384615384616 0.07692307692307693
0 0.6478365384615384 0.3605769230769231 0.06129807692307692 0.07932692307692307
0 0.9603365384615384 0.3317307692307692 0.056490384615384616 0.0733173076923077
0 0.828125 0.2548076923076923 0.056490384615384616 0.0733173076923077
0 0.9927884615384616 0.33653846153846156 0.014423076923076924 0.07692307692307693
0 0.9783653846153846 0.39663461538461536 0.04326923076923077 0.07692307692307693
0 0.8990384615384616 0.4519230769230769 0.05889423076923077 0.07932692307692307
0 0.8509615384615384 0.31850961538461536 0.05889423076923077 0.0733173076923077
0 0.7848557692307693 0.4411057692307692 0.05889423076923077 0.07932692307692307
0 0.8185096153846154 0.3786057692307692 0.05889423076923077 0.07692307692307693
0 0.9555288461538461 0.4579326923076923 0.05889423076923077 0.07692307692307693
0 0.6670673076923077 0.42908653846153844 0.06129807692307692 0.07932692307692307
0 0.7620192307692307 0.37259615384615385 0.05889423076923077 0.07692307692307693
0 0.5901442307692307 0.35336538461538464 0.06129807692307692 0.07692307692307693
0 0.8822115384615384 0.2608173076923077 0.056490384615384616 0.0733173076923077
0 0.8088942307692307 0.5108173076923077 0.06129807692307692 0.08173076923076923
0 0.8665865384615384 0.5168269230769231 0.05889423076923077 0.08173076923076923
0 0.8894230769230769 0.14182692307692307 0.056490384615384616 0.07091346153846154
0 0.8052884615384616 0.1935096153846154 0.056490384615384616 0.07091346153846154
0 0.48677884615384615 0.34134615384615385 0.03245192307692308 0.07692307692307693
0 0.8737980769230769 0.38461538461538464 0.05889423076923077 0.07692307692307693
0 0.5504807692307693 0.22235576923076922 0.056490384615384616 0.0733173076923077
0 0.9915865384615384 0.4639423076923077 0.016826923076923076 0.07692307692307693
0 0.8365384615384616 0.13822115384615385 0.056490384615384616 0.07091346153846154
0 0.7512019230769231 0.1875 0.056490384615384616 0.07091346153846154
0 0.9362980769230769 0.2668269230769231 0.056490384615384616 0.0733173076923077
0 0.9651442307692307 0.21033653846153846 0.054086538461538464 0.07091346153846154
0 0.8665865384615384 0.0829326923076923 0.054086538461538464 0.06610576923076923
0 0.8353365384615384 0.578125 0.05889423076923077 0.07091346153846154
0 0.9951923076923077 0.21514423076923078 0.009615384615384616 0.07091346153846154
0 0.75 0.5048076923076923 0.06129807692307692 0.08173076923076923
0 0.9242788461538461 0.5216346153846154 0.05889423076923077 0.08173076923076923
0 0.8425480769230769 0.44591346153846156 0.05889423076923077 0.07932692307692307
0 0.8918269230769231 0.5805288461538461 0.05889423076923077 0.06610576923076923
0 0.7055288461538461 0.36658653846153844 0.05889423076923077 0.07692307692307693
0 0.5144230769230769 0.2824519230769231 0.056490384615384616 0.07692307692307693
0 0.6923076923076923 0.5 0.06129807692307692 0.08173076923076923
0 0.8137019230769231 0.078125 0.054086538461538464 0.07091346153846154
0 0.6850961538461539 0.3016826923076923 0.05889423076923077 0.0733173076923077
0 0.9519230769230769 0.5841346153846154 0.06129807692307692 0.05889423076923077
0 0.9747596153846154 0.5288461538461539 0.05048076923076923 0.08173076923076923
0 0.6274038461538461 0.29447115384615385 0.05889423076923077 0.0733173076923077
0 0.5516826923076923 0.4170673076923077 0.05889423076923077 0.08173076923076923
0 0.7403846153846154 0.30649038461538464 0.05889423076923077 0.0733173076923077
0 0.9819711538461539 0.15264423076923078 0.036057692307692304 0.06971153846153846
0 0.859375 0.19831730769230768 0.056490384615384616 0.07091346153846154
0 0.7740384615384616 0.5757211538461539 0.06129807692307692 0.07692307692307693
0 0.53125 0.3473557692307692 0.056490384615384616 0.07932692307692307
0 0.9182692307692307 0.0889423076923077 0.054086538461538464 0.06850961538461539
0 0.5697115384615384 0.28846153846153844 0.056490384615384616 0.0733173076923077
0 0.515625 0.48197115384615385 0.06129807692307692 0.08653846153846154
0 0.7836538461538461 0.13221153846153846 0.056490384615384616 0.07091346153846154
0 0.9423076923076923 0.1502403846153846 0.054086538461538464 0.06850961538461539
0 0.9122596153846154 0.20432692307692307 0.056490384615384616 0.07091346153846154
0 0.6971153846153846 0.1814903846153846 0.056490384615384616 0.07091346153846154
0 0.6622596153846154 0.23677884615384615 0.05889423076923077 0.07091346153846154
0 0.6165865384615384 0.6033653846153846 0.06129807692307692 0.019230769230769232
0 0.49759615384615385 0.4098557692307692 0.054086538461538464 0.08173076923076923
0 0.6334134615384616 0.49399038461538464 0.06129807692307692 0.08413461538461539
0 0.53125 0.16105769230769232 0.056490384615384616 0.07091346153846154
0 0.6081730769230769 0.421875 0.06129807692307692 0.08173076923076923
0 0.71875 0.2439903846153846 0.05889423076923077 0.0733173076923077
0 0.7307692307692307 0.12620192307692307 0.056490384615384616 0.07091346153846154
0 0.5733173076923077 0.4879807692307692 0.06129807692307692 0.08173076923076923
0 0.9314903846153846 0.390625 0.05889423076923077 0.07692307692307693
0 0.6057692307692307 0.22956730769230768 0.05889423076923077 0.0733173076923077
0 0.9711538461538461 0.09495192307692307 0.054086538461538464 0.07091346153846154
0 0.47836538461538464 0.2764423076923077 0.014423076923076924 0.0733173076923077
0 0.5 0.5973557692307693 0.05889423076923077 0.03245192307692308
0 0.7608173076923077 0.06971153846153846 0.056490384615384616 0.07091346153846154
0 0.9483173076923077 0.036057692307692304 0.054086538461538464 0.06850961538461539
0 0.8966346153846154 0.03245192307692308 0.054086538461538464 0.06370192307692307
0 0.4891826923076923 0.546875 0.037259615384615384 0.08413461538461539
0 0.7271634615384616 0.43509615384615385 0.05889423076923077 0.07932692307692307
0 0.5564903846153846 0.5997596153846154 0.06370192307692307 0.027644230769230768
0 0.6418269230769231 0.17427884615384615 0.05889423076923077 0.07091346153846154
0 0.4963942307692308 0.21634615384615385 0.051682692307692304 0.0733173076923077
0 0.5961538461538461 0.5612980769230769 0.06129807692307692 0.08653846153846154
0 0.8449519230769231 0.028846153846153848 0.054086538461538464 0.056490384615384616
0 0.5865384615384616 0.1658653846153846 0.056490384615384616 0.07091346153846154
0 0.7151442307692307 0.5709134615384616 0.06129807692307692 0.08413461538461539
0 0.9855769230769231 0.038461538461538464 0.028846153846153848 0.0673076923076923
0 0.65625 0.5673076923076923 0.06370192307692307 0.08413461538461539
0 0.7079326923076923 0.06490384615384616 0.054086538461538464 0.06850961538461539
0 0.7379807692307693 0.021634615384615384 0.052884615384615384 0.04326923076923077
0 0.8725961538461539 0.002403846153846154 0.051682692307692304 0.004807692307692308
0 0.5661057692307693 0.1045673076923077 0.056490384615384616 0.07091346153846154
0 0.6766826923076923 0.11899038461538461 0.056490384615384616 0.06850961538461539
0 0.6213942307692307 0.11298076923076923 0.056490384615384616 0.07091346153846154
0 0.9230769230769231 0.004807692307692308 0.04927884615384615 0.009615384615384616
0 0.7932692307692307 0.026442307692307692 0.054086538461538464 0.051682692307692304
0 0.5120192307692307 0.10096153846153846 0.056490384615384616 0.06850961538461539
0 0.4879807692307692 0.15504807692307693 0.03485576923076923 0.0733173076923077
0 0.49399038461538464 0.04326923076923077 0.046875 0.06610576923076923
0 0.6021634615384616 0.052884615384615384 0.056490384615384616 0.06850961538461539
0 0.9891826923076923 0.5877403846153846 0.021634615384615384 0.051682692307692304
0 0.6862980769230769 0.019230769230769232 0.055288461538461536 0.038461538461538464
0 0.546875 0.046875 0.056490384615384616 0.07091346153846154
0 0.5240384615384616 0.01201923076923077 0.054086538461538464 0.02403846153846154
0 0.5372596153846154 0.5552884615384616 0.06129807692307692 0.08413461538461539
0 0.7728365384615384 0.25 0.056490384615384616 0.0733173076923077
0 0.9747596153846154 0.008413461538461538 0.05048076923076923 0.016826923076923076
0 0.5805288461538461 0.013221153846153846 0.055288461538461536 0.026442307692307692
0 0.4795673076923077 0.4735576923076923 0.016826923076923076 0.08173076923076923
0 0.6550480769230769 0.05889423076923077 0.056490384615384616 0.06850961538461539
0 0.6334134615384616 0.016826923076923076 0.05048076923076923 0.03365384615384615
0 0.06009615384615385 0.9507211538461539 0.1201923076923077 0.0985576923076923
0 0.38221153846153844 0.90625 0.1778846153846154 0.1875
0 0.14302884615384615 0.8173076923076923 0.19951923076923078 0.2956730769230769
0 0.2776442307692308 0.7007211538461539 0.18028846153846154 0.17427884615384615
0 0.06971153846153846 0.6802884615384616 0.13942307692307693 0.1346153846153846
0 0.03245192307692308 0.9158653846153846 0.06370192307692307 0.16706730769230768
0 0.84375 0.7067307692307693 0.3125 0.1875