0 0.390625 0.3605769230769231 0.11057692307692307 0.15625
0 0.06009615384615385 0.3545673076923077 0.10576923076923077 0.16105769230769232
0 0.28125 0.3545673076923077 0.10817307692307693 0.16105769230769232
0 0.171875 0.35336538461538464 0.10817307692307693 0.15865384615384615
0 0.38461538461538464 0.5889423076923077 0.10817307692307693 0.06009615384615385
0 0.2776442307692308 0.5889423076923077 0.10576923076923077 0.06009615384615385
0 0.16706730769230768 0.5865384615384616 0.10576923076923077 0.06370192307692307
0 0.057692307692307696 0.5853365384615384 0.11057692307692307 0.06610576923076923
0 0.421875 0.22115384615384615 0.06009615384615385 0.15865384615384615
0 0.3389423076923077 0.21875 0.11057692307692307 0.15384615384615385
0 0.22596153846153846 0.21514423076923078 0.10817307692307693 0.15865384615384615
0 0.11658653846153846 0.21514423076923078 0.10817307692307693 0.16105769230769232
0 0.030048076923076924 0.21394230769230768 0.06009615384615385 0.15865384615384615
0 0.3954326923076923 0.078125 0.10817307692307693 0.15625
0 0.2848557692307692 0.078125 0.10576923076923077 0.15625
0 0.17307692307692307 0.07692307692307693 0.10817307692307693 0.15384615384615385
0 0.06129807692307692 0.07692307692307693 0.10817307692307693 0.15384615384615385
0 0.3425480769230769 0.008413461538461538 0.10817307692307693 0.016826923076923076
0 0.2283653846153846 0.007211538461538462 0.11057692307692307 0.014423076923076924
0 0.11899038461538461 0.007211538461538462 0.10817307692307693 0.014423076923076924
0 0.41947115384615385 0.5 0.06610576923076923 0.15625
0 0.3317307692307692 0.49759615384615385 0.10817307692307693 0.16466346153846154
0 0.1141826923076923 0.4951923076923077 0.10817307692307693 0.16105769230769232
0 0.22355769230769232 0.49399038461538464 0.10817307692307693 0.15865384615384615
0 0.027644230769230768 0.49278846153846156 0.055288461538461536 0.16105769230769232
0 0.9771634615384616 0.2692307692307692 0.04567307692307692 0.0733173076923077
0 0.8990384615384616 0.3233173076923077 0.057692307692307696 0.07572115384615384
0 0.7848557692307693 0.31009615384615385 0.057692307692307696 0.078125
0 0.6334134615384616 0.359375 0.06370192307692307 0.08052884615384616
0 0.9543269230769231 0.3293269230769231 0.057692307692307696 0.07572115384615384
0 0.8185096153846154 0.2512019230769231 0.057692307692307696 0.07572115384615384
0 0.9891826923076923 0.3329326923076923 0.021634615384615384 0.07932692307692307
0 0.9759615384615384 0.39783653846153844 0.04807692307692308 0.078125
0 0.8918269230769231 0.453125 0.06009615384615385 0.08052884615384616
0 0.8425480769230769 0.3173076923076923 0.06009615384615385 0.07572115384615384
0 0.7740384615384616 0.4423076923076923 0.06009615384615385 0.08052884615384616
0 0.8088942307692307 0.37740384615384615 0.06009615384615385 0.078125
0 0.9495192307692307 0.45913461538461536 0.06009615384615385 0.078125
0 0.6538461538461539 0.42908653846153844 0.06370192307692307 0.08052884615384616
0 0.7512019230769231 0.37259615384615385 0.06009615384615385 0.078125
0 0.5745192307692307 0.35216346153846156 0.06370192307692307 0.078125
0 0.8737980769230769 0.25721153846153844 0.057692307692307696 0.07572115384615384
0 0.7992788461538461 0.5144230769230769 0.06370192307692307 0.0829326923076923
0 0.8581730769230769 0.5204326923076923 0.06009615384615385 0.0829326923076923
0 0.8810096153846154 0.1346153846153846 0.057692307692307696 0.0733173076923077
0 0.7956730769230769 0.18870192307692307 0.057692307692307696 0.0733173076923077
0 0.46875 0.3401442307692308 0.03245192307692308 0.078125
0 0.8665865384615384 0.38341346153846156 0.06009615384615385 0.078125
0 0.5336538461538461 0.21875 0.057692307692307696 0.07572115384615384
0 0.9879807692307693 0.4651442307692308 0.02403846153846154 0.07932692307692307
0 0.8269230769230769 0.1310096153846154 0.057692307692307696 0.0733173076923077
0 0.7403846153846154 0.1814903846153846 0.057692307692307696 0.0733173076923077
0 0.9290865384615384 0.2644230769230769 0.057692307692307696 0.07572115384615384
0 0.9591346153846154 0.20552884615384615 0.055288461538461536 0.0733173076923077
0 0.8581730769230769 0.07451923076923077 0.055288461538461536 0.06850961538461539
0 0.8257211538461539 0.5817307692307693 0.06009615384615385 0.0733173076923077
0 0.9915865384615384 0.2091346153846154 0.016826923076923076 0.07211538461538461
0 0.7391826923076923 0.5072115384615384 0.06370192307692307 0.0829326923076923
0 0.9182692307692307 0.5252403846153846 0.06009615384615385 0.0829326923076923
0 0.8329326923076923 0.44711538461538464 0.06009615384615385 0.08052884615384616
0 0.8834134615384616 0.5841346153846154 0.06009615384615385 0.06850961538461539
0 0.6935096153846154 0.36658653846153844 0.06009615384615385 0.078125
0 0.49759615384615385 0.27884615384615385 0.057692307692307696 0.078125
0 0.6790865384615384 0.5024038461538461 0.06370192307692307 0.0829326923076923
0 0.8040865384615384 0.06971153846153846 0.055288461538461536 0.0733173076923077
0 0.671875 0.29927884615384615 0.06009615384615385 0.07572115384615384
0 0.9459134615384616 0.5889423076923077 0.06370192307692307 0.06009615384615385
0 0.9723557692307693 0.53125 0.055288461538461536 0.0829326923076923
0 0.6117788461538461 0.2920673076923077 0.06009615384615385 0.07572115384615384
0 0.5348557692307693 0.4182692307692308 0.06009615384615385 0.0829326923076923
0 0.7283653846153846 0.30408653846153844 0.06009615384615385 0.07572115384615384
0 0.9795673076923077 0.14783653846153846 0.040865384615384616 0.0733173076923077
0 0.8509615384615384 0.1935096153846154 0.057692307692307696 0.0733173076923077
0 0.7644230769230769 0.5793269230769231 0.06370192307692307 0.078125
0 0.5144230769230769 0.34615384615384615 0.057692307692307696 0.08052884615384616
0 0.9110576923076923 0.08052884615384616 0.055288461538461536 0.07091346153846154
0 0.5540865384615384 0.2848557692307692 0.057692307692307696 0.07572115384615384
0 0.4987980769230769 0.4831730769230769 0.06370192307692307 0.0889423076923077
0 0.7728365384615384 0.125 0.057692307692307696 0.0733173076923077
0 0.9350961538461539 0.14423076923076922 0.055288461538461536 0.07091346153846154
0 0.9050480769230769 0.19951923076923078 0.057692307692307696 0.0733173076923077
0 0.6838942307692307 0.17548076923076922 0.057692307692307696 0.0733173076923077
0 0.6490384615384616 0.23197115384615385 0.06009615384615385 0.0733173076923077
0 0.6021634615384616 0.6081730769230769 0.06370192307692307 0.020432692307692308
0 0.4795673076923077 0.4098557692307692 0.055288461538461536 0.0829326923076923
0 0.6189903846153846 0.4963942307692308 0.06370192307692307 0.08533653846153846
0 0.5144230769230769 0.15504807692307693 0.057692307692307696 0.0733173076923077
0 0.9963942307692307 0.09254807692307693 0.007211538461538462 0.0733173076923077
0 0.59375 0.4230769230769231 0.06370192307692307 0.0829326923076923
0 0.7067307692307693 0.2403846153846154 0.06009615384615385 0.07572115384615384
0 0.71875 0.11899038461538461 0.057692307692307696 0.0733173076923077
0 0.5576923076923077 0.49038461538461536 0.06370192307692307 0.0829326923076923
0 0.9242788461538461 0.390625 0.06009615384615385 0.078125
0 0.5913461538461539 0.2247596153846154 0.06009615384615385 0.07572115384615384
0 0.9663461538461539 0.08653846153846154 0.055288461538461536 0.0733173076923077
0 0.45913461538461536 0.27283653846153844 0.015625 0.07572115384615384
0 0.48197115384615385 0.6021634615384616 0.06009615384615385 0.03245192307692308
0 0.75 0.06129807692307692 0.057692307692307696 0.0733173076923077
0 0.9423076923076923 0.030048076923076924 0.055288461538461536 0.06009615384615385
0 0.8894230769230769 0.027644230769230768 0.055288461538461536 0.055288461538461536
0 0.47115384615384615 0.5504807692307693 0.038461538461538464 0.08533653846153846
0 0.7151442307692307 0.43509615384615385 0.06009615384615385 0.08052884615384616
0 0.5408653846153846 0.6045673076923077 0.06610576923076923 0.027644230769230768
0 0.6274038461538461 0.16947115384615385 0.06009615384615385 0.0733173076923077
0 0.47836538461538464 0.21153846153846154 0.052884615384615384 0.07572115384615384
0 0.5805288461538461 0.5661057692307693 0.06370192307692307 0.0889423076923077
0 0.8353365384615384 0.02403846153846154 0.055288461538461536 0.04807692307692308
0 0.5709134615384616 0.15985576923076922 0.057692307692307696 0.0733173076923077
0 0.703125 0.5757211538461539 0.06370192307692307 0.08533653846153846
0 0.9819711538461539 0.03245192307692308 0.03125 0.06490384615384616
0 0.6430288461538461 0.5721153846153846 0.06610576923076923 0.08533653846153846
0 0.6959134615384616 0.056490384615384616 0.055288461538461536 0.07091346153846154
0 0.7271634615384616 0.018028846153846152 0.055288461538461536 0.03485576923076923
0 0.5504807692307693 0.09735576923076923 0.057692307692307696 0.0733173076923077
0 0.6634615384615384 0.11177884615384616 0.057692307692307696 0.07091346153846154
0 0.6069711538461539 0.10576923076923077 0.057692307692307696 0.0733173076923077
0 0.7824519230769231 0.021634615384615384 0.055288461538461536 0.04326923076923077
0 0.4951923076923077 0.09375 0.057692307692307696 0.07091346153846154
0 0.4699519230769231 0.14903846153846154 0.03485576923076923 0.07572115384615384
0 0.47596153846153844 0.03365384615384615 0.04807692307692308 0.0673076923076923
0 0.5865384615384616 0.04447115384615385 0.057692307692307696 0.07091346153846154
0 0.9855769230769231 0.5925480769230769 0.027644230769230768 0.052884615384615384
0 0.6742788461538461 0.015625 0.055288461538461536 0.030048076923076924
0 0.5300480769230769 0.038461538461538464 0.057692307692307696 0.0733173076923077
0 0.5060096153846154 0.007211538461538462 0.055288461538461536 0.014423076923076924
0 0.5204326923076923 0.5588942307692307 0.06370192307692307 0.08533653846153846
0 0.7632211538461539 0.24639423076923078 0.057692307692307696 0.07572115384615384
0 0.9711538461538461 0.003605769230769231 0.052884615384615384 0.007211538461538462
0 0.5661057692307693 0.008413461538461538 0.055288461538461536 0.016826923076923076
0 0.46033653846153844 0.47596153846153844 0.018028846153846152 0.0829326923076923
0 0.6418269230769231 0.05048076923076923 0.057692307692307696 0.07091346153846154
0 0.6201923076923077 0.013221153846153846 0.052884615384615384 0.025240384615384616
0 0.046875 0.9567307692307693 0.09375 0.08533653846153846
0 0.3605769230769231 0.9110576923076923 0.1814903846153846 0.17668269230769232
0 0.11658653846153846 0.828125 0.20432692307692307 0.30288461538461536
0 0.2536057692307692 0.7079326923076923 0.18389423076923078 0.17908653846153846
0 0.056490384615384616 0.6875 0.11298076923076923 0.13942307692307693
0 0.018028846153846152 0.921875 0.03485576923076923 0.15625
0 0.8365384615384616 0.7151442307692307 0.32572115384615385 0.19230769230769232