0 0.5144230769230769 0.3233173076923077 0.038461538461538464 0.16105769230769232
0 0.3233173076923077 0.3245192307692308 0.10817307692307693 0.16105769230769232
0 0.43509615384615385 0.3233173076923077 0.10817307692307693 0.16105769230769232
0 0.21153846153846154 0.3233173076923077 0.10817307692307693 0.16105769230769232
0 0.10096153846153846 0.32091346153846156 0.10817307692307693 0.16466346153846154
0 0.021634615384615384 0.3173076923076923 0.04326923076923077 0.16466346153846154
0 0.2091346153846154 0.5492788461538461 0.11057692307692307 0.052884615384615384
0 0.5108173076923077 0.5492788461538461 0.04326923076923077 0.052884615384615384
0 0.43149038461538464 0.5492788461538461 0.10576923076923077 0.052884615384615384
0 0.32091346153846156 0.5492788461538461 0.10576923076923077 0.052884615384615384
0 0.10096153846153846 0.5456730769230769 0.11057692307692307 0.06009615384615385
0 0.021634615384615384 0.5456730769230769 0.04326923076923077 0.06009615384615385
0 0.15865384615384615 0.18509615384615385 0.11057692307692307 0.16105769230769232
0 0.2704326923076923 0.18269230769230768 0.11057692307692307 0.15865384615384615
0 0.4855769230769231 0.18269230769230768 0.09375 0.15865384615384615
0 0.38100961538461536 0.1814903846153846 0.10817307692307693 0.16105769230769232
0 0.05048076923076923 0.17908653846153846 0.10096153846153846 0.16105769230769232
0 0.21634615384615385 0.06370192307692307 0.10817307692307693 0.12620192307692307
0 0.4387019230769231 0.06129807692307692 0.10817307692307693 0.12259615384615384
0 0.1045673076923077 0.06129807692307692 0.10817307692307693 0.12259615384615384
0 0.32572115384615385 0.06129807692307692 0.10817307692307693 0.12259615384615384
0 0.5144230769230769 0.06129807692307692 0.038461538461538464 0.12259615384615384
0 0.021634615384615384 0.06129807692307692 0.04326923076923077 0.12259615384615384
0 0.2668269230769231 0.4639423076923077 0.10817307692307693 0.16105769230769232
0 0.3798076923076923 0.46153846153846156 0.10817307692307693 0.16466346153846154
0 0.484375 0.46153846153846156 0.09615384615384616 0.16105769230769232
0 0.15504807692307693 0.45913461538461536 0.10817307692307693 0.16466346153846154
0 0.04807692307692308 0.4579326923076923 0.09615384615384616 0.15865384615384615
0 0.90625 0.46634615384615385 0.1814903846153846 0.21995192307692307
0 0.7235576923076923 0.46634615384615385 0.18389423076923078 0.21995192307692307
0 0.6021634615384616 0.34375 0.13942307692307693 0.23677884615384615
0 0.8149038461538461 0.2704326923076923 0.1814903846153846 0.234375
0 0.9543269230769231 0.23918269230769232 0.09134615384615384 0.2548076923076923
0 0.5588942307692307 0.13341346153846154 0.052884615384615384 0.23197115384615385
0 0.6742788461538461 0.1310096153846154 0.17427884615384615 0.23197115384615385
0 0.9014423076923077 0.06850961538461539 0.1814903846153846 0.13581730769230768
0 0.5973557692307693 0.003605769230769231 0.12860576923076922 0.007211538461538462
0 0.7548076923076923 0.007211538461538462 0.15865384615384615 0.014423076923076924
0 0.23076923076923078 0.9278846153846154 0.25 0.14423076923076922
0 0.055288461538461536 0.9375 0.11057692307692307 0.125
0 0.07572115384615384 0.7103365384615384 0.15144230769230768 0.2704326923076923
0 0.2608173076923077 0.7211538461538461 0.2403846153846154 0.29086538461538464
0 0.4483173076923077 0.6189903846153846 0.16947115384615385 0.08533653846153846