0 0.08653846153846154 0.24158653846153846 0.11177884615384616 0.17067307692307693
0 0.014423076923076924 0.24519230769230768 0.028846153846153848 0.16826923076923078
0 0.203125 0.24519230769230768 0.11538461538461539 0.16826923076923078
0 0.6778846153846154 0.24519230769230768 0.11538461538461539 0.17067307692307693
0 0.4387019230769231 0.24519230769230768 0.11538461538461539 0.17427884615384615
0 0.32091346153846156 0.24639423076923078 0.11778846153846154 0.16826923076923078
0 0.7944711538461539 0.24639423076923078 0.11538461538461539 0.17427884615384615
0 0.5564903846153846 0.24759615384615385 0.11778846153846154 0.17427884615384615
0 0.9122596153846154 0.24879807692307693 0.11538461538461539 0.17067307692307693
0 0.9855769230769231 0.24879807692307693 0.028846153846153848 0.17067307692307693
0 0.20673076923076922 0.015625 0.11538461538461539 0.03125
0 0.09254807692307693 0.016826923076923076 0.11778846153846154 0.03365384615384615
0 0.7956730769230769 0.016826923076923076 0.11538461538461539 0.03365384615384615
0 0.3245192307692308 0.016826923076923076 0.11538461538461539 0.03365384615384615
0 0.5576923076923077 0.016826923076923076 0.11538461538461539 0.03365384615384615
0 0.04326923076923077 0.390625 0.08533653846153846 0.17067307692307693
0 0.14302884615384615 0.3918269230769231 0.11538461538461539 0.17427884615384615
0 0.8497596153846154 0.39302884615384615 0.11778846153846154 0.17067307692307693
0 0.3798076923076923 0.39302884615384615 0.11538461538461539 0.17427884615384615
0 0.6141826923076923 0.39302884615384615 0.11538461538461539 0.17067307692307693
0 0.4951923076923077 0.3942307692307692 0.11538461538461539 0.17427884615384615
0 0.26322115384615385 0.3954326923076923 0.11538461538461539 0.17427884615384615
0 0.7331730769230769 0.3954326923076923 0.11538461538461539 0.16826923076923078
0 0.9555288461538461 0.3954326923076923 0.08774038461538461 0.17067307692307693
0 0.9098557692307693 0.019230769230769232 0.11538461538461539 0.037259615384615384
0 0.4423076923076923 0.019230769230769232 0.11538461538461539 0.037259615384615384
0 0.6790865384615384 0.019230769230769232 0.11778846153846154 0.037259615384615384
0 0.0829326923076923 0.5384615384615384 0.11778846153846154 0.16826923076923078
0 0.010817307692307692 0.5372596153846154 0.021634615384615384 0.17067307692307693
0 0.671875 0.5384615384615384 0.11778846153846154 0.17067307692307693
0 0.7896634615384616 0.5384615384615384 0.11778846153846154 0.17067307692307693
0 0.9074519230769231 0.5408653846153846 0.11538461538461539 0.16826923076923078
0 0.9855769230769231 0.5408653846153846 0.028846153846153848 0.17427884615384615
0 0.31850961538461536 0.5408653846153846 0.11538461538461539 0.17067307692307693
0 0.4375 0.5408653846153846 0.11538461538461539 0.17067307692307693
0 0.20192307692307693 0.5408653846153846 0.11538461538461539 0.17067307692307693
0 0.5528846153846154 0.5432692307692307 0.11778846153846154 0.17427884615384615
0 0.038461538461538464 0.6838942307692307 0.07692307692307693 0.17067307692307693
0 0.13942307692307693 0.6875 0.11778846153846154 0.17427884615384615
0 0.609375 0.6875 0.11177884615384616 0.17067307692307693
0 0.7295673076923077 0.6875 0.11778846153846154 0.17067307692307693
0 0.8485576923076923 0.6887019230769231 0.11538461538461539 0.17067307692307693
0 0.953125 0.6899038461538461 0.09375 0.17067307692307693
0 0.25721153846153844 0.6899038461538461 0.11538461538461539 0.17427884615384615
0 0.37740384615384615 0.6899038461538461 0.11538461538461539 0.17427884615384615
0 0.49158653846153844 0.6923076923076923 0.11778846153846154 0.17067307692307693
0 0.009615384615384616 0.8341346153846154 0.019230769230769232 0.17067307692307693
0 0.07932692307692307 0.8353365384615384 0.11538461538461539 0.16826923076923078
0 0.7872596153846154 0.8353365384615384 0.11778846153846154 0.17427884615384615
0 0.9074519230769231 0.8353365384615384 0.11177884615384616 0.17067307692307693
0 0.6694711538461539 0.8353365384615384 0.11538461538461539 0.17067307692307693
0 0.19831730769230768 0.8353365384615384 0.11538461538461539 0.17067307692307693
0 0.9819711538461539 0.8341346153846154 0.036057692307692304 0.17307692307692307
0 0.5504807692307693 0.8377403846153846 0.11778846153846154 0.17067307692307693
0 0.3161057692307692 0.8401442307692307 0.11778846153846154 0.17067307692307693
0 0.4326923076923077 0.8413461538461539 0.11538461538461539 0.16826923076923078
0 0.037259615384615384 0.9471153846153846 0.07451923076923077 0.10576923076923077
0 0.13341346153846154 0.9483173076923077 0.11778846153846154 0.10336538461538461
0 0.3701923076923077 0.9483173076923077 0.11057692307692307 0.10336538461538461
0 0.2536057692307692 0.9507211538461539 0.11778846153846154 0.0985576923076923
0 0.4891826923076923 0.9507211538461539 0.11778846153846154 0.0985576923076923
0 0.953125 0.9507211538461539 0.09375 0.0985576923076923
0 0.7259615384615384 0.9519230769230769 0.11538461538461539 0.09615384615384616
0 0.8449519230769231 0.9519230769230769 0.11778846153846154 0.09615384615384616
0 0.6105769230769231 0.9519230769230769 0.11538461538461539 0.09615384615384616
0 0.04567307692307692 0.09254807692307693 0.09134615384615384 0.16826923076923078
0 0.1502403846153846 0.09495192307692307 0.11538461538461539 0.17427884615384615
0 0.38100961538461536 0.09615384615384616 0.11177884615384616 0.17067307692307693
0 0.7355769230769231 0.09615384615384616 0.11538461538461539 0.17067307692307693
0 0.2644230769230769 0.09735576923076923 0.11538461538461539 0.17067307692307693
0 0.6165865384615384 0.0985576923076923 0.11538461538461539 0.17067307692307693
0 0.4987980769230769 0.0985576923076923 0.11538461538461539 0.17427884615384615
0 0.8545673076923077 0.0985576923076923 0.11538461538461539 0.17067307692307693
0 0.9567307692307693 0.10216346153846154 0.08533653846153846 0.17067307692307693