0 0.20072115384615385 0.3798076923076923 0.054086538461538464 0.08413461538461539
0 0.140625 0.37740384615384615 0.054086538461538464 0.08413461538461539
0 0.08052884615384616 0.3762019230769231 0.054086538461538464 0.08653846153846154
0 0.021634615384615384 0.3737980769230769 0.04326923076923077 0.0889423076923077
0 0.171875 0.296875 0.054086538461538464 0.08413461538461539
0 0.11177884615384616 0.2932692307692308 0.054086538461538464 0.08653846153846154
0 0.046875 0.2920673076923077 0.056490384615384616 0.0889423076923077
0 0.007211538461538462 0.28846153846153844 0.014423076923076924 0.09134615384615384
0 0.20432692307692307 0.21995192307692307 0.054086538461538464 0.08653846153846154
0 0.14182692307692307 0.2127403846153846 0.05048076923076923 0.08173076923076923
0 0.0829326923076923 0.2091346153846154 0.054086538461538464 0.0889423076923077
0 0.021634615384615384 0.20432692307692307 0.04326923076923077 0.08653846153846154
0 0.17067307692307693 0.1310096153846154 0.05048076923076923 0.08413461538461539
0 0.109375 0.12860576923076922 0.054086538461538464 0.08413461538461539
0 0.052884615384615384 0.12379807692307693 0.054086538461538464 0.08413461538461539
0 0.006009615384615385 0.10697115384615384 0.01201923076923077 0.0889423076923077
0 0.39903846153846156 0.30408653846153844 0.1935096153846154 0.34975961538461536
0 0.5817307692307693 0.3245192307692308 0.19110576923076922 0.34134615384615385
0 0.7620192307692307 0.33533653846153844 0.18870192307692307 0.33413461538461536
0 0.9230769230769231 0.328125 0.15264423076923078 0.3449519230769231
0 0.9579326923076923 0.04807692307692308 0.08413461538461539 0.09615384615384616
0 0.47475961538461536 0.039663461538461536 0.18870192307692307 0.07932692307692307
0 0.6526442307692307 0.036057692307692304 0.18870192307692307 0.07091346153846154
0 0.8377403846153846 0.04567307692307692 0.1814903846153846 0.09134615384615384
0 0.028846153846153848 0.7824519230769231 0.057692307692307696 0.17548076923076922
0 0.24158653846153846 0.7776442307692307 0.0889423076923077 0.17307692307692307
0 0.13822115384615385 0.7560096153846154 0.14543269230769232 0.21634615384615385
0 0.5180288461538461 0.8990384615384616 0.19951923076923078 0.20192307692307693
0 0.37740384615384615 0.8137019230769231 0.18389423076923078 0.21394230769230768
0 0.6790865384615384 0.7752403846153846 0.19591346153846154 0.21394230769230768
0 0.8545673076923077 0.8858173076923077 0.19471153846153846 0.2283653846153846
0 0.9471153846153846 0.7980769230769231 0.1045673076923077 0.20432692307692307
0 0.39302884615384615 0.6875 0.16346153846153846 0.09975961538461539
0 0.5276442307692307 0.7319711538461539 0.16826923076923078 0.17908653846153846
0 0.8245192307692307 0.7235576923076923 0.15264423076923078 0.17067307692307693
0 0.9290865384615384 0.6778846153846154 0.14182692307692307 0.08173076923076923
0 0.6682692307692307 0.6682692307692307 0.17307692307692307 0.06129807692307692