0 0.33052884615384615 0.4170673076923077 0.0733173076923077 0.046875
0 0.18028846153846154 0.4170673076923077 0.0733173076923077 0.046875
0 0.03365384615384615 0.4170673076923077 0.0673076923076923 0.046875
0 0.2536057692307692 0.4170673076923077 0.07572115384615384 0.046875
0 0.40384615384615385 0.4170673076923077 0.0733173076923077 0.046875
0 0.10697115384615384 0.41586538461538464 0.0733173076923077 0.04927884615384615
0 0.2932692307692308 0.3545673076923077 0.06971153846153846 0.10697115384615384
0 0.36778846153846156 0.3545673076923077 0.0733173076923077 0.109375
0 0.06850961538461539 0.3545673076923077 0.0733173076923077 0.10697115384615384
0 0.14302884615384615 0.3545673076923077 0.0733173076923077 0.10697115384615384
0 0.015625 0.3545673076923077 0.03125 0.109375
0 0.21754807692307693 0.35336538461538464 0.0733173076923077 0.10697115384615384
0 0.42427884615384615 0.35336538461538464 0.042067307692307696 0.10697115384615384
0 0.40384615384615385 0.2620192307692308 0.0733173076923077 0.109375
0 0.18028846153846154 0.2620192307692308 0.0733173076923077 0.10697115384615384
0 0.03365384615384615 0.2620192307692308 0.0673076923076923 0.10697115384615384
0 0.328125 0.2608173076923077 0.0733173076923077 0.10697115384615384
0 0.10576923076923077 0.2608173076923077 0.06971153846153846 0.1045673076923077
0 0.2548076923076923 0.2608173076923077 0.0733173076923077 0.109375
0 0.3641826923076923 0.16947115384615385 0.0733173076923077 0.109375
0 0.21634615384615385 0.16826923076923078 0.0733173076923077 0.10697115384615384
0 0.42427884615384615 0.16706730769230768 0.042067307692307696 0.1045673076923077
0 0.28846153846153844 0.16826923076923078 0.06971153846153846 0.109375
0 0.0673076923076923 0.16706730769230768 0.0733173076923077 0.109375
0 0.014423076923076924 0.1658653846153846 0.028846153846153848 0.10697115384615384
0 0.14182692307692307 0.1658653846153846 0.0733173076923077 0.1045673076923077
0 0.3269230769230769 0.07451923076923077 0.0733173076923077 0.10697115384615384
0 0.25240384615384615 0.07451923076923077 0.06971153846153846 0.10697115384615384
0 0.4026442307692308 0.07451923076923077 0.0733173076923077 0.10697115384615384
0 0.10336538461538461 0.07451923076923077 0.0733173076923077 0.10697115384615384
0 0.1778846153846154 0.0733173076923077 0.0733173076923077 0.109375
0 0.03125 0.07211538461538461 0.0625 0.10697115384615384
0 0.36177884615384615 0.016826923076923076 0.0733173076923077 0.03365384615384615
0 0.28725961538461536 0.015625 0.06971153846153846 0.03125
0 0.4230769230769231 0.016826923076923076 0.04447115384615385 0.03365384615384615
0 0.13822115384615385 0.014423076923076924 0.0733173076923077 0.028846153846153848
0 0.06490384615384616 0.014423076923076924 0.0733173076923077 0.028846153846153848
0 0.2127403846153846 0.015625 0.06971153846153846 0.03125
0 0.9362980769230769 0.3545673076923077 0.12740384615384615 0.171875
0 0.18870192307692307 0.9423076923076923 0.18509615384615385 0.1141826923076923
0 0.03485576923076923 0.9290865384615384 0.06971153846153846 0.14182692307692307
0 0.12980769230769232 0.7608173076923077 0.19471153846153846 0.28846153846153844
0 0.5444711538461539 0.9471153846153846 0.06490384615384616 0.10576923076923077
0 0.6141826923076923 0.9471153846153846 0.06490384615384616 0.10576923076923077
0 0.4795673076923077 0.9411057692307693 0.0625 0.11778846153846154
0 0.8858173076923077 0.9387019230769231 0.0673076923076923 0.12259615384615384
0 0.6923076923076923 0.9266826923076923 0.0625 0.14543269230769232
0 0.9543269230769231 0.9230769230769231 0.06490384615384616 0.15384615384615385
0 0.8185096153846154 0.9038461538461539 0.06490384615384616 0.19230769230769232
0 0.7536057692307693 0.8713942307692307 0.06490384615384616 0.25721153846153844
0 0.9891826923076923 0.8617788461538461 0.020432692307692308 0.265625
0 0.5841346153846154 0.7920673076923077 0.06490384615384616 0.27283653846153844
0 0.5180288461538461 0.7908653846153846 0.06490384615384616 0.265625
0 0.4651442307692308 0.7692307692307693 0.038461538461538464 0.26802884615384615
0 0.8701923076923077 0.75 0.0673076923076923 0.26802884615384615
0 0.9387019230769231 0.7211538461538461 0.06490384615384616 0.26322115384615385
0 0.6802884615384616 0.7151442307692307 0.06490384615384616 0.26322115384615385
0 0.8052884615384616 0.6838942307692307 0.06490384615384616 0.2608173076923077
0 0.7391826923076923 0.6153846153846154 0.06490384615384616 0.2548076923076923
0 0.9819711538461539 0.6045673076923077 0.036057692307692304 0.2608173076923077
0 0.6394230769230769 0.5600961538461539 0.06009615384615385 0.23918269230769232
0 0.5721153846153846 0.5576923076923077 0.06009615384615385 0.234375
0 0.5108173076923077 0.5480769230769231 0.057692307692307696 0.21634615384615385
0 0.8629807692307693 0.5324519230769231 0.06490384615384616 0.18509615384615385
0 0.7992788461538461 0.4963942307692308 0.0625 0.11177884615384616
0 0.7391826923076923 0.4651442307692308 0.0625 0.04927884615384615