0 0.020432692307692308 0.5432692307692307 0.039663461538461536 0.02283653846153846
0 0.0673076923076923 0.5420673076923077 0.055288461538461536 0.025240384615384616
0 0.12620192307692307 0.5420673076923077 0.057692307692307696 0.025240384615384616
0 0.039663461538461536 0.5 0.052884615384615384 0.09254807692307693
0 0.15625 0.4987980769230769 0.057692307692307696 0.09254807692307693
0 0.003605769230769231 0.4963942307692308 0.007211538461538462 0.09254807692307693
0 0.09495192307692307 0.4963942307692308 0.057692307692307696 0.09254807692307693
0 0.2668269230769231 0.42908653846153844 0.055288461538461536 0.09254807692307693
0 0.3233173076923077 0.4254807692307692 0.057692307692307696 0.09495192307692307
0 0.38221153846153844 0.4254807692307692 0.06009615384615385 0.09495192307692307
0 0.4254807692307692 0.4230769230769231 0.025240384615384616 0.09495192307692307
0 0.019230769230769232 0.4182692307692308 0.037259615384615384 0.09254807692307693
0 0.06610576923076923 0.4170673076923077 0.055288461538461536 0.09254807692307693
0 0.12620192307692307 0.41586538461538464 0.057692307692307696 0.09254807692307693
0 0.2920673076923077 0.34615384615384615 0.057692307692307696 0.09254807692307693
0 0.35096153846153844 0.3425480769230769 0.057692307692307696 0.09254807692307693
0 0.4110576923076923 0.3401442307692308 0.052884615384615384 0.09495192307692307
0 0.003605769230769231 0.3401442307692308 0.007211538461538462 0.09014423076923077
0 0.036057692307692304 0.33774038461538464 0.057692307692307696 0.09495192307692307
0 0.09254807692307693 0.33653846153846156 0.055288461538461536 0.09254807692307693
0 0.15745192307692307 0.33413461538461536 0.06009615384615385 0.09254807692307693
0 0.25841346153846156 0.2704326923076923 0.055288461538461536 0.09014423076923077
0 0.32091346153846156 0.26322115384615385 0.057692307692307696 0.09735576923076923
0 0.38100961538461536 0.25961538461538464 0.0625 0.09495192307692307
0 0.018028846153846152 0.25841346153846156 0.03485576923076923 0.09254807692307693
0 0.06610576923076923 0.25721153846153844 0.057692307692307696 0.09495192307692307
0 0.4254807692307692 0.25600961538461536 0.025240384615384616 0.09735576923076923
0 0.12259615384615384 0.2548076923076923 0.057692307692307696 0.09495192307692307
0 0.29447115384615385 0.18509615384615385 0.055288461538461536 0.09014423076923077
0 0.35216346153846156 0.18028846153846154 0.057692307692307696 0.09495192307692307
0 0.40865384615384615 0.17548076923076922 0.057692307692307696 0.09495192307692307
0 0.002403846153846154 0.17427884615384615 0.004807692307692308 0.09254807692307693
0 0.03485576923076923 0.17427884615384615 0.055288461538461536 0.09254807692307693
0 0.15144230769230768 0.17307692307692307 0.057692307692307696 0.09495192307692307
0 0.09375 0.1658653846153846 0.057692307692307696 0.09495192307692307
0 0.006009615384615385 0.038461538461538464 0.01201923076923077 0.07692307692307693
0 0.039663461538461536 0.037259615384615384 0.055288461538461536 0.07451923076923077
0 0.09735576923076923 0.036057692307692304 0.055288461538461536 0.07211538461538461
0 0.16346153846153846 0.028846153846153848 0.057692307692307696 0.057692307692307696
0 0.3076923076923077 0.028846153846153848 0.055288461538461536 0.057692307692307696
0 0.36899038461538464 0.030048076923076924 0.057692307692307696 0.06009615384615385
0 0.4182692307692308 0.026442307692307692 0.037259615384615384 0.052884615384615384
0 0.6153846153846154 0.12740384615384615 0.052884615384615384 0.057692307692307696
0 0.33052884615384615 0.9375 0.11057692307692307 0.125
0 0.23317307692307693 0.9399038461538461 0.09254807692307693 0.1201923076923077
0 0.10216346153846154 0.9254807692307693 0.09254807692307693 0.13221153846153846
0 0.021634615384615384 0.9110576923076923 0.042067307692307696 0.15745192307692307
0 0.4110576923076923 0.7992788461538461 0.052884615384615384 0.13221153846153846
0 0.23918269230769232 0.7776442307692307 0.09254807692307693 0.13221153846153846
0 0.3401442307692308 0.7704326923076923 0.10216346153846154 0.15504807692307693
0 0.02403846153846154 0.7704326923076923 0.04807692307692308 0.12980769230769232
0 0.0889423076923077 0.7620192307692307 0.1045673076923077 0.1502403846153846
0 0.33413461538461536 0.6382211538461539 0.08774038461538461 0.12259615384615384
0 0.4110576923076923 0.6310096153846154 0.052884615384615384 0.15264423076923078
0 0.11778846153846154 0.6189903846153846 0.09495192307692307 0.12740384615384615
0 0.23557692307692307 0.6189903846153846 0.1045673076923077 0.12740384615384615
0 0.027644230769230768 0.6057692307692307 0.055288461538461536 0.10216346153846154
0 0.96875 0.9927884615384616 0.03245192307692308 0.014423076923076924
0 0.9362980769230769 0.9927884615384616 0.03245192307692308 0.014423076923076924
0 0.9026442307692307 0.9903846153846154 0.03125 0.019230769230769232
0 0.8713942307692307 0.9903846153846154 0.036057692307692304 0.019230769230769232
0 0.8401442307692307 0.9891826923076923 0.03125 0.021634615384615384
0 0.8076923076923077 0.9891826923076923 0.03365384615384615 0.021634615384615384
0 0.7776442307692307 0.9879807692307693 0.03125 0.02403846153846154
0 0.7451923076923077 0.9879807692307693 0.03365384615384615 0.02403846153846154
0 0.7127403846153846 0.9879807692307693 0.03125 0.02403846153846154
0 0.6802884615384616 0.9879807692307693 0.03365384615384615 0.02403846153846154
0 0.6490384615384616 0.9867788461538461 0.03365384615384615 0.026442307692307692
0 0.6177884615384616 0.9855769230769231 0.03365384615384615 0.028846153846153848
0 0.5853365384615384 0.9855769230769231 0.03125 0.028846153846153848
0 0.5516826923076923 0.9855769230769231 0.036057692307692304 0.028846153846153848
0 0.5192307692307693 0.984375 0.03365384615384615 0.03125
0 0.48677884615384615 0.984375 0.036057692307692304 0.03125
0 0.4543269230769231 0.984375 0.03365384615384615 0.03125
0 0.9807692307692307 0.9747596153846154 0.03245192307692308 0.04447115384615385
0 0.9507211538461539 0.9735576923076923 0.03245192307692308 0.04447115384615385
0 0.9194711538461539 0.9723557692307693 0.030048076923076924 0.04447115384615385
0 0.8882211538461539 0.9711538461538461 0.03245192307692308 0.042067307692307696
0 0.8569711538461539 0.96875 0.03245192307692308 0.039663461538461536
0 0.8257211538461539 0.9675480769230769 0.03245192307692308 0.04447115384615385
0 0.7944711538461539 0.9663461538461539 0.03245192307692308 0.04447115384615385
0 0.7632211538461539 0.9663461538461539 0.03245192307692308 0.04447115384615385
0 0.7307692307692307 0.9651442307692307 0.03245192307692308 0.04447115384615385
0 0.6995192307692307 0.9639423076923077 0.03485576923076923 0.04447115384615385
0 0.6682692307692307 0.9627403846153846 0.03245192307692308 0.04447115384615385
0 0.6358173076923077 0.9627403846153846 0.03245192307692308 0.042067307692307696
0 0.6033653846153846 0.9615384615384616 0.03245192307692308 0.04447115384615385
0 0.5721153846153846 0.9603365384615384 0.03485576923076923 0.04447115384615385
0 0.5384615384615384 0.9591346153846154 0.03485576923076923 0.04447115384615385
0 0.5060096153846154 0.9579326923076923 0.03485576923076923 0.04447115384615385
0 0.4735576923076923 0.9567307692307693 0.03245192307692308 0.04447115384615385
0 0.44711538461538464 0.9567307692307693 0.020432692307692308 0.042067307692307696
0 0.9891826923076923 0.9387019230769231 0.021634615384615384 0.040865384615384616
0 0.9663461538461539 0.9387019230769231 0.030048076923076924 0.039663461538461536
0 0.9350961538461539 0.9387019230769231 0.03245192307692308 0.042067307692307696
0 0.9038461538461539 0.9362980769230769 0.030048076923076924 0.042067307692307696
0 0.8725961538461539 0.9350961538461539 0.03245192307692308 0.042067307692307696
0 0.8425480769230769 0.9338942307692307 0.03485576923076923 0.042067307692307696
0 0.8100961538461539 0.9326923076923077 0.03245192307692308 0.04447115384615385
0 0.7800480769230769 0.9314903846153846 0.03245192307692308 0.042067307692307696
0 0.7475961538461539 0.9314903846153846 0.03245192307692308 0.042067307692307696
0 0.7163461538461539 0.9302884615384616 0.03245192307692308 0.042067307692307696
0 0.6850961538461539 0.9290865384615384 0.03245192307692308 0.04447115384615385
0 0.6538461538461539 0.9278846153846154 0.03485576923076923 0.042067307692307696
0 0.6213942307692307 0.9266826923076923 0.03485576923076923 0.04447115384615385
0 0.5901442307692307 0.9266826923076923 0.03245192307692308 0.04447115384615385
0 0.5576923076923077 0.9254807692307693 0.03485576923076923 0.042067307692307696
0 0.5264423076923077 0.9230769230769231 0.03485576923076923 0.042067307692307696
0 0.49278846153846156 0.9206730769230769 0.03485576923076923 0.042067307692307696
0 0.46033653846153844 0.9194711538461539 0.03485576923076923 0.042067307692307696
0 0.4411057692307692 0.9182692307692307 0.007211538461538462 0.042067307692307696
0 0.9807692307692307 0.90625 0.03245192307692308 0.042067307692307696
0 0.9495192307692307 0.9050480769230769 0.030048076923076924 0.042067307692307696
0 0.9182692307692307 0.9038461538461539 0.03245192307692308 0.042067307692307696
0 0.8882211538461539 0.9026442307692307 0.030048076923076924 0.042067307692307696
0 0.8569711538461539 0.9002403846153846 0.03245192307692308 0.039663461538461536
0 0.8257211538461539 0.8990384615384616 0.03245192307692308 0.039663461538461536
0 0.7932692307692307 0.8990384615384616 0.03245192307692308 0.039663461538461536
0 0.7632211538461539 0.8978365384615384 0.03245192307692308 0.042067307692307696
0 0.7319711538461539 0.8966346153846154 0.03245192307692308 0.04447115384615385
0 0.7007211538461539 0.8954326923076923 0.03245192307692308 0.042067307692307696
0 0.6694711538461539 0.8942307692307693 0.03245192307692308 0.04447115384615385
0 0.6382211538461539 0.8930288461538461 0.03245192307692308 0.04447115384615385
0 0.6057692307692307 0.8894230769230769 0.03485576923076923 0.042067307692307696
0 0.5432692307692307 0.8894230769230769 0.03485576923076923 0.042067307692307696
0 0.5745192307692307 0.8882211538461539 0.03485576923076923 0.042067307692307696
0 0.5108173076923077 0.8882211538461539 0.03485576923076923 0.042067307692307696
0 0.4795673076923077 0.8870192307692307 0.03485576923076923 0.042067307692307696
0 0.4495192307692308 0.8834134615384616 0.025240384615384616 0.042067307692307696
0 0.9891826923076923 0.8701923076923077 0.021634615384615384 0.04326923076923077
0 0.9639423076923077 0.8725961538461539 0.030048076923076924 0.042067307692307696
0 0.9338942307692307 0.8713942307692307 0.030048076923076924 0.042067307692307696
0 0.9026442307692307 0.8701923076923077 0.03245192307692308 0.042067307692307696
0 0.8725961538461539 0.8677884615384616 0.03245192307692308 0.039663461538461536
0 0.8413461538461539 0.8665865384615384 0.03245192307692308 0.039663461538461536
0 0.8100961538461539 0.8653846153846154 0.03245192307692308 0.042067307692307696
0 0.7788461538461539 0.8641826923076923 0.03245192307692308 0.039663461538461536
0 0.7487980769230769 0.8629807692307693 0.03245192307692308 0.039663461538461536
0 0.7175480769230769 0.8617788461538461 0.03245192307692308 0.042067307692307696
0 0.6862980769230769 0.8617788461538461 0.03245192307692308 0.039663461538461536
0 0.6550480769230769 0.8605769230769231 0.03245192307692308 0.039663461538461536
0 0.6225961538461539 0.8569711538461539 0.03245192307692308 0.039663461538461536
0 0.5913461538461539 0.8569711538461539 0.03245192307692308 0.039663461538461536
0 0.5600961538461539 0.8557692307692307 0.03245192307692308 0.042067307692307696
0 0.5288461538461539 0.8545673076923077 0.03485576923076923 0.042067307692307696
0 0.49759615384615385 0.8533653846153846 0.03485576923076923 0.042067307692307696
0 0.46634615384615385 0.8521634615384616 0.03485576923076923 0.042067307692307696
0 0.44350961538461536 0.8509615384615384 0.01201923076923077 0.042067307692307696
0 0.9963942307692307 0.8401442307692307 0.007211538461538462 0.039663461538461536
0 0.9771634615384616 0.8401442307692307 0.03245192307692308 0.042067307692307696
0 0.9471153846153846 0.8389423076923077 0.03245192307692308 0.039663461538461536
0 0.9170673076923077 0.8365384615384616 0.03245192307692308 0.039663461538461536
0 0.8870192307692307 0.8353365384615384 0.03245192307692308 0.042067307692307696
0 0.8557692307692307 0.8341346153846154 0.03245192307692308 0.039663461538461536
0 0.8245192307692307 0.8329326923076923 0.03245192307692308 0.042067307692307696
0 0.7944711538461539 0.8317307692307693 0.03245192307692308 0.042067307692307696
0 0.7644230769230769 0.8305288461538461 0.03245192307692308 0.042067307692307696
0 0.7331730769230769 0.8293269230769231 0.03245192307692308 0.042067307692307696
0 0.7019230769230769 0.8293269230769231 0.03245192307692308 0.042067307692307696
0 0.6730769230769231 0.8257211538461539 0.03245192307692308 0.042067307692307696
0 0.6394230769230769 0.8257211538461539 0.03245192307692308 0.042067307692307696
0 0.6105769230769231 0.8245192307692307 0.03245192307692308 0.039663461538461536
0 0.5769230769230769 0.8233173076923077 0.03245192307692308 0.042067307692307696
0 0.5480769230769231 0.8209134615384616 0.03245192307692308 0.042067307692307696
0 0.5168269230769231 0.8209134615384616 0.03245192307692308 0.042067307692307696
0 0.4831730769230769 0.8197115384615384 0.03245192307692308 0.039663461538461536
0 0.4519230769230769 0.8161057692307693 0.030048076923076924 0.042067307692307696
0 0.9615384615384616 0.8076923076923077 0.030048076923076924 0.042067307692307696
0 0.9879807692307693 0.8040865384615384 0.02403846153846154 0.040865384615384616
0 0.9314903846153846 0.8052884615384616 0.030048076923076924 0.042067307692307696
0 0.9014423076923077 0.8040865384615384 0.030048076923076924 0.039663461538461536
0 0.8713942307692307 0.8028846153846154 0.030048076923076924 0.042067307692307696
0 0.8401442307692307 0.8004807692307693 0.03245192307692308 0.042067307692307696
0 0.8100961538461539 0.7992788461538461 0.03245192307692308 0.042067307692307696
0 0.7800480769230769 0.7956730769230769 0.03245192307692308 0.042067307692307696
0 0.75 0.7956730769230769 0.03245192307692308 0.042067307692307696
0 0.7199519230769231 0.7944711538461539 0.03245192307692308 0.039663461538461536
0 0.6875 0.7944711538461539 0.03245192307692308 0.039663461538461536
0 0.65625 0.7932692307692307 0.03245192307692308 0.042067307692307696
0 0.6262019230769231 0.7908653846153846 0.03245192307692308 0.042067307692307696
0 0.5949519230769231 0.7896634615384616 0.03245192307692308 0.039663461538461536
0 0.5637019230769231 0.7884615384615384 0.03245192307692308 0.042067307692307696
0 0.5324519230769231 0.7884615384615384 0.03245192307692308 0.042067307692307696
0 0.5024038461538461 0.7860576923076923 0.03245192307692308 0.042067307692307696
0 0.44591346153846156 0.7836538461538461 0.018028846153846152 0.042067307692307696
0 0.4699519230769231 0.7848557692307693 0.03245192307692308 0.039663461538461536
0 0.9951923076923077 0.7740384615384616 0.009615384615384616 0.042067307692307696
0 0.9759615384615384 0.7740384615384616 0.030048076923076924 0.039663461538461536
0 0.9459134615384616 0.7728365384615384 0.030048076923076924 0.042067307692307696
0 0.9158653846153846 0.7716346153846154 0.030048076923076924 0.039663461538461536
0 0.8846153846153846 0.7704326923076923 0.03245192307692308 0.042067307692307696
0 0.8245192307692307 0.7680288461538461 0.03245192307692308 0.042067307692307696
0 0.8557692307692307 0.7680288461538461 0.03245192307692308 0.042067307692307696
0 0.7944711538461539 0.7644230769230769 0.03245192307692308 0.039663461538461536
0 0.7644230769230769 0.7620192307692307 0.03245192307692308 0.039663461538461536
0 0.7355769230769231 0.7620192307692307 0.03245192307692308 0.039663461538461536
0 0.7055288461538461 0.7608173076923077 0.03245192307692308 0.042067307692307696
0 0.6742788461538461 0.7596153846153846 0.03245192307692308 0.039663461538461536
0 0.6442307692307693 0.7584134615384616 0.03245192307692308 0.042067307692307696
0 0.6129807692307693 0.7572115384615384 0.03245192307692308 0.039663461538461536
0 0.5805288461538461 0.7560096153846154 0.03245192307692308 0.042067307692307696
0 0.5516826923076923 0.7548076923076923 0.03245192307692308 0.039663461538461536
0 0.4891826923076923 0.7536057692307693 0.03245192307692308 0.042067307692307696
0 0.5204326923076923 0.7536057692307693 0.03245192307692308 0.042067307692307696
0 0.4579326923076923 0.7524038461538461 0.03245192307692308 0.039663461538461536