0 0.5036057692307693 0.28365384615384615 0.038461538461538464 0.16466346153846154
0 0.3088942307692308 0.2848557692307692 0.11057692307692307 0.16466346153846154
0 0.42427884615384615 0.28365384615384615 0.11057692307692307 0.16466346153846154
0 0.19591346153846154 0.28365384615384615 0.11057692307692307 0.16466346153846154
0 0.0829326923076923 0.28125 0.11057692307692307 0.16706730769230768
0 0.01201923076923077 0.2776442307692308 0.02283653846153846 0.16706730769230768
0 0.1935096153846154 0.5144230769230769 0.11298076923076923 0.054086538461538464
0 0.5012019230769231 0.5144230769230769 0.04326923076923077 0.054086538461538464
0 0.4206730769230769 0.5144230769230769 0.10817307692307693 0.054086538461538464
0 0.30649038461538464 0.5144230769230769 0.10817307692307693 0.054086538461538464
0 0.0829326923076923 0.5108173076923077 0.11298076923076923 0.06129807692307692
0 0.01201923076923077 0.5108173076923077 0.02283653846153846 0.06129807692307692
0 0.14182692307692307 0.14302884615384615 0.11298076923076923 0.16466346153846154
0 0.2548076923076923 0.140625 0.11298076923076923 0.1622596153846154
0 0.47596153846153844 0.140625 0.09495192307692307 0.1622596153846154
0 0.36899038461538464 0.13942307692307693 0.11057692307692307 0.16466346153846154
0 0.040865384615384616 0.13581730769230768 0.08173076923076923 0.1658653846153846
0 0.19951923076923078 0.040865384615384616 0.11057692307692307 0.08173076923076923
0 0.4266826923076923 0.039663461538461536 0.11057692307692307 0.07932692307692307
0 0.08653846153846154 0.039663461538461536 0.11057692307692307 0.07932692307692307
0 0.3137019230769231 0.039663461538461536 0.11057692307692307 0.07932692307692307
0 0.5036057692307693 0.039663461538461536 0.038461538461538464 0.07932692307692307
0 0.01201923076923077 0.039663461538461536 0.02283653846153846 0.07932692307692307
0 0.2512019230769231 0.4266826923076923 0.11057692307692307 0.16466346153846154
0 0.36778846153846156 0.4254807692307692 0.11057692307692307 0.16706730769230768
0 0.47475961538461536 0.4254807692307692 0.09735576923076923 0.16466346153846154
0 0.13822115384615385 0.4230769230769231 0.11057692307692307 0.16706730769230768
0 0.038461538461538464 0.421875 0.07692307692307693 0.1622596153846154
0 0.9050480769230769 0.42908653846153844 0.18509615384615385 0.2247596153846154
0 0.7175480769230769 0.42908653846153844 0.18870192307692307 0.2247596153846154
0 0.59375 0.30408653846153844 0.14182692307692307 0.24278846153846154
0 0.8100961538461539 0.22956730769230768 0.18509615384615385 0.23918269230769232
0 0.953125 0.1971153846153846 0.09254807692307693 0.2608173076923077
0 0.5504807692307693 0.1045673076923077 0.054086538461538464 0.2091346153846154
0 0.6658653846153846 0.10336538461538461 0.1778846153846154 0.20673076923076922
0 0.8990384615384616 0.046875 0.18509615384615385 0.09254807692307693
0 0.21514423076923078 0.9134615384615384 0.2548076923076923 0.17307692307692307
0 0.04567307692307692 0.9230769230769231 0.09134615384615384 0.15384615384615385
0 0.0673076923076923 0.6790865384615384 0.1346153846153846 0.27524038461538464
0 0.24639423076923078 0.6899038461538461 0.24519230769230768 0.296875
0 0.4362980769230769 0.5853365384615384 0.17307692307692307 0.08774038461538461