0 0.3918269230769231 0.5264423076923077 0.055288461538461536 0.020432692307692308
0 0.19230769230769232 0.48677884615384615 0.057692307692307696 0.0985576923076923
0 0.2512019230769231 0.4855769230769231 0.057692307692307696 0.09375
0 0.5204326923076923 0.4855769230769231 0.046875 0.09134615384615384
0 0.3641826923076923 0.4855769230769231 0.055288461538461536 0.09375
0 0.1346153846153846 0.484375 0.057692307692307696 0.0985576923076923
0 0.4182692307692308 0.484375 0.051682692307692304 0.09375
0 0.07451923076923077 0.484375 0.06009615384615385 0.0985576923076923
0 0.4723557692307692 0.484375 0.051682692307692304 0.09134615384615384
0 0.3076923076923077 0.4831730769230769 0.055288461538461536 0.09375
0 0.5348557692307693 0.4074519230769231 0.018028846153846152 0.09134615384615384
0 0.49759615384615385 0.4050480769230769 0.046875 0.09134615384615384
0 0.4483173076923077 0.4050480769230769 0.055288461538461536 0.09375
0 0.3942307692307692 0.40384615384615385 0.051682692307692304 0.09615384615384616
0 0.3389423076923077 0.40384615384615385 0.055288461538461536 0.09615384615384616
0 0.16346153846153846 0.40384615384615385 0.055288461538461536 0.09615384615384616
0 0.04326923076923077 0.4026442307692308 0.06009615384615385 0.09615384615384616
0 0.2824519230769231 0.4026442307692308 0.055288461538461536 0.09615384615384616
0 0.2247596153846154 0.4014423076923077 0.057692307692307696 0.09615384615384616
0 0.10697115384615384 0.40024038461538464 0.06009615384615385 0.09615384615384616
0 0.5216346153846154 0.32572115384615385 0.04447115384615385 0.0889423076923077
0 0.4735576923076923 0.32572115384615385 0.051682692307692304 0.09134615384615384
0 0.36538461538461536 0.3233173076923077 0.055288461538461536 0.09375
0 0.4206730769230769 0.3233173076923077 0.051682692307692304 0.09375
0 0.3112980769230769 0.32211538461538464 0.055288461538461536 0.09375
0 0.25240384615384615 0.31971153846153844 0.057692307692307696 0.09375
0 0.19471153846153846 0.31850961538461536 0.057692307692307696 0.09615384615384616
0 0.13701923076923078 0.3173076923076923 0.057692307692307696 0.09615384615384616
0 0.07451923076923077 0.3161057692307692 0.06009615384615385 0.09615384615384616
0 0.5372596153846154 0.24879807692307693 0.013221153846153846 0.09134615384615384
0 0.5 0.24879807692307693 0.04927884615384615 0.09134615384615384
0 0.4483173076923077 0.24519230769230768 0.051682692307692304 0.09375
0 0.39302884615384615 0.24278846153846154 0.051682692307692304 0.09134615384615384
0 0.33774038461538464 0.23798076923076922 0.055288461538461536 0.09375
0 0.2824519230769231 0.23798076923076922 0.055288461538461536 0.09375
0 0.2247596153846154 0.23677884615384615 0.055288461538461536 0.09375
0 0.16826923076923078 0.234375 0.06009615384615385 0.0985576923076923
0 0.109375 0.23317307692307693 0.057692307692307696 0.09615384615384616
0 0.042067307692307696 0.23076923076923078 0.0625 0.09615384615384616
0 0.5228365384615384 0.171875 0.042067307692307696 0.0889423076923077
0 0.47836538461538464 0.16706730769230768 0.051682692307692304 0.09134615384615384
0 0.42427884615384615 0.1622596153846154 0.051682692307692304 0.09134615384615384
0 0.3713942307692308 0.15745192307692307 0.055288461538461536 0.09375
0 0.2548076923076923 0.15625 0.055288461538461536 0.09375
0 0.3125 0.15504807692307693 0.055288461538461536 0.09375
0 0.19831730769230768 0.15384615384615385 0.057692307692307696 0.09615384615384616
0 0.13701923076923078 0.15144230769230768 0.06009615384615385 0.0985576923076923
0 0.078125 0.14783653846153846 0.06009615384615385 0.0985576923076923
0 0.5360576923076923 0.09375 0.015625 0.0889423076923077
0 0.5024038461538461 0.09014423076923077 0.051682692307692304 0.09134615384615384
0 0.4495192307692308 0.08653846153846154 0.051682692307692304 0.0889423076923077
0 0.3954326923076923 0.08052884615384616 0.051682692307692304 0.09134615384615384
0 0.34375 0.07572115384615384 0.055288461538461536 0.09134615384615384
0 0.2824519230769231 0.06610576923076923 0.055288461538461536 0.09375
0 0.22596153846153846 0.06490384615384616 0.055288461538461536 0.09615384615384616
0 0.16947115384615385 0.06370192307692307 0.057692307692307696 0.09615384615384616
0 0.04807692307692308 0.0625 0.06009615384615385 0.0985576923076923
0 0.10817307692307693 0.056490384615384616 0.06009615384615385 0.0985576923076923
0 0.48677884615384615 0.026442307692307692 0.042067307692307696 0.03365384615384615
0 0.5252403846153846 0.02403846153846154 0.036057692307692304 0.046875
0 0.5492788461538461 0.21995192307692307 0.010817307692307692 0.055288461538461536
0 0.5733173076923077 0.21995192307692307 0.036057692307692304 0.051682692307692304
0 0.6081730769230769 0.21875 0.036057692307692304 0.051682692307692304
0 0.6442307692307693 0.21754807692307693 0.036057692307692304 0.051682692307692304
0 0.6814903846153846 0.21634615384615385 0.038461538461538464 0.051682692307692304
0 0.7163461538461539 0.21514423076923078 0.038461538461538464 0.051682692307692304
0 0.7548076923076923 0.21394230769230768 0.038461538461538464 0.055288461538461536
0 0.7920673076923077 0.2127403846153846 0.038461538461538464 0.055288461538461536
0 0.8293269230769231 0.2091346153846154 0.038461538461538464 0.055288461538461536
0 0.8653846153846154 0.20793269230769232 0.038461538461538464 0.051682692307692304
0 0.9038461538461539 0.20552884615384615 0.038461538461538464 0.051682692307692304
0 0.9411057692307693 0.20432692307692307 0.038461538461538464 0.055288461538461536
0 0.9783653846153846 0.20192307692307693 0.038461538461538464 0.051682692307692304
0 0.5576923076923077 0.17668269230769232 0.026442307692307692 0.051682692307692304
0 0.5889423076923077 0.17668269230769232 0.036057692307692304 0.051682692307692304
0 0.6237980769230769 0.17548076923076922 0.036057692307692304 0.051682692307692304
0 0.6598557692307693 0.17427884615384615 0.036057692307692304 0.051682692307692304
0 0.6947115384615384 0.171875 0.038461538461538464 0.051682692307692304
0 0.7331730769230769 0.171875 0.038461538461538464 0.055288461538461536
0 0.7704326923076923 0.16826923076923078 0.038461538461538464 0.051682692307692304
0 0.8076923076923077 0.16826923076923078 0.036057692307692304 0.051682692307692304
0 0.84375 0.16706730769230768 0.038461538461538464 0.051682692307692304
0 0.8810096153846154 0.16346153846153846 0.038461538461538464 0.055288461538461536
0 0.9194711538461539 0.1622596153846154 0.038461538461538464 0.051682692307692304
0 0.9567307692307693 0.16105769230769232 0.038461538461538464 0.051682692307692304
0 0.9867788461538461 0.15865384615384615 0.026442307692307692 0.051682692307692304
0 0.5480769230769231 0.13701923076923078 0.007211538461538462 0.04927884615384615
0 0.5685096153846154 0.13701923076923078 0.036057692307692304 0.051682692307692304
0 0.6045673076923077 0.13581730769230768 0.036057692307692304 0.051682692307692304
0 0.640625 0.1346153846153846 0.036057692307692304 0.051682692307692304
0 0.6754807692307693 0.1310096153846154 0.038461538461538464 0.04927884615384615
0 0.7127403846153846 0.12980769230769232 0.038461538461538464 0.051682692307692304
0 0.7487980769230769 0.12860576923076922 0.038461538461538464 0.051682692307692304
0 0.7848557692307693 0.12740384615384615 0.038461538461538464 0.051682692307692304
0 0.8233173076923077 0.125 0.038461538461538464 0.051682692307692304
0 0.859375 0.12379807692307693 0.038461538461538464 0.051682692307692304
0 0.8954326923076923 0.12139423076923077 0.038461538461538464 0.051682692307692304
0 0.9338942307692307 0.1201923076923077 0.036057692307692304 0.051682692307692304
0 0.9699519230769231 0.11778846153846154 0.038461538461538464 0.051682692307692304
0 0.9915865384615384 0.11298076923076923 0.016826923076923076 0.052884615384615384
0 0.5564903846153846 0.09735576923076923 0.02403846153846154 0.04927884615384615
0 0.5853365384615384 0.09615384615384616 0.036057692307692304 0.04927884615384615
0 0.6213942307692307 0.09375 0.036057692307692304 0.04927884615384615
0 0.65625 0.09254807692307693 0.036057692307692304 0.04927884615384615
0 0.6911057692307693 0.09134615384615384 0.036057692307692304 0.051682692307692304
0 0.7283653846153846 0.0889423076923077 0.036057692307692304 0.04927884615384615
0 0.7644230769230769 0.08774038461538461 0.038461538461538464 0.051682692307692304
0 0.8004807692307693 0.08413461538461539 0.038461538461538464 0.051682692307692304
0 0.8377403846153846 0.0829326923076923 0.038461538461538464 0.051682692307692304
0 0.8737980769230769 0.08173076923076923 0.038461538461538464 0.051682692307692304
0 0.9110576923076923 0.07932692307692307 0.036057692307692304 0.051682692307692304
0 0.9483173076923077 0.07692307692307693 0.036057692307692304 0.051682692307692304
0 0.9831730769230769 0.07572115384615384 0.03365384615384615 0.051682692307692304
0 0.5661057692307693 0.057692307692307696 0.036057692307692304 0.04927884615384615
0 0.6009615384615384 0.056490384615384616 0.036057692307692304 0.04927884615384615
0 0.6370192307692307 0.052884615384615384 0.036057692307692304 0.04927884615384615
0 0.671875 0.051682692307692304 0.036057692307692304 0.04927884615384615
0 0.7067307692307693 0.04927884615384615 0.036057692307692304 0.04927884615384615
0 0.7439903846153846 0.04807692307692308 0.038461538461538464 0.04927884615384615
0 0.7800480769230769 0.04567307692307692 0.038461538461538464 0.051682692307692304
0 0.8149038461538461 0.04326923076923077 0.036057692307692304 0.051682692307692304
0 0.8509615384615384 0.042067307692307696 0.038461538461538464 0.04927884615384615
0 0.8894230769230769 0.040865384615384616 0.038461538461538464 0.04927884615384615
0 0.9254807692307693 0.036057692307692304 0.038461538461538464 0.051682692307692304
0 0.9627403846153846 0.03485576923076923 0.036057692307692304 0.051682692307692304
0 0.9891826923076923 0.03245192307692308 0.020432692307692308 0.04927884615384615
0 0.5528846153846154 0.020432692307692308 0.019230769230769232 0.040865384615384616
0 0.5829326923076923 0.020432692307692308 0.036057692307692304 0.040865384615384616
0 0.6177884615384616 0.019230769230769232 0.036057692307692304 0.038461538461538464
0 0.6514423076923077 0.018028846153846152 0.036057692307692304 0.036057692307692304
0 0.6875 0.018028846153846152 0.036057692307692304 0.036057692307692304
0 0.7211538461538461 0.016826923076923076 0.036057692307692304 0.03365384615384615
0 0.7572115384615384 0.015625 0.036057692307692304 0.03125
0 0.7944711538461539 0.014423076923076924 0.036057692307692304 0.028846153846153848
0 0.8305288461538461 0.013221153846153846 0.036057692307692304 0.026442307692307692
0 0.8677884615384616 0.01201923076923077 0.036057692307692304 0.02403846153846154
0 0.9014423076923077 0.010817307692307692 0.036057692307692304 0.020432692307692308
0 0.9735576923076923 0.009615384615384616 0.036057692307692304 0.018028846153846152
0 0.9375 0.009615384615384616 0.036057692307692304 0.018028846153846152
0 0.5504807692307693 0.30649038461538464 0.013221153846153846 0.04927884615384615
0 0.5757211538461539 0.30649038461538464 0.036057692307692304 0.055288461538461536
0 0.6117788461538461 0.30288461538461536 0.036057692307692304 0.051682692307692304
0 0.6490384615384616 0.30288461538461536 0.036057692307692304 0.051682692307692304
0 0.6850961538461539 0.3016826923076923 0.038461538461538464 0.051682692307692304
0 0.7223557692307693 0.3004807692307692 0.038461538461538464 0.051682692307692304
0 0.7608173076923077 0.29927884615384615 0.038461538461538464 0.051682692307692304
0 0.8004807692307693 0.2980769230769231 0.038461538461538464 0.051682692307692304
0 0.8365384615384616 0.296875 0.038461538461538464 0.055288461538461536
0 0.875 0.2956730769230769 0.038461538461538464 0.055288461538461536
0 0.9098557692307693 0.2932692307692308 0.038461538461538464 0.055288461538461536
0 0.9483173076923077 0.29086538461538464 0.036057692307692304 0.051682692307692304
0 0.9831730769230769 0.28725961538461536 0.03365384615384615 0.055288461538461536
0 0.5588942307692307 0.2620192307692308 0.028846153846153848 0.055288461538461536
0 0.5925480769230769 0.2620192307692308 0.036057692307692304 0.055288461538461536
0 0.6274038461538461 0.2608173076923077 0.036057692307692304 0.055288461538461536
0 0.6658653846153846 0.25961538461538464 0.036057692307692304 0.055288461538461536
0 0.7019230769230769 0.25961538461538464 0.038461538461538464 0.055288461538461536
0 0.7391826923076923 0.25600961538461536 0.038461538461538464 0.055288461538461536
0 0.7764423076923077 0.2548076923076923 0.038461538461538464 0.055288461538461536
0 0.8137019230769231 0.2536057692307692 0.038461538461538464 0.055288461538461536
0 0.8509615384615384 0.25240384615384615 0.038461538461538464 0.055288461538461536
0 0.8882211538461539 0.25 0.038461538461538464 0.055288461538461536
0 0.9254807692307693 0.24879807692307693 0.038461538461538464 0.051682692307692304
0 0.9639423076923077 0.24639423076923078 0.038461538461538464 0.055288461538461536
0 0.9891826923076923 0.2439903846153846 0.020432692307692308 0.055288461538461536
0 0.5036057692307693 0.9603365384615384 0.07932692307692307 0.07932692307692307
0 0.4182692307692308 0.9507211538461539 0.09134615384615384 0.0985576923076923
0 0.31490384615384615 0.9387019230769231 0.1045673076923077 0.12259615384615384
0 0.19471153846153846 0.9254807692307693 0.125 0.14783653846153846
0 0.06610576923076923 0.90625 0.13221153846153846 0.171875
0 0.5180288461538461 0.8870192307692307 0.051682692307692304 0.12259615384615384
0 0.45072115384615385 0.8689903846153846 0.0889423076923077 0.12740384615384615
0 0.3629807692307692 0.8425480769230769 0.0985576923076923 0.13822115384615385
0 0.25600961538461536 0.8125 0.11177884615384616 0.14783653846153846
0 0.5360576923076923 0.796875 0.015625 0.1141826923076923
0 0.12379807692307693 0.7848557692307693 0.12740384615384615 0.15865384615384615
0 0.4855769230769231 0.7740384615384616 0.07572115384615384 0.125
0 0.030048076923076924 0.7463942307692307 0.06009615384615385 0.16947115384615385
0 0.4026442307692308 0.7427884615384616 0.09134615384615384 0.12980769230769232
0 0.3016826923076923 0.7091346153846154 0.1045673076923077 0.13822115384615385
0 0.18990384615384615 0.6899038461538461 0.1201923076923077 0.11177884615384616
0 0.0625 0.671875 0.125 0.0889423076923077
0 0.8665865384615384 0.7512019230769231 0.2668269230769231 0.43028846153846156