0 0.2824519230769231 0.328125 0.055288461538461536 0.0889423076923077
0 0.32211538461538464 0.328125 0.013221153846153846 0.0889423076923077
0 0.2512019230769231 0.24519230769230768 0.055288461538461536 0.09134615384615384
0 0.30649038461538464 0.2439903846153846 0.04447115384615385 0.09134615384615384
0 0.32211538461538464 0.15745192307692307 0.013221153846153846 0.09134615384615384
0 0.28365384615384615 0.15745192307692307 0.055288461538461536 0.09375
0 0.25240384615384615 0.07692307692307693 0.057692307692307696 0.09134615384615384
0 0.3088942307692308 0.07451923076923077 0.038461538461538464 0.09134615384615384
0 0.13822115384615385 0.021634615384615384 0.055288461538461536 0.04326923076923077
0 0.07572115384615384 0.020432692307692308 0.055288461538461536 0.040865384615384616
0 0.021634615384615384 0.020432692307692308 0.04326923076923077 0.040865384615384616
0 0.2824519230769231 0.018028846153846152 0.055288461538461536 0.036057692307692304
0 0.24879807692307693 0.4050480769230769 0.055288461538461536 0.07572115384615384
0 0.3076923076923077 0.40384615384615385 0.042067307692307696 0.078125
0 0.6370192307692307 0.051682692307692304 0.11057692307692307 0.10336538461538461
0 0.4543269230769231 0.04447115384615385 0.10697115384615384 0.0889423076923077
0 0.7355769230769231 0.016826923076923076 0.10697115384615384 0.03365384615384615
0 0.9879807692307693 0.8088942307692307 0.02403846153846154 0.04927884615384615
0 0.34615384615384615 0.7788461538461539 0.03365384615384615 0.051682692307692304
0 0.3798076923076923 0.7776442307692307 0.036057692307692304 0.04927884615384615
0 0.41346153846153844 0.7764423076923077 0.036057692307692304 0.051682692307692304
0 0.4483173076923077 0.7752403846153846 0.036057692307692304 0.04927884615384615
0 0.4831730769230769 0.7740384615384616 0.036057692307692304 0.04927884615384615
0 0.5168269230769231 0.7740384615384616 0.036057692307692304 0.04927884615384615
0 0.5504807692307693 0.7716346153846154 0.036057692307692304 0.04927884615384615
0 0.5853365384615384 0.7704326923076923 0.036057692307692304 0.04927884615384615
0 0.6201923076923077 0.7704326923076923 0.036057692307692304 0.051682692307692304
0 0.6538461538461539 0.7704326923076923 0.036057692307692304 0.051682692307692304
0 0.7596153846153846 0.7704326923076923 0.036057692307692304 0.051682692307692304
0 0.6887019230769231 0.7704326923076923 0.036057692307692304 0.04927884615384615
0 0.7235576923076923 0.7704326923076923 0.036057692307692304 0.051682692307692304
0 0.7956730769230769 0.7704326923076923 0.038461538461538464 0.051682692307692304
0 0.8305288461538461 0.7692307692307693 0.038461538461538464 0.051682692307692304
0 0.8677884615384616 0.7692307692307693 0.036057692307692304 0.051682692307692304
0 0.9038461538461539 0.7692307692307693 0.036057692307692304 0.051682692307692304
0 0.9399038461538461 0.7692307692307693 0.038461538461538464 0.051682692307692304
0 0.9747596153846154 0.7680288461538461 0.036057692307692304 0.051682692307692304
0 0.9963942307692307 0.765625 0.007211538461538462 0.051682692307692304
0 0.33774038461538464 0.7379807692307693 0.018028846153846152 0.04927884615384615
0 0.3641826923076923 0.7379807692307693 0.036057692307692304 0.04927884615384615
0 0.39903846153846156 0.7367788461538461 0.036057692307692304 0.04927884615384615
0 0.4326923076923077 0.7355769230769231 0.03365384615384615 0.04927884615384615
0 0.46634615384615385 0.734375 0.036057692307692304 0.04927884615384615
0 0.5336538461538461 0.7331730769230769 0.036057692307692304 0.04927884615384615
0 0.5673076923076923 0.7319711538461539 0.036057692307692304 0.04927884615384615
0 0.5012019230769231 0.7319711538461539 0.036057692307692304 0.04927884615384615
0 0.6009615384615384 0.7319711538461539 0.036057692307692304 0.04927884615384615
0 0.6358173076923077 0.7307692307692307 0.036057692307692304 0.04927884615384615
0 0.6706730769230769 0.7307692307692307 0.036057692307692304 0.04927884615384615
0 0.7043269230769231 0.7307692307692307 0.036057692307692304 0.04927884615384615
0 0.7391826923076923 0.7307692307692307 0.036057692307692304 0.04927884615384615
0 0.7752403846153846 0.7295673076923077 0.036057692307692304 0.04927884615384615
0 0.8112980769230769 0.7295673076923077 0.036057692307692304 0.04927884615384615
0 0.8461538461538461 0.7295673076923077 0.036057692307692304 0.051682692307692304
0 0.8822115384615384 0.7295673076923077 0.036057692307692304 0.051682692307692304
0 0.9194711538461539 0.7283653846153846 0.038461538461538464 0.051682692307692304
0 0.9543269230769231 0.7283653846153846 0.036057692307692304 0.051682692307692304
0 0.9855769230769231 0.7259615384615384 0.028846153846153848 0.051682692307692304
0 0.3485576923076923 0.6995192307692307 0.036057692307692304 0.046875
0 0.38221153846153844 0.6983173076923077 0.036057692307692304 0.04927884615384615
0 0.4170673076923077 0.6971153846153846 0.036057692307692304 0.04927884615384615
0 0.45072115384615385 0.6947115384615384 0.03365384615384615 0.04927884615384615
0 0.4831730769230769 0.6935096153846154 0.036057692307692304 0.046875
0 0.5168269230769231 0.6935096153846154 0.03365384615384615 0.04927884615384615
0 0.5504807692307693 0.6923076923076923 0.036057692307692304 0.04927884615384615
0 0.5841346153846154 0.6923076923076923 0.036057692307692304 0.046875
0 0.6189903846153846 0.6923076923076923 0.036057692307692304 0.04927884615384615
0 0.6526442307692307 0.6911057692307693 0.036057692307692304 0.046875
0 0.6862980769230769 0.6911057692307693 0.036057692307692304 0.046875
0 0.7211538461538461 0.6899038461538461 0.036057692307692304 0.046875
0 0.7548076923076923 0.6899038461538461 0.036057692307692304 0.046875
0 0.7920673076923077 0.6899038461538461 0.036057692307692304 0.04927884615384615
0 0.8269230769230769 0.6887019230769231 0.036057692307692304 0.04927884615384615
0 0.8617788461538461 0.6887019230769231 0.036057692307692304 0.051682692307692304
0 0.8990384615384616 0.6875 0.038461538461538464 0.04927884615384615
0 0.9338942307692307 0.6875 0.036057692307692304 0.04927884615384615
0 0.9699519230769231 0.6875 0.036057692307692304 0.051682692307692304
0 0.9927884615384616 0.6838942307692307 0.014423076923076924 0.05048076923076923
0 0.3389423076923077 0.6598557692307693 0.020432692307692308 0.04447115384615385
0 0.36778846153846156 0.6598557692307693 0.03365384615384615 0.046875
0 0.4014423076923077 0.6586538461538461 0.036057692307692304 0.046875
0 0.4338942307692308 0.6574519230769231 0.03365384615384615 0.046875
0 0.46634615384615385 0.6574519230769231 0.03365384615384615 0.046875
0 0.5 0.6550480769230769 0.036057692307692304 0.046875
0 0.5336538461538461 0.6550480769230769 0.03365384615384615 0.046875
0 0.5673076923076923 0.6538461538461539 0.036057692307692304 0.046875
0 0.5997596153846154 0.6538461538461539 0.03365384615384615 0.046875
0 0.6346153846153846 0.6526442307692307 0.036057692307692304 0.04927884615384615
0 0.6682692307692307 0.6526442307692307 0.036057692307692304 0.04927884615384615
0 0.7019230769230769 0.6514423076923077 0.036057692307692304 0.046875
0 0.7367788461538461 0.6514423076923077 0.036057692307692304 0.046875
0 0.7716346153846154 0.6514423076923077 0.036057692307692304 0.046875
0 0.8076923076923077 0.6502403846153846 0.036057692307692304 0.04927884615384615
0 0.8413461538461539 0.6502403846153846 0.036057692307692304 0.04927884615384615
0 0.8774038461538461 0.6490384615384616 0.038461538461538464 0.046875
0 0.9122596153846154 0.6490384615384616 0.036057692307692304 0.04927884615384615
0 0.9495192307692307 0.6466346153846154 0.036057692307692304 0.04927884615384615
0 0.9831730769230769 0.6466346153846154 0.03365384615384615 0.04927884615384615
0 0.35096153846153844 0.6225961538461539 0.036057692307692304 0.046875
0 0.3858173076923077 0.6213942307692307 0.03365384615384615 0.046875
0 0.4182692307692308 0.6201923076923077 0.03365384615384615 0.046875
0 0.4519230769230769 0.6201923076923077 0.03365384615384615 0.046875
0 0.484375 0.6189903846153846 0.03365384615384615 0.046875
0 0.5168269230769231 0.6177884615384616 0.03365384615384615 0.04447115384615385
0 0.5504807692307693 0.6153846153846154 0.03365384615384615 0.046875
0 0.5829326923076923 0.6153846153846154 0.036057692307692304 0.04447115384615385
0 0.6177884615384616 0.6153846153846154 0.03365384615384615 0.046875
0 0.6514423076923077 0.6129807692307693 0.036057692307692304 0.04447115384615385
0 0.6850961538461539 0.6129807692307693 0.03365384615384615 0.046875
0 0.71875 0.6129807692307693 0.036057692307692304 0.046875
0 0.7524038461538461 0.6117788461538461 0.036057692307692304 0.046875
0 0.7872596153846154 0.6117788461538461 0.036057692307692304 0.046875
0 0.8221153846153846 0.6105769230769231 0.036057692307692304 0.046875
0 0.8569711538461539 0.6105769230769231 0.036057692307692304 0.046875
0 0.8918269230769231 0.609375 0.036057692307692304 0.046875
0 0.9278846153846154 0.609375 0.036057692307692304 0.046875
0 0.9639423076923077 0.6081730769230769 0.036057692307692304 0.046875
0 0.9903846153846154 0.6069711538461539 0.018028846153846152 0.046875
0 0.34134615384615385 0.5829326923076923 0.026442307692307692 0.046875
0 0.3701923076923077 0.5841346153846154 0.03365384615384615 0.046875
0 0.4026442307692308 0.5829326923076923 0.03365384615384615 0.046875
0 0.43509615384615385 0.5817307692307693 0.03365384615384615 0.046875
0 0.46875 0.5805288461538461 0.03365384615384615 0.046875
0 0.5012019230769231 0.5805288461538461 0.03365384615384615 0.046875
0 0.5336538461538461 0.5793269230769231 0.03365384615384615 0.046875
0 0.5661057692307693 0.578125 0.03365384615384615 0.046875
0 0.5997596153846154 0.578125 0.03365384615384615 0.046875
0 0.6322115384615384 0.5769230769230769 0.03365384615384615 0.046875
0 0.6670673076923077 0.5757211538461539 0.036057692307692304 0.046875
0 0.7007211538461539 0.5757211538461539 0.03365384615384615 0.046875
0 0.734375 0.5757211538461539 0.036057692307692304 0.046875
0 0.7680288461538461 0.5745192307692307 0.036057692307692304 0.046875
0 0.8016826923076923 0.5733173076923077 0.036057692307692304 0.046875
0 0.8389423076923077 0.5733173076923077 0.038461538461538464 0.046875
0 0.8725961538461539 0.5721153846153846 0.036057692307692304 0.04927884615384615
0 0.9074519230769231 0.5697115384615384 0.036057692307692304 0.046875
0 0.9423076923076923 0.5697115384615384 0.036057692307692304 0.046875
0 0.9783653846153846 0.5685096153846154 0.036057692307692304 0.046875
0 0.3545673076923077 0.5492788461538461 0.03365384615384615 0.046875
0 0.3329326923076923 0.546875 0.010817307692307692 0.046875
0 0.3870192307692308 0.546875 0.03365384615384615 0.046875
0 0.41947115384615385 0.5456730769230769 0.03365384615384615 0.04447115384615385
0 0.4519230769230769 0.5444711538461539 0.03365384615384615 0.046875
0 0.484375 0.5444711538461539 0.03365384615384615 0.046875
0 0.5168269230769231 0.5432692307692307 0.03365384615384615 0.046875
0 0.5492788461538461 0.5420673076923077 0.03365384615384615 0.046875
0 0.5829326923076923 0.5408653846153846 0.036057692307692304 0.046875
0 0.6153846153846154 0.5408653846153846 0.03365384615384615 0.046875
0 0.6502403846153846 0.5384615384615384 0.036057692307692304 0.046875
0 0.6826923076923077 0.5384615384615384 0.03365384615384615 0.046875
0 0.7163461538461539 0.5372596153846154 0.03365384615384615 0.046875
0 0.75 0.5372596153846154 0.036057692307692304 0.046875
0 0.7836538461538461 0.5360576923076923 0.03365384615384615 0.046875
0 0.8173076923076923 0.5360576923076923 0.036057692307692304 0.046875
0 0.8533653846153846 0.5348557692307693 0.036057692307692304 0.046875
0 0.8882211538461539 0.5336538461538461 0.036057692307692304 0.046875
0 0.921875 0.5324519230769231 0.036057692307692304 0.046875
0 0.9579326923076923 0.5300480769230769 0.036057692307692304 0.046875
0 0.9867788461538461 0.5288461538461539 0.026442307692307692 0.046875
0 0.34134615384615385 0.5108173076923077 0.026442307692307692 0.046875
0 0.40384615384615385 0.5108173076923077 0.036057692307692304 0.04447115384615385
0 0.37259615384615385 0.5108173076923077 0.03365384615384615 0.04447115384615385
0 0.4362980769230769 0.5096153846153846 0.03365384615384615 0.046875
0 0.46875 0.5072115384615384 0.03365384615384615 0.046875
0 0.5012019230769231 0.5060096153846154 0.03365384615384615 0.046875
0 0.5336538461538461 0.5060096153846154 0.03365384615384615 0.046875
0 0.5661057692307693 0.5048076923076923 0.03365384615384615 0.04447115384615385
0 0.5985576923076923 0.5036057692307693 0.03365384615384615 0.046875
0 0.6310096153846154 0.5024038461538461 0.03365384615384615 0.04447115384615385
0 0.6658653846153846 0.5024038461538461 0.03365384615384615 0.046875
0 0.6983173076923077 0.5024038461538461 0.03365384615384615 0.046875
0 0.7319711538461539 0.5012019230769231 0.036057692307692304 0.046875
0 0.765625 0.5 0.036057692307692304 0.046875
0 0.7992788461538461 0.4987980769230769 0.03365384615384615 0.046875
0 0.8329326923076923 0.4987980769230769 0.036057692307692304 0.046875
0 0.8677884615384616 0.49759615384615385 0.036057692307692304 0.046875
0 0.9026442307692307 0.4963942307692308 0.036057692307692304 0.04447115384615385
0 0.9362980769230769 0.49399038461538464 0.036057692307692304 0.046875
0 0.9711538461538461 0.49278846153846156 0.036057692307692304 0.046875
0 0.9927884615384616 0.49158653846153844 0.014423076923076924 0.04567307692307692
0 0.3329326923076923 0.47475961538461536 0.010817307692307692 0.04447115384615385
0 0.3557692307692308 0.47475961538461536 0.03125 0.04447115384615385
0 0.38822115384615385 0.4735576923076923 0.03125 0.04447115384615385
0 0.4206730769230769 0.4735576923076923 0.03365384615384615 0.046875
0 0.453125 0.4723557692307692 0.03365384615384615 0.04447115384615385
0 0.484375 0.47115384615384615 0.03365384615384615 0.046875
0 0.5180288461538461 0.4699519230769231 0.03365384615384615 0.046875
0 0.5492788461538461 0.46875 0.03365384615384615 0.046875
0 0.5817307692307693 0.46875 0.03365384615384615 0.046875
0 0.6141826923076923 0.4675480769230769 0.03125 0.04447115384615385
0 0.6490384615384616 0.46634615384615385 0.03365384615384615 0.04447115384615385
0 0.6814903846153846 0.46634615384615385 0.03365384615384615 0.046875
0 0.7127403846153846 0.4651442307692308 0.03365384615384615 0.04447115384615385
0 0.7463942307692307 0.4639423076923077 0.03365384615384615 0.042067307692307696
0 0.7788461538461539 0.4639423076923077 0.036057692307692304 0.042067307692307696
0 0.8137019230769231 0.4639423076923077 0.03365384615384615 0.042067307692307696
0 0.8473557692307693 0.46274038461538464 0.03365384615384615 0.038461538461538464
0 0.8798076923076923 0.46274038461538464 0.036057692307692304 0.038461538461538464
0 0.9170673076923077 0.46153846153846156 0.036057692307692304 0.036057692307692304
0 0.9495192307692307 0.46153846153846156 0.03365384615384615 0.036057692307692304
0 0.9831730769230769 0.45913461538461536 0.03365384615384615 0.03365384615384615
0 0.3425480769230769 0.4519230769230769 0.028846153846153848 0.018028846153846152
0 0.3713942307692308 0.4519230769230769 0.03365384615384615 0.018028846153846152
0 0.40384615384615385 0.45072115384615385 0.03125 0.015625
0 0.4699519230769231 0.4495192307692308 0.03365384615384615 0.013221153846153846
0 0.4362980769230769 0.45072115384615385 0.03365384615384615 0.015625
0 0.5012019230769231 0.4495192307692308 0.03365384615384615 0.013221153846153846
0 0.5336538461538461 0.4495192307692308 0.03125 0.013221153846153846
0 0.5649038461538461 0.4483173076923077 0.03125 0.010817307692307692
0 0.5973557692307693 0.4483173076923077 0.03365384615384615 0.010817307692307692
0 0.6298076923076923 0.4483173076923077 0.036057692307692304 0.010817307692307692
0 0.33653846153846156 0.8185096153846154 0.015625 0.04927884615384615
0 0.36177884615384615 0.8173076923076923 0.036057692307692304 0.04927884615384615
0 0.39663461538461536 0.8173076923076923 0.036057692307692304 0.04927884615384615
0 0.43149038461538464 0.8161057692307693 0.036057692307692304 0.051682692307692304
0 0.4639423076923077 0.8149038461538461 0.036057692307692304 0.04927884615384615
0 0.7439903846153846 0.8112980769230769 0.036057692307692304 0.04927884615384615
0 0.7788461538461539 0.8112980769230769 0.036057692307692304 0.04927884615384615
0 0.8149038461538461 0.8112980769230769 0.038461538461538464 0.04927884615384615
0 0.7079326923076923 0.8112980769230769 0.038461538461538464 0.051682692307692304
0 0.8497596153846154 0.8112980769230769 0.036057692307692304 0.04927884615384615
0 0.8870192307692307 0.8100961538461539 0.036057692307692304 0.04927884615384615
0 0.9230769230769231 0.8100961538461539 0.036057692307692304 0.04927884615384615
0 0.9579326923076923 0.8100961538461539 0.036057692307692304 0.051682692307692304