0 0.3173076923076923 0.5637019230769231 0.036057692307692304 0.08653846153846154
0 0.2956730769230769 0.48197115384615385 0.052884615384615384 0.0889423076923077
0 0.3173076923076923 0.3954326923076923 0.036057692307692304 0.09134615384615384
0 0.296875 0.31850961538461536 0.055288461538461536 0.0889423076923077
0 0.3137019230769231 0.7211538461538461 0.04326923076923077 0.07091346153846154
0 0.18629807692307693 0.24639423076923078 0.052884615384615384 0.08413461538461539
0 0.12740384615384615 0.2439903846153846 0.052884615384615384 0.08413461538461539
0 0.0673076923076923 0.24278846153846154 0.052884615384615384 0.08653846153846154
0 0.015625 0.2403846153846154 0.030048076923076924 0.0889423076923077
0 0.3173076923076923 0.234375 0.036057692307692304 0.0889423076923077
0 0.15865384615384615 0.16346153846153846 0.052884615384615384 0.08413461538461539
0 0.0985576923076923 0.15985576923076922 0.052884615384615384 0.08653846153846154
0 0.03485576923076923 0.15865384615384615 0.055288461538461536 0.0889423076923077
0 0.2956730769230769 0.15144230769230768 0.055288461538461536 0.0889423076923077
0 0.18990384615384615 0.08653846153846154 0.052884615384615384 0.08653846153846154
0 0.12860576923076922 0.08052884615384616 0.05048076923076923 0.08173076923076923
0 0.06971153846153846 0.07572115384615384 0.052884615384615384 0.0889423076923077
0 0.015625 0.07091346153846154 0.030048076923076924 0.08653846153846154
0 0.31850961538461536 0.06971153846153846 0.03245192307692308 0.0889423076923077
0 0.15745192307692307 0.020432692307692308 0.05048076923076923 0.040865384615384616
0 0.09495192307692307 0.019230769230769232 0.052884615384615384 0.038461538461538464
0 0.039663461538461536 0.016826923076923076 0.052884615384615384 0.03245192307692308
0 0.3004807692307692 0.015625 0.052884615384615384 0.030048076923076924
0 0.29447115384615385 0.6454326923076923 0.052884615384615384 0.08653846153846154
0 0.4483173076923077 0.5192307692307693 0.22596153846153846 0.47475961538461536
0 0.9146634615384616 0.4735576923076923 0.16947115384615385 0.4495192307692308
0 0.5432692307692307 0.17307692307692307 0.31009615384615385 0.3449519230769231
0 0.8197115384615384 0.15985576923076922 0.2692307692307692 0.31971153846153844
0 0.9759615384615384 0.15865384615384615 0.04807692307692308 0.3173076923076923
0 0.6947115384615384 0.4951923076923077 0.2920673076923077 0.4639423076923077
0 0.28966346153846156 0.9771634615384616 0.09134615384615384 0.04567307692307692
0 0.052884615384615384 0.9158653846153846 0.10576923076923077 0.16346153846153846
0 0.22956730769230768 0.9122596153846154 0.11899038461538461 0.17548076923076922
0 0.0733173076923077 0.7992788461538461 0.11177884615384616 0.08653846153846154
0 0.9170673076923077 0.9519230769230769 0.16466346153846154 0.09615384615384616
0 0.7427884615384616 0.9435096153846154 0.18269230769230768 0.11298076923076923
0 0.40625 0.9411057692307693 0.14182692307692307 0.11658653846153846
0 0.5661057692307693 0.9411057692307693 0.1778846153846154 0.11658653846153846
0 0.9014423076923077 0.8329326923076923 0.1875 0.1346153846153846
0 0.7175480769230769 0.8257211538461539 0.18269230769230768 0.13221153846153846
0 0.3918269230769231 0.8233173076923077 0.1141826923076923 0.1346153846153846
0 0.5360576923076923 0.8221153846153846 0.1778846153846154 0.13221153846153846