0 0.11057692307692307 0.030048076923076924 0.07211538461538461 0.05889423076923077
0 0.25721153846153844 0.03125 0.07211538461538461 0.06129807692307692
0 0.036057692307692304 0.03125 0.07211538461538461 0.06129807692307692
0 0.328125 0.03125 0.06971153846153846 0.06129807692307692
0 0.18509615384615385 0.03125 0.07211538461538461 0.06129807692307692
0 0.40384615384615385 0.03125 0.06971153846153846 0.06129807692307692
0 0.22115384615384615 0.10096153846153846 0.07211538461538461 0.10817307692307693
0 0.0733173076923077 0.10096153846153846 0.07211538461538461 0.10576923076923077
0 0.4423076923076923 0.10096153846153846 0.07211538461538461 0.10817307692307693
0 0.1466346153846154 0.10216346153846154 0.07451923076923077 0.10576923076923077
0 0.2956730769230769 0.10216346153846154 0.07211538461538461 0.10576923076923077
0 0.36899038461538464 0.10216346153846154 0.06971153846153846 0.10576923076923077
0 0.018028846153846152 0.10216346153846154 0.036057692307692304 0.10576923076923077
0 0.18389423076923078 0.1935096153846154 0.06971153846153846 0.10576923076923077
0 0.25721153846153844 0.1935096153846154 0.07211538461538461 0.10817307692307693
0 0.036057692307692304 0.1935096153846154 0.07211538461538461 0.10576923076923077
0 0.109375 0.19471153846153846 0.07211538461538461 0.10576923076923077
0 0.3317307692307692 0.19471153846153846 0.07211538461538461 0.10576923076923077
0 0.4050480769230769 0.1971153846153846 0.06971153846153846 0.10576923076923077
0 0.2932692307692308 0.2848557692307692 0.07211538461538461 0.10817307692307693
0 0.07211538461538461 0.2848557692307692 0.07211538461538461 0.10576923076923077
0 0.21875 0.2860576923076923 0.07211538461538461 0.10576923076923077
0 0.016826923076923076 0.2860576923076923 0.03365384615384615 0.10336538461538461
0 0.44350961538461536 0.2860576923076923 0.06971153846153846 0.10576923076923077
0 0.1466346153846154 0.2860576923076923 0.07211538461538461 0.10817307692307693
0 0.36899038461538464 0.28846153846153844 0.07451923076923077 0.10817307692307693
0 0.2548076923076923 0.33774038461538464 0.07211538461538461 0.03125
0 0.10817307692307693 0.3389423076923077 0.07211538461538461 0.028846153846153848
0 0.328125 0.3389423076923077 0.06971153846153846 0.028846153846153848
0 0.17908653846153846 0.33774038461538464 0.06971153846153846 0.03125
0 0.40625 0.3389423076923077 0.07451923076923077 0.028846153846153848
0 0.03485576923076923 0.3401442307692308 0.06971153846153846 0.025240384615384616
0 0.7439903846153846 0.14543269230769232 0.16706730769230768 0.29086538461538464
0 0.9158653846153846 0.15384615384615385 0.16466346153846154 0.29086538461538464
0 0.6466346153846154 0.27163461538461536 0.07211538461538461 0.1622596153846154
0 0.8112980769230769 0.32211538461538464 0.16466346153846154 0.06129807692307692
0 0.20673076923076922 0.421875 0.09254807692307693 0.13701923076923078
0 0.5192307692307693 0.4254807692307692 0.08533653846153846 0.14423076923076922
0 0.35096153846153844 0.42908653846153844 0.08774038461538461 0.15264423076923078
0 0.05889423076923077 0.43028846153846156 0.09735576923076923 0.1466346153846154
0 0.5973557692307693 0.4831730769230769 0.025240384615384616 0.15264423076923078
0 0.27163461538461536 0.6081730769230769 0.07211538461538461 0.11298076923076923
0 0.5757211538461539 0.6382211538461539 0.06971153846153846 0.14182692307692307
0 0.453125 0.6490384615384616 0.07932692307692307 0.14423076923076922
0 0.3269230769230769 0.8209134615384616 0.09495192307692307 0.15264423076923078
0 0.3329326923076923 0.9819711538461539 0.10817307692307693 0.036057692307692304
0 0.3557692307692308 0.8870192307692307 0.07211538461538461 0.11057692307692307