0 0.23557692307692307 0.019230769230769232 0.09615384615384616 0.038461538461538464
0 0.14182692307692307 0.040865384615384616 0.09615384615384616 0.08052884615384616
0 0.46274038461538464 0.04807692307692308 0.04447115384615385 0.09615384615384616
0 0.051682692307692304 0.06129807692307692 0.09375 0.12259615384615384
0 0.3918269230769231 0.06610576923076923 0.09134615384615384 0.13221153846153846
0 0.2980769230769231 0.078125 0.09134615384615384 0.15384615384615385
0 0.20793269230769232 0.1141826923076923 0.09375 0.15625
0 0.11778846153846154 0.15504807692307693 0.09375 0.15384615384615385
0 0.44471153846153844 0.17307692307692307 0.078125 0.15384615384615385
0 0.037259615384615384 0.1971153846153846 0.07451923076923077 0.15384615384615385
0 0.34375 0.21153846153846154 0.09375 0.15384615384615385
0 0.2536057692307692 0.24879807692307693 0.09375 0.15625
0 0.1622596153846154 0.28725961538461536 0.09375 0.15384615384615385
0 0.41225961538461536 0.31009615384615385 0.09134615384615384 0.15384615384615385
0 0.07451923076923077 0.3389423076923077 0.09375 0.15865384615384615
0 0.31490384615384615 0.34975961538461536 0.09134615384615384 0.15384615384615385
0 0.014423076923076924 0.3786057692307692 0.028846153846153848 0.15384615384615385
0 0.23076923076923078 0.4074519230769231 0.09375 0.15625
0 0.4567307692307692 0.4362980769230769 0.055288461538461536 0.15384615384615385
0 0.13822115384615385 0.45072115384615385 0.09375 0.15625
0 0.3858173076923077 0.47596153846153844 0.09375 0.15625
0 0.04567307692307692 0.49399038461538464 0.09134615384615384 0.15384615384615385
0 0.29447115384615385 0.5108173076923077 0.09375 0.13581730769230768
0 0.203125 0.53125 0.09375 0.09375
0 0.11177884615384616 0.5516826923076923 0.09375 0.051682692307692304
0 0.33052884615384615 0.004807692307692308 0.09375 0.009615384615384616
0 0.49759615384615385 0.14783653846153846 0.026442307692307692 0.0673076923076923
0 0.5360576923076923 0.1502403846153846 0.051682692307692304 0.06971153846153846
0 0.5853365384615384 0.1502403846153846 0.051682692307692304 0.06971153846153846
0 0.6358173076923077 0.1502403846153846 0.051682692307692304 0.06971153846153846
0 0.6850961538461539 0.15144230769230768 0.051682692307692304 0.06971153846153846
0 0.734375 0.15264423076923078 0.051682692307692304 0.06971153846153846
0 0.7848557692307693 0.15264423076923078 0.051682692307692304 0.0673076923076923
0 0.8329326923076923 0.15264423076923078 0.04927884615384615 0.0673076923076923
0 0.9302884615384616 0.15384615384615385 0.046875 0.0673076923076923
0 0.8810096153846154 0.15384615384615385 0.04927884615384615 0.0673076923076923
0 0.9759615384615384 0.15384615384615385 0.046875 0.0673076923076923
0 0.5637019230769231 0.20673076923076922 0.04927884615384615 0.0673076923076923
0 0.5144230769230769 0.20673076923076922 0.04927884615384615 0.06971153846153846
0 0.6129807692307693 0.20673076923076922 0.04927884615384615 0.0673076923076923
0 0.6610576923076923 0.20673076923076922 0.04927884615384615 0.0673076923076923
0 0.7127403846153846 0.20793269230769232 0.051682692307692304 0.0673076923076923
0 0.7608173076923077 0.20793269230769232 0.04927884615384615 0.0673076923076923
0 0.8100961538461539 0.2091346153846154 0.04927884615384615 0.0673076923076923
0 0.8581730769230769 0.2091346153846154 0.04927884615384615 0.0673076923076923
0 0.9879807692307693 0.20793269230769232 0.02403846153846154 0.0673076923076923
0 0.953125 0.2091346153846154 0.046875 0.0673076923076923
0 0.90625 0.2091346153846154 0.04927884615384615 0.0673076923076923
0 0.5432692307692307 0.26322115384615385 0.04927884615384615 0.0673076923076923
0 0.5012019230769231 0.2620192307692308 0.03365384615384615 0.06490384615384616
0 0.5913461538461539 0.26322115384615385 0.04927884615384615 0.0673076923076923
0 0.640625 0.26322115384615385 0.051682692307692304 0.06490384615384616
0 0.6887019230769231 0.2644230769230769 0.04927884615384615 0.06490384615384616
0 0.7379807692307693 0.2644230769230769 0.04927884615384615 0.06490384615384616
0 0.7860576923076923 0.2644230769230769 0.04927884615384615 0.06490384615384616
0 0.9747596153846154 0.2644230769230769 0.04927884615384615 0.06490384615384616
0 0.8341346153846154 0.2644230769230769 0.046875 0.06490384615384616
0 0.8810096153846154 0.2644230769230769 0.046875 0.06490384615384616
0 0.9302884615384616 0.265625 0.046875 0.06490384615384616
0 0.9519230769230769 0.3173076923076923 0.046875 0.0625
0 0.5216346153846154 0.3173076923076923 0.046875 0.06490384615384616
0 0.9867788461538461 0.3161057692307692 0.026442307692307692 0.06490384615384616
0 0.7151442307692307 0.31850961538461536 0.04927884615384615 0.06490384615384616
0 0.6670673076923077 0.31850961538461536 0.04927884615384615 0.06490384615384616
0 0.5697115384615384 0.31850961538461536 0.046875 0.06490384615384616
0 0.6189903846153846 0.31850961538461536 0.04927884615384615 0.06490384615384616
0 0.9050480769230769 0.31850961538461536 0.046875 0.0625
0 0.859375 0.31850961538461536 0.046875 0.06490384615384616
0 0.8112980769230769 0.31850961538461536 0.04927884615384615 0.06490384615384616
0 0.7644230769230769 0.31850961538461536 0.04927884615384615 0.06490384615384616
0 0.9747596153846154 0.3713942307692308 0.046875 0.0625
0 0.9278846153846154 0.3713942307692308 0.046875 0.0625
0 0.8822115384615384 0.37259615384615385 0.046875 0.0625
0 0.8365384615384616 0.37259615384615385 0.046875 0.06490384615384616
0 0.6923076923076923 0.37259615384615385 0.046875 0.06490384615384616
0 0.5036057692307693 0.3713942307692308 0.038461538461538464 0.06490384615384616
0 0.6442307692307693 0.37259615384615385 0.046875 0.06490384615384616
0 0.5961538461538461 0.37259615384615385 0.046875 0.06490384615384616
0 0.5480769230769231 0.37259615384615385 0.04927884615384615 0.06490384615384616
0 0.7872596153846154 0.37259615384615385 0.04927884615384615 0.06490384615384616
0 0.7391826923076923 0.3737980769230769 0.04927884615384615 0.0625
0 0.9519230769230769 0.4230769230769231 0.046875 0.0625
0 0.9867788461538461 0.421875 0.026442307692307692 0.0625
0 0.9050480769230769 0.4230769230769231 0.046875 0.0625
0 0.859375 0.42427884615384615 0.046875 0.0625
0 0.8125 0.42427884615384615 0.04927884615384615 0.0625
0 0.765625 0.42427884615384615 0.046875 0.0625
0 0.7175480769230769 0.4254807692307692 0.046875 0.0625
0 0.6706730769230769 0.4254807692307692 0.046875 0.0625
0 0.5276442307692307 0.4254807692307692 0.046875 0.0625
0 0.6225961538461539 0.4254807692307692 0.046875 0.06490384615384616
0 0.5745192307692307 0.4254807692307692 0.046875 0.06490384615384616
0 0.9735576923076923 0.4735576923076923 0.046875 0.0625
0 0.9278846153846154 0.4735576923076923 0.046875 0.0625
0 0.8822115384615384 0.47475961538461536 0.046875 0.0625
0 0.8365384615384616 0.47475961538461536 0.046875 0.0625
0 0.7908653846153846 0.47596153846153844 0.046875 0.0625
0 0.7439903846153846 0.47596153846153844 0.046875 0.0625
0 0.6971153846153846 0.47836538461538464 0.04927884615384615 0.06490384615384616
0 0.6490384615384616 0.47836538461538464 0.046875 0.06490384615384616
0 0.5528846153846154 0.47836538461538464 0.046875 0.06490384615384616
0 0.5060096153846154 0.47596153846153844 0.04447115384615385 0.0625
0 0.5997596153846154 0.4795673076923077 0.046875 0.06490384615384616
0 0.9855769230769231 0.5252403846153846 0.028846153846153848 0.06009615384615385
0 0.9050480769230769 0.5264423076923077 0.046875 0.0625
0 0.859375 0.5264423076923077 0.046875 0.0625
0 0.9507211538461539 0.5264423076923077 0.046875 0.06009615384615385
0 0.8137019230769231 0.5276442307692307 0.046875 0.0625
0 0.7668269230769231 0.5276442307692307 0.046875 0.0625
0 0.7211538461538461 0.5288461538461539 0.046875 0.06490384615384616
0 0.6742788461538461 0.5288461538461539 0.046875 0.0625
0 0.5336538461538461 0.5300480769230769 0.046875 0.06490384615384616
0 0.6274038461538461 0.5300480769230769 0.046875 0.0625
0 0.5805288461538461 0.5300480769230769 0.046875 0.06490384615384616
0 0.9711538461538461 0.5612980769230769 0.046875 0.03365384615384615
0 0.9266826923076923 0.5612980769230769 0.046875 0.03365384615384615
0 0.8810096153846154 0.5612980769230769 0.04447115384615385 0.03365384615384615
0 0.8365384615384616 0.5612980769230769 0.046875 0.03365384615384615
0 0.7920673076923077 0.5625 0.046875 0.03125
0 0.7451923076923077 0.5625 0.046875 0.03125
0 0.6971153846153846 0.5637019230769231 0.04927884615384615 0.028846153846153848
0 0.6514423076923077 0.5637019230769231 0.046875 0.028846153846153848
0 0.6045673076923077 0.5637019230769231 0.046875 0.028846153846153848
0 0.5576923076923077 0.5637019230769231 0.046875 0.028846153846153848
0 0.5132211538461539 0.5649038461538461 0.046875 0.026442307692307692
0 0.703125 0.003605769230769231 0.051682692307692304 0.007211538461538462
0 0.7536057692307693 0.003605769230769231 0.04927884615384615 0.007211538461538462
0 0.8052884615384616 0.003605769230769231 0.051682692307692304 0.007211538461538462
0 0.8545673076923077 0.004807692307692308 0.05048076923076923 0.009615384615384616
0 0.9038461538461539 0.004807692307692308 0.04807692307692308 0.009615384615384616
0 0.953125 0.004807692307692308 0.05048076923076923 0.009615384615384616
0 0.4951923076923077 0.03245192307692308 0.020432692307692308 0.06490384615384616
0 0.5288461538461539 0.03365384615384615 0.051682692307692304 0.0673076923076923
0 0.5793269230769231 0.03365384615384615 0.04927884615384615 0.0673076923076923
0 0.6298076923076923 0.03365384615384615 0.051682692307692304 0.0673076923076923
0 0.6802884615384616 0.03365384615384615 0.051682692307692304 0.0673076923076923
0 0.7319711538461539 0.03365384615384615 0.051682692307692304 0.0673076923076923
0 0.78125 0.03485576923076923 0.051682692307692304 0.06971153846153846
0 0.8317307692307693 0.03485576923076923 0.051682692307692304 0.06971153846153846
0 0.8798076923076923 0.036057692307692304 0.04807692307692308 0.07211538461538461
0 0.9314903846153846 0.037259615384615384 0.04927884615384615 0.06971153846153846
0 0.9759615384615384 0.037259615384615384 0.046875 0.06971153846153846
0 0.5072115384615384 0.09014423076923077 0.046875 0.06971153846153846
0 0.5588942307692307 0.09134615384615384 0.051682692307692304 0.06971153846153846
0 0.6081730769230769 0.09254807692307693 0.051682692307692304 0.06971153846153846
0 0.6586538461538461 0.09254807692307693 0.04927884615384615 0.06971153846153846
0 0.7079326923076923 0.09254807692307693 0.051682692307692304 0.06971153846153846
0 0.7572115384615384 0.09375 0.051682692307692304 0.06971153846153846
0 0.8076923076923077 0.09495192307692307 0.051682692307692304 0.06971153846153846
0 0.8569711538461539 0.09495192307692307 0.04927884615384615 0.06971153846153846
0 0.9543269230769231 0.09615384615384616 0.04927884615384615 0.06971153846153846
0 0.90625 0.09615384615384616 0.04927884615384615 0.06971153846153846
0 0.9879807692307693 0.09735576923076923 0.02403846153846154 0.06971153846153846
0 0.21754807692307693 0.7884615384615384 0.43509615384615385 0.421875