0 0.23197115384615385 0.015625 0.09735576923076923 0.03125
0 0.13581730769230768 0.036057692307692304 0.0985576923076923 0.07211538461538461
0 0.45913461538461536 0.04447115384615385 0.04447115384615385 0.0889423076923077
0 0.046875 0.057692307692307696 0.09375 0.11538461538461539
0 0.3870192307692308 0.0625 0.09134615384615384 0.125
0 0.29447115384615385 0.0733173076923077 0.09134615384615384 0.1466346153846154
0 0.20432692307692307 0.10697115384615384 0.09375 0.15745192307692307
0 0.11298076923076923 0.14783653846153846 0.09375 0.15504807692307693
0 0.4423076923076923 0.1658653846153846 0.078125 0.15504807692307693
0 0.03485576923076923 0.18870192307692307 0.06971153846153846 0.15625
0 0.3401442307692308 0.20432692307692307 0.09375 0.15504807692307693
0 0.25 0.24158653846153846 0.09375 0.15745192307692307
0 0.15865384615384615 0.28125 0.09375 0.15504807692307693
0 0.4098557692307692 0.30408653846153844 0.09134615384615384 0.15504807692307693
0 0.06971153846153846 0.3329326923076923 0.09375 0.15985576923076922
0 0.3112980769230769 0.34375 0.09134615384615384 0.15504807692307693
0 0.01201923076923077 0.37259615384615385 0.02403846153846154 0.15504807692307693
0 0.22596153846153846 0.4014423076923077 0.09375 0.15745192307692307
0 0.4543269230769231 0.43028846153846156 0.055288461538461536 0.15504807692307693
0 0.13341346153846154 0.44471153846153844 0.09375 0.15745192307692307
0 0.38221153846153844 0.47115384615384615 0.09375 0.15745192307692307
0 0.04326923076923077 0.4879807692307692 0.08653846153846154 0.15504807692307693
0 0.29086538461538464 0.5048076923076923 0.09375 0.13581730769230768
0 0.19951923076923078 0.5264423076923077 0.09375 0.09375
0 0.10697115384615384 0.546875 0.09375 0.052884615384615384
0 0.4951923076923077 0.14182692307692307 0.026442307692307692 0.06850961538461539
0 0.5336538461538461 0.14302884615384615 0.052884615384615384 0.07091346153846154
0 0.5841346153846154 0.14302884615384615 0.052884615384615384 0.07091346153846154
0 0.6334134615384616 0.14302884615384615 0.052884615384615384 0.07091346153846154
0 0.6826923076923077 0.14423076923076922 0.052884615384615384 0.07091346153846154
0 0.7331730769230769 0.14543269230769232 0.052884615384615384 0.07091346153846154
0 0.7836538461538461 0.14543269230769232 0.052884615384615384 0.06850961538461539
0 0.8329326923076923 0.14543269230769232 0.04927884615384615 0.06850961538461539
0 0.9290865384615384 0.1466346153846154 0.046875 0.06850961538461539
0 0.8810096153846154 0.1466346153846154 0.04927884615384615 0.06850961538461539
0 0.9759615384615384 0.1466346153846154 0.046875 0.06850961538461539
0 0.5612980769230769 0.20072115384615385 0.04927884615384615 0.06850961538461539
0 0.5120192307692307 0.20072115384615385 0.04927884615384615 0.07091346153846154
0 0.6117788461538461 0.20072115384615385 0.04927884615384615 0.06850961538461539
0 0.6598557692307693 0.20072115384615385 0.04927884615384615 0.06850961538461539
0 0.7103365384615384 0.20192307692307693 0.052884615384615384 0.06850961538461539
0 0.7596153846153846 0.20192307692307693 0.04927884615384615 0.06850961538461539
0 0.8088942307692307 0.203125 0.04927884615384615 0.06850961538461539
0 0.8569711538461539 0.203125 0.04927884615384615 0.06850961538461539
0 0.9879807692307693 0.20192307692307693 0.02403846153846154 0.06850961538461539
0 0.953125 0.203125 0.046875 0.06850961538461539
0 0.90625 0.203125 0.04927884615384615 0.06850961538461539
0 0.5408653846153846 0.25600961538461536 0.04927884615384615 0.06850961538461539
0 0.4987980769230769 0.2548076923076923 0.03365384615384615 0.06490384615384616
0 0.5889423076923077 0.25600961538461536 0.04927884615384615 0.06850961538461539
0 0.6382211538461539 0.25600961538461536 0.052884615384615384 0.06490384615384616
0 0.6875 0.25841346153846156 0.04927884615384615 0.06490384615384616
0 0.7367788461538461 0.25841346153846156 0.04927884615384615 0.06490384615384616
0 0.7848557692307693 0.25841346153846156 0.04927884615384615 0.06490384615384616
0 0.9747596153846154 0.25841346153846156 0.04927884615384615 0.06490384615384616
0 0.8341346153846154 0.25841346153846156 0.046875 0.06490384615384616
0 0.8810096153846154 0.25841346153846156 0.046875 0.06490384615384616
0 0.9290865384615384 0.25961538461538464 0.046875 0.06490384615384616
0 0.9519230769230769 0.3112980769230769 0.046875 0.0625
0 0.5192307692307693 0.3112980769230769 0.046875 0.06490384615384616
0 0.9867788461538461 0.31009615384615385 0.026442307692307692 0.06490384615384616
0 0.7139423076923077 0.3125 0.04927884615384615 0.06490384615384616
0 0.6646634615384616 0.3125 0.04927884615384615 0.06490384615384616
0 0.5685096153846154 0.3125 0.046875 0.06490384615384616
0 0.6165865384615384 0.3125 0.04927884615384615 0.06490384615384616
0 0.9050480769230769 0.3125 0.046875 0.0625
0 0.8581730769230769 0.3125 0.046875 0.06490384615384616
0 0.8100961538461539 0.3125 0.04927884615384615 0.06490384615384616
0 0.7632211538461539 0.3125 0.04927884615384615 0.06490384615384616
0 0.9747596153846154 0.36538461538461536 0.046875 0.0625
0 0.9278846153846154 0.36538461538461536 0.046875 0.0625
0 0.8822115384615384 0.36658653846153844 0.046875 0.0625
0 0.8353365384615384 0.36658653846153844 0.046875 0.06490384615384616
0 0.6911057692307693 0.36658653846153844 0.046875 0.06490384615384616
0 0.5012019230769231 0.36538461538461536 0.039663461538461536 0.06490384615384616
0 0.6430288461538461 0.36658653846153844 0.046875 0.06490384615384616
0 0.59375 0.36658653846153844 0.046875 0.06490384615384616
0 0.5456730769230769 0.36658653846153844 0.04927884615384615 0.06490384615384616
0 0.7860576923076923 0.36658653846153844 0.04927884615384615 0.06490384615384616
0 0.7379807692307693 0.36778846153846156 0.04927884615384615 0.0625
0 0.9519230769230769 0.4170673076923077 0.046875 0.0625
0 0.9867788461538461 0.41586538461538464 0.026442307692307692 0.0625
0 0.9050480769230769 0.4170673076923077 0.046875 0.0625
0 0.8581730769230769 0.4182692307692308 0.046875 0.0625
0 0.8112980769230769 0.4182692307692308 0.04927884615384615 0.0625
0 0.7644230769230769 0.4182692307692308 0.046875 0.0625
0 0.7163461538461539 0.4206730769230769 0.046875 0.0625
0 0.6682692307692307 0.4206730769230769 0.046875 0.0625
0 0.5252403846153846 0.4206730769230769 0.046875 0.0625
0 0.6201923076923077 0.4206730769230769 0.046875 0.06490384615384616
0 0.5721153846153846 0.4206730769230769 0.046875 0.06490384615384616
0 0.9735576923076923 0.46875 0.046875 0.0625
0 0.9278846153846154 0.46875 0.046875 0.0625
0 0.8822115384615384 0.4699519230769231 0.046875 0.0625
0 0.8353365384615384 0.4699519230769231 0.046875 0.0625
0 0.7896634615384616 0.47115384615384615 0.046875 0.0625
0 0.7415865384615384 0.47115384615384615 0.046875 0.0625
0 0.6947115384615384 0.4723557692307692 0.04927884615384615 0.06490384615384616
0 0.6466346153846154 0.4723557692307692 0.046875 0.06490384615384616
0 0.5504807692307693 0.4723557692307692 0.046875 0.06490384615384616
0 0.5036057692307693 0.47115384615384615 0.04447115384615385 0.0625
0 0.5985576923076923 0.4735576923076923 0.046875 0.06490384615384616
0 0.9855769230769231 0.5192307692307693 0.028846153846153848 0.06009615384615385
0 0.9050480769230769 0.5204326923076923 0.046875 0.0625
0 0.8581730769230769 0.5204326923076923 0.046875 0.0625
0 0.9507211538461539 0.5204326923076923 0.046875 0.06009615384615385
0 0.8125 0.5228365384615384 0.046875 0.0625
0 0.765625 0.5228365384615384 0.046875 0.0625
0 0.7199519230769231 0.5240384615384616 0.046875 0.06490384615384616
0 0.6730769230769231 0.5240384615384616 0.046875 0.0625
0 0.53125 0.5252403846153846 0.046875 0.06490384615384616
0 0.6262019230769231 0.5252403846153846 0.046875 0.0625
0 0.578125 0.5252403846153846 0.046875 0.06490384615384616
0 0.9711538461538461 0.5564903846153846 0.046875 0.03365384615384615
0 0.9266826923076923 0.5564903846153846 0.046875 0.03365384615384615
0 0.8810096153846154 0.5564903846153846 0.04447115384615385 0.03365384615384615
0 0.8353365384615384 0.5564903846153846 0.046875 0.03365384615384615
0 0.7908653846153846 0.5576923076923077 0.046875 0.03125
0 0.7439903846153846 0.5576923076923077 0.046875 0.03125
0 0.6947115384615384 0.5588942307692307 0.04927884615384615 0.028846153846153848
0 0.6490384615384616 0.5588942307692307 0.046875 0.028846153846153848
0 0.6021634615384616 0.5588942307692307 0.046875 0.028846153846153848
0 0.5552884615384616 0.5588942307692307 0.046875 0.028846153846153848
0 0.5108173076923077 0.5600961538461539 0.046875 0.026442307692307692
0 0.49158653846153844 0.028846153846153848 0.020432692307692308 0.057692307692307696
0 0.5264423076923077 0.030048076923076924 0.052884615384615384 0.06009615384615385
0 0.5769230769230769 0.030048076923076924 0.04927884615384615 0.06009615384615385
0 0.6286057692307693 0.030048076923076924 0.052884615384615384 0.06009615384615385
0 0.6778846153846154 0.030048076923076924 0.052884615384615384 0.06009615384615385
0 0.7307692307692307 0.030048076923076924 0.052884615384615384 0.06009615384615385
0 0.7800480769230769 0.03125 0.052884615384615384 0.0625
0 0.8293269230769231 0.03125 0.052884615384615384 0.0625
0 0.8810096153846154 0.03245192307692308 0.04927884615384615 0.06490384615384616
0 0.9302884615384616 0.03245192307692308 0.04927884615384615 0.06490384615384616
0 0.9759615384615384 0.03245192307692308 0.046875 0.06490384615384616
0 0.5048076923076923 0.0829326923076923 0.046875 0.07091346153846154
0 0.5564903846153846 0.08413461538461539 0.052884615384615384 0.07091346153846154
0 0.6057692307692307 0.08533653846153846 0.052884615384615384 0.07091346153846154
0 0.6574519230769231 0.08533653846153846 0.04927884615384615 0.07091346153846154
0 0.7067307692307693 0.08533653846153846 0.052884615384615384 0.07091346153846154
0 0.7560096153846154 0.08653846153846154 0.052884615384615384 0.07091346153846154
0 0.8064903846153846 0.08774038461538461 0.052884615384615384 0.07091346153846154
0 0.8557692307692307 0.08774038461538461 0.04927884615384615 0.07091346153846154
0 0.9543269230769231 0.0889423076923077 0.04927884615384615 0.07091346153846154
0 0.90625 0.0889423076923077 0.04927884615384615 0.07091346153846154
0 0.9879807692307693 0.09014423076923077 0.02403846153846154 0.07091346153846154
0 0.21634615384615385 0.7860576923076923 0.43149038461538464 0.4266826923076923