0 0.49399038461538464 0.46033653846153844 0.09495192307692307 0.1502403846153846
0 0.16105769230769232 0.4543269230769231 0.09495192307692307 0.15504807692307693
0 0.4026442307692308 0.421875 0.09495192307692307 0.1502403846153846
0 0.07451923076923077 0.41346153846153844 0.09134615384615384 0.15264423076923078
0 0.3137019230769231 0.38221153846153844 0.09134615384615384 0.15264423076923078
0 0.015625 0.3701923076923077 0.030048076923076924 0.15264423076923078
0 0.5492788461538461 0.3485576923076923 0.07932692307692307 0.1502403846153846
0 0.22355769230769232 0.34134615384615385 0.09134615384615384 0.1502403846153846
0 0.46634615384615385 0.3137019230769231 0.09134615384615384 0.15264423076923078
0 0.13341346153846154 0.2980769230769231 0.09495192307692307 0.15504807692307693
0 0.37740384615384615 0.27403846153846156 0.09134615384615384 0.1502403846153846
0 0.046875 0.25721153846153844 0.09134615384615384 0.15504807692307693
0 0.28966346153846156 0.23317307692307693 0.09495192307692307 0.1502403846153846
0 0.5709134615384616 0.21754807692307693 0.036057692307692304 0.1502403846153846
0 0.20072115384615385 0.19110576923076922 0.09134615384615384 0.15504807692307693
0 0.5120192307692307 0.18269230769230768 0.09134615384615384 0.15264423076923078
0 0.11177884615384616 0.14543269230769232 0.09495192307692307 0.1502403846153846
0 0.421875 0.14423076923076922 0.09134615384615384 0.1502403846153846
0 0.33533653846153844 0.09495192307692307 0.09134615384615384 0.15504807692307693
0 0.5576923076923077 0.0829326923076923 0.06370192307692307 0.1502403846153846
0 0.03365384615384615 0.08052884615384616 0.06610576923076923 0.1502403846153846
0 0.24519230769230768 0.06370192307692307 0.09134615384615384 0.12740384615384615
0 0.4855769230769231 0.05048076923076923 0.09134615384615384 0.10096153846153846
0 0.15865384615384615 0.04326923076923077 0.09134615384615384 0.08653846153846154
0 0.39663461538461536 0.030048076923076924 0.09134615384615384 0.06009615384615385
0 0.07451923076923077 0.019230769230769232 0.09134615384615384 0.038461538461538464
0 0.30528846153846156 0.007211538461538462 0.09134615384615384 0.014423076923076924
0 0.43028846153846156 0.515625 0.09495192307692307 0.040865384615384616
0 0.09615384615384616 0.5096153846153846 0.09495192307692307 0.05048076923076923
0 0.3401442307692308 0.49759615384615385 0.09495192307692307 0.07692307692307693
0 0.026442307692307692 0.49038461538461536 0.052884615384615384 0.09134615384615384
0 0.25240384615384615 0.47596153846153844 0.09134615384615384 0.1201923076923077
0 0.5649038461538461 0.47475961538461536 0.04807692307692308 0.12259615384615384
0 0.9627403846153846 0.5024038461538461 0.06370192307692307 0.06610576923076923
0 0.7007211538461539 0.49158653846153844 0.06850961538461539 0.0889423076923077
0 0.7704326923076923 0.45072115384615385 0.07091346153846154 0.17067307692307693
0 0.9158653846153846 0.4098557692307692 0.06610576923076923 0.25240384615384615
0 0.8425480769230769 0.3942307692307692 0.06850961538461539 0.2704326923076923
0 0.6550480769230769 0.390625 0.06850961538461539 0.26802884615384615
0 0.9747596153846154 0.34615384615384615 0.05048076923076923 0.25240384615384615
0 0.7235576923076923 0.31490384615384615 0.06850961538461539 0.26322115384615385
0 0.7896634615384616 0.24158653846153846 0.06850961538461539 0.25961538461538464
0 0.9326923076923077 0.17548076923076922 0.06370192307692307 0.2403846153846154
0 0.6947115384615384 0.16105769230769232 0.06610576923076923 0.2403846153846154
0 0.9795673076923077 0.11177884615384616 0.040865384615384616 0.22355769230769232
0 0.7536057692307693 0.1045673076923077 0.06370192307692307 0.2091346153846154
0 0.6430288461538461 0.07932692307692307 0.06610576923076923 0.15865384615384615
0 0.8173076923076923 0.07451923076923077 0.06370192307692307 0.14783653846153846
0 0.8822115384615384 0.06490384615384616 0.06610576923076923 0.12980769230769232
0 0.6057692307692307 0.036057692307692304 0.03365384615384615 0.07091346153846154
0 0.9471153846153846 0.02403846153846154 0.06370192307692307 0.04807692307692308
0 0.3942307692307692 0.8257211538461539 0.16346153846153846 0.2247596153846154
0 0.9302884615384616 0.6526442307692307 0.13942307692307693 0.23798076923076922
0 0.7403846153846154 0.5865384615384616 0.2247596153846154 0.10216346153846154