0 0.42908653846153844 0.1466346153846154 0.052884615384615384 0.16706730769230768
0 0.27283653846153844 0.16105769230769232 0.10817307692307693 0.16105769230769232
0 0.36899038461538464 0.24158653846153846 0.10817307692307693 0.16105769230769232
0 0.16947115384615385 0.2764423076923077 0.11658653846153846 0.16706730769230768
0 0.4326923076923077 0.3125 0.04447115384615385 0.15865384615384615
0 0.2776442307692308 0.33413461538461536 0.11057692307692307 0.15865384615384615
0 0.07451923076923077 0.3629807692307692 0.11057692307692307 0.16346153846153846
0 0.37740384615384615 0.4026442307692308 0.10817307692307693 0.15865384615384615
0 0.18389423076923078 0.41225961538461536 0.10817307692307693 0.14302884615384615
0 0.4375 0.43509615384615385 0.03485576923076923 0.09735576923076923
0 0.28125 0.44591346153846156 0.10817307692307693 0.07692307692307693
0 0.08413461538461539 0.4639423076923077 0.11057692307692307 0.039663461538461536
0 0.90625 0.016826923076923076 0.09134615384615384 0.03365384615384615
0 0.7067307692307693 0.027644230769230768 0.12139423076923077 0.055288461538461536
0 0.5685096153846154 0.040865384615384616 0.14783653846153846 0.08173076923076923
0 0.9591346153846154 0.1045673076923077 0.08173076923076923 0.1346153846153846
0 0.7596153846153846 0.15504807692307693 0.12139423076923077 0.16346153846153846
0 0.6081730769230769 0.15745192307692307 0.140625 0.16346153846153846
0 0.49759615384615385 0.18028846153846154 0.08413461538461539 0.18509615384615385
0 0.9387019230769231 0.2536057692307692 0.09495192307692307 0.14543269230769232
0 0.7115384615384616 0.33774038461538464 0.13221153846153846 0.17427884615384615
0 0.5637019230769231 0.390625 0.16346153846153846 0.1875
0 0.025240384615384616 0.5600961538461539 0.05048076923076923 0.1346153846153846
0 0.09615384615384616 0.5612980769230769 0.09014423076923077 0.1346153846153846
0 0.18629807692307693 0.5637019230769231 0.08774038461538461 0.13221153846153846
0 0.27524038461538464 0.5637019230769231 0.08774038461538461 0.13221153846153846
0 0.36778846153846156 0.5637019230769231 0.09014423076923077 0.13221153846153846
0 0.43509615384615385 0.5649038461538461 0.039663461538461536 0.12980769230769232
0 0.328125 0.6754807692307693 0.09014423076923077 0.13221153846153846
0 0.23798076923076922 0.6754807692307693 0.09014423076923077 0.1346153846153846
0 0.054086538461538464 0.6766826923076923 0.09014423076923077 0.13221153846153846
0 0.14302884615384615 0.6790865384615384 0.08774038461538461 0.13221153846153846
0 0.41346153846153844 0.6766826923076923 0.08173076923076923 0.13221153846153846
0 0.28125 0.7920673076923077 0.09014423076923077 0.1346153846153846
0 0.4375 0.7920673076923077 0.03485576923076923 0.1346153846153846
0 0.10096153846153846 0.7920673076923077 0.09014423076923077 0.1346153846153846
0 0.18990384615384615 0.7932692307692307 0.09014423076923077 0.13221153846153846
0 0.3701923076923077 0.7932692307692307 0.08774038461538461 0.13221153846153846
0 0.027644230769230768 0.7932692307692307 0.055288461538461536 0.13221153846153846
0 0.3293269230769231 0.9074519230769231 0.09014423076923077 0.1346153846153846
0 0.41225961538461536 0.9074519230769231 0.08413461538461539 0.13221153846153846
0 0.1466346153846154 0.9086538461538461 0.09014423076923077 0.1346153846153846
0 0.23677884615384615 0.9086538461538461 0.09014423076923077 0.1346153846153846
0 0.055288461538461536 0.9086538461538461 0.09014423076923077 0.1346153846153846
0 0.3701923076923077 0.9771634615384616 0.09014423076923077 0.04447115384615385
0 0.4375 0.9771634615384616 0.03485576923076923 0.04447115384615385
0 0.2800480769230769 0.9783653846153846 0.09014423076923077 0.042067307692307696
0 0.18990384615384615 0.9795673076923077 0.09014423076923077 0.039663461538461536
0 0.10096153846153846 0.9783653846153846 0.09014423076923077 0.042067307692307696
0 0.027644230769230768 0.9783653846153846 0.055288461538461536 0.042067307692307696
0 0.05048076923076923 0.4987980769230769 0.09014423076923077 0.028846153846153848
0 0.14182692307692307 0.4987980769230769 0.09254807692307693 0.028846153846153848
0 0.23197115384615385 0.4987980769230769 0.08774038461538461 0.028846153846153848
0 0.6658653846153846 0.5024038461538461 0.07692307692307693 0.037259615384615384
0 0.7403846153846154 0.5036057692307693 0.07451923076923077 0.039663461538461536
0 0.5132211538461539 0.5024038461538461 0.07451923076923077 0.037259615384615384
0 0.5889423076923077 0.5036057692307693 0.07692307692307693 0.039663461538461536
0 0.8894230769230769 0.5024038461538461 0.07451923076923077 0.037259615384615384
0 0.9627403846153846 0.5036057692307693 0.07451923076923077 0.039663461538461536
0 0.8137019230769231 0.5036057692307693 0.07091346153846154 0.039663461538461536
0 0.484375 0.5612980769230769 0.057692307692307696 0.11057692307692307
0 0.7019230769230769 0.5637019230769231 0.07451923076923077 0.11057692307692307
0 0.7764423076923077 0.5637019230769231 0.07091346153846154 0.11057692307692307
0 0.9867788461538461 0.5637019230769231 0.026442307692307692 0.11057692307692307
0 0.5528846153846154 0.5649038461538461 0.07451923076923077 0.11057692307692307
0 0.9314903846153846 0.5661057692307693 0.07692307692307693 0.11057692307692307
0 0.6262019230769231 0.5661057692307693 0.07451923076923077 0.11057692307692307
0 0.8521634615384616 0.5673076923076923 0.07692307692307693 0.11057692307692307
0 0.4651442307692308 0.6586538461538461 0.021634615384615384 0.11057692307692307
0 0.8930288461538461 0.6610576923076923 0.07451923076923077 0.11057692307692307
0 0.8161057692307693 0.6610576923076923 0.07692307692307693 0.11658653846153846
0 0.9651442307692307 0.6622596153846154 0.06850961538461539 0.1141826923076923
0 0.5901442307692307 0.6622596153846154 0.07451923076923077 0.11057692307692307
0 0.5144230769230769 0.6622596153846154 0.07451923076923077 0.11658653846153846
0 0.7403846153846154 0.6622596153846154 0.07451923076923077 0.1141826923076923
0 0.6634615384615384 0.6634615384615384 0.07451923076923077 0.1141826923076923
0 0.9254807692307693 0.7536057692307693 0.07091346153846154 0.10576923076923077
0 0.8521634615384616 0.7572115384615384 0.07451923076923077 0.11057692307692307
0 0.7776442307692307 0.7584134615384616 0.07451923076923077 0.11057692307692307
0 0.7007211538461539 0.7596153846153846 0.07692307692307693 0.11057692307692307
0 0.5504807692307693 0.7596153846153846 0.07451923076923077 0.11057692307692307
0 0.9855769230769231 0.7596153846153846 0.028846153846153848 0.11057692307692307
0 0.4831730769230769 0.7596153846153846 0.055288461538461536 0.11057692307692307
0 0.6274038461538461 0.7608173076923077 0.07451923076923077 0.1141826923076923
0 0.9627403846153846 0.8497596153846154 0.07091346153846154 0.11057692307692307
0 0.8870192307692307 0.8509615384615384 0.07451923076923077 0.11057692307692307
0 0.8137019230769231 0.8521634615384616 0.07451923076923077 0.11057692307692307
0 0.6634615384615384 0.8533653846153846 0.07451923076923077 0.11057692307692307
0 0.4651442307692308 0.8545673076923077 0.021634615384615384 0.11057692307692307
0 0.7391826923076923 0.8557692307692307 0.07692307692307693 0.11057692307692307
0 0.5889423076923077 0.8569711538461539 0.07692307692307693 0.11057692307692307
0 0.5132211538461539 0.8581730769230769 0.07451923076923077 0.11057692307692307
0 0.9242788461538461 0.9435096153846154 0.07091346153846154 0.11057692307692307
0 0.8521634615384616 0.9447115384615384 0.07451923076923077 0.11057692307692307
0 0.7752403846153846 0.9459134615384616 0.07451923076923077 0.10817307692307693
0 0.9819711538461539 0.9459134615384616 0.036057692307692304 0.10817307692307693
0 0.7007211538461539 0.9471153846153846 0.07451923076923077 0.10576923076923077
0 0.484375 0.9483173076923077 0.057692307692307696 0.10336538461538461
0 0.6237980769230769 0.9483173076923077 0.07451923076923077 0.10336538461538461
0 0.5504807692307693 0.9495192307692307 0.07451923076923077 0.10096153846153846