0 0.010817307692307692 0.203125 0.021634615384615384 0.15144230769230768
0 0.06971153846153846 0.09615384615384616 0.109375 0.15625
0 0.009615384615384616 0.056490384615384616 0.019230769230769232 0.11298076923076923
0 0.15745192307692307 0.04567307692307692 0.10336538461538461 0.09134615384615384
0 0.051682692307692304 0.016826923076923076 0.10336538461538461 0.03365384615384615
0 0.46153846153846156 0.47596153846153844 0.2608173076923077 0.34134615384615385
0 0.6262019230769231 0.19951923076923078 0.30649038461538464 0.39783653846153844
0 0.3858173076923077 0.15264423076923078 0.11298076923076923 0.30528846153846156
0 0.27524038461538464 0.7163461538461539 0.11177884615384616 0.13942307692307693
0 0.6117788461538461 0.9711538461538461 0.16466346153846154 0.057692307692307696
0 0.4495192307692308 0.9615384615384616 0.1622596153846154 0.07692307692307693
0 0.8713942307692307 0.8569711538461539 0.1622596153846154 0.2860576923076923
0 0.7055288461538461 0.8497596153846154 0.15865384615384615 0.28125
0 0.5444711538461539 0.8317307692307693 0.1622596153846154 0.28125
0 0.3954326923076923 0.8137019230769231 0.12980769230769232 0.28846153846153844
0 0.9651442307692307 0.7295673076923077 0.06971153846153846 0.16706730769230768
0 0.4723557692307692 0.6826923076923077 0.15865384615384615 0.07211538461538461
0 0.8064903846153846 0.6814903846153846 0.15865384615384615 0.06971153846153846