0 0.3161057692307692 0.19591346153846154 0.1045673076923077 0.16105769230769232
0 0.13822115384615385 0.21033653846153846 0.1045673076923077 0.15625
0 0.23197115384615385 0.28846153846153844 0.1045673076923077 0.15625
0 0.046875 0.32091346153846156 0.09375 0.16105769230769232
0 0.32091346153846156 0.35697115384615385 0.09735576923076923 0.15384615384615385
0 0.14302884615384615 0.3786057692307692 0.10817307692307693 0.15384615384615385
0 0.23918269230769232 0.44350961538461536 0.1045673076923077 0.15384615384615385
0 0.054086538461538464 0.4579326923076923 0.1045673076923077 0.1466346153846154
0 0.32572115384615385 0.5012019230769231 0.08774038461538461 0.1466346153846154
0 0.14783653846153846 0.5204326923076923 0.1045673076923077 0.140625
0 0.23918269230769232 0.5901442307692307 0.1045673076923077 0.140625
0 0.06009615384615385 0.5985576923076923 0.1045673076923077 0.140625
0 0.3245192307692308 0.6225961538461539 0.09014423076923077 0.09254807692307693
0 0.15264423076923078 0.6334134615384616 0.1045673076923077 0.07211538461538461
0 0.7271634615384616 0.640625 0.09014423076923077 0.056490384615384616
0 0.2860576923076923 0.8209134615384616 0.16706730769230768 0.30288461538461536
0 0.09975961538461539 0.8197115384615384 0.19951923076923078 0.3004807692307692
0 0.1971153846153846 0.9627403846153846 0.21514423076923078 0.07451923076923077
0 0.5564903846153846 0.7115384615384616 0.3329326923076923 0.08413461538461539
0 0.8713942307692307 0.7151442307692307 0.25600961538461536 0.09254807692307693
0 0.4543269230769231 0.8197115384615384 0.16947115384615385 0.21754807692307693
0 0.7271634615384616 0.8293269230769231 0.3389423076923077 0.21995192307692307
0 0.9651442307692307 0.8305288461538461 0.06971153846153846 0.22596153846153846
0 0.5420673076923077 0.9495192307692307 0.34134615384615385 0.09975961538461539
0 0.8665865384615384 0.9507211538461539 0.2668269230769231 0.09735576923076923