0 0.055288461538461536 0.6826923076923077 0.109375 0.13581730769230768
0 0.14302884615384615 0.6009615384615384 0.12740384615384615 0.15144230769230768
0 0.24278846153846154 0.4963942307692308 0.11778846153846154 0.15384615384615385
0 0.33413461538461536 0.5733173076923077 0.11177884615384616 0.16706730769230768
0 0.43028846153846156 0.640625 0.1045673076923077 0.16706730769230768
0 0.25 0.6598557692307693 0.109375 0.16706730769230768
0 0.33931587740384617 0.6637994350961538 0.30088682451923077 0.6912350408653847 0.30194618269230766 0.75 0.38656224038461534 0.75 0.3814048413461538 0.6912350408653847 0.33931587740384617 0.6637994350961538
0 0.4338942307692308 0.7307692307692307 0.09615384615384616 0.038461538461538464
0 0.15504807692307693 0.7127403846153846 0.11778846153846154 0.07572115384615384
0 0.4266826923076923 0.48197115384615385 0.109375 0.171875
0 0.9891826923076923 0.08413461538461539 0.020432692307692308 0.04927884615384615
0 0.49278846153846156 0.11899038461538461 0.020432692307692308 0.04927884615384615
0 0.5192307692307693 0.1201923076923077 0.036057692307692304 0.04927884615384615
0 0.5528846153846154 0.12139423076923077 0.036057692307692304 0.04927884615384615
0 0.5889423076923077 0.12259615384615384 0.036057692307692304 0.04927884615384615
0 0.6225961538461539 0.12259615384615384 0.036057692307692304 0.051682692307692304
0 0.65625 0.12259615384615384 0.036057692307692304 0.051682692307692304
0 0.7620192307692307 0.12259615384615384 0.036057692307692304 0.051682692307692304
0 0.6911057692307693 0.12259615384615384 0.036057692307692304 0.04927884615384615
0 0.7259615384615384 0.12259615384615384 0.036057692307692304 0.051682692307692304
0 0.7980769230769231 0.12259615384615384 0.036057692307692304 0.051682692307692304
0 0.8329326923076923 0.12379807692307693 0.038461538461538464 0.051682692307692304
0 0.8701923076923077 0.12379807692307693 0.036057692307692304 0.051682692307692304
0 0.90625 0.12379807692307693 0.036057692307692304 0.051682692307692304
0 0.9423076923076923 0.12379807692307693 0.038461538461538464 0.051682692307692304
0 0.9783653846153846 0.125 0.036057692307692304 0.051682692307692304
0 0.5360576923076923 0.15985576923076922 0.036057692307692304 0.04927884615384615
0 0.5697115384615384 0.16105769230769232 0.036057692307692304 0.04927884615384615
0 0.5036057692307693 0.16105769230769232 0.036057692307692304 0.04927884615384615
0 0.6045673076923077 0.16105769230769232 0.036057692307692304 0.04927884615384615
0 0.6382211538461539 0.1622596153846154 0.036057692307692304 0.04927884615384615
0 0.6730769230769231 0.1622596153846154 0.036057692307692304 0.04927884615384615
0 0.7067307692307693 0.1622596153846154 0.036057692307692304 0.04927884615384615
0 0.7427884615384616 0.1622596153846154 0.036057692307692304 0.04927884615384615
0 0.7776442307692307 0.16346153846153846 0.036057692307692304 0.04927884615384615
0 0.8137019230769231 0.16346153846153846 0.038461538461538464 0.04927884615384615
0 0.8485576923076923 0.16346153846153846 0.036057692307692304 0.051682692307692304
0 0.8858173076923077 0.16346153846153846 0.036057692307692304 0.051682692307692304
0 0.921875 0.1658653846153846 0.038461538461538464 0.051682692307692304
0 0.9567307692307693 0.1658653846153846 0.036057692307692304 0.051682692307692304
0 0.9867788461538461 0.1658653846153846 0.026442307692307692 0.04927884615384615
0 0.49278846153846156 0.19831730769230768 0.020432692307692308 0.046875
0 0.5192307692307693 0.19951923076923078 0.03365384615384615 0.04927884615384615
0 0.5528846153846154 0.20072115384615385 0.036057692307692304 0.04927884615384615
0 0.5877403846153846 0.20072115384615385 0.036057692307692304 0.04927884615384615
0 0.6213942307692307 0.20072115384615385 0.036057692307692304 0.04927884615384615
0 0.6550480769230769 0.20192307692307693 0.036057692307692304 0.04927884615384615
0 0.6887019230769231 0.20192307692307693 0.036057692307692304 0.04927884615384615
0 0.7235576923076923 0.203125 0.036057692307692304 0.04927884615384615
0 0.7572115384615384 0.203125 0.036057692307692304 0.04927884615384615
0 0.7944711538461539 0.203125 0.036057692307692304 0.04927884615384615
0 0.8293269230769231 0.20432692307692307 0.036057692307692304 0.04927884615384615
0 0.8641826923076923 0.20432692307692307 0.036057692307692304 0.051682692307692304
0 0.9014423076923077 0.20552884615384615 0.038461538461538464 0.04927884615384615
0 0.9362980769230769 0.20552884615384615 0.036057692307692304 0.04927884615384615
0 0.9723557692307693 0.20552884615384615 0.036057692307692304 0.051682692307692304
0 0.9939903846153846 0.20432692307692307 0.01201923076923077 0.052884615384615384
0 0.5024038461538461 0.23798076923076922 0.036057692307692304 0.046875
0 0.5360576923076923 0.23798076923076922 0.03365384615384615 0.046875
0 0.5697115384615384 0.23918269230769232 0.036057692307692304 0.046875
0 0.6033653846153846 0.23918269230769232 0.03365384615384615 0.046875
0 0.6370192307692307 0.2403846153846154 0.036057692307692304 0.046875
0 0.6706730769230769 0.2403846153846154 0.036057692307692304 0.046875
0 0.7043269230769231 0.24278846153846154 0.036057692307692304 0.04927884615384615
0 0.7391826923076923 0.24278846153846154 0.036057692307692304 0.04927884615384615
0 0.7752403846153846 0.24278846153846154 0.036057692307692304 0.04927884615384615
0 0.8100961538461539 0.2439903846153846 0.036057692307692304 0.04927884615384615
0 0.84375 0.2439903846153846 0.036057692307692304 0.04927884615384615
0 0.8798076923076923 0.24519230769230768 0.036057692307692304 0.04927884615384615
0 0.9158653846153846 0.24519230769230768 0.036057692307692304 0.04927884615384615
0 0.9519230769230769 0.24639423076923078 0.036057692307692304 0.04927884615384615
0 0.984375 0.24639423076923078 0.03125 0.04927884615384615
0 0.49278846153846156 0.27283653846153844 0.020432692307692308 0.046875
0 0.5192307692307693 0.2764423076923077 0.03365384615384615 0.046875
0 0.5528846153846154 0.2776442307692308 0.03365384615384615 0.046875
0 0.5853365384615384 0.2776442307692308 0.036057692307692304 0.04447115384615385
0 0.6201923076923077 0.2776442307692308 0.03365384615384615 0.046875
0 0.6538461538461539 0.2800480769230769 0.036057692307692304 0.04447115384615385
0 0.6875 0.2800480769230769 0.03365384615384615 0.04927884615384615
0 0.7211538461538461 0.2800480769230769 0.036057692307692304 0.046875
0 0.7548076923076923 0.28125 0.036057692307692304 0.04927884615384615
0 0.7908653846153846 0.28125 0.036057692307692304 0.04927884615384615
0 0.8245192307692307 0.2824519230769231 0.036057692307692304 0.046875
0 0.859375 0.2824519230769231 0.036057692307692304 0.04927884615384615
0 0.8942307692307693 0.28365384615384615 0.036057692307692304 0.04927884615384615
0 0.9314903846153846 0.28365384615384615 0.036057692307692304 0.04927884615384615
0 0.9663461538461539 0.2848557692307692 0.036057692307692304 0.04927884615384615
0 0.9915865384615384 0.28365384615384615 0.016826923076923076 0.04807692307692308
0 0.5036057692307693 0.3125 0.03365384615384615 0.046875
0 0.5360576923076923 0.3137019230769231 0.03125 0.046875
0 0.5685096153846154 0.31490384615384615 0.03365384615384615 0.046875
0 0.6033653846153846 0.31490384615384615 0.03365384615384615 0.046875
0 0.6358173076923077 0.3161057692307692 0.03365384615384615 0.046875
0 0.6694711538461539 0.3173076923076923 0.036057692307692304 0.046875
0 0.703125 0.3173076923076923 0.03365384615384615 0.046875
0 0.7367788461538461 0.3173076923076923 0.036057692307692304 0.046875
0 0.7704326923076923 0.31850961538461536 0.036057692307692304 0.046875
0 0.8052884615384616 0.31971153846153844 0.036057692307692304 0.046875
0 0.8413461538461539 0.31971153846153844 0.038461538461538464 0.046875
0 0.875 0.32211538461538464 0.036057692307692304 0.04927884615384615
0 0.9098557692307693 0.3233173076923077 0.036057692307692304 0.046875
0 0.9447115384615384 0.3233173076923077 0.036057692307692304 0.046875
0 0.9807692307692307 0.3245192307692308 0.036057692307692304 0.04927884615384615
0 0.49278846153846156 0.3473557692307692 0.020432692307692308 0.04447115384615385
0 0.5192307692307693 0.34975961538461536 0.03365384615384615 0.046875
0 0.5516826923076923 0.35096153846153844 0.03365384615384615 0.046875
0 0.5853365384615384 0.35336538461538464 0.036057692307692304 0.046875
0 0.6189903846153846 0.35336538461538464 0.03365384615384615 0.046875
0 0.6526442307692307 0.3545673076923077 0.036057692307692304 0.046875
0 0.6850961538461539 0.3545673076923077 0.03365384615384615 0.046875
0 0.71875 0.3557692307692308 0.03365384615384615 0.046875
0 0.7524038461538461 0.3557692307692308 0.036057692307692304 0.046875
0 0.7860576923076923 0.35697115384615385 0.03365384615384615 0.046875
0 0.8197115384615384 0.35697115384615385 0.036057692307692304 0.046875
0 0.8557692307692307 0.3581730769230769 0.036057692307692304 0.046875
0 0.890625 0.359375 0.036057692307692304 0.046875
0 0.9242788461538461 0.3605769230769231 0.036057692307692304 0.04927884615384615
0 0.9615384615384616 0.3629807692307692 0.036057692307692304 0.046875
0 0.9879807692307693 0.3629807692307692 0.02403846153846154 0.04927884615384615
0 0.5036057692307693 0.3870192307692308 0.03125 0.046875
0 0.5360576923076923 0.3870192307692308 0.03125 0.046875
0 0.5685096153846154 0.38822115384615385 0.03365384615384615 0.04447115384615385
0 0.6009615384615384 0.3894230769230769 0.03365384615384615 0.046875
0 0.6346153846153846 0.390625 0.03365384615384615 0.04447115384615385
0 0.6682692307692307 0.390625 0.03365384615384615 0.046875
0 0.7007211538461539 0.390625 0.03365384615384615 0.046875
0 0.734375 0.3918269230769231 0.036057692307692304 0.046875
0 0.7680288461538461 0.39302884615384615 0.036057692307692304 0.046875
0 0.8016826923076923 0.3942307692307692 0.03365384615384615 0.046875
0 0.8365384615384616 0.3942307692307692 0.036057692307692304 0.046875
0 0.8701923076923077 0.3954326923076923 0.036057692307692304 0.046875
0 0.9050480769230769 0.39663461538461536 0.036057692307692304 0.046875
0 0.9387019230769231 0.40024038461538464 0.036057692307692304 0.046875
0 0.9735576923076923 0.4014423076923077 0.036057692307692304 0.046875
0 0.9939903846153846 0.40024038461538464 0.01201923076923077 0.04567307692307692
0 0.49278846153846156 0.4206730769230769 0.020432692307692308 0.04447115384615385
0 0.5204326923076923 0.4230769230769231 0.03365384615384615 0.046875
0 0.5516826923076923 0.42427884615384615 0.03365384615384615 0.046875
0 0.5841346153846154 0.42427884615384615 0.03365384615384615 0.046875
0 0.6177884615384616 0.4254807692307692 0.03125 0.04447115384615385
0 0.6514423076923077 0.4266826923076923 0.03365384615384615 0.04447115384615385
0 0.6838942307692307 0.4266826923076923 0.03365384615384615 0.046875
0 0.7163461538461539 0.42788461538461536 0.03365384615384615 0.046875
0 0.75 0.43028846153846156 0.036057692307692304 0.046875
0 0.7824519230769231 0.43028846153846156 0.036057692307692304 0.046875
0 0.8173076923076923 0.43149038461538464 0.036057692307692304 0.046875
0 0.8509615384615384 0.4326923076923077 0.036057692307692304 0.046875
0 0.8846153846153846 0.4338942307692308 0.036057692307692304 0.046875
0 0.9206730769230769 0.4362980769230769 0.036057692307692304 0.046875
0 0.953125 0.4362980769230769 0.036057692307692304 0.046875
0 0.984375 0.4375 0.03125 0.046875
0 0.4855769230769231 0.45552884615384615 0.007211538461538462 0.042067307692307696
0 0.5036057692307693 0.4579326923076923 0.03365384615384615 0.04447115384615385
0 0.5360576923076923 0.45913461538461536 0.03125 0.04447115384615385
0 0.5685096153846154 0.46153846153846156 0.03125 0.04447115384615385
0 0.6009615384615384 0.46153846153846156 0.03125 0.04447115384615385
0 0.6346153846153846 0.46274038461538464 0.036057692307692304 0.046875
0 0.6670673076923077 0.4639423076923077 0.036057692307692304 0.046875
0 0.6995192307692307 0.4651442307692308 0.036057692307692304 0.046875
0 0.7331730769230769 0.4651442307692308 0.036057692307692304 0.046875
0 0.765625 0.4675480769230769 0.036057692307692304 0.046875
0 0.7992788461538461 0.4675480769230769 0.036057692307692304 0.046875
0 0.8317307692307693 0.46875 0.036057692307692304 0.046875
0 0.8653846153846154 0.47115384615384615 0.036057692307692304 0.046875
0 0.9927884615384616 0.4699519230769231 0.014423076923076924 0.04567307692307692
0 0.9014423076923077 0.4723557692307692 0.036057692307692304 0.046875
0 0.9350961538461539 0.4723557692307692 0.036057692307692304 0.046875
0 0.9699519230769231 0.47475961538461536 0.036057692307692304 0.046875
0 0.49278846153846156 0.49399038461538464 0.020432692307692308 0.04447115384615385
0 0.5192307692307693 0.4951923076923077 0.03365384615384615 0.04447115384615385
0 0.5841346153846154 0.4963942307692308 0.036057692307692304 0.046875
0 0.5516826923076923 0.4963942307692308 0.03125 0.04447115384615385
0 0.6177884615384616 0.49759615384615385 0.036057692307692304 0.046875
0 0.6490384615384616 0.4987980769230769 0.036057692307692304 0.046875
0 0.6826923076923077 0.5 0.036057692307692304 0.046875
0 0.7163461538461539 0.5012019230769231 0.036057692307692304 0.046875
0 0.7475961538461539 0.5012019230769231 0.036057692307692304 0.046875
0 0.78125 0.5024038461538461 0.036057692307692304 0.046875
0 0.8149038461538461 0.5036057692307693 0.036057692307692304 0.046875
0 0.8461538461538461 0.5060096153846154 0.036057692307692304 0.046875
0 0.8822115384615384 0.5060096153846154 0.036057692307692304 0.046875
0 0.984375 0.5072115384615384 0.03125 0.046875
0 0.9158653846153846 0.5072115384615384 0.036057692307692304 0.046875
0 0.9495192307692307 0.5108173076923077 0.036057692307692304 0.046875
0 0.5036057692307693 0.5288461538461539 0.03365384615384615 0.04447115384615385
0 0.4855769230769231 0.5300480769230769 0.007211538461538462 0.04447115384615385
0 0.5360576923076923 0.53125 0.03125 0.046875
0 0.5685096153846154 0.53125 0.03125 0.046875
0 0.5997596153846154 0.5324519230769231 0.03125 0.04447115384615385
0 0.6346153846153846 0.5336538461538461 0.03125 0.046875
0 0.6634615384615384 0.5348557692307693 0.03365384615384615 0.046875
0 0.6983173076923077 0.5360576923076923 0.03365384615384615 0.046875
0 0.7307692307692307 0.5372596153846154 0.03125 0.046875
0 0.7644230769230769 0.5384615384615384 0.03125 0.046875
0 0.7956730769230769 0.5408653846153846 0.03125 0.046875
0 0.8293269230769231 0.5420673076923077 0.03125 0.046875
0 0.8629807692307693 0.5432692307692307 0.03125 0.046875
0 0.8966346153846154 0.5444711538461539 0.03125 0.046875
0 0.9302884615384616 0.5444711538461539 0.03365384615384615 0.04447115384615385
0 0.9663461538461539 0.5444711538461539 0.03365384615384615 0.04447115384615385
0 0.9915865384615384 0.5420673076923077 0.016826923076923076 0.04567307692307692
0 0.49399038461538464 0.5637019230769231 0.02403846153846154 0.04447115384615385
0 0.5192307692307693 0.5661057692307693 0.03365384615384615 0.04447115384615385
0 0.5516826923076923 0.5673076923076923 0.03365384615384615 0.04447115384615385
0 0.5829326923076923 0.5685096153846154 0.03365384615384615 0.04447115384615385
0 0.6177884615384616 0.5685096153846154 0.03365384615384615 0.04447115384615385
0 0.6490384615384616 0.5697115384615384 0.03365384615384615 0.04447115384615385
0 0.6802884615384616 0.5697115384615384 0.03365384615384615 0.04447115384615385
0 0.7139423076923077 0.5733173076923077 0.03365384615384615 0.04447115384615385
0 0.7463942307692307 0.5745192307692307 0.03365384615384615 0.04447115384615385
0 0.7800480769230769 0.5757211538461539 0.03365384615384615 0.04447115384615385
0 0.8125 0.5757211538461539 0.03365384615384615 0.04447115384615385
0 0.84375 0.578125 0.03365384615384615 0.04447115384615385
0 0.8786057692307693 0.5793269230769231 0.03365384615384615 0.04447115384615385
0 0.9483173076923077 0.5793269230769231 0.03125 0.04447115384615385
0 0.9110576923076923 0.5805288461538461 0.03365384615384615 0.04447115384615385
0 0.9819711538461539 0.5817307692307693 0.03125 0.04447115384615385
0 0.7463942307692307 0.08173076923076923 0.036057692307692304 0.04927884615384615
0 0.78125 0.08173076923076923 0.036057692307692304 0.04927884615384615
0 0.8173076923076923 0.08173076923076923 0.036057692307692304 0.04927884615384615
0 0.7115384615384616 0.08173076923076923 0.036057692307692304 0.051682692307692304
0 0.8533653846153846 0.08173076923076923 0.036057692307692304 0.04927884615384615
0 0.8894230769230769 0.0829326923076923 0.036057692307692304 0.04927884615384615
0 0.9254807692307693 0.0829326923076923 0.036057692307692304 0.04927884615384615
0 0.9615384615384616 0.0829326923076923 0.036057692307692304 0.04927884615384615
0 0.42427884615384615 0.875 0.1141826923076923 0.25