0 0.6514423076923077 0.14543269230769232 0.16826923076923078 0.29086538461538464
0 0.8257211538461539 0.15865384615384615 0.171875 0.3076923076923077
0 0.9555288461538461 0.17668269230769232 0.0889423076923077 0.3076923076923077
0 0.5841346153846154 0.3004807692307692 0.10697115384615384 0.10697115384615384
0 0.7259615384615384 0.3088942307692308 0.16706730769230768 0.09134615384615384
0 0.8942307692307693 0.3173076923076923 0.16947115384615385 0.0733173076923077
0 0.2860576923076923 0.6490384615384616 0.109375 0.16706730769230768
0 0.16105769230769232 0.7247596153846154 0.12259615384615384 0.1875
0 0.4338942307692308 0.7512019230769231 0.0985576923076923 0.15625
0 0.2860576923076923 0.8173076923076923 0.0985576923076923 0.15384615384615385
0 0.5024038461538461 0.8605769230769231 0.057692307692307696 0.18509615384615385
0 0.38100961538461536 0.8689903846153846 0.09134615384615384 0.13822115384615385
0 0.15144230769230768 0.9098557692307693 0.125 0.18028846153846154
0 0.27884615384615385 0.9495192307692307 0.1045673076923077 0.10096153846153846
0 0.46153846153846156 0.9495192307692307 0.09375 0.10096153846153846
0 0.7572115384615384 0.5673076923076923 0.25721153846153844 0.39302884615384615
0 0.6057692307692307 0.6394230769230769 0.14783653846153846 0.26802884615384615
0 0.8930288461538461 0.8557692307692307 0.21394230769230768 0.28846153846153844
0 0.6430288461538461 0.8641826923076923 0.22355769230769232 0.2704326923076923