0 0.08413461538461539 0.5180288461538461 0.16826923076923078 0.29086538461538464
0 0.26322115384615385 0.5180288461538461 0.17548076923076922 0.296875
0 0.4266826923076923 0.5096153846153846 0.13581730769230768 0.296875
0 0.04326923076923077 0.2692307692307692 0.08533653846153846 0.28125
0 0.17908653846153846 0.26802884615384615 0.1658653846153846 0.28125
0 0.4723557692307692 0.265625 0.04567307692307692 0.29447115384615385
0 0.3545673076923077 0.2668269230769231 0.17067307692307693 0.28365384615384615
0 0.42788461538461536 0.08173076923076923 0.13341346153846154 0.16346153846153846
0 0.2692307692307692 0.08173076923076923 0.17067307692307693 0.16346153846153846
0 0.08413461538461539 0.07572115384615384 0.16826923076923078 0.1502403846153846
0 0.17307692307692307 0.7007211538461539 0.17548076923076922 0.16105769230769232
0 0.038461538461538464 0.7007211538461539 0.07692307692307693 0.16105769230769232
0 0.3605769230769231 0.6995192307692307 0.17307692307692307 0.16346153846153846
0 0.9098557692307693 0.6045673076923077 0.10576923076923077 0.18389423076923078
0 0.9230769230769231 0.38822115384615385 0.10576923076923077 0.18389423076923078
0 0.9519230769230769 0.1466346153846154 0.09495192307692307 0.18389423076923078
0 0.028846153846153848 0.890625 0.057692307692307696 0.13341346153846154
0 0.1466346153846154 0.8894230769230769 0.1814903846153846 0.13341346153846154
0 0.3269230769230769 0.8882211538461539 0.18629807692307693 0.13341346153846154
0 0.4543269230769231 0.8846153846153846 0.08052884615384616 0.13581730769230768
0 0.04807692307692308 0.8064903846153846 0.09495192307692307 0.05048076923076923
0 0.18990384615384615 0.8052884615384616 0.18389423076923078 0.04807692307692308
0 0.3737980769230769 0.8052884615384616 0.19110576923076922 0.04807692307692308
0 0.051682692307692304 0.9759615384615384 0.10336538461538461 0.04807692307692308
0 0.36899038461538464 0.9735576923076923 0.1814903846153846 0.052884615384615384
0 0.19110576923076922 0.9735576923076923 0.17548076923076922 0.052884615384615384