0 0.3233173076923077 0.15264423076923078 0.22115384615384615 0.30528846153846156
0 0.10096153846153846 0.09014423076923077 0.20192307692307693 0.18028846153846154
0 0.9026442307692307 0.3076923076923077 0.09615384615384616 0.1778846153846154
0 0.8173076923076923 0.24759615384615385 0.10697115384615384 0.18389423076923078
0 0.7199519230769231 0.20192307692307693 0.11177884615384616 0.19110576923076922
0 0.9675480769230769 0.13822115384615385 0.06370192307692307 0.17548076923076922
0 0.8641826923076923 0.11658653846153846 0.10697115384615384 0.1778846153846154
0 0.578125 0.09735576923076923 0.11177884615384616 0.17067307692307693
0 0.7319711538461539 0.08413461538461539 0.109375 0.15384615384615385
0 0.6334134615384616 0.026442307692307692 0.10697115384615384 0.052884615384615384
0 0.9447115384615384 0.02403846153846154 0.10697115384615384 0.04807692307692308
0 0.8269230769230769 0.4639423076923077 0.08533653846153846 0.12259615384615384
0 0.9879807692307693 0.04567307692307692 0.02403846153846154 0.09014423076923077
0 0.3581730769230769 0.9723557692307693 0.15144230769230768 0.055288461538461536
0 0.20793269230769232 0.9819711538461539 0.15144230769230768 0.036057692307692304
0 0.06009615384615385 0.9675480769230769 0.1201923076923077 0.06370192307692307
0 0.06129807692307692 0.8305288461538461 0.12259615384615384 0.22115384615384615
0 0.36658653846153844 0.8209134615384616 0.13341346153846154 0.24759615384615385
0 0.2127403846153846 0.8125 0.19951923076923078 0.2920673076923077
0 0.21394230769230768 0.6334134615384616 0.15745192307692307 0.08533653846153846
0 0.06370192307692307 0.6430288461538461 0.12740384615384615 0.10697115384615384
0 0.3605769230769231 0.6346153846153846 0.1466346153846154 0.08774038461538461
0 0.46153846153846156 0.9122596153846154 0.055288461538461536 0.17548076923076922
0 0.8112980769230769 0.9483173076923077 0.06370192307692307 0.10336538461538461
0 0.8774038461538461 0.9375 0.06129807692307692 0.1141826923076923
0 0.9519230769230769 0.9230769230769231 0.06370192307692307 0.11658653846153846
0 0.9915865384615384 0.8990384615384616 0.015625 0.11658653846153846
0 0.6887019230769231 0.8269230769230769 0.06129807692307692 0.1141826923076923
0 0.7584134615384616 0.8088942307692307 0.06129807692307692 0.11177884615384616
0 0.8233173076923077 0.7824519230769231 0.06129807692307692 0.1141826923076923
0 0.8930288461538461 0.765625 0.06370192307692307 0.11658653846153846
0 0.9555288461538461 0.7319711538461539 0.06971153846153846 0.11658653846153846
0 0.6971153846153846 0.7127403846153846 0.06129807692307692 0.11177884615384616
0 0.9951923076923077 0.7007211538461539 0.009615384615384616 0.11778846153846154
0 0.7668269230769231 0.6959134615384616 0.06129807692307692 0.11177884615384616
0 0.8269230769230769 0.6646634615384616 0.06370192307692307 0.11177884615384616
0 0.8918269230769231 0.6454326923076923 0.06129807692307692 0.109375
0 0.9543269230769231 0.6298076923076923 0.06370192307692307 0.07932692307692307
0 0.7007211538461539 0.6262019230769231 0.055288461538461536 0.07211538461538461
0 0.765625 0.6129807692307693 0.05889423076923077 0.04567307692307692