0 0.6211909999999999 0.541723 0.614475 0.537161 0.607031 0.535589 0.599587 0.537161 0.5928720000000001 0.541723 0.587542 0.548829 0.58412 0.5577829999999999 0.582941 0.567708 0.58412 0.577634 0.587542 0.586588 0.5928720000000001 0.5936939999999999 0.599587 0.598256 0.607031 0.599828 0.614475 0.598256 0.6211909999999999 0.5936939999999999 0.62652 0.586588 0.629942 0.577634 0.631121 0.567708 0.629942 0.5577829999999999 0.62652 0.548829 0.6211909999999999 0.541723
0 0.376589 0.31724399999999997 0.370278 0.31295700000000004 0.363281 0.311479 0.356285 0.31295700000000004 0.349973 0.31724399999999997 0.344965 0.323923 0.34174899999999997 0.33233799999999997 0.340641 0.341667 0.34174899999999997 0.350995 0.344965 0.35941 0.349973 0.366089 0.356285 0.370377 0.363281 0.371854 0.370278 0.370377 0.376589 0.366089 0.381598 0.35941 0.384814 0.350995 0.385922 0.341667 0.384814 0.33233799999999997 0.381598 0.323923 0.376589 0.31724399999999997
0 0.426227 0.31543299999999996 0.419717 0.31101 0.4125 0.30948600000000004 0.405283 0.31101 0.398773 0.31543299999999996 0.393606 0.322322 0.390289 0.331003 0.389146 0.340625 0.390289 0.35024700000000003 0.393606 0.358928 0.398773 0.365817 0.405283 0.37024 0.4125 0.371764 0.419717 0.37024 0.426227 0.365817 0.43139399999999994 0.358928 0.43471099999999996 0.35024700000000003 0.43585399999999996 0.340625 0.43471099999999996 0.331003 0.43139399999999994 0.322322 0.426227 0.31543299999999996
0 0.47430500000000003 0.317784 0.46759500000000004 0.313225 0.460156 0.311654 0.45271800000000006 0.313225 0.446007 0.317784 0.44068199999999996 0.324885 0.437263 0.333832 0.43608399999999997 0.34375 0.437263 0.353668 0.44068199999999996 0.362615 0.446007 0.369716 0.45271800000000006 0.374275 0.460156 0.375846 0.46759500000000004 0.374275 0.47430500000000003 0.369716 0.47963100000000003 0.362615 0.48305 0.353668 0.484228 0.34375 0.48305 0.333832 0.47963100000000003 0.324885 0.47430500000000003 0.317784
0 0.522743 0.319867 0.5160319999999999 0.31530800000000003 0.508594 0.31373799999999996 0.501155 0.31530800000000003 0.49444499999999997 0.319867 0.48911899999999997 0.32696800000000004 0.4857 0.335915 0.484522 0.345833 0.4857 0.35575100000000004 0.48911899999999997 0.364699 0.49444499999999997 0.371799 0.501155 0.376358 0.508594 0.377929 0.5160319999999999 0.376358 0.522743 0.371799 0.528068 0.364699 0.531487 0.35575100000000004 0.5326660000000001 0.345833 0.531487 0.335915 0.528068 0.32696800000000004 0.522743 0.319867
0 0.568055 0.296951 0.561345 0.292392 0.553906 0.290821 0.5464680000000001 0.292392 0.539757 0.296951 0.534432 0.30405099999999996 0.531013 0.31299899999999997 0.5298339999999999 0.322917 0.531013 0.332835 0.534432 0.341782 0.539757 0.348883 0.5464680000000001 0.353442 0.553906 0.35501299999999997 0.561345 0.353442 0.568055 0.348883 0.573381 0.341782 0.5768 0.332835 0.577978 0.322917 0.5768 0.31299899999999997 0.573381 0.30405099999999996 0.568055 0.296951
0 0.499049 0.259529 0.49208999999999997 0.254801 0.484375 0.253172 0.47666000000000003 0.254801 0.469701 0.259529 0.464178 0.266893 0.46063200000000004 0.276172 0.45941 0.286458 0.46063200000000004 0.296744 0.464178 0.30602399999999996 0.469701 0.313388 0.47666000000000003 0.318116 0.484375 0.319745 0.49208999999999997 0.318116 0.499049 0.313388 0.504572 0.30602399999999996 0.508118 0.296744 0.50934 0.286458 0.508118 0.276172 0.504572 0.266893 0.499049 0.259529
0 0.6323920000000001 0.296055 0.625181 0.291156 0.617188 0.289468 0.609194 0.291156 0.6019829999999999 0.296055 0.59626 0.303685 0.5925860000000001 0.3133 0.59132 0.323958 0.5925860000000001 0.334617 0.59626 0.344231 0.6019829999999999 0.351862 0.609194 0.356761 0.617188 0.358449 0.625181 0.356761 0.6323920000000001 0.351862 0.638115 0.344231 0.6417889999999999 0.334617 0.643055 0.323958 0.6417889999999999 0.3133 0.638115 0.303685 0.6323920000000001 0.296055
0 0.6432629999999999 0.362194 0.636454 0.357568 0.628906 0.355974 0.6213580000000001 0.357568 0.614549 0.362194 0.609145 0.369399 0.605676 0.378478 0.60448 0.388542 0.605676 0.398606 0.609145 0.407684 0.614549 0.41488899999999995 0.6213580000000001 0.41951499999999997 0.628906 0.42110900000000007 0.636454 0.41951499999999997 0.6432629999999999 0.41488899999999995 0.648667 0.407684 0.652137 0.398606 0.653332 0.388542 0.652137 0.378478 0.648667 0.369399 0.6432629999999999 0.362194
0 0.6901379999999999 0.364277 0.683329 0.359651 0.675781 0.35805699999999996 0.6682330000000001 0.359651 0.661424 0.364277 0.65602 0.371482 0.652551 0.38056100000000004 0.651355 0.390625 0.652551 0.400689 0.65602 0.409768 0.661424 0.41697300000000004 0.6682330000000001 0.42159899999999995 0.675781 0.42319300000000004 0.683329 0.42159899999999995 0.6901379999999999 0.41697300000000004 0.695542 0.409768 0.699012 0.400689 0.700207 0.390625 0.699012 0.38056100000000004 0.695542 0.371482 0.6901379999999999 0.364277
0 0.593263 0.355944 0.586454 0.351318 0.578906 0.34972400000000003 0.571358 0.351318 0.564549 0.355944 0.559145 0.363149 0.555676 0.372228 0.5544800000000001 0.38229199999999997 0.555676 0.39235600000000004 0.559145 0.40143399999999996 0.564549 0.408639 0.571358 0.413265 0.578906 0.41485900000000003 0.586454 0.413265 0.593263 0.408639 0.5986670000000001 0.40143399999999996 0.602137 0.39235600000000004 0.603332 0.38229199999999997 0.602137 0.372228 0.5986670000000001 0.363149 0.593263 0.355944
0 0.49873200000000006 0.37573599999999996 0.491923 0.37111 0.484375 0.369516 0.476827 0.37111 0.47001799999999994 0.37573599999999996 0.46461399999999997 0.38294100000000003 0.46114499999999997 0.392019 0.45994900000000005 0.402083 0.46114499999999997 0.41214700000000004 0.46461399999999997 0.421226 0.47001799999999994 0.42843099999999995 0.476827 0.43305699999999997 0.484375 0.434651 0.491923 0.43305699999999997 0.49873200000000006 0.42843099999999995 0.504136 0.421226 0.5076050000000001 0.41214700000000004 0.508801 0.402083 0.5076050000000001 0.392019 0.504136 0.38294100000000003 0.49873200000000006 0.37573599999999996
0 0.45107600000000003 0.373652 0.44426699999999997 0.36902599999999997 0.43671899999999997 0.367432 0.429171 0.36902599999999997 0.422362 0.373652 0.416958 0.380857 0.41348799999999997 0.389936 0.412293 0.4 0.41348799999999997 0.41006400000000004 0.416958 0.41914300000000004 0.422362 0.42634800000000006 0.429171 0.43097399999999997 0.43671899999999997 0.432568 0.44426699999999997 0.43097399999999997 0.45107600000000003 0.42634800000000006 0.45648 0.41914300000000004 0.45994900000000005 0.41006400000000004 0.46114499999999997 0.4 0.45994900000000005 0.389936 0.45648 0.380857 0.45107600000000003 0.373652
0 0.40263799999999994 0.373652 0.395829 0.36902599999999997 0.388281 0.367432 0.380733 0.36902599999999997 0.37392400000000003 0.373652 0.36852 0.380857 0.365051 0.389936 0.363855 0.4 0.365051 0.41006400000000004 0.36852 0.41914300000000004 0.37392400000000003 0.42634800000000006 0.380733 0.43097399999999997 0.388281 0.432568 0.395829 0.43097399999999997 0.40263799999999994 0.42634800000000006 0.408042 0.41914300000000004 0.411512 0.41006400000000004 0.412707 0.4 0.411512 0.389936 0.408042 0.380857 0.40263799999999994 0.373652
0 0.351076 0.37677700000000003 0.344267 0.372151 0.336719 0.37055699999999997 0.329171 0.372151 0.322362 0.37677700000000003 0.31695799999999996 0.383982 0.313488 0.393061 0.31229300000000004 0.403125 0.313488 0.41318900000000003 0.31695799999999996 0.42226800000000003 0.322362 0.42947300000000005 0.329171 0.43409899999999996 0.336719 0.435693 0.344267 0.43409899999999996 0.351076 0.42947300000000005 0.35648 0.42226800000000003 0.35994899999999996 0.41318900000000003 0.361145 0.403125 0.35994899999999996 0.393061 0.35648 0.383982 0.351076 0.37677700000000003
0 0.301076 0.381986 0.294267 0.37736000000000003 0.286719 0.375766 0.279171 0.37736000000000003 0.272362 0.381986 0.266958 0.389191 0.263488 0.398269 0.262293 0.408333 0.263488 0.418397 0.266958 0.42747599999999997 0.272362 0.434681 0.279171 0.439307 0.286719 0.44090100000000004 0.294267 0.439307 0.301076 0.434681 0.30648 0.42747599999999997 0.309949 0.418397 0.311145 0.408333 0.309949 0.398269 0.30648 0.389191 0.301076 0.381986
0 0.321136 0.32164000000000004 0.314076 0.316843 0.30625 0.315191 0.29842399999999997 0.316843 0.291364 0.32164000000000004 0.28576100000000004 0.32911 0.28216399999999997 0.338524 0.280924 0.348958 0.28216399999999997 0.35939299999999996 0.28576100000000004 0.368806 0.291364 0.37627700000000003 0.29842399999999997 0.381073 0.30625 0.382726 0.314076 0.381073 0.321136 0.37627700000000003 0.326739 0.368806 0.330336 0.35939299999999996 0.331576 0.348958 0.330336 0.338524 0.326739 0.32911 0.321136 0.32164000000000004
0 0.332326 0.436152 0.325517 0.431526 0.317969 0.429932 0.310421 0.431526 0.303612 0.436152 0.298208 0.44335699999999995 0.294738 0.45243599999999995 0.293543 0.4625 0.294738 0.47256400000000004 0.298208 0.48164300000000004 0.303612 0.48884800000000006 0.310421 0.49347399999999997 0.317969 0.495068 0.325517 0.49347399999999997 0.332326 0.48884800000000006 0.33773 0.48164300000000004 0.341199 0.47256400000000004 0.342395 0.4625 0.341199 0.45243599999999995 0.33773 0.44335699999999995 0.332326 0.436152
0 0.360144 0.48879900000000004 0.35348 0.484272 0.346094 0.482712 0.338707 0.484272 0.332044 0.48879900000000004 0.326756 0.49585 0.323361 0.5047349999999999 0.322191 0.514583 0.323361 0.524432 0.326756 0.533317 0.332044 0.540367 0.338707 0.544894 0.346094 0.546454 0.35348 0.544894 0.360144 0.540367 0.365432 0.533317 0.368827 0.524432 0.369997 0.514583 0.368827 0.5047349999999999 0.365432 0.49585 0.360144 0.48879900000000004
0 0.407019 0.484633 0.40035499999999996 0.480106 0.392969 0.47854599999999997 0.385582 0.480106 0.378919 0.484633 0.373631 0.491683 0.370236 0.500568 0.369066 0.510417 0.370236 0.520265 0.373631 0.52915 0.378919 0.5362009999999999 0.385582 0.540728 0.392969 0.542288 0.40035499999999996 0.540728 0.407019 0.5362009999999999 0.41230700000000003 0.52915 0.415702 0.520265 0.416872 0.510417 0.415702 0.500568 0.41230700000000003 0.491683 0.407019 0.484633
0 0.453894 0.487758 0.44722999999999996 0.48323099999999997 0.439844 0.48167099999999996 0.432457 0.48323099999999997 0.42579399999999995 0.487758 0.42050599999999994 0.494808 0.41711099999999995 0.503693 0.415941 0.5135419999999999 0.41711099999999995 0.52339 0.42050599999999994 0.532275 0.42579399999999995 0.539326 0.432457 0.543853 0.439844 0.545412 0.44722999999999996 0.543853 0.453894 0.539326 0.45918200000000003 0.532275 0.462577 0.52339 0.463747 0.5135419999999999 0.462577 0.503693 0.45918200000000003 0.494808 0.453894 0.487758
0 0.47498699999999994 0.430466 0.46832399999999996 0.42593899999999996 0.46093799999999996 0.42437899999999995 0.45355100000000004 0.42593899999999996 0.44688800000000006 0.430466 0.44159899999999996 0.437517 0.438204 0.446401 0.437034 0.45625 0.438204 0.466099 0.44159899999999996 0.47498300000000004 0.44688800000000006 0.48203399999999996 0.45355100000000004 0.486561 0.46093799999999996 0.488121 0.46832399999999996 0.486561 0.47498699999999994 0.48203399999999996 0.48027600000000004 0.47498300000000004 0.483671 0.466099 0.484841 0.45625 0.483671 0.446401 0.48027600000000004 0.437517 0.47498699999999994 0.430466
0 0.523425 0.431508 0.516761 0.42698099999999994 0.509375 0.42542099999999994 0.501989 0.42698099999999994 0.49532499999999996 0.431508 0.49003699999999994 0.438558 0.48664199999999996 0.447443 0.485472 0.457292 0.48664199999999996 0.46714 0.49003699999999994 0.47602500000000003 0.49532499999999996 0.48307599999999995 0.501989 0.487603 0.509375 0.489163 0.516761 0.487603 0.523425 0.48307599999999995 0.528713 0.47602500000000003 0.532108 0.46714 0.5332779999999999 0.457292 0.532108 0.447443 0.528713 0.438558 0.523425 0.431508
0 0.546862 0.375258 0.540199 0.37073100000000003 0.532813 0.369171 0.5254260000000001 0.37073100000000003 0.5187630000000001 0.375258 0.513474 0.382308 0.510079 0.391193 0.508909 0.401042 0.510079 0.41089000000000003 0.513474 0.419775 0.5187630000000001 0.426826 0.5254260000000001 0.431353 0.532813 0.43291199999999996 0.540199 0.431353 0.546862 0.426826 0.5521510000000001 0.419775 0.555546 0.41089000000000003 0.556716 0.401042 0.555546 0.391193 0.5521510000000001 0.382308 0.546862 0.375258
0 0.571862 0.42942400000000003 0.565199 0.42489699999999997 0.557813 0.42333699999999996 0.5504260000000001 0.42489699999999997 0.543763 0.42942400000000003 0.538474 0.436475 0.535079 0.44536 0.533909 0.455208 0.535079 0.465057 0.538474 0.473942 0.543763 0.480992 0.5504260000000001 0.48551900000000003 0.557813 0.48707900000000004 0.565199 0.48551900000000003 0.571862 0.480992 0.577151 0.473942 0.580546 0.465057 0.581716 0.455208 0.580546 0.44536 0.577151 0.436475 0.571862 0.42942400000000003
0 0.6218619999999999 0.425258 0.6151989999999999 0.42073099999999997 0.607812 0.41917099999999996 0.600426 0.42073099999999997 0.593763 0.425258 0.5884739999999999 0.432308 0.585079 0.441193 0.583909 0.451042 0.585079 0.46089 0.5884739999999999 0.469775 0.593763 0.47682599999999997 0.600426 0.48135300000000003 0.607812 0.48291300000000004 0.6151989999999999 0.48135300000000003 0.6218619999999999 0.47682599999999997 0.627151 0.469775 0.630546 0.46089 0.631716 0.451042 0.630546 0.441193 0.627151 0.432308 0.6218619999999999 0.425258
0 0.680765 0.43198299999999995 0.6739550000000001 0.42735700000000004 0.666406 0.42576200000000003 0.658858 0.42735700000000004 0.652048 0.43198299999999995 0.646643 0.439189 0.6431739999999999 0.448268 0.641978 0.458333 0.6431739999999999 0.468398 0.646643 0.47747799999999996 0.652048 0.484684 0.658858 0.48930999999999997 0.666406 0.490904 0.6739550000000001 0.48930999999999997 0.680765 0.484684 0.686169 0.47747799999999996 0.689639 0.468398 0.690834 0.458333 0.689639 0.448268 0.686169 0.439189 0.680765 0.43198299999999995
0 0.72764 0.408025 0.7208300000000001 0.403398 0.713281 0.401804 0.705733 0.403398 0.698923 0.408025 0.693518 0.41523000000000004 0.6900489999999999 0.42431 0.688853 0.434375 0.6900489999999999 0.44444 0.693518 0.45352 0.698923 0.46072499999999994 0.705733 0.46535200000000004 0.713281 0.46694599999999997 0.7208300000000001 0.46535200000000004 0.72764 0.46072499999999994 0.733044 0.45352 0.736514 0.44444 0.737709 0.434375 0.736514 0.42431 0.733044 0.41523000000000004 0.72764 0.408025
0 0.746919 0.344553 0.739858 0.339756 0.732031 0.338103 0.7242040000000001 0.339756 0.717143 0.344553 0.7115400000000001 0.352024 0.707942 0.361439 0.706702 0.371875 0.707942 0.38231099999999996 0.7115400000000001 0.391726 0.717143 0.39919699999999997 0.7242040000000001 0.40399399999999996 0.732031 0.405647 0.739858 0.40399399999999996 0.746919 0.39919699999999997 0.7525229999999999 0.391726 0.75612 0.38231099999999996 0.75736 0.371875 0.75612 0.361439 0.7525229999999999 0.352024 0.746919 0.344553
0 0.702078 0.299289 0.695164 0.294592 0.6875 0.29297399999999996 0.679836 0.294592 0.672922 0.299289 0.667436 0.306605 0.663913 0.315823 0.662699 0.326042 0.663913 0.33626 0.667436 0.345478 0.672922 0.352794 0.679836 0.357491 0.6875 0.359109 0.695164 0.357491 0.702078 0.352794 0.707564 0.345478 0.711087 0.33626 0.712301 0.326042 0.711087 0.315823 0.707564 0.306605 0.702078 0.299289
0 0.775189 0.39676300000000003 0.7684300000000001 0.392171 0.760938 0.39058899999999996 0.7534449999999999 0.392171 0.746686 0.39676300000000003 0.741322 0.403915 0.737878 0.412927 0.736691 0.422917 0.737878 0.432907 0.741322 0.44191900000000006 0.746686 0.449071 0.7534449999999999 0.453663 0.760938 0.455245 0.7684300000000001 0.453663 0.775189 0.449071 0.780553 0.44191900000000006 0.783997 0.432907 0.785184 0.422917 0.783997 0.412927 0.780553 0.403915 0.775189 0.39676300000000003
0 0.780106 0.46300800000000003 0.773238 0.458342 0.765625 0.456734 0.758012 0.458342 0.751144 0.46300800000000003 0.7456929999999999 0.470275 0.742194 0.47943199999999997 0.740988 0.489583 0.742194 0.499734 0.7456929999999999 0.508891 0.751144 0.516159 0.758012 0.520825 0.765625 0.522432 0.773238 0.520825 0.780106 0.516159 0.7855570000000001 0.508891 0.789056 0.499734 0.790262 0.489583 0.789056 0.47943199999999997 0.7855570000000001 0.470275 0.780106 0.46300800000000003
0 0.7301059999999999 0.47134099999999995 0.723238 0.46667500000000006 0.715625 0.46506800000000004 0.708012 0.46667500000000006 0.701144 0.47134099999999995 0.695693 0.47860899999999995 0.692194 0.487766 0.690988 0.497917 0.692194 0.508068 0.695693 0.517225 0.701144 0.524492 0.708012 0.529158 0.715625 0.5307660000000001 0.723238 0.529158 0.7301059999999999 0.524492 0.735557 0.517225 0.7390559999999999 0.508068 0.740262 0.497917 0.7390559999999999 0.487766 0.735557 0.47860899999999995 0.7301059999999999 0.47134099999999995
0 0.766825 0.5255080000000001 0.759957 0.520842 0.752344 0.519234 0.744731 0.520842 0.737863 0.5255080000000001 0.732412 0.532775 0.728913 0.541932 0.727707 0.552083 0.728913 0.562234 0.732412 0.571391 0.737863 0.578659 0.744731 0.583325 0.752344 0.584932 0.759957 0.583325 0.766825 0.578659 0.7722749999999999 0.571391 0.775775 0.562234 0.77698 0.552083 0.775775 0.541932 0.7722749999999999 0.532775 0.766825 0.5255080000000001
0 0.7149409999999999 0.532348 0.708225 0.5277860000000001 0.700781 0.526214 0.693337 0.5277860000000001 0.6866220000000001 0.532348 0.681292 0.539454 0.67787 0.548408 0.676691 0.558333 0.67787 0.5682590000000001 0.681292 0.577213 0.6866220000000001 0.584319 0.693337 0.588881 0.700781 0.590453 0.708225 0.588881 0.7149409999999999 0.584319 0.72027 0.577213 0.723692 0.5682590000000001 0.724871 0.558333 0.723692 0.548408 0.72027 0.539454 0.7149409999999999 0.532348
0 0.666503 0.53339 0.659788 0.5288269999999999 0.652344 0.527255 0.6449 0.5288269999999999 0.6381840000000001 0.53339 0.632855 0.5404950000000001 0.629433 0.549449 0.628254 0.559375 0.629433 0.5693010000000001 0.632855 0.578255 0.6381840000000001 0.58536 0.6449 0.589923 0.652344 0.591495 0.659788 0.589923 0.666503 0.58536 0.671833 0.578255 0.675255 0.5693010000000001 0.676434 0.559375 0.675255 0.549449 0.671833 0.5404950000000001 0.666503 0.53339
0 0.7422850000000001 0.580265 0.735569 0.5757019999999999 0.728125 0.57413 0.720681 0.5757019999999999 0.713965 0.580265 0.708636 0.5873700000000001 0.705214 0.596324 0.704035 0.60625 0.705214 0.6161760000000001 0.708636 0.62513 0.713965 0.632235 0.720681 0.636798 0.728125 0.63837 0.735569 0.636798 0.7422850000000001 0.632235 0.747614 0.62513 0.751036 0.6161760000000001 0.752215 0.60625 0.751036 0.596324 0.747614 0.5873700000000001 0.7422850000000001 0.580265
0 0.690206 0.5905859999999999 0.683736 0.58619 0.676562 0.5846750000000001 0.669389 0.58619 0.662919 0.5905859999999999 0.657783 0.597433 0.654486 0.606061 0.65335 0.615625 0.654486 0.625189 0.657783 0.633817 0.662919 0.640664 0.669389 0.64506 0.676562 0.646575 0.683736 0.64506 0.690206 0.640664 0.695342 0.633817 0.698639 0.625189 0.699775 0.615625 0.698639 0.606061 0.695342 0.597433 0.690206 0.5905859999999999
0 0.5956750000000001 0.593711 0.589204 0.589315 0.582031 0.5878 0.574858 0.589315 0.568387 0.593711 0.5632520000000001 0.600558 0.559955 0.609186 0.558819 0.61875 0.559955 0.628314 0.5632520000000001 0.636942 0.568387 0.6437890000000001 0.574858 0.648185 0.582031 0.6496999999999999 0.589204 0.648185 0.5956750000000001 0.6437890000000001 0.600811 0.636942 0.604108 0.628314 0.605244 0.61875 0.604108 0.609186 0.600811 0.600558 0.5956750000000001 0.593711
0 0.570675 0.537461 0.5642039999999999 0.533065 0.557031 0.53155 0.549858 0.533065 0.543387 0.537461 0.5382520000000001 0.544308 0.534955 0.552936 0.533819 0.5625 0.534955 0.572064 0.5382520000000001 0.580692 0.543387 0.587539 0.549858 0.591935 0.557031 0.59345 0.5642039999999999 0.591935 0.570675 0.587539 0.5758110000000001 0.580692 0.579108 0.572064 0.580244 0.5625 0.579108 0.552936 0.5758110000000001 0.544308 0.570675 0.537461
0 0.524581 0.541628 0.518111 0.537231 0.510938 0.535717 0.503764 0.537231 0.497294 0.541628 0.492158 0.548475 0.488861 0.557103 0.487725 0.566667 0.488861 0.576231 0.492158 0.584859 0.497294 0.5917060000000001 0.503764 0.596102 0.510938 0.597617 0.518111 0.596102 0.524581 0.5917060000000001 0.529717 0.584859 0.533014 0.576231 0.53415 0.566667 0.533014 0.557103 0.529717 0.548475 0.524581 0.541628
0 0.500363 0.487461 0.49389200000000005 0.483065 0.486719 0.48155000000000003 0.47954600000000003 0.483065 0.47307499999999997 0.487461 0.467939 0.494308 0.464642 0.5029359999999999 0.46350600000000003 0.5125 0.464642 0.5220640000000001 0.467939 0.5306919999999999 0.47307499999999997 0.537539 0.47954600000000003 0.541935 0.486719 0.54345 0.49389200000000005 0.541935 0.500363 0.537539 0.505498 0.5306919999999999 0.508795 0.5220640000000001 0.509931 0.5125 0.508795 0.5029359999999999 0.505498 0.494308 0.500363 0.487461
0 0.547238 0.48537800000000003 0.540767 0.480981 0.533594 0.479467 0.526421 0.480981 0.5199499999999999 0.48537800000000003 0.514814 0.492225 0.511517 0.500853 0.510381 0.510417 0.511517 0.519981 0.514814 0.528609 0.5199499999999999 0.535456 0.526421 0.539852 0.533594 0.5413669999999999 0.540767 0.539852 0.547238 0.535456 0.552373 0.528609 0.55567 0.519981 0.556806 0.510417 0.55567 0.500853 0.552373 0.492225 0.547238 0.48537800000000003
0 0.596456 0.48016899999999996 0.589986 0.47577299999999995 0.582812 0.474258 0.575639 0.47577299999999995 0.569169 0.48016899999999996 0.564033 0.487016 0.560736 0.495644 0.5596 0.505208 0.560736 0.514772 0.564033 0.5234 0.569169 0.5302469999999999 0.575639 0.534644 0.582812 0.536158 0.589986 0.534644 0.596456 0.5302469999999999 0.601592 0.5234 0.604889 0.514772 0.606025 0.505208 0.604889 0.495644 0.601592 0.487016 0.596456 0.48016899999999996
0 0.5484289999999999 0.592309 0.542134 0.588032 0.535156 0.5865579999999999 0.528178 0.588032 0.521883 0.592309 0.516888 0.5989690000000001 0.51368 0.607363 0.512575 0.616667 0.51368 0.625971 0.516888 0.6343639999999999 0.521883 0.641025 0.528178 0.645301 0.535156 0.646775 0.542134 0.645301 0.5484289999999999 0.641025 0.5534250000000001 0.6343639999999999 0.556632 0.625971 0.557737 0.616667 0.556632 0.607363 0.5534250000000001 0.5989690000000001 0.5484289999999999 0.592309
0 0.5022260000000001 0.599409 0.49561200000000005 0.594916 0.488281 0.593368 0.48095 0.594916 0.47433699999999995 0.599409 0.469088 0.606407 0.465718 0.615225 0.464557 0.625 0.465718 0.634775 0.469088 0.643593 0.47433699999999995 0.650591 0.48095 0.655084 0.488281 0.656632 0.49561200000000005 0.655084 0.5022260000000001 0.650591 0.507475 0.643593 0.510844 0.634775 0.512005 0.625 0.510844 0.615225 0.507475 0.606407 0.5022260000000001 0.599409
0 0.455776 0.593812 0.44933199999999995 0.589434 0.44218799999999997 0.587925 0.435043 0.589434 0.428599 0.593812 0.423484 0.6006319999999999 0.4202 0.609225 0.419069 0.61875 0.4202 0.628275 0.423484 0.636868 0.428599 0.643688 0.435043 0.648066 0.44218799999999997 0.649575 0.44933199999999995 0.648066 0.455776 0.643688 0.460891 0.636868 0.464175 0.628275 0.465306 0.61875 0.464175 0.609225 0.460891 0.6006319999999999 0.455776 0.593812
0 0.478066 0.539276 0.471795 0.5350159999999999 0.464844 0.5335479999999999 0.457892 0.5350159999999999 0.451621 0.539276 0.446645 0.5459120000000001 0.44344900000000004 0.554273 0.44234799999999996 0.563542 0.44344900000000004 0.57281 0.446645 0.581172 0.451621 0.587807 0.457892 0.592067 0.464844 0.5935349999999999 0.471795 0.592067 0.478066 0.587807 0.483043 0.581172 0.486238 0.57281 0.48733899999999997 0.563542 0.486238 0.554273 0.483043 0.5459120000000001 0.478066 0.539276
0 0.375402 0.5526220000000001 0.36854200000000004 0.547962 0.360938 0.5463560000000001 0.353333 0.547962 0.346473 0.5526220000000001 0.34102899999999997 0.5598810000000001 0.337534 0.569028 0.33633 0.579167 0.337534 0.589306 0.34102899999999997 0.598452 0.346473 0.605711 0.353333 0.610371 0.360938 0.611977 0.36854200000000004 0.610371 0.375402 0.605711 0.380846 0.598452 0.384341 0.589306 0.38554499999999997 0.579167 0.384341 0.569028 0.380846 0.5598810000000001 0.375402 0.5526220000000001
0 0.31138 0.492523 0.304871 0.488101 0.29765600000000003 0.48657700000000004 0.290441 0.488101 0.28393199999999996 0.492523 0.278767 0.49941 0.275451 0.508088 0.274308 0.5177080000000001 0.275451 0.527328 0.278767 0.536007 0.28393199999999996 0.542894 0.290441 0.547316 0.29765600000000003 0.54884 0.304871 0.547316 0.31138 0.542894 0.316546 0.536007 0.319862 0.527328 0.321005 0.5177080000000001 0.319862 0.508088 0.316546 0.49941 0.31138 0.492523
0 0.252786 0.493564 0.246278 0.489142 0.23906299999999997 0.487619 0.231847 0.489142 0.225339 0.493564 0.220173 0.500452 0.216857 0.5091300000000001 0.21571400000000002 0.51875 0.216857 0.52837 0.220173 0.537048 0.225339 0.543936 0.231847 0.548358 0.23906299999999997 0.549881 0.246278 0.548358 0.252786 0.543936 0.257952 0.537048 0.261268 0.52837 0.262411 0.51875 0.261268 0.5091300000000001 0.257952 0.500452 0.252786 0.493564
0 0.20390000000000003 0.500247 0.197233 0.495718 0.18984399999999998 0.49415699999999996 0.182454 0.495718 0.175788 0.500247 0.170497 0.507301 0.167101 0.516189 0.16593 0.526042 0.167101 0.535894 0.170497 0.544783 0.175788 0.551837 0.182454 0.5563659999999999 0.18984399999999998 0.5579259999999999 0.197233 0.5563659999999999 0.20390000000000003 0.551837 0.20919 0.544783 0.212587 0.535894 0.21375700000000003 0.526042 0.212587 0.516189 0.20919 0.507301 0.20390000000000003 0.500247
0 0.23515000000000003 0.5492049999999999 0.228483 0.544676 0.22109399999999998 0.543116 0.21370399999999998 0.544676 0.207038 0.5492049999999999 0.20174699999999998 0.5562590000000001 0.198351 0.565147 0.19718 0.575 0.198351 0.5848530000000001 0.20174699999999998 0.593741 0.207038 0.600795 0.21370399999999998 0.605324 0.22109399999999998 0.606884 0.228483 0.605324 0.23515000000000003 0.600795 0.24044 0.593741 0.243837 0.5848530000000001 0.24500700000000003 0.575 0.243837 0.565147 0.24044 0.5562590000000001 0.23515000000000003 0.5492049999999999
0 0.309368 0.605455 0.30270199999999997 0.6009260000000001 0.295312 0.5993660000000001 0.28792300000000004 0.6009260000000001 0.281257 0.605455 0.275966 0.612509 0.27257 0.621397 0.271399 0.63125 0.27257 0.641103 0.275966 0.649991 0.281257 0.657045 0.28792300000000004 0.661574 0.295312 0.663134 0.30270199999999997 0.661574 0.309368 0.657045 0.314659 0.649991 0.31805500000000003 0.641103 0.319226 0.63125 0.31805500000000003 0.621397 0.314659 0.612509 0.309368 0.605455
0 0.228634 0.434717 0.22172299999999998 0.430022 0.21406200000000003 0.428404 0.20640200000000003 0.430022 0.199491 0.434717 0.19400599999999998 0.44203000000000003 0.190485 0.451244 0.189272 0.46145800000000003 0.190485 0.471673 0.19400599999999998 0.48088699999999995 0.199491 0.48819999999999997 0.20640200000000003 0.492895 0.21406200000000003 0.494512 0.22172299999999998 0.492895 0.228634 0.48819999999999997 0.23411900000000002 0.48088699999999995 0.23764 0.471673 0.23885299999999998 0.46145800000000003 0.23764 0.451244 0.23411900000000002 0.44203000000000003 0.228634 0.434717
0 0.204415 0.377425 0.19750399999999999 0.37273 0.18984399999999998 0.37111299999999997 0.182183 0.37273 0.175272 0.377425 0.169788 0.38473799999999997 0.166266 0.39395199999999997 0.165053 0.404167 0.166266 0.414381 0.169788 0.423595 0.175272 0.43090799999999996 0.182183 0.43560299999999996 0.18984399999999998 0.43722099999999997 0.19750399999999999 0.43560299999999996 0.204415 0.43090799999999996 0.20990000000000003 0.423595 0.213421 0.414381 0.214634 0.404167 0.213421 0.39395199999999997 0.20990000000000003 0.38473799999999997 0.204415 0.377425
0 0.288724 0.541481 0.282215 0.537059 0.275 0.535535 0.267785 0.537059 0.261276 0.541481 0.25611100000000003 0.548368 0.252794 0.5570470000000001 0.251652 0.566667 0.252794 0.576287 0.25611100000000003 0.584965 0.261276 0.591852 0.267785 0.596274 0.275 0.5977979999999999 0.282215 0.596274 0.288724 0.591852 0.29388899999999996 0.584965 0.29720599999999997 0.576287 0.298348 0.566667 0.29720599999999997 0.5570470000000001 0.29388899999999996 0.548368 0.288724 0.541481
0 0.219531 0.392708 0.217969 0.39895800000000003 0.217188 0.407292 0.217969 0.41458300000000003 0.220312 0.419792 0.22343799999999997 0.425 0.226562 0.428125 0.23125 0.433333 0.235937 0.436458 0.240625 0.4375 0.24609399999999998 0.4375 0.25078100000000003 0.435417 0.25625 0.432292 0.259375 0.428125 0.261719 0.425 0.263281 0.420833 0.264062 0.419792 0.2625 0.41458300000000003 0.2625 0.410417 0.2625 0.40625 0.263281 0.401042 0.263281 0.39791699999999997 0.264062 0.394792 0.2625 0.388542 0.258594 0.38333300000000003 0.253125 0.377083 0.24765600000000002 0.375 0.242969 0.372917 0.23828100000000002 0.372917 0.23203100000000002 0.375 0.226562 0.379167 0.221875 0.385417 0.219531 0.392708
0 0.246875 0.46041699999999997 0.24765600000000002 0.46875 0.249219 0.475 0.251563 0.479167 0.25468799999999997 0.484375 0.25781200000000004 0.4875 0.263281 0.490625 0.267969 0.49270800000000003 0.27343799999999996 0.49270800000000003 0.278125 0.490625 0.282813 0.488542 0.286719 0.486458 0.289844 0.48125 0.291406 0.478125 0.29375 0.472917 0.29375 0.469792 0.292969 0.466667 0.292969 0.4625 0.292969 0.459375 0.29375 0.455208 0.29218700000000003 0.447917 0.290625 0.44479199999999997 0.288281 0.441667 0.2875 0.440625 0.283594 0.440625 0.28046899999999997 0.439583 0.27656200000000003 0.438542 0.27343799999999996 0.435417 0.27031299999999997 0.432292 0.267969 0.42916699999999997 0.261719 0.43125 0.258594 0.434375 0.255469 0.436458 0.251563 0.441667 0.246875 0.452083 0.246875 0.46041699999999997
0 0.150781 0.45625 0.15 0.4625 0.151562 0.469792 0.153125 0.47604199999999997 0.155469 0.48125 0.159375 0.4875 0.1625 0.490625 0.166406 0.494792 0.171875 0.496875 0.17578100000000002 0.496875 0.178906 0.497917 0.18125 0.495833 0.184375 0.494792 0.1875 0.49375 0.188281 0.49375 0.190625 0.49166699999999997 0.192969 0.489583 0.19375 0.4875 0.19531199999999999 0.483333 0.192969 0.478125 0.190625 0.472917 0.18984399999999998 0.466667 0.189062 0.46145800000000003 0.18984399999999998 0.455208 0.18984399999999998 0.452083 0.19140600000000002 0.447917 0.192188 0.44583300000000003 0.18984399999999998 0.440625 0.186719 0.438542 0.18125 0.435417 0.175 0.433333 0.170313 0.433333 0.165625 0.434375 0.16015600000000002 0.438542 0.157031 0.441667 0.15390600000000002 0.447917 0.150781 0.45625
0 0.29765600000000003 0.575 0.298438 0.5802080000000001 0.3 0.584375 0.30156299999999997 0.589583 0.30468799999999996 0.594792 0.30781200000000003 0.597917 0.31171899999999997 0.601042 0.31718799999999997 0.603125 0.321875 0.604167 0.326562 0.603125 0.329688 0.602083 0.333594 0.598958 0.336719 0.596875 0.33906200000000003 0.59375 0.338281 0.590625 0.3375 0.5875 0.336719 0.583333 0.336719 0.5802080000000001 0.336719 0.5760419999999999 0.336719 0.571875 0.338281 0.567708 0.33906200000000003 0.563542 0.339844 0.561458 0.341406 0.559375 0.33906200000000003 0.554167 0.336719 0.55 0.33281299999999997 0.546875 0.32890600000000003 0.54375 0.32343700000000003 0.541667 0.31875 0.541667 0.314844 0.542708 0.310937 0.5447919999999999 0.307031 0.546875 0.303906 0.55 0.302344 0.553125 0.3 0.558333 0.298438 0.563542 0.298438 0.567708 0.29765600000000003 0.575
0 0.235156 0.603125 0.232813 0.6072919999999999 0.23046899999999998 0.613542 0.22968700000000003 0.620833 0.22968700000000003 0.6270830000000001 0.23046899999999998 0.63125 0.23203100000000002 0.635417 0.233594 0.639583 0.23671899999999998 0.64375 0.240625 0.646875 0.244531 0.65 0.249219 0.652083 0.257031 0.653125 0.263281 0.651042 0.26640600000000003 0.648958 0.271094 0.644792 0.272656 0.641667 0.272656 0.640625 0.271094 0.636458 0.271094 0.632292 0.271875 0.628125 0.271875 0.623958 0.272656 0.620833 0.27343799999999996 0.617708 0.275 0.614583 0.275781 0.6125 0.274219 0.6072919999999999 0.272656 0.604167 0.27031299999999997 0.601042 0.26875 0.598958 0.265625 0.596875 0.261719 0.594792 0.25781200000000004 0.592708 0.252344 0.5916669999999999 0.24609399999999998 0.59375 0.242969 0.5958330000000001 0.23828100000000002 0.598958 0.235156 0.603125
0 0.325781 0.630208 0.326562 0.635417 0.32890600000000003 0.641667 0.33281299999999997 0.647917 0.336719 0.651042 0.34296899999999997 0.6541669999999999 0.349219 0.655208 0.35468700000000003 0.6541669999999999 0.36015600000000003 0.652083 0.36406299999999997 0.647917 0.367969 0.641667 0.37031200000000003 0.633333 0.371875 0.6270830000000001 0.371094 0.619792 0.37031200000000003 0.614583 0.36875 0.6114580000000001 0.363281 0.6125 0.35859399999999997 0.6125 0.353906 0.610417 0.34843799999999997 0.6072919999999999 0.345313 0.604167 0.342187 0.601042 0.340625 0.597917 0.33906200000000003 0.5958330000000001 0.33593799999999996 0.597917 0.332031 0.601042 0.328125 0.6072919999999999 0.325781 0.6125 0.325 0.61875 0.324219 0.623958 0.325781 0.630208
0 0.38281200000000004 0.5958330000000001 0.380469 0.6 0.378906 0.603125 0.378125 0.605208 0.377344 0.6125 0.377344 0.61875 0.37968799999999997 0.623958 0.382031 0.629167 0.38593700000000003 0.633333 0.39140600000000003 0.6375 0.396875 0.639583 0.40156200000000003 0.639583 0.40625 0.639583 0.410156 0.6375 0.41406200000000004 0.633333 0.417969 0.629167 0.41875 0.623958 0.41875 0.61875 0.41875 0.614583 0.420312 0.609375 0.42109399999999997 0.605208 0.420312 0.6 0.417969 0.594792 0.41718700000000003 0.592708 0.415625 0.589583 0.411719 0.586458 0.408594 0.586458 0.40546899999999997 0.584375 0.403125 0.58125 0.39843799999999996 0.58125 0.39531299999999997 0.58125 0.390625 0.582292 0.3875 0.585417 0.384375 0.589583 0.38281200000000004 0.5958330000000001
0 0.397656 0.572917 0.4 0.578125 0.403125 0.58125 0.40625 0.584375 0.409375 0.586458 0.413281 0.588542 0.419531 0.589583 0.425781 0.5875 0.42968799999999996 0.585417 0.434375 0.579167 0.4375 0.575 0.439844 0.567708 0.440625 0.5625 0.439844 0.555208 0.439844 0.55 0.43828100000000003 0.547917 0.4375 0.5447919999999999 0.433594 0.54375 0.42968799999999996 0.542708 0.42656299999999997 0.539583 0.424219 0.538542 0.419531 0.53125 0.41875 0.5291669999999999 0.416406 0.5291669999999999 0.4125 0.530208 0.411719 0.530208 0.409375 0.532292 0.407813 0.534375 0.404687 0.5375 0.402344 0.539583 0.400781 0.540625 0.399219 0.540625 0.39843799999999996 0.540625 0.396094 0.547917 0.39531299999999997 0.555208 0.394531 0.561458 0.39531299999999997 0.567708 0.397656 0.572917
0 0.608594 0.630208 0.610938 0.634375 0.613281 0.639583 0.617188 0.6427080000000001 0.623437 0.645833 0.629687 0.646875 0.6375 0.645833 0.642969 0.641667 0.646875 0.636458 0.65 0.632292 0.651563 0.6270830000000001 0.652344 0.621875 0.653125 0.616667 0.652344 0.610417 0.651563 0.605208 0.65 0.601042 0.647656 0.596875 0.645312 0.59375 0.642188 0.590625 0.638281 0.5875 0.634375 0.586458 0.632031 0.586458 0.628906 0.586458 0.625781 0.586458 0.623437 0.589583 0.621875 0.592708 0.619531 0.594792 0.615625 0.596875 0.614062 0.597917 0.610938 0.598958 0.609375 0.601042 0.607812 0.604167 0.60625 0.6125 0.60625 0.617708 0.607031 0.623958 0.608594 0.630208
0 0.60625 0.503125 0.605469 0.507292 0.605469 0.510417 0.607031 0.514583 0.608594 0.51875 0.610938 0.521875 0.613281 0.523958 0.617188 0.528125 0.621875 0.530208 0.626563 0.53125 0.629687 0.53125 0.635938 0.5291669999999999 0.640625 0.527083 0.64375 0.522917 0.646875 0.5177080000000001 0.649219 0.5125 0.650781 0.507292 0.650781 0.501042 0.650781 0.49375 0.649219 0.4875 0.646875 0.482292 0.642969 0.47708300000000003 0.639844 0.473958 0.636719 0.471875 0.632812 0.469792 0.628906 0.469792 0.626563 0.470833 0.624219 0.473958 0.622656 0.47604199999999997 0.620313 0.478125 0.617969 0.480208 0.614844 0.48125 0.610938 0.482292 0.607812 0.483333 0.607031 0.485417 0.605469 0.489583 0.604688 0.49375 0.605469 0.497917 0.60625 0.503125
0 0.35 0.442708 0.349219 0.45 0.35 0.457292 0.35156200000000004 0.4625 0.353906 0.46875 0.357031 0.473958 0.360938 0.478125 0.36406299999999997 0.48125 0.369531 0.482292 0.37578100000000003 0.483333 0.382031 0.48125 0.385156 0.478125 0.389062 0.473958 0.39140600000000003 0.469792 0.39375 0.463542 0.39375 0.459375 0.394531 0.452083 0.39375 0.44479199999999997 0.392969 0.440625 0.39140600000000003 0.436458 0.389062 0.434375 0.388281 0.432292 0.383594 0.43125 0.37968799999999997 0.43020800000000003 0.376563 0.428125 0.373437 0.426042 0.371875 0.423958 0.37031200000000003 0.421875 0.366406 0.422917 0.36015600000000003 0.425 0.355469 0.43020800000000003 0.352344 0.436458 0.35 0.442708
0 0.4 0.43020800000000003 0.397656 0.434375 0.39531299999999997 0.439583 0.39375 0.44479199999999997 0.39375 0.457292 0.39375 0.464583 0.39531299999999997 0.469792 0.39843799999999996 0.475 0.40625 0.482292 0.41093799999999997 0.485417 0.41875 0.485417 0.423438 0.483333 0.430469 0.478125 0.434375 0.472917 0.43671899999999997 0.46875 0.4375 0.463542 0.4375 0.459375 0.4375 0.452083 0.43828100000000003 0.446875 0.43671899999999997 0.440625 0.434375 0.436458 0.43281200000000003 0.433333 0.432031 0.432292 0.428125 0.43020800000000003 0.424219 0.428125 0.42109399999999997 0.425 0.419531 0.422917 0.41406200000000004 0.422917 0.410156 0.422917 0.40703100000000003 0.425 0.403906 0.427083 0.4 0.43020800000000003