0 0.536873 0.249541 0.5184059999999999 0.27416399999999996 0.5065500000000001 0.30518999999999996 0.502464 0.339583 0.5065500000000001 0.373976 0.5184059999999999 0.40500299999999995 0.536873 0.429625 0.560143 0.445434 0.585938 0.45088100000000003 0.611732 0.445434 0.635002 0.429625 0.6534690000000001 0.40500299999999995 0.6653249999999999 0.373976 0.669411 0.339583 0.6653249999999999 0.30518999999999996 0.6534690000000001 0.27416399999999996 0.635002 0.249541 0.611732 0.23373300000000002 0.585938 0.228285 0.560143 0.23373300000000002 0.536873 0.249541
0 0.676613 0.12460800000000001 0.657519 0.150067 0.645259 0.182147 0.641035 0.217708 0.645259 0.253269 0.657519 0.28535 0.676613 0.31080800000000003 0.700673 0.327154 0.727344 0.33278599999999997 0.754015 0.327154 0.7780750000000001 0.31080800000000003 0.797169 0.28535 0.8094279999999999 0.253269 0.813652 0.217708 0.8094279999999999 0.182147 0.797169 0.150067 0.7780750000000001 0.12460800000000001 0.754015 0.108263 0.727344 0.10263 0.700673 0.108263 0.676613 0.12460800000000001
0 0.625488 0.42658699999999994 0.60744 0.45065 0.595853 0.48097200000000007 0.5918599999999999 0.514583 0.595853 0.548195 0.60744 0.578517 0.625488 0.60258 0.6482289999999999 0.61803 0.673438 0.623353 0.698646 0.61803 0.721387 0.60258 0.7394350000000001 0.578517 0.7510220000000001 0.548195 0.755015 0.514583 0.7510220000000001 0.48097200000000007 0.7394350000000001 0.45065 0.721387 0.42658699999999994 0.698646 0.411137 0.673438 0.405814 0.6482289999999999 0.411137 0.625488 0.42658699999999994
0 0.271094 0.49270800000000003 0.269531 0.5125 0.27031299999999997 0.532292 0.272656 0.55 0.277344 0.566667 0.285156 0.579167 0.29375 0.59375 0.305469 0.608333 0.31875 0.615625 0.33281299999999997 0.6229169999999999 0.347656 0.625 0.3625 0.6229169999999999 0.375 0.61875 0.390625 0.608333 0.40156200000000003 0.5958330000000001 0.409375 0.584375 0.415625 0.567708 0.420312 0.553125 0.421875 0.5375 0.42265600000000003 0.526042 0.42265600000000003 0.511458 0.42109399999999997 0.5 0.417969 0.4875 0.414844 0.47708300000000003 0.40546899999999997 0.459375 0.399219 0.451042 0.392188 0.442708 0.384375 0.436458 0.378125 0.43125 0.37031200000000003 0.427083 0.357031 0.421875 0.34453100000000003 0.419792 0.332031 0.420833 0.317969 0.423958 0.309375 0.43020800000000003 0.298438 0.439583 0.289844 0.448958 0.283594 0.458333 0.277344 0.471875 0.271094 0.49270800000000003
0 0.446094 0.565625 0.45390600000000003 0.578125 0.46093799999999996 0.583333 0.471094 0.5916669999999999 0.491406 0.603125 0.50625 0.604167 0.526563 0.598958 0.545312 0.586458 0.5625 0.567708 0.570312 0.552083 0.575 0.534375 0.577344 0.514583 0.578125 0.497917 0.574219 0.479167 0.569531 0.466667 0.566406 0.457292 0.5625 0.448958 0.555469 0.438542 0.546875 0.433333 0.540625 0.428125 0.535156 0.421875 0.529687 0.41458300000000003 0.519531 0.410417 0.509375 0.409375 0.501563 0.408333 0.492969 0.409375 0.485938 0.411458 0.478125 0.41458300000000003 0.472656 0.416667 0.464844 0.422917 0.45390600000000003 0.435417 0.446875 0.442708 0.43828100000000003 0.4625 0.434375 0.472917 0.43125 0.488542 0.42968799999999996 0.5020830000000001 0.432031 0.5177080000000001 0.434375 0.530208 0.43671899999999997 0.542708 0.440625 0.554167 0.446094 0.565625
0 0.907635 0.445217 0.9197240000000001 0.41341 0.92361 0.378863 0.9189149999999999 0.344957 0.9060980000000001 0.31501100000000004 0.886412 0.291958 0.861786 0.278052 0.83463 0.27465700000000004 0.807601 0.282103 0.783346 0.299663 0.76424 0.325616 0.752151 0.357423 0.748265 0.39197099999999996 0.7529600000000001 0.425877 0.765777 0.45582200000000006 0.785463 0.47887599999999997 0.810089 0.492781 0.837245 0.496176 0.864274 0.48873 0.8885289999999999 0.471171 0.907635 0.445217
0 0.30244499999999996 0.6122029999999999 0.279682 0.6176079999999999 0.25975000000000004 0.631996 0.244599 0.653958 0.235712 0.681345 0.23395899999999997 0.711476 0.239512 0.741401 0.251828 0.7681910000000001 0.269699 0.789224 0.291378 0.80244 0.314743 0.8065469999999999 0.337505 0.8011419999999999 0.357437 0.786754 0.37258800000000003 0.764792 0.381475 0.7374050000000001 0.383228 0.707274 0.377675 0.677349 0.36536 0.650559 0.347488 0.629526 0.325809 0.61631 0.30244499999999996 0.6122029999999999
0 0.5833160000000001 0.612932 0.561642 0.628144 0.544869 0.651308 0.5346409999999999 0.680156 0.531957 0.711864 0.5370809999999999 0.743329 0.5495110000000001 0.771469 0.56803 0.793532 0.5908260000000001 0.807357 0.615667 0.81159 0.6401220000000001 0.805818 0.661796 0.790606 0.6785680000000001 0.767442 0.688797 0.738594 0.691481 0.706886 0.686357 0.6754209999999999 0.673927 0.647281 0.6554070000000001 0.625218 0.6326120000000001 0.611393 0.60777 0.60716 0.5833160000000001 0.612932
0 0.89625 0.851758 0.907868 0.823948 0.9122159999999999 0.793386 0.9088670000000001 0.763064 0.898151 0.735949 0.881115 0.714696 0.8594269999999999 0.7013860000000001 0.8352109999999999 0.69732 0.8108359999999999 0.702898 0.788689 0.717573 0.770937 0.739909 0.759319 0.767719 0.754972 0.798281 0.75832 0.828603 0.769037 0.8557180000000001 0.786073 0.876971 0.807761 0.8902810000000001 0.831977 0.894346 0.856352 0.8887689999999999 0.878499 0.874094 0.89625 0.851758
0 0.8935980000000001 0.657735 0.9054449999999999 0.6274930000000001 0.909418 0.594662 0.905127 0.562455 0.892993 0.534026 0.874203 0.512156 0.8505969999999999 0.49898699999999996 0.8244849999999999 0.49580799999999997 0.798424 0.50293 0.774964 0.519656 0.756402 0.544348 0.744555 0.5745899999999999 0.7405820000000001 0.607421 0.744873 0.639628 0.757007 0.668057 0.7757970000000001 0.689927 0.7994030000000001 0.703096 0.825515 0.706275 0.851576 0.699153 0.875036 0.682428 0.8935980000000001 0.657735
0 0.42172400000000004 0.619302 0.402713 0.637704 0.38902000000000003 0.662918 0.381984 0.6924750000000001 0.382294 0.723483 0.38992 0.7529060000000001 0.404115 0.777864 0.42349 0.795914 0.446149 0.8052889999999999 0.46987199999999996 0.8050710000000001 0.492339 0.795282 0.5113489999999999 0.77688 0.5250429999999999 0.751665 0.532079 0.722108 0.5317689999999999 0.6910999999999999 0.524143 0.661677 0.509947 0.636719 0.49057199999999995 0.6186689999999999 0.46791400000000005 0.609294 0.44419000000000003 0.6095119999999999 0.42172400000000004 0.619302
0 0.368217 0.24802200000000002 0.350079 0.272205 0.338434 0.30267900000000003 0.33442099999999997 0.33645800000000003 0.338434 0.37023799999999996 0.350079 0.400711 0.368217 0.42489499999999997 0.391071 0.440422 0.416406 0.445772 0.44174100000000005 0.440422 0.46459599999999995 0.42489499999999997 0.48273400000000005 0.400711 0.494379 0.37023799999999996 0.498391 0.33645800000000003 0.494379 0.30267900000000003 0.48273400000000005 0.272205 0.46459599999999995 0.24802200000000002 0.44174100000000005 0.23249499999999998 0.416406 0.227145 0.391071 0.23249499999999998 0.368217 0.24802200000000002
0 0.466397 0.038496999999999997 0.44428900000000004 0.059091000000000005 0.42771100000000006 0.088074 0.418286 0.122609 0.41693600000000003 0.15931599999999999 0.42379300000000003 0.1946 0.43818599999999996 0.22500900000000001 0.458707 0.247566 0.48334599999999994 0.26006300000000004 0.509692 0.261276 0.535166 0.25108600000000003 0.557273 0.230492 0.573851 0.201509 0.583277 0.166974 0.584627 0.130268 0.577769 0.094983 0.563376 0.06457399999999999 0.5428550000000001 0.042017 0.518216 0.029521 0.49187000000000003 0.028308 0.466397 0.038496999999999997
0 0.626563 0.8145830000000001 0.61875 0.8302080000000001 0.614844 0.840625 0.613281 0.851042 0.613281 0.867708 0.614062 0.8927080000000001 0.61875 0.909375 0.626563 0.920833 0.633594 0.934375 0.647656 0.946875 0.661719 0.954167 0.672656 0.959375 0.689844 0.9625 0.707031 0.959375 0.721875 0.953125 0.738281 0.941667 0.750781 0.927083 0.759375 0.9083330000000001 0.764062 0.890625 0.766406 0.876042 0.766406 0.859375 0.764844 0.847917 0.760938 0.834375 0.755469 0.815625 0.744531 0.8 0.733594 0.788542 0.720313 0.780208 0.707031 0.773958 0.694531 0.772917 0.683594 0.772917 0.675781 0.773958 0.664844 0.780208 0.657031 0.7875 0.644531 0.797917 0.635938 0.803125 0.626563 0.8145830000000001
0 0.470313 0.8260419999999999 0.467187 0.842708 0.465625 0.858333 0.464844 0.878125 0.46875 0.891667 0.471875 0.901042 0.47656200000000004 0.911458 0.482812 0.922917 0.492969 0.934375 0.503125 0.942708 0.5125 0.948958 0.523438 0.953125 0.532813 0.9552080000000001 0.542969 0.95625 0.558594 0.954167 0.569531 0.947917 0.579688 0.942708 0.589844 0.934375 0.598437 0.921875 0.603125 0.913542 0.609375 0.896875 0.613281 0.88125 0.613281 0.867708 0.613281 0.85625 0.610156 0.839583 0.609375 0.83125 0.604688 0.821875 0.600781 0.815625 0.595313 0.807292 0.591406 0.804167 0.583594 0.8 0.578906 0.796875 0.573438 0.79375 0.56875 0.789583 0.560937 0.782292 0.55625 0.776042 0.552344 0.771875 0.542188 0.770833 0.53125 0.771875 0.524219 0.771875 0.514844 0.776042 0.509375 0.780208 0.503125 0.785417 0.492969 0.79375 0.48359399999999997 0.801042 0.475 0.813542 0.470313 0.8260419999999999
0 0.350781 0.922917 0.35625 0.928125 0.363281 0.934375 0.371094 0.938542 0.382031 0.942708 0.394531 0.946875 0.408594 0.946875 0.420312 0.942708 0.43281200000000003 0.936458 0.441406 0.93125 0.451562 0.91875 0.458594 0.9083330000000001 0.4625 0.896875 0.466406 0.886458 0.466406 0.86875 0.465625 0.85 0.464844 0.838542 0.463281 0.829167 0.46093799999999996 0.821875 0.457031 0.813542 0.45234399999999997 0.807292 0.447656 0.8 0.4375 0.7989580000000001 0.430469 0.795833 0.42265600000000003 0.790625 0.41406200000000004 0.7833330000000001 0.408594 0.776042 0.403906 0.7677080000000001 0.392969 0.7677080000000001 0.386719 0.7677080000000001 0.380469 0.766667 0.375 0.766667 0.36875 0.769792 0.359375 0.782292 0.35156200000000004 0.790625 0.34453100000000003 0.7947919999999999 0.341406 0.8 0.335156 0.808333 0.332031 0.815625 0.326562 0.829167 0.325781 0.840625 0.325 0.8572919999999999 0.326562 0.8729169999999999 0.329688 0.885417 0.334375 0.894792 0.338281 0.905208 0.34375 0.914583 0.350781 0.922917
0 0.24388100000000001 0.370144 0.240108 0.375175 0.237686 0.381514 0.236851 0.388542 0.237686 0.395569 0.240108 0.401908 0.24388100000000001 0.40693900000000005 0.248636 0.41016899999999995 0.253906 0.41128200000000004 0.259177 0.41016899999999995 0.263931 0.40693900000000005 0.267704 0.401908 0.270127 0.395569 0.27096200000000004 0.388542 0.270127 0.381514 0.267704 0.375175 0.263931 0.370144 0.259177 0.366914 0.253906 0.365801 0.248636 0.366914 0.24388100000000001 0.370144
0 0.053936 0.046784 0.050712999999999994 0.051082 0.048644 0.056497 0.04793 0.0625 0.048644 0.06850300000000001 0.050712999999999994 0.073918 0.053936 0.078216 0.05799800000000001 0.08097499999999999 0.0625 0.081926 0.06700199999999999 0.08097499999999999 0.071064 0.078216 0.074287 0.073918 0.07635600000000001 0.06850300000000001 0.07707 0.0625 0.07635600000000001 0.056497 0.074287 0.051082 0.071064 0.046784 0.06700199999999999 0.044024999999999995 0.0625 0.043074 0.05799800000000001 0.044024999999999995 0.053936 0.046784
0 0.032061 0.071784 0.028838000000000003 0.07608200000000001 0.026768999999999998 0.081497 0.026055000000000002 0.0875 0.026768999999999998 0.093503 0.028838000000000003 0.09891799999999999 0.032061 0.103216 0.036123 0.105975 0.040625 0.10692600000000001 0.045127 0.105975 0.049189 0.103216 0.052412 0.09891799999999999 0.054481 0.093503 0.05519500000000001 0.0875 0.054481 0.081497 0.052412 0.07608200000000001 0.049189 0.071784 0.045127 0.069025 0.040625 0.068074 0.036123 0.069025 0.032061 0.071784
0 0.059405 0.086367 0.056181999999999996 0.090665 0.05411200000000001 0.09608 0.053398999999999995 0.102083 0.05411200000000001 0.10808599999999999 0.056181999999999996 0.11350199999999999 0.059405 0.11779900000000001 0.063467 0.120559 0.067969 0.121509 0.072471 0.120559 0.07653299999999999 0.11779900000000001 0.07975600000000001 0.11350199999999999 0.08182500000000001 0.10808599999999999 0.082538 0.102083 0.08182500000000001 0.09608 0.07975600000000001 0.090665 0.07653299999999999 0.086367 0.072471 0.083608 0.067969 0.08265700000000001 0.063467 0.083608 0.059405 0.086367
0 0.083624 0.10095099999999999 0.080401 0.10524800000000001 0.078331 0.11066400000000001 0.07761799999999999 0.116667 0.078331 0.12266999999999999 0.080401 0.128085 0.083624 0.132383 0.087685 0.135142 0.092188 0.136093 0.09669 0.135142 0.100751 0.132383 0.10397400000000001 0.128085 0.106044 0.12266999999999999 0.10675699999999999 0.116667 0.106044 0.11066400000000001 0.10397400000000001 0.10524800000000001 0.100751 0.10095099999999999 0.09669 0.098191 0.092188 0.097241 0.087685 0.098191 0.083624 0.10095099999999999
0 0.07876999999999999 0.061062000000000005 0.075484 0.065443 0.073375 0.070964 0.072648 0.077083 0.073375 0.083203 0.075484 0.088723 0.07876999999999999 0.09310399999999999 0.08291 0.095917 0.0875 0.096886 0.09209 0.095917 0.09623000000000001 0.09310399999999999 0.09951600000000001 0.088723 0.10162500000000001 0.083203 0.102352 0.077083 0.10162500000000001 0.070964 0.09951600000000001 0.065443 0.09623000000000001 0.061062000000000005 0.09209 0.058248999999999995 0.0875 0.05728 0.08291 0.058248999999999995 0.07876999999999999 0.061062000000000005
0 0.071739 0.021479 0.068453 0.02586 0.066343 0.031380000000000005 0.065616 0.0375 0.066343 0.04362 0.068453 0.04914 0.071739 0.053521 0.075879 0.056333999999999995 0.080469 0.05730300000000001 0.085058 0.056333999999999995 0.089199 0.053521 0.092485 0.04914 0.094594 0.04362 0.095321 0.0375 0.094594 0.031380000000000005 0.092485 0.02586 0.089199 0.021479 0.085058 0.018666 0.080469 0.017696999999999997 0.075879 0.018666 0.071739 0.021479
0 0.106114 0.015229000000000001 0.102828 0.01961 0.100718 0.025130000000000003 0.099991 0.03125 0.100718 0.03737 0.102828 0.04289 0.106114 0.047271 0.110254 0.050084 0.11484399999999999 0.051053 0.11943299999999998 0.050084 0.123574 0.047271 0.12686 0.04289 0.128969 0.03737 0.12969599999999998 0.03125 0.128969 0.025130000000000003 0.12686 0.01961 0.123574 0.015229000000000001 0.11943299999999998 0.012416 0.11484399999999999 0.011447 0.110254 0.012416 0.106114 0.015229000000000001
0 0.143614 0.048562 0.140328 0.052943 0.138218 0.058464 0.137491 0.064583 0.138218 0.070703 0.140328 0.076223 0.143614 0.080604 0.147754 0.08341699999999999 0.15234399999999998 0.084386 0.156933 0.08341699999999999 0.161074 0.080604 0.16436 0.076223 0.166469 0.070703 0.16719599999999998 0.064583 0.166469 0.058464 0.16436 0.052943 0.161074 0.048562 0.156933 0.045749 0.15234399999999998 0.04478 0.147754 0.045749 0.143614 0.048562
0 0.156895 0.015229000000000001 0.153609 0.01961 0.1515 0.025130000000000003 0.150773 0.03125 0.1515 0.03737 0.153609 0.04289 0.156895 0.047271 0.16103499999999998 0.050084 0.165625 0.051053 0.170215 0.050084 0.17435499999999998 0.047271 0.177641 0.04289 0.17975000000000002 0.03737 0.180477 0.03125 0.17975000000000002 0.025130000000000003 0.177641 0.01961 0.17435499999999998 0.015229000000000001 0.170215 0.012416 0.165625 0.011447 0.16103499999999998 0.012416 0.156895 0.015229000000000001
0 0.19395 0.031728 0.190202 0.036725 0.18779600000000002 0.043021 0.186967 0.05 0.18779600000000002 0.056979 0.190202 0.063275 0.19395 0.068272 0.19867200000000002 0.07148 0.203906 0.072585 0.20914100000000002 0.07148 0.213863 0.068272 0.21761 0.063275 0.220016 0.056979 0.220845 0.05 0.220016 0.043021 0.21761 0.036725 0.213863 0.031728 0.20914100000000002 0.02852 0.203906 0.027415000000000002 0.19867200000000002 0.02852 0.19395 0.031728
0 0.045056 0.147301 0.041725 0.151742 0.039587 0.157338 0.03885 0.16354200000000002 0.039587 0.16974499999999998 0.041725 0.175341 0.045056 0.179783 0.049254 0.18263400000000002 0.053905999999999996 0.183617 0.05855900000000001 0.18263400000000002 0.062756 0.179783 0.06608699999999999 0.175341 0.068226 0.16974499999999998 0.068962 0.16354200000000002 0.068226 0.157338 0.06608699999999999 0.151742 0.062756 0.147301 0.05855900000000001 0.144449 0.053905999999999996 0.14346699999999998 0.049254 0.144449 0.045056 0.147301
0 0.137244 0.152509 0.133913 0.15694999999999998 0.131774 0.162546 0.13103800000000002 0.16875 0.131774 0.174954 0.133913 0.18055000000000002 0.137244 0.184991 0.14144099999999998 0.187842 0.146094 0.188825 0.150746 0.187842 0.154944 0.184991 0.158275 0.18055000000000002 0.160413 0.174954 0.16115 0.16875 0.160413 0.162546 0.158275 0.15694999999999998 0.154944 0.152509 0.150746 0.149658 0.146094 0.148675 0.14144099999999998 0.149658 0.137244 0.152509
0 0.19655499999999998 0.16515 0.192612 0.170407 0.190081 0.177032 0.18920900000000002 0.184375 0.190081 0.191718 0.192612 0.198343 0.19655499999999998 0.2036 0.20152399999999998 0.206975 0.20703100000000002 0.208139 0.21253899999999998 0.206975 0.21750699999999998 0.2036 0.22145 0.198343 0.223982 0.191718 0.22485400000000003 0.184375 0.223982 0.177032 0.22145 0.170407 0.21750699999999998 0.16515 0.21253899999999998 0.161775 0.20703100000000002 0.160611 0.20152399999999998 0.161775 0.19655499999999998 0.16515
0 0.178587 0.20369199999999998 0.174644 0.208949 0.172112 0.21557300000000001 0.17124 0.22291699999999998 0.172112 0.23026 0.174644 0.236885 0.178587 0.242142 0.183555 0.24551699999999999 0.189062 0.24668 0.19457 0.24551699999999999 0.199538 0.242142 0.20348099999999997 0.236885 0.206013 0.23026 0.20688499999999999 0.22291699999999998 0.206013 0.21557300000000001 0.20348099999999997 0.208949 0.199538 0.20369199999999998 0.19457 0.200316 0.189062 0.199153 0.183555 0.200316 0.178587 0.20369199999999998
0 0.21139899999999998 0.20785800000000001 0.207456 0.213115 0.20492499999999997 0.21974 0.20405199999999998 0.227083 0.20492499999999997 0.234427 0.207456 0.241051 0.21139899999999998 0.24630800000000003 0.21636700000000003 0.24968400000000002 0.221875 0.250847 0.22738299999999997 0.24968400000000002 0.23235100000000003 0.24630800000000003 0.236294 0.241051 0.238825 0.234427 0.23969800000000002 0.227083 0.238825 0.21974 0.236294 0.213115 0.23235100000000003 0.20785800000000001 0.22738299999999997 0.20448300000000003 0.221875 0.20332 0.21636700000000003 0.20448300000000003 0.21139899999999998 0.20785800000000001
0 0.245774 0.212025 0.241831 0.21728200000000003 0.23929999999999998 0.223907 0.238427 0.23125 0.23929999999999998 0.238593 0.241831 0.245218 0.245774 0.250475 0.250742 0.25385 0.25625 0.25501399999999996 0.261758 0.25385 0.266726 0.250475 0.270669 0.245218 0.2732 0.238593 0.274073 0.23125 0.2732 0.223907 0.270669 0.21728200000000003 0.266726 0.212025 0.261758 0.20865 0.25625 0.207486 0.250742 0.20865 0.245774 0.212025
0 0.22936800000000002 0.169317 0.225425 0.174574 0.222893 0.181198 0.22202099999999997 0.18854200000000002 0.222893 0.195885 0.225425 0.20251000000000002 0.22936800000000002 0.20776699999999998 0.23433600000000002 0.211142 0.239844 0.21230500000000002 0.245351 0.211142 0.25032 0.20776699999999998 0.254263 0.20251000000000002 0.256794 0.195885 0.257666 0.18854200000000002 0.256794 0.181198 0.254263 0.174574 0.25032 0.169317 0.245351 0.165941 0.239844 0.164778 0.23433600000000002 0.165941 0.22936800000000002 0.169317
0 0.212962 0.124525 0.209019 0.129782 0.206487 0.136407 0.20561500000000002 0.14375 0.206487 0.151093 0.209019 0.157718 0.212962 0.162975 0.21793 0.16635 0.22343799999999997 0.167514 0.228945 0.16635 0.23391299999999998 0.162975 0.23785599999999998 0.157718 0.240388 0.151093 0.24125999999999997 0.14375 0.240388 0.136407 0.23785599999999998 0.129782 0.23391299999999998 0.124525 0.228945 0.12115000000000001 0.22343799999999997 0.119986 0.21793 0.12115000000000001 0.212962 0.124525
0 0.572263 0.029989 0.568586 0.034892 0.566225 0.041069 0.565412 0.047917 0.566225 0.054764 0.568586 0.060941999999999996 0.572263 0.065844 0.576896 0.068991 0.582031 0.070076 0.587167 0.068991 0.5918 0.065844 0.595477 0.060941999999999996 0.597837 0.054764 0.598651 0.047917 0.597837 0.041069 0.595477 0.034892 0.5918 0.029989 0.587167 0.026841999999999998 0.582031 0.025757000000000002 0.576896 0.026841999999999998 0.572263 0.029989
0 0.263439 0.172926 0.259382 0.178336 0.256777 0.185152 0.25588 0.192708 0.256777 0.200264 0.259382 0.207081 0.263439 0.21248999999999998 0.268552 0.215964 0.274219 0.21716000000000002 0.27988599999999997 0.215964 0.284998 0.21248999999999998 0.289055 0.207081 0.29166 0.200264 0.292558 0.192708 0.29166 0.185152 0.289055 0.178336 0.284998 0.172926 0.27988599999999997 0.16945300000000002 0.274219 0.16825600000000002 0.268552 0.16945300000000002 0.263439 0.172926
0 0.310314 0.169801 0.306257 0.175211 0.303652 0.182027 0.302755 0.189583 0.303652 0.197139 0.306257 0.20395599999999997 0.310314 0.20936499999999997 0.315427 0.212839 0.321094 0.21403500000000003 0.32676099999999997 0.212839 0.331873 0.20936499999999997 0.33593 0.20395599999999997 0.338535 0.197139 0.339433 0.189583 0.338535 0.182027 0.33593 0.175211 0.331873 0.169801 0.32676099999999997 0.166328 0.321094 0.165131 0.315427 0.166328 0.310314 0.169801
0 0.314221 0.216676 0.310163 0.222086 0.307559 0.228902 0.30666099999999996 0.236458 0.307559 0.244014 0.310163 0.25083099999999997 0.314221 0.25623999999999997 0.319333 0.259714 0.325 0.26091000000000003 0.330667 0.259714 0.335779 0.25623999999999997 0.339837 0.25083099999999997 0.342441 0.244014 0.343339 0.236458 0.342441 0.228902 0.339837 0.222086 0.335779 0.216676 0.330667 0.21320299999999998 0.325 0.212006 0.319333 0.21320299999999998 0.314221 0.216676
0 0.280908 0.214067 0.276956 0.219335 0.274419 0.22597399999999998 0.27354500000000004 0.233333 0.274419 0.240692 0.276956 0.24733100000000002 0.280908 0.2526 0.285887 0.25598200000000004 0.291406 0.25714800000000004 0.29692599999999997 0.25598200000000004 0.301905 0.2526 0.305856 0.24733100000000002 0.30839300000000003 0.240692 0.309267 0.233333 0.30839300000000003 0.22597399999999998 0.305856 0.219335 0.301905 0.214067 0.29692599999999997 0.210684 0.291406 0.209519 0.285887 0.210684 0.280908 0.214067
0 0.262939 0.252609 0.258988 0.257877 0.256451 0.26451600000000003 0.255577 0.271875 0.256451 0.279234 0.258988 0.285873 0.262939 0.291141 0.267918 0.294524 0.27343799999999996 0.29569 0.278957 0.294524 0.283936 0.291141 0.287887 0.285873 0.290424 0.279234 0.291298 0.271875 0.290424 0.26451600000000003 0.287887 0.257877 0.283936 0.252609 0.278957 0.249226 0.27343799999999996 0.24806 0.267918 0.249226 0.262939 0.252609
0 0.278564 0.294275 0.274613 0.299544 0.272076 0.306183 0.271202 0.313542 0.272076 0.320901 0.274613 0.32754 0.278564 0.332808 0.283543 0.336191 0.28906200000000004 0.337356 0.294582 0.336191 0.299561 0.332808 0.303512 0.32754 0.306049 0.320901 0.306923 0.313542 0.306049 0.306183 0.303512 0.299544 0.299561 0.294275 0.294582 0.29089299999999996 0.28906200000000004 0.28972699999999996 0.283543 0.29089299999999996 0.278564 0.294275
0 0.210595 0.28594200000000003 0.206644 0.29121 0.20410699999999998 0.297849 0.203233 0.30520800000000003 0.20410699999999998 0.312567 0.206644 0.319206 0.210595 0.32447499999999996 0.21557400000000002 0.327857 0.22109399999999998 0.329023 0.226613 0.327857 0.23159200000000002 0.32447499999999996 0.23554400000000003 0.319206 0.238081 0.312567 0.23895499999999997 0.30520800000000003 0.238081 0.297849 0.23554400000000003 0.29121 0.23159200000000002 0.28594200000000003 0.226613 0.282559 0.22109399999999998 0.28139400000000003 0.21557400000000002 0.282559 0.210595 0.28594200000000003
0 0.246555 0.12973300000000001 0.242612 0.13499 0.240081 0.141615 0.239209 0.14895799999999998 0.240081 0.156302 0.242612 0.162926 0.246555 0.168183 0.25152399999999997 0.171559 0.257031 0.172722 0.26253899999999997 0.171559 0.267507 0.168183 0.27145 0.162926 0.273982 0.156302 0.27485400000000004 0.14895799999999998 0.273982 0.141615 0.27145 0.13499 0.267507 0.12973300000000001 0.26253899999999997 0.126358 0.257031 0.125195 0.25152399999999997 0.126358 0.246555 0.12973300000000001
0 0.632985 0.052903 0.629521 0.057522 0.6272979999999999 0.06334100000000001 0.6265310000000001 0.06979199999999999 0.6272979999999999 0.076242 0.629521 0.082062 0.632985 0.08668000000000001 0.637349 0.089645 0.642188 0.090667 0.647026 0.089645 0.6513899999999999 0.08668000000000001 0.654854 0.082062 0.657077 0.076242 0.657844 0.06979199999999999 0.657077 0.06334100000000001 0.654854 0.057522 0.6513899999999999 0.052903 0.647026 0.049937999999999996 0.642188 0.048917 0.637349 0.049937999999999996 0.632985 0.052903
0 0.674391 0.040403 0.670928 0.045022 0.668704 0.050841000000000004 0.667938 0.057291999999999996 0.668704 0.063742 0.670928 0.069562 0.674391 0.07418 0.678756 0.07714499999999999 0.683594 0.078167 0.6884319999999999 0.07714499999999999 0.692796 0.07418 0.69626 0.069562 0.698484 0.063742 0.6992499999999999 0.057291999999999996 0.698484 0.050841000000000004 0.69626 0.045022 0.692796 0.040403 0.6884319999999999 0.037438 0.683594 0.036417 0.678756 0.037438 0.674391 0.040403
0 0.708981 0.032073000000000004 0.705305 0.036975 0.702944 0.043152 0.70213 0.05 0.702944 0.056847999999999996 0.705305 0.063025 0.708981 0.067927 0.713614 0.071075 0.71875 0.072159 0.723886 0.071075 0.728519 0.067927 0.732195 0.063025 0.734556 0.056847999999999996 0.73537 0.05 0.734556 0.043152 0.732195 0.036975 0.728519 0.032073000000000004 0.723886 0.028925 0.71875 0.027840999999999998 0.713614 0.028925 0.708981 0.032073000000000004
0 0.649606 0.014363999999999998 0.64593 0.019267 0.6435690000000001 0.025444 0.642755 0.032292 0.6435690000000001 0.039139 0.64593 0.045317 0.649606 0.050219 0.654239 0.053366000000000004 0.659375 0.054451000000000006 0.664511 0.053366000000000004 0.669144 0.050219 0.67282 0.045317 0.675181 0.039139 0.675995 0.032292 0.675181 0.025444 0.67282 0.019267 0.669144 0.014363999999999998 0.664511 0.011217000000000001 0.659375 0.010131999999999999 0.654239 0.011217000000000001 0.649606 0.014363999999999998
0 0.593356 0.06540599999999999 0.58968 0.07030800000000001 0.587319 0.076486 0.586505 0.083333 0.587319 0.090181 0.58968 0.096358 0.593356 0.101261 0.597989 0.10440799999999999 0.603125 0.10549299999999999 0.6082609999999999 0.10440799999999999 0.612894 0.101261 0.6165700000000001 0.096358 0.618931 0.090181 0.619745 0.083333 0.618931 0.076486 0.6165700000000001 0.07030800000000001 0.612894 0.06540599999999999 0.6082609999999999 0.062258999999999995 0.603125 0.06117399999999999 0.597989 0.062258999999999995 0.593356 0.06540599999999999
0 0.6316379999999999 0.09457299999999999 0.627961 0.09947500000000001 0.6256 0.105652 0.624787 0.1125 0.6256 0.11934800000000001 0.627961 0.125525 0.6316379999999999 0.13042700000000002 0.636271 0.133575 0.641406 0.134659 0.646542 0.133575 0.6511750000000001 0.13042700000000002 0.654852 0.125525 0.657212 0.11934800000000001 0.658026 0.1125 0.657212 0.105652 0.654852 0.09947500000000001 0.6511750000000001 0.09457299999999999 0.646542 0.091425 0.641406 0.090341 0.636271 0.091425 0.6316379999999999 0.09457299999999999
0 0.25468799999999997 0.066667 0.25625 0.072917 0.258594 0.079167 0.2625 0.084375 0.267188 0.08645800000000001 0.272656 0.0875 0.27656200000000003 0.08645800000000001 0.278906 0.084375 0.278125 0.078125 0.278906 0.072917 0.279687 0.067708 0.28125 0.064583 0.283594 0.061458 0.28593799999999997 0.059375 0.285156 0.057291999999999996 0.28125 0.051042 0.278906 0.048958 0.275 0.046875 0.27031299999999997 0.045833 0.26484399999999997 0.046875 0.258594 0.052083000000000004 0.255469 0.059375 0.25468799999999997 0.066667
0 0.424219 0.209375 0.427344 0.209375 0.432031 0.209375 0.433594 0.20833300000000002 0.420312 0.17083299999999998 0.415625 0.175 0.413281 0.17916700000000002 0.411719 0.184375 0.41093799999999997 0.190625 0.411719 0.196875 0.4125 0.201042 0.416406 0.205208 0.419531 0.20833300000000002 0.424219 0.209375
0 0.37421899999999997 0.234375 0.375 0.23854199999999998 0.377344 0.24375 0.38281200000000004 0.23958300000000002 0.3875 0.2375 0.392969 0.235417 0.39843799999999996 0.233333 0.403906 0.23125 0.410156 0.23020800000000002 0.407813 0.22395800000000002 0.40546899999999997 0.21875 0.402344 0.21458300000000002 0.39843799999999996 0.211458 0.394531 0.209375 0.389062 0.209375 0.383594 0.2125 0.378906 0.217708 0.376563 0.22395800000000002 0.375 0.22916699999999998 0.37421899999999997 0.234375
0 0.32343700000000003 0.36770800000000003 0.326562 0.371875 0.32890600000000003 0.375 0.33281299999999997 0.379167 0.3375 0.380208 0.341406 0.380208 0.346094 0.379167 0.338281 0.334375 0.333594 0.33541699999999997 0.32890600000000003 0.339583 0.325781 0.342708 0.324219 0.346875 0.32343700000000003 0.35208300000000003 0.322656 0.357292 0.322656 0.3625 0.32343700000000003 0.36770800000000003
0 0.294531 0.41458300000000003 0.291406 0.41875 0.28906200000000004 0.423958 0.288281 0.42916699999999997 0.288281 0.433333 0.28906200000000004 0.438542 0.289844 0.442708 0.291406 0.44583300000000003 0.29375 0.448958 0.29765600000000003 0.44375 0.302344 0.439583 0.30625 0.435417 0.3125 0.43125 0.31718799999999997 0.42916699999999997 0.321094 0.427083 0.319531 0.422917 0.31718799999999997 0.41875 0.314844 0.415625 0.310937 0.41354199999999997 0.305469 0.410417 0.30156299999999997 0.410417 0.29765600000000003 0.411458 0.294531 0.41458300000000003
0 0.07421900000000001 0.264583 0.078906 0.269792 0.084375 0.269792 0.0875 0.265625 0.08984400000000001 0.265625 0.092969 0.264583 0.096875 0.265625 0.09765599999999999 0.266667 0.1 0.2625 0.096094 0.25833300000000003 0.09375 0.253125 0.092969 0.247917 0.092188 0.241667 0.092969 0.2375 0.08984400000000001 0.236458 0.085938 0.236458 0.08125 0.2375 0.077344 0.240625 0.07421900000000001 0.24479199999999998 0.071875 0.252083 0.072656 0.25625 0.072656 0.259375 0.07421900000000001 0.264583
0 0.14375 0.280208 0.142187 0.286458 0.141406 0.292708 0.140625 0.298958 0.141406 0.303125 0.14453100000000002 0.310417 0.14843800000000001 0.315625 0.153125 0.31979199999999997 0.157812 0.32083300000000003 0.161719 0.31979199999999997 0.164844 0.317708 0.16796899999999998 0.315625 0.170313 0.309375 0.171094 0.30625 0.171094 0.301042 0.171094 0.295833 0.171875 0.292708 0.172656 0.28958300000000003 0.171094 0.284375 0.170313 0.280208 0.16796899999999998 0.277083 0.16406199999999999 0.27395800000000003 0.15859399999999998 0.271875 0.155469 0.271875 0.150781 0.27291699999999997 0.146875 0.276042 0.14375 0.280208
0 0.22778299999999999 0.327609 0.22383099999999997 0.332877 0.22129400000000002 0.33951600000000004 0.22042 0.346875 0.22129400000000002 0.354234 0.22383099999999997 0.360873 0.22778299999999999 0.366141 0.232762 0.369524 0.23828100000000002 0.37069 0.243801 0.369524 0.24878 0.366141 0.252731 0.360873 0.255268 0.354234 0.256142 0.346875 0.255268 0.33951600000000004 0.252731 0.332877 0.24878 0.327609 0.243801 0.324226 0.23828100000000002 0.32306 0.232762 0.324226 0.22778299999999999 0.327609
0 0.277475 0.37326899999999996 0.273702 0.37829999999999997 0.271279 0.384639 0.270445 0.391667 0.271279 0.398694 0.273702 0.405033 0.277475 0.41006400000000004 0.28223 0.41329399999999994 0.2875 0.414407 0.29277000000000003 0.41329399999999994 0.297525 0.41006400000000004 0.301298 0.405033 0.303721 0.398694 0.304555 0.391667 0.303721 0.384639 0.301298 0.37829999999999997 0.297525 0.37326899999999996 0.29277000000000003 0.370039 0.2875 0.368926 0.28223 0.370039 0.277475 0.37326899999999996
0 0.289844 0.35104199999999997 0.289844 0.358333 0.289844 0.363542 0.291406 0.36770800000000003 0.295312 0.372917 0.3 0.377083 0.30625 0.379167 0.310156 0.379167 0.314844 0.376042 0.319531 0.371875 0.321875 0.36770800000000003 0.32343700000000003 0.360417 0.32343700000000003 0.35208300000000003 0.321875 0.346875 0.319531 0.340625 0.314844 0.33541699999999997 0.310937 0.332292 0.307031 0.33125 0.303906 0.33125 0.3 0.332292 0.29609399999999997 0.33645800000000003 0.29218700000000003 0.340625 0.290625 0.345833 0.289844 0.35104199999999997
0 0.171875 0.370833 0.171094 0.377083 0.171094 0.38229199999999997 0.173437 0.388542 0.176563 0.39375 0.180469 0.39895800000000003 0.185938 0.402083 0.19140600000000002 0.402083 0.196094 0.4 0.201563 0.394792 0.203906 0.388542 0.20546899999999998 0.38333300000000003 0.20625 0.377083 0.20546899999999998 0.372917 0.202344 0.36666699999999997 0.19921899999999998 0.361458 0.196875 0.357292 0.192969 0.355208 0.189062 0.354167 0.184375 0.354167 0.17968800000000001 0.35625 0.176563 0.359375 0.17421899999999998 0.364583 0.171875 0.370833
0 0.108594 0.297917 0.11484399999999999 0.307292 0.11875 0.309375 0.123438 0.310417 0.12890600000000002 0.309375 0.133594 0.30625 0.13671899999999998 0.301042 0.13828100000000002 0.29375 0.139063 0.2875 0.139063 0.283333 0.13828100000000002 0.277083 0.135156 0.271875 0.13281199999999999 0.267708 0.129688 0.264583 0.125781 0.2625 0.121875 0.2625 0.117188 0.264583 0.113281 0.266667 0.110156 0.269792 0.108594 0.27395800000000003 0.107813 0.279167 0.10703100000000002 0.285417 0.10703100000000002 0.290625 0.108594 0.297917
0 0.650781 0.096875 0.653125 0.1 0.655469 0.102083 0.655469 0.105208 0.655469 0.109375 0.658594 0.113542 0.661719 0.115625 0.664062 0.115625 0.667969 0.116667 0.671094 0.11145799999999999 0.673438 0.10833299999999998 0.675781 0.10625 0.678125 0.10416700000000001 0.68125 0.103125 0.682031 0.096875 0.682031 0.090625 0.68125 0.08541699999999999 0.679688 0.08125 0.674219 0.076042 0.670312 0.072917 0.665625 0.071875 0.661719 0.072917 0.657813 0.076042 0.655469 0.079167 0.653125 0.084375 0.651563 0.088542 0.650781 0.09375 0.650781 0.096875