0 0.657745 0.42537 0.654072 0.422874 0.65 0.42201500000000003 0.645928 0.422874 0.642255 0.42537 0.63934 0.42925700000000006 0.6374679999999999 0.43415400000000004 0.6368229999999999 0.439583 0.6374679999999999 0.445012 0.63934 0.44991000000000003 0.642255 0.45379699999999995 0.645928 0.45629200000000003 0.65 0.45715199999999995 0.654072 0.45629200000000003 0.657745 0.45379699999999995 0.66066 0.44991000000000003 0.662532 0.445012 0.663177 0.439583 0.662532 0.43415400000000004 0.66066 0.42925700000000006 0.657745 0.42537
0 0.411631 0.33985699999999996 0.406856 0.336613 0.40156200000000003 0.335495 0.396269 0.336613 0.391494 0.33985699999999996 0.387705 0.344909 0.385272 0.35127600000000003 0.384434 0.358333 0.385272 0.365391 0.387705 0.371757 0.391494 0.37681 0.396269 0.380054 0.40156200000000003 0.381172 0.406856 0.380054 0.411631 0.37681 0.41542 0.371757 0.41785300000000003 0.365391 0.41869100000000004 0.358333 0.41785300000000003 0.35127600000000003 0.41542 0.344909 0.411631 0.33985699999999996
0 0.376009 0.34448500000000004 0.371084 0.34113899999999997 0.365625 0.339986 0.360166 0.34113899999999997 0.35524100000000003 0.34448500000000004 0.351333 0.349696 0.348823 0.356263 0.347959 0.363542 0.348823 0.37082099999999996 0.351333 0.37738700000000003 0.35524100000000003 0.382598 0.360166 0.385944 0.365625 0.38709699999999997 0.371084 0.385944 0.376009 0.382598 0.379917 0.37738700000000003 0.38242699999999996 0.37082099999999996 0.383291 0.363542 0.38242699999999996 0.356263 0.379917 0.349696 0.376009 0.34448500000000004
0 0.34085299999999996 0.35281799999999996 0.335928 0.34947300000000003 0.330469 0.34832 0.32501 0.34947300000000003 0.320085 0.35281799999999996 0.316176 0.35802999999999996 0.31366700000000003 0.36459600000000003 0.31280199999999997 0.371875 0.31366700000000003 0.379154 0.316176 0.38572 0.320085 0.390932 0.32501 0.394277 0.330469 0.39543 0.335928 0.394277 0.34085299999999996 0.390932 0.344761 0.38572 0.347271 0.379154 0.348135 0.371875 0.347271 0.36459600000000003 0.344761 0.35802999999999996 0.34085299999999996 0.35281799999999996
0 0.454915 0.346568 0.44999 0.343223 0.444531 0.34207 0.439072 0.343223 0.434147 0.346568 0.430239 0.35178 0.42772899999999997 0.358346 0.426865 0.365625 0.42772899999999997 0.372904 0.430239 0.37947000000000003 0.434147 0.384682 0.439072 0.388027 0.444531 0.38917999999999997 0.44999 0.388027 0.454915 0.384682 0.458824 0.37947000000000003 0.46133300000000005 0.372904 0.462198 0.365625 0.46133300000000005 0.358346 0.458824 0.35178 0.454915 0.346568
0 0.431478 0.37261 0.426553 0.369264 0.42109399999999997 0.36811099999999997 0.415635 0.369264 0.41071 0.37261 0.406801 0.377821 0.404292 0.384388 0.40342700000000004 0.391667 0.404292 0.39894599999999997 0.406801 0.405512 0.41071 0.41072300000000006 0.415635 0.414069 0.42109399999999997 0.415222 0.426553 0.414069 0.431478 0.41072300000000006 0.435386 0.405512 0.437896 0.39894599999999997 0.43876 0.391667 0.437896 0.384388 0.435386 0.377821 0.431478 0.37261
0 0.473665 0.379902 0.46874000000000005 0.376556 0.463281 0.37540300000000004 0.457822 0.376556 0.452897 0.379902 0.44898899999999997 0.385113 0.44647899999999996 0.391679 0.445615 0.39895800000000003 0.44647899999999996 0.40623699999999996 0.44898899999999997 0.41280400000000006 0.452897 0.418015 0.457822 0.421361 0.463281 0.42251399999999995 0.46874000000000005 0.421361 0.473665 0.418015 0.477574 0.41280400000000006 0.48008300000000004 0.40623699999999996 0.480948 0.39895800000000003 0.48008300000000004 0.391679 0.477574 0.385113 0.473665 0.379902
0 0.49007199999999995 0.41531799999999996 0.485147 0.411973 0.47968700000000003 0.41082 0.474228 0.411973 0.469303 0.41531799999999996 0.465395 0.42053 0.462886 0.427096 0.462021 0.434375 0.462886 0.44165400000000005 0.465395 0.44821999999999995 0.469303 0.453432 0.474228 0.45677700000000004 0.47968700000000003 0.45793 0.485147 0.45677700000000004 0.49007199999999995 0.453432 0.49398 0.44821999999999995 0.49648899999999996 0.44165400000000005 0.49735399999999996 0.434375 0.49648899999999996 0.427096 0.49398 0.42053 0.49007199999999995 0.41531799999999996
0 0.473543 0.45095999999999997 0.468676 0.447654 0.463281 0.44651500000000005 0.45788599999999996 0.447654 0.45302 0.45095999999999997 0.449158 0.45610999999999996 0.446678 0.462599 0.445823 0.469792 0.446678 0.476985 0.449158 0.483474 0.45302 0.48862300000000003 0.45788599999999996 0.491929 0.463281 0.49306900000000004 0.468676 0.491929 0.473543 0.48862300000000003 0.47740499999999997 0.483474 0.479885 0.476985 0.48073899999999997 0.469792 0.479885 0.462599 0.47740499999999997 0.45610999999999996 0.473543 0.45095999999999997
0 0.49151100000000003 0.48637699999999995 0.48664500000000005 0.483071 0.48125 0.481931 0.475855 0.483071 0.470989 0.48637699999999995 0.46712600000000004 0.491526 0.464647 0.498015 0.46379200000000004 0.505208 0.464647 0.512401 0.46712600000000004 0.5188900000000001 0.470989 0.5240400000000001 0.475855 0.527346 0.48125 0.528485 0.48664500000000005 0.527346 0.49151100000000003 0.5240400000000001 0.495374 0.5188900000000001 0.497853 0.512401 0.498708 0.505208 0.497853 0.498015 0.495374 0.491526 0.49151100000000003 0.48637699999999995
0 0.47823000000000004 0.524918 0.473364 0.521612 0.46796899999999997 0.520473 0.46257400000000004 0.521612 0.457707 0.524918 0.453845 0.530068 0.451365 0.536557 0.450511 0.54375 0.451365 0.550943 0.453845 0.557432 0.457707 0.562582 0.46257400000000004 0.565888 0.46796899999999997 0.5670270000000001 0.473364 0.565888 0.47823000000000004 0.562582 0.482092 0.557432 0.484572 0.550943 0.48542699999999994 0.54375 0.484572 0.536557 0.482092 0.530068 0.47823000000000004 0.524918
0 0.461043 0.560335 0.45617599999999997 0.557029 0.450781 0.55589 0.44538599999999995 0.557029 0.44051999999999997 0.560335 0.436658 0.565485 0.434178 0.571974 0.433323 0.579167 0.434178 0.58636 0.436658 0.592849 0.44051999999999997 0.597998 0.44538599999999995 0.6013040000000001 0.450781 0.602444 0.45617599999999997 0.6013040000000001 0.461043 0.597998 0.464905 0.592849 0.467385 0.58636 0.46823899999999996 0.579167 0.467385 0.571974 0.464905 0.565485 0.461043 0.560335
0 0.439168 0.591585 0.43430099999999994 0.588279 0.428906 0.58714 0.42351099999999997 0.588279 0.418645 0.591585 0.414783 0.596735 0.412303 0.603224 0.41144800000000004 0.610417 0.412303 0.61761 0.414783 0.624099 0.418645 0.629248 0.42351099999999997 0.6325540000000001 0.428906 0.633694 0.43430099999999994 0.6325540000000001 0.439168 0.629248 0.44303 0.624099 0.44550999999999996 0.61761 0.446364 0.610417 0.44550999999999996 0.603224 0.44303 0.596735 0.439168 0.591585
0 0.40713600000000005 0.593668 0.40227 0.590362 0.396875 0.5892229999999999 0.39148 0.590362 0.386614 0.593668 0.382751 0.598818 0.380272 0.605307 0.379417 0.6125 0.380272 0.619693 0.382751 0.626182 0.386614 0.631332 0.39148 0.634638 0.396875 0.635777 0.40227 0.634638 0.40713600000000005 0.631332 0.410999 0.626182 0.413478 0.619693 0.41433299999999995 0.6125 0.413478 0.605307 0.410999 0.598818 0.40713600000000005 0.593668
0 0.373543 0.596793 0.368676 0.593487 0.363281 0.592348 0.35788600000000004 0.593487 0.35302 0.596793 0.34915799999999997 0.601943 0.346678 0.608432 0.345823 0.615625 0.346678 0.622818 0.34915799999999997 0.6293070000000001 0.35302 0.634457 0.35788600000000004 0.637763 0.363281 0.6389020000000001 0.368676 0.637763 0.373543 0.634457 0.377405 0.6293070000000001 0.379885 0.622818 0.380739 0.615625 0.379885 0.608432 0.377405 0.601943 0.373543 0.596793
0 0.34073000000000003 0.598877 0.335864 0.595571 0.330469 0.5944309999999999 0.325074 0.595571 0.320207 0.598877 0.316345 0.604026 0.313865 0.610515 0.31301100000000004 0.617708 0.313865 0.624901 0.316345 0.63139 0.320207 0.63654 0.325074 0.639846 0.330469 0.6409849999999999 0.335864 0.639846 0.34073000000000003 0.63654 0.344592 0.63139 0.347072 0.624901 0.347927 0.617708 0.347072 0.610515 0.344592 0.604026 0.34073000000000003 0.598877
0 0.319636 0.567627 0.31477 0.564321 0.309375 0.5631809999999999 0.30398000000000003 0.564321 0.299114 0.567627 0.29525100000000004 0.572776 0.292772 0.579265 0.291917 0.586458 0.292772 0.593651 0.29525100000000004 0.60014 0.299114 0.60529 0.30398000000000003 0.608596 0.309375 0.6097349999999999 0.31477 0.608596 0.319636 0.60529 0.323499 0.60014 0.325978 0.593651 0.32683300000000004 0.586458 0.325978 0.579265 0.323499 0.572776 0.319636 0.567627
0 0.296199 0.5384599999999999 0.29133200000000004 0.535154 0.28593799999999997 0.534015 0.280543 0.535154 0.275676 0.5384599999999999 0.271814 0.5436099999999999 0.269334 0.550099 0.26848 0.557292 0.269334 0.564485 0.271814 0.570974 0.275676 0.576123 0.280543 0.579429 0.28593799999999997 0.580569 0.29133200000000004 0.579429 0.296199 0.576123 0.300061 0.570974 0.302541 0.564485 0.30339499999999997 0.557292 0.302541 0.550099 0.300061 0.5436099999999999 0.296199 0.5384599999999999
0 0.277449 0.504085 0.272582 0.500779 0.267188 0.49964000000000003 0.261793 0.500779 0.256926 0.504085 0.253064 0.509235 0.25058400000000003 0.515724 0.24973 0.522917 0.25058400000000003 0.53011 0.253064 0.536599 0.256926 0.541748 0.261793 0.545054 0.267188 0.5461940000000001 0.272582 0.545054 0.277449 0.541748 0.281311 0.536599 0.283791 0.53011 0.284645 0.522917 0.283791 0.515724 0.281311 0.509235 0.277449 0.504085
0 0.263029 0.46619900000000003 0.258332 0.46300800000000003 0.253125 0.46190800000000004 0.247918 0.46300800000000003 0.243221 0.46619900000000003 0.239493 0.471169 0.2371 0.477432 0.236275 0.484375 0.2371 0.491318 0.239493 0.497581 0.243221 0.502551 0.247918 0.5057419999999999 0.253125 0.506842 0.258332 0.5057419999999999 0.263029 0.502551 0.266757 0.497581 0.26915 0.491318 0.26997499999999997 0.484375 0.26915 0.477432 0.266757 0.471169 0.263029 0.46619900000000003
0 0.277393 0.42918700000000004 0.272553 0.42589899999999997 0.267188 0.424766 0.261822 0.42589899999999997 0.256982 0.42918700000000004 0.25314000000000003 0.434309 0.250674 0.440763 0.249824 0.447917 0.250674 0.45507099999999995 0.25314000000000003 0.46152499999999996 0.256982 0.466646 0.261822 0.469935 0.267188 0.471068 0.272553 0.469935 0.277393 0.466646 0.281235 0.46152499999999996 0.283701 0.45507099999999995 0.284551 0.447917 0.283701 0.440763 0.281235 0.434309 0.277393 0.42918700000000004
0 0.292804 0.39208 0.28806600000000004 0.38886 0.282813 0.387751 0.277559 0.38886 0.272821 0.39208 0.26905999999999997 0.397094 0.266645 0.403413 0.26581299999999997 0.410417 0.266645 0.41742100000000004 0.26905999999999997 0.42373900000000003 0.272821 0.42875399999999997 0.277559 0.431973 0.282813 0.433082 0.28806600000000004 0.431973 0.292804 0.42875399999999997 0.296565 0.42373900000000003 0.29897999999999997 0.41742100000000004 0.299812 0.410417 0.29897999999999997 0.403413 0.296565 0.397094 0.292804 0.39208
0 0.324054 0.391038 0.31931600000000004 0.387819 0.314063 0.386709 0.308809 0.387819 0.304071 0.391038 0.30030999999999997 0.39605199999999996 0.297895 0.40237100000000003 0.29706299999999997 0.409375 0.297895 0.41637899999999994 0.30030999999999997 0.422698 0.304071 0.427712 0.308809 0.430931 0.314063 0.432041 0.31931600000000004 0.430931 0.324054 0.427712 0.327815 0.422698 0.33022999999999997 0.41637899999999994 0.331062 0.409375 0.33022999999999997 0.40237100000000003 0.327815 0.39605199999999996 0.324054 0.391038
0 0.362336 0.38583 0.357597 0.38261 0.352344 0.381501 0.347091 0.38261 0.342352 0.38583 0.338591 0.390844 0.336177 0.39716300000000004 0.335345 0.404167 0.336177 0.41117100000000006 0.338591 0.41748900000000005 0.342352 0.422504 0.347091 0.42572299999999996 0.352344 0.426832 0.357597 0.42572299999999996 0.362336 0.422504 0.36609600000000003 0.41748900000000005 0.368511 0.41117100000000006 0.36934300000000003 0.404167 0.368511 0.39716300000000004 0.36609600000000003 0.390844 0.362336 0.38583
0 0.397492 0.377496 0.392753 0.374277 0.3875 0.373168 0.382247 0.374277 0.377508 0.377496 0.373747 0.382511 0.371333 0.388829 0.370501 0.395833 0.371333 0.402837 0.373747 0.409156 0.377508 0.41417000000000004 0.382247 0.41739 0.3875 0.418499 0.392753 0.41739 0.397492 0.41417000000000004 0.40125299999999997 0.409156 0.403667 0.402837 0.40449900000000005 0.395833 0.403667 0.388829 0.40125299999999997 0.382511 0.397492 0.377496
0 0.38548499999999997 0.415134 0.380512 0.411756 0.375 0.410592 0.369488 0.411756 0.36451500000000003 0.415134 0.36056900000000003 0.42039600000000005 0.358036 0.427026 0.357162 0.434375 0.358036 0.44172399999999995 0.36056900000000003 0.448354 0.36451500000000003 0.45361599999999996 0.369488 0.456994 0.375 0.45815799999999995 0.380512 0.456994 0.38548499999999997 0.45361599999999996 0.38943099999999997 0.448354 0.391964 0.44172399999999995 0.392838 0.434375 0.391964 0.427026 0.38943099999999997 0.42039600000000005 0.38548499999999997 0.415134
0 0.42532800000000004 0.414092 0.42035600000000006 0.410714 0.414844 0.40955 0.40933200000000003 0.410714 0.404359 0.414092 0.400413 0.41935399999999995 0.397879 0.425984 0.397006 0.433333 0.397879 0.44068300000000005 0.400413 0.447313 0.404359 0.452574 0.40933200000000003 0.45595299999999994 0.414844 0.45711700000000005 0.42035600000000006 0.45595299999999994 0.42532800000000004 0.452574 0.42927499999999996 0.447313 0.431808 0.44068300000000005 0.432681 0.433333 0.431808 0.425984 0.42927499999999996 0.41935399999999995 0.42532800000000004 0.414092
0 0.45657800000000004 0.415134 0.45160600000000006 0.411756 0.446094 0.410592 0.44058200000000003 0.411756 0.435609 0.415134 0.431663 0.42039600000000005 0.429129 0.427026 0.428256 0.434375 0.429129 0.44172399999999995 0.431663 0.448354 0.435609 0.45361599999999996 0.44058200000000003 0.456994 0.446094 0.45815799999999995 0.45160600000000006 0.456994 0.45657800000000004 0.45361599999999996 0.46052499999999996 0.448354 0.463058 0.44172399999999995 0.463931 0.434375 0.463058 0.427026 0.46052499999999996 0.42039600000000005 0.45657800000000004 0.415134
0 0.441664 0.453805 0.43672500000000003 0.45045 0.43125 0.44929399999999997 0.42577499999999996 0.45045 0.420836 0.453805 0.41691599999999995 0.45903099999999997 0.4144 0.46561700000000006 0.413533 0.472917 0.4144 0.480217 0.41691599999999995 0.48680199999999996 0.420836 0.492028 0.42577499999999996 0.495383 0.43125 0.49654 0.43672500000000003 0.495383 0.441664 0.492028 0.44558400000000004 0.48680199999999996 0.4481 0.480217 0.448967 0.472917 0.4481 0.46561700000000006 0.44558400000000004 0.45903099999999997 0.441664 0.453805
0 0.45933 0.489777 0.454535 0.48651900000000003 0.449219 0.485397 0.443903 0.48651900000000003 0.439107 0.489777 0.43530199999999997 0.494852 0.43285799999999997 0.501246 0.43201599999999996 0.508333 0.43285799999999997 0.515421 0.43530199999999997 0.5218149999999999 0.439107 0.5268889999999999 0.443903 0.530147 0.449219 0.53127 0.454535 0.530147 0.45933 0.5268889999999999 0.463136 0.5218149999999999 0.46557899999999997 0.515421 0.466421 0.508333 0.46557899999999997 0.501246 0.463136 0.494852 0.45933 0.489777
0 0.443705 0.525194 0.43891 0.521936 0.433594 0.520814 0.428278 0.521936 0.423482 0.525194 0.41967699999999997 0.530268 0.41723299999999997 0.536662 0.41639099999999996 0.54375 0.41723299999999997 0.5508379999999999 0.41967699999999997 0.5572320000000001 0.423482 0.562306 0.428278 0.565564 0.433594 0.566686 0.43891 0.565564 0.443705 0.562306 0.447511 0.5572320000000001 0.44995399999999997 0.5508379999999999 0.450796 0.54375 0.44995399999999997 0.536662 0.447511 0.530268 0.443705 0.525194
0 0.42183000000000004 0.556444 0.417035 0.553186 0.411719 0.552064 0.40640299999999996 0.553186 0.401607 0.556444 0.397802 0.561518 0.395358 0.567912 0.394516 0.575 0.395358 0.5820879999999999 0.397802 0.5884820000000001 0.401607 0.593556 0.40640299999999996 0.596814 0.411719 0.597936 0.417035 0.596814 0.42183000000000004 0.593556 0.425636 0.5884820000000001 0.428079 0.5820879999999999 0.428921 0.575 0.428079 0.567912 0.425636 0.561518 0.42183000000000004 0.556444
0 0.389018 0.559569 0.384222 0.556311 0.378906 0.555189 0.37359 0.556311 0.368795 0.559569 0.364989 0.564643 0.362546 0.571037 0.36170399999999997 0.578125 0.362546 0.585213 0.364989 0.591607 0.368795 0.596681 0.37359 0.599939 0.378906 0.601061 0.384222 0.599939 0.389018 0.596681 0.39282300000000003 0.591607 0.395267 0.585213 0.396109 0.578125 0.395267 0.571037 0.39282300000000003 0.564643 0.389018 0.559569
0 0.356205 0.560611 0.35141 0.557353 0.346094 0.55623 0.34077799999999997 0.557353 0.335982 0.560611 0.332177 0.565685 0.329733 0.572079 0.328891 0.579167 0.329733 0.586254 0.332177 0.592648 0.335982 0.597723 0.34077799999999997 0.600981 0.346094 0.6021029999999999 0.35141 0.600981 0.356205 0.597723 0.36001099999999997 0.592648 0.362454 0.586254 0.363296 0.579167 0.362454 0.572079 0.36001099999999997 0.565685 0.356205 0.560611
0 0.335111 0.531444 0.330316 0.528186 0.325 0.527064 0.31968399999999997 0.528186 0.31488900000000003 0.531444 0.311083 0.5365179999999999 0.30863999999999997 0.5429120000000001 0.307798 0.55 0.30863999999999997 0.557088 0.311083 0.563482 0.31488900000000003 0.568556 0.31968399999999997 0.571814 0.325 0.572936 0.330316 0.571814 0.335111 0.568556 0.338917 0.563482 0.34136 0.557088 0.342202 0.55 0.34136 0.5429120000000001 0.338917 0.5365179999999999 0.335111 0.531444
0 0.31245500000000004 0.500194 0.30766 0.496936 0.302344 0.49581400000000003 0.29702799999999996 0.496936 0.292232 0.500194 0.288427 0.5052679999999999 0.285983 0.5116620000000001 0.285141 0.51875 0.285983 0.525838 0.288427 0.532232 0.292232 0.537306 0.29702799999999996 0.540564 0.302344 0.541686 0.30766 0.540564 0.31245500000000004 0.537306 0.316261 0.532232 0.318704 0.525838 0.319546 0.51875 0.318704 0.5116620000000001 0.316261 0.5052679999999999 0.31245500000000004 0.500194
0 0.294626 0.46556300000000006 0.289764 0.46226 0.284375 0.46112200000000003 0.278986 0.46226 0.274124 0.46556300000000006 0.270266 0.470707 0.267789 0.477189 0.26693500000000003 0.484375 0.267789 0.491561 0.270266 0.498043 0.274124 0.5031869999999999 0.278986 0.50649 0.284375 0.507628 0.289764 0.50649 0.294626 0.5031869999999999 0.298484 0.498043 0.300961 0.491561 0.301815 0.484375 0.300961 0.477189 0.298484 0.470707 0.294626 0.46556300000000006
0 0.30947 0.427021 0.304608 0.42371800000000004 0.299219 0.42257999999999996 0.29383 0.42371800000000004 0.288968 0.427021 0.28511000000000003 0.432165 0.282632 0.438648 0.281779 0.44583300000000003 0.282632 0.453019 0.28511000000000003 0.45950100000000005 0.288968 0.464646 0.29383 0.467948 0.299219 0.469086 0.304608 0.467948 0.30947 0.464646 0.313328 0.45950100000000005 0.315805 0.453019 0.31665899999999997 0.44583300000000003 0.315805 0.438648 0.313328 0.432165 0.30947 0.427021
0 0.332907 0.458271 0.32804500000000003 0.45496800000000004 0.322656 0.45382999999999996 0.317267 0.45496800000000004 0.312405 0.458271 0.308547 0.463415 0.30607 0.469898 0.30521600000000004 0.47708300000000003 0.30607 0.484269 0.308547 0.49075100000000005 0.312405 0.495896 0.317267 0.499198 0.322656 0.500336 0.32804500000000003 0.499198 0.332907 0.495896 0.336765 0.49075100000000005 0.339243 0.484269 0.340096 0.47708300000000003 0.339243 0.469898 0.336765 0.463415 0.332907 0.458271
0 0.34697 0.42077099999999995 0.34210799999999997 0.41746800000000006 0.336719 0.41633 0.33133 0.41746800000000006 0.326468 0.42077099999999995 0.32261 0.425915 0.32013199999999997 0.43239799999999995 0.319279 0.439583 0.32013199999999997 0.446769 0.32261 0.453251 0.326468 0.458396 0.33133 0.461698 0.336719 0.46283599999999997 0.34210799999999997 0.461698 0.34697 0.458396 0.35082800000000003 0.453251 0.353305 0.446769 0.354159 0.439583 0.353305 0.43239799999999995 0.35082800000000003 0.425915 0.34697 0.42077099999999995
0 0.349313 0.492646 0.344452 0.48934300000000003 0.33906200000000003 0.48820499999999994 0.333673 0.48934300000000003 0.328812 0.492646 0.324953 0.49779 0.322476 0.504273 0.321623 0.511458 0.322476 0.518644 0.324953 0.525126 0.328812 0.530271 0.333673 0.533573 0.33906200000000003 0.5347109999999999 0.344452 0.533573 0.349313 0.530271 0.353172 0.525126 0.355649 0.518644 0.356502 0.511458 0.355649 0.504273 0.353172 0.49779 0.349313 0.492646
0 0.37197 0.5238959999999999 0.367108 0.5205930000000001 0.361719 0.519455 0.35633 0.5205930000000001 0.351468 0.5238959999999999 0.34761000000000003 0.52904 0.345132 0.535523 0.344279 0.542708 0.345132 0.549894 0.34761000000000003 0.556376 0.351468 0.561521 0.35633 0.564823 0.361719 0.5659609999999999 0.367108 0.564823 0.37197 0.561521 0.375828 0.556376 0.378305 0.549894 0.37915899999999997 0.542708 0.378305 0.535523 0.375828 0.52904 0.37197 0.5238959999999999
0 0.40321999999999997 0.5218130000000001 0.398358 0.51851 0.392969 0.517372 0.38758 0.51851 0.382718 0.5218130000000001 0.37886000000000003 0.526957 0.376382 0.533439 0.375529 0.540625 0.376382 0.547811 0.37886000000000003 0.554293 0.382718 0.559437 0.38758 0.56274 0.392969 0.563878 0.398358 0.56274 0.40321999999999997 0.559437 0.407078 0.554293 0.409555 0.547811 0.410409 0.540625 0.409555 0.533439 0.407078 0.526957 0.40321999999999997 0.5218130000000001
0 0.41884499999999997 0.48535399999999995 0.413983 0.48205200000000004 0.408594 0.480914 0.403205 0.48205200000000004 0.398343 0.48535399999999995 0.39448500000000003 0.49049899999999996 0.392007 0.496981 0.391154 0.504167 0.392007 0.511352 0.39448500000000003 0.517835 0.398343 0.5229790000000001 0.403205 0.5262819999999999 0.408594 0.52742 0.413983 0.5262819999999999 0.41884499999999997 0.5229790000000001 0.422703 0.517835 0.42518 0.511352 0.426034 0.504167 0.42518 0.496981 0.422703 0.49049899999999996 0.41884499999999997 0.48535399999999995
0 0.38447 0.48639599999999994 0.379608 0.48309300000000005 0.37421899999999997 0.48195499999999997 0.36883 0.48309300000000005 0.36396799999999996 0.48639599999999994 0.36011000000000004 0.49154 0.357632 0.498023 0.356779 0.505208 0.357632 0.512394 0.36011000000000004 0.518876 0.36396799999999996 0.5240210000000001 0.36883 0.527323 0.37421899999999997 0.528461 0.379608 0.527323 0.38447 0.5240210000000001 0.388328 0.518876 0.39080499999999996 0.512394 0.391659 0.505208 0.39080499999999996 0.498023 0.388328 0.49154 0.38447 0.48639599999999994
0 0.368063 0.45097899999999996 0.36320199999999997 0.447677 0.357812 0.446539 0.35242300000000004 0.447677 0.34756200000000004 0.45097899999999996 0.343703 0.456124 0.341226 0.46260599999999996 0.340373 0.469792 0.341226 0.47697700000000004 0.343703 0.48346 0.34756200000000004 0.48860400000000004 0.35242300000000004 0.491907 0.357812 0.49304500000000007 0.36320199999999997 0.491907 0.368063 0.48860400000000004 0.371922 0.48346 0.37439900000000004 0.47697700000000004 0.37525200000000003 0.469792 0.37439900000000004 0.46260599999999996 0.371922 0.456124 0.368063 0.45097899999999996
0 0.405563 0.447854 0.400702 0.444552 0.39531299999999997 0.44341400000000003 0.389923 0.444552 0.385062 0.447854 0.381203 0.452999 0.378726 0.459481 0.377873 0.466667 0.378726 0.47385200000000005 0.381203 0.480335 0.385062 0.48547900000000005 0.389923 0.48878199999999994 0.39531299999999997 0.48992 0.400702 0.48878199999999994 0.405563 0.48547900000000005 0.409422 0.480335 0.411899 0.47385200000000005 0.41275199999999995 0.466667 0.411899 0.459481 0.409422 0.452999 0.405563 0.447854
0 0.5709500000000001 0.47030099999999997 0.567313 0.46783 0.563281 0.466978 0.559249 0.46783 0.555612 0.47030099999999997 0.552725 0.474149 0.550872 0.47899900000000006 0.550234 0.484375 0.550872 0.48975099999999994 0.552725 0.494601 0.555612 0.49844900000000003 0.559249 0.50092 0.563281 0.501772 0.567313 0.50092 0.5709500000000001 0.49844900000000003 0.5738369999999999 0.494601 0.57569 0.48975099999999994 0.576329 0.484375 0.57569 0.47899900000000006 0.5738369999999999 0.474149 0.5709500000000001 0.47030099999999997
0 0.582669 0.498426 0.579032 0.49595500000000003 0.575 0.495103 0.5709679999999999 0.49595500000000003 0.567331 0.498426 0.5644440000000001 0.502274 0.5625910000000001 0.507124 0.561952 0.5125 0.5625910000000001 0.517876 0.5644440000000001 0.522726 0.567331 0.526574 0.5709679999999999 0.529045 0.575 0.529897 0.579032 0.529045 0.582669 0.526574 0.585556 0.522726 0.587409 0.517876 0.588048 0.5125 0.587409 0.507124 0.585556 0.502274 0.582669 0.498426
0 0.597513 0.523426 0.5938760000000001 0.5209550000000001 0.589844 0.520103 0.585812 0.5209550000000001 0.582175 0.523426 0.579288 0.527274 0.577435 0.532124 0.5767960000000001 0.5375 0.577435 0.5428759999999999 0.579288 0.547726 0.582175 0.551574 0.585812 0.554045 0.589844 0.554897 0.5938760000000001 0.554045 0.597513 0.551574 0.6003999999999999 0.547726 0.6022529999999999 0.5428759999999999 0.602891 0.5375 0.6022529999999999 0.532124 0.6003999999999999 0.527274 0.597513 0.523426
0 0.617044 0.5432170000000001 0.613407 0.5407460000000001 0.609375 0.539895 0.605343 0.5407460000000001 0.601706 0.5432170000000001 0.598819 0.5470659999999999 0.596966 0.5519160000000001 0.5963269999999999 0.557292 0.596966 0.5626680000000001 0.598819 0.5675169999999999 0.601706 0.571366 0.605343 0.5738369999999999 0.609375 0.574689 0.613407 0.5738369999999999 0.617044 0.571366 0.619931 0.5675169999999999 0.621784 0.5626680000000001 0.6224230000000001 0.557292 0.621784 0.5519160000000001 0.619931 0.5470659999999999 0.617044 0.5432170000000001
0 0.641263 0.540092 0.637626 0.537621 0.633594 0.53677 0.6295620000000001 0.537621 0.625925 0.540092 0.623038 0.543941 0.621185 0.548791 0.620546 0.554167 0.621185 0.559543 0.623038 0.564392 0.625925 0.568241 0.6295620000000001 0.570712 0.633594 0.571564 0.637626 0.570712 0.641263 0.568241 0.64415 0.564392 0.646003 0.559543 0.646641 0.554167 0.646003 0.548791 0.64415 0.543941 0.641263 0.540092
0 0.665482 0.539051 0.661844 0.5365800000000001 0.657813 0.535728 0.6537810000000001 0.5365800000000001 0.650143 0.539051 0.647257 0.542899 0.6454030000000001 0.547749 0.644765 0.553125 0.6454030000000001 0.5585009999999999 0.647257 0.563351 0.650143 0.567199 0.6537810000000001 0.56967 0.657813 0.570522 0.661844 0.56967 0.665482 0.567199 0.668368 0.563351 0.670222 0.5585009999999999 0.67086 0.553125 0.670222 0.547749 0.668368 0.542899 0.665482 0.539051
0 0.6897 0.536967 0.686063 0.5344960000000001 0.682031 0.533645 0.677999 0.5344960000000001 0.674362 0.536967 0.671475 0.540816 0.669622 0.545666 0.668984 0.551042 0.669622 0.5564180000000001 0.671475 0.561267 0.674362 0.565116 0.677999 0.567587 0.682031 0.5684389999999999 0.686063 0.567587 0.6897 0.565116 0.692587 0.561267 0.69444 0.5564180000000001 0.695079 0.551042 0.69444 0.545666 0.692587 0.540816 0.6897 0.536967
0 0.714213 0.535387 0.710436 0.532822 0.70625 0.531938 0.702064 0.532822 0.698287 0.535387 0.69529 0.5393830000000001 0.6933659999999999 0.5444180000000001 0.6927030000000001 0.55 0.6933659999999999 0.555582 0.69529 0.5606169999999999 0.698287 0.564613 0.702064 0.567178 0.70625 0.568063 0.710436 0.567178 0.714213 0.564613 0.71721 0.5606169999999999 0.719134 0.555582 0.719797 0.55 0.719134 0.5444180000000001 0.71721 0.5393830000000001 0.714213 0.535387
0 0.739213 0.533304 0.735436 0.530738 0.73125 0.529854 0.727064 0.530738 0.723287 0.533304 0.72029 0.5373 0.718366 0.542335 0.717703 0.547917 0.718366 0.553498 0.72029 0.5585340000000001 0.723287 0.56253 0.727064 0.565095 0.73125 0.565979 0.735436 0.565095 0.739213 0.56253 0.74221 0.5585340000000001 0.7441340000000001 0.553498 0.7447969999999999 0.547917 0.7441340000000001 0.542335 0.74221 0.5373 0.739213 0.533304
0 0.76265 0.528095 0.7588739999999999 0.52553 0.754687 0.524646 0.7505010000000001 0.52553 0.746725 0.528095 0.7437280000000001 0.532091 0.741804 0.537127 0.741141 0.542708 0.741804 0.5482899999999999 0.7437280000000001 0.553325 0.746725 0.5573210000000001 0.7505010000000001 0.559887 0.754687 0.560771 0.7588739999999999 0.559887 0.76265 0.5573210000000001 0.765647 0.553325 0.767571 0.5482899999999999 0.768234 0.542708 0.767571 0.537127 0.765647 0.532091 0.76265 0.528095
0 0.776713 0.501012 0.772936 0.498447 0.76875 0.497563 0.764564 0.498447 0.760787 0.501012 0.75779 0.505008 0.7558659999999999 0.510043 0.7552030000000001 0.515625 0.7558659999999999 0.521207 0.75779 0.526242 0.760787 0.530238 0.764564 0.532803 0.76875 0.533687 0.772936 0.532803 0.776713 0.530238 0.77971 0.526242 0.781634 0.521207 0.782297 0.515625 0.781634 0.510043 0.77971 0.505008 0.776713 0.501012
0 0.787451 0.47221 0.783769 0.46970900000000004 0.779687 0.46884699999999996 0.775606 0.46970900000000004 0.771924 0.47221 0.769002 0.476107 0.767125 0.481016 0.766479 0.486458 0.767125 0.49190100000000003 0.769002 0.49681 0.771924 0.500706 0.775606 0.503208 0.779687 0.50407 0.783769 0.503208 0.787451 0.500706 0.790373 0.49681 0.79225 0.49190100000000003 0.792896 0.486458 0.79225 0.481016 0.790373 0.476107 0.787451 0.47221
0 0.77417 0.445127 0.7704880000000001 0.442626 0.766406 0.44176399999999993 0.7623249999999999 0.442626 0.758642 0.445127 0.75572 0.44902300000000006 0.753844 0.453933 0.753198 0.459375 0.753844 0.46481700000000004 0.75572 0.46972699999999995 0.758642 0.473623 0.7623249999999999 0.476124 0.766406 0.476986 0.7704880000000001 0.476124 0.77417 0.473623 0.777092 0.46972699999999995 0.778968 0.46481700000000004 0.779615 0.459375 0.778968 0.453933 0.777092 0.44902300000000006 0.77417 0.445127
0 0.7851079999999999 0.417002 0.781425 0.414501 0.777344 0.413639 0.773262 0.414501 0.76958 0.417002 0.766658 0.42089800000000005 0.7647820000000001 0.42580799999999996 0.764135 0.43125 0.7647820000000001 0.436692 0.766658 0.44160199999999994 0.76958 0.445498 0.773262 0.447999 0.777344 0.44886100000000007 0.781425 0.447999 0.7851079999999999 0.445498 0.78803 0.44160199999999994 0.789906 0.436692 0.790552 0.43125 0.789906 0.42580799999999996 0.78803 0.42089800000000005 0.7851079999999999 0.417002
0 0.777295 0.385752 0.773613 0.383251 0.769531 0.382389 0.76545 0.383251 0.7617670000000001 0.385752 0.758845 0.389648 0.756969 0.394558 0.756323 0.4 0.756969 0.405442 0.758845 0.41035199999999994 0.7617670000000001 0.414248 0.76545 0.416749 0.769531 0.41761100000000007 0.773613 0.416749 0.777295 0.414248 0.780217 0.41035199999999994 0.7820929999999999 0.405442 0.78274 0.4 0.7820929999999999 0.394558 0.780217 0.389648 0.777295 0.385752
0 0.758545 0.36596 0.7548630000000001 0.36345900000000003 0.750781 0.362597 0.7466999999999999 0.36345900000000003 0.743017 0.36596 0.740095 0.369857 0.738219 0.37476600000000004 0.737573 0.380208 0.738219 0.385651 0.740095 0.39056 0.743017 0.39445600000000003 0.7466999999999999 0.39695800000000003 0.750781 0.39782 0.7548630000000001 0.39695800000000003 0.758545 0.39445600000000003 0.761467 0.39056 0.763343 0.385651 0.76399 0.380208 0.763343 0.37476600000000004 0.761467 0.369857 0.758545 0.36596
0 0.772608 0.338877 0.7689250000000001 0.336376 0.764844 0.335514 0.7607619999999999 0.336376 0.75708 0.338877 0.754158 0.342773 0.752282 0.347683 0.751635 0.353125 0.752282 0.35856699999999997 0.754158 0.363477 0.75708 0.367373 0.7607619999999999 0.369874 0.764844 0.370736 0.7689250000000001 0.369874 0.772608 0.367373 0.77553 0.363477 0.777406 0.35856699999999997 0.778052 0.353125 0.777406 0.347683 0.77553 0.342773 0.772608 0.338877
0 0.746045 0.337835 0.742363 0.335334 0.738281 0.334472 0.7342 0.335334 0.7305170000000001 0.337835 0.727595 0.34173200000000004 0.725719 0.34664100000000003 0.725073 0.35208300000000003 0.725719 0.357526 0.727595 0.362435 0.7305170000000001 0.366331 0.7342 0.368833 0.738281 0.369695 0.742363 0.368833 0.746045 0.366331 0.748967 0.362435 0.7508429999999999 0.357526 0.75149 0.35208300000000003 0.7508429999999999 0.34664100000000003 0.748967 0.34173200000000004 0.746045 0.337835
0 0.721826 0.336794 0.718144 0.334292 0.714063 0.33343 0.709981 0.334292 0.706299 0.336794 0.7033769999999999 0.34069 0.7015 0.345599 0.700854 0.35104199999999997 0.7015 0.35648399999999997 0.7033769999999999 0.36139299999999996 0.706299 0.36529 0.709981 0.367791 0.714063 0.368653 0.718144 0.367791 0.721826 0.36529 0.7247480000000001 0.36139299999999996 0.7266250000000001 0.35648399999999997 0.727271 0.35104199999999997 0.7266250000000001 0.345599 0.7247480000000001 0.34069 0.721826 0.336794
0 0.69292 0.34200200000000003 0.689238 0.339501 0.685156 0.338639 0.681075 0.339501 0.677392 0.34200200000000003 0.67447 0.345898 0.6725939999999999 0.350808 0.671948 0.35625 0.6725939999999999 0.361692 0.67447 0.366602 0.677392 0.370498 0.681075 0.37299899999999997 0.685156 0.373861 0.689238 0.37299899999999997 0.69292 0.370498 0.6958420000000001 0.366602 0.697718 0.361692 0.698365 0.35625 0.697718 0.350808 0.6958420000000001 0.345898 0.69292 0.34200200000000003
0 0.656983 0.345127 0.6533 0.342626 0.649219 0.341764 0.645137 0.342626 0.641455 0.345127 0.638533 0.34902299999999997 0.636657 0.353933 0.63601 0.359375 0.636657 0.364817 0.638533 0.36972700000000003 0.641455 0.373623 0.645137 0.376124 0.649219 0.376986 0.6533 0.376124 0.656983 0.373623 0.659905 0.36972700000000003 0.6617810000000001 0.364817 0.662427 0.359375 0.6617810000000001 0.353933 0.659905 0.34902299999999997 0.656983 0.345127
0 0.632764 0.350335 0.629082 0.34783400000000003 0.625 0.346972 0.620918 0.34783400000000003 0.617236 0.350335 0.614314 0.354232 0.612438 0.35914100000000004 0.611791 0.364583 0.612438 0.370026 0.614314 0.374935 0.617236 0.37883100000000003 0.620918 0.38133300000000003 0.625 0.382195 0.629082 0.38133300000000003 0.632764 0.37883100000000003 0.635686 0.374935 0.637562 0.370026 0.638209 0.364583 0.637562 0.35914100000000004 0.635686 0.354232 0.632764 0.350335
0 0.600733 0.381585 0.5970500000000001 0.37908400000000003 0.592969 0.378222 0.5888869999999999 0.37908400000000003 0.585205 0.381585 0.582283 0.385482 0.580407 0.39039100000000004 0.57976 0.395833 0.580407 0.401276 0.582283 0.40618499999999996 0.585205 0.41008100000000003 0.5888869999999999 0.412583 0.592969 0.413445 0.5970500000000001 0.412583 0.600733 0.41008100000000003 0.603655 0.40618499999999996 0.605531 0.401276 0.606177 0.395833 0.605531 0.39039100000000004 0.603655 0.385482 0.600733 0.381585
0 0.589795 0.411794 0.586113 0.40929200000000004 0.582031 0.40842999999999996 0.57795 0.40929200000000004 0.5742670000000001 0.411794 0.571345 0.41569 0.569469 0.420599 0.568823 0.426042 0.569469 0.43148400000000003 0.571345 0.436393 0.5742670000000001 0.44028999999999996 0.57795 0.442791 0.582031 0.443653 0.586113 0.442791 0.589795 0.44028999999999996 0.592717 0.436393 0.5945929999999999 0.43148400000000003 0.59524 0.426042 0.5945929999999999 0.420599 0.592717 0.41569 0.589795 0.411794
0 0.579639 0.439919 0.575957 0.43741700000000006 0.571875 0.43655499999999997 0.567793 0.43741700000000006 0.564111 0.439919 0.5611889999999999 0.443815 0.5593130000000001 0.448724 0.558666 0.454167 0.5593130000000001 0.45960900000000005 0.5611889999999999 0.464518 0.564111 0.46841499999999997 0.567793 0.470916 0.571875 0.47177800000000003 0.575957 0.470916 0.579639 0.46841499999999997 0.582561 0.464518 0.584437 0.45960900000000005 0.5850839999999999 0.454167 0.584437 0.448724 0.582561 0.443815 0.579639 0.439919
0 0.603858 0.43783500000000003 0.600175 0.435334 0.596094 0.43447199999999997 0.592012 0.435334 0.58833 0.43783500000000003 0.5854079999999999 0.441732 0.583532 0.44664099999999995 0.582885 0.452083 0.583532 0.457526 0.5854079999999999 0.462435 0.58833 0.466331 0.592012 0.46883299999999994 0.596094 0.46969500000000003 0.600175 0.46883299999999994 0.603858 0.466331 0.60678 0.462435 0.6086560000000001 0.457526 0.609302 0.452083 0.6086560000000001 0.44664099999999995 0.60678 0.441732 0.603858 0.43783500000000003
0 0.595264 0.468044 0.591582 0.465542 0.5875 0.46468 0.583418 0.465542 0.579736 0.468044 0.5768139999999999 0.47194 0.5749380000000001 0.47684899999999997 0.574291 0.482292 0.5749380000000001 0.487734 0.5768139999999999 0.492643 0.579736 0.49654 0.583418 0.49904099999999996 0.5875 0.49990300000000004 0.591582 0.49904099999999996 0.595264 0.49654 0.598186 0.492643 0.600062 0.487734 0.6007089999999999 0.482292 0.600062 0.47684899999999997 0.598186 0.47194 0.595264 0.468044
0 0.610108 0.493044 0.606425 0.49054200000000003 0.602344 0.48968 0.598262 0.49054200000000003 0.59458 0.493044 0.591658 0.49694000000000005 0.589782 0.501849 0.589135 0.507292 0.589782 0.512734 0.591658 0.517643 0.59458 0.52154 0.598262 0.524041 0.602344 0.524903 0.606425 0.524041 0.610108 0.52154 0.61303 0.517643 0.6149060000000001 0.512734 0.615552 0.507292 0.6149060000000001 0.501849 0.61303 0.49694000000000005 0.610108 0.493044
0 0.628076 0.513877 0.624394 0.511376 0.620313 0.5105139999999999 0.616231 0.511376 0.612549 0.513877 0.6096269999999999 0.517773 0.60775 0.522683 0.607104 0.528125 0.60775 0.533567 0.6096269999999999 0.538477 0.612549 0.542373 0.616231 0.544874 0.620313 0.545736 0.624394 0.544874 0.628076 0.542373 0.6309980000000001 0.538477 0.6328750000000001 0.533567 0.633521 0.528125 0.6328750000000001 0.522683 0.6309980000000001 0.517773 0.628076 0.513877
0 0.652295 0.511794 0.648613 0.5092920000000001 0.644531 0.5084299999999999 0.64045 0.5092920000000001 0.6367670000000001 0.511794 0.633845 0.51569 0.631969 0.520599 0.631323 0.526042 0.631969 0.5314840000000001 0.633845 0.536393 0.6367670000000001 0.5402899999999999 0.64045 0.542791 0.644531 0.543653 0.648613 0.542791 0.652295 0.5402899999999999 0.655217 0.536393 0.6570929999999999 0.5314840000000001 0.65774 0.526042 0.6570929999999999 0.520599 0.655217 0.51569 0.652295 0.511794
0 0.676514 0.50971 0.672832 0.507209 0.66875 0.506347 0.664668 0.507209 0.6609860000000001 0.50971 0.658064 0.513607 0.656188 0.518516 0.655541 0.523958 0.656188 0.529401 0.658064 0.53431 0.6609860000000001 0.538206 0.664668 0.540708 0.66875 0.54157 0.672832 0.540708 0.676514 0.538206 0.679436 0.53431 0.6813119999999999 0.529401 0.681959 0.523958 0.6813119999999999 0.518516 0.679436 0.513607 0.676514 0.50971
0 0.7007329999999999 0.507627 0.6970500000000001 0.505126 0.692969 0.5042639999999999 0.688887 0.505126 0.6852050000000001 0.507627 0.682283 0.5115230000000001 0.680407 0.5164329999999999 0.67976 0.521875 0.680407 0.527317 0.682283 0.532227 0.6852050000000001 0.536123 0.688887 0.538624 0.692969 0.539486 0.6970500000000001 0.538624 0.7007329999999999 0.536123 0.703655 0.532227 0.705531 0.527317 0.706177 0.521875 0.705531 0.5164329999999999 0.703655 0.5115230000000001 0.7007329999999999 0.507627
0 0.724951 0.505544 0.721269 0.503042 0.717187 0.50218 0.713106 0.503042 0.709424 0.505544 0.706502 0.50944 0.704625 0.514349 0.703979 0.519792 0.704625 0.525234 0.706502 0.530143 0.709424 0.53404 0.713106 0.5365409999999999 0.717187 0.5374030000000001 0.721269 0.5365409999999999 0.724951 0.53404 0.727873 0.530143 0.72975 0.525234 0.730396 0.519792 0.72975 0.514349 0.727873 0.50944 0.724951 0.505544
0 0.749951 0.501377 0.7462690000000001 0.498876 0.742188 0.49801399999999996 0.7381059999999999 0.498876 0.734424 0.501377 0.731502 0.5052730000000001 0.729625 0.5101829999999999 0.728979 0.515625 0.729625 0.5210670000000001 0.731502 0.5259769999999999 0.734424 0.529873 0.7381059999999999 0.532374 0.742188 0.533236 0.7462690000000001 0.532374 0.749951 0.529873 0.752873 0.5259769999999999 0.75475 0.5210670000000001 0.755396 0.515625 0.75475 0.5101829999999999 0.752873 0.5052730000000001 0.749951 0.501377
0 0.7632329999999999 0.474294 0.7595500000000001 0.47179200000000004 0.755469 0.47092999999999996 0.751387 0.47179200000000004 0.7477050000000001 0.474294 0.744783 0.47819 0.742907 0.483099 0.74226 0.488542 0.742907 0.49398400000000003 0.744783 0.498893 0.7477050000000001 0.50279 0.751387 0.5052909999999999 0.755469 0.5061530000000001 0.7595500000000001 0.5052909999999999 0.7632329999999999 0.50279 0.766155 0.498893 0.768031 0.49398400000000003 0.768677 0.488542 0.768031 0.483099 0.766155 0.47819 0.7632329999999999 0.474294
0 0.735889 0.475335 0.732207 0.47283400000000003 0.728125 0.47197199999999995 0.724043 0.47283400000000003 0.720361 0.475335 0.7174389999999999 0.479232 0.7155630000000001 0.484141 0.714916 0.489583 0.7155630000000001 0.495026 0.7174389999999999 0.49993499999999996 0.720361 0.503831 0.724043 0.5063329999999999 0.728125 0.5071950000000001 0.732207 0.5063329999999999 0.735889 0.503831 0.738811 0.49993499999999996 0.740687 0.495026 0.7413339999999999 0.489583 0.740687 0.484141 0.738811 0.479232 0.735889 0.475335
0 0.74917 0.44721 0.745488 0.444709 0.741406 0.443847 0.737325 0.444709 0.733642 0.44721 0.73072 0.45110700000000004 0.7288439999999999 0.456016 0.728198 0.46145800000000003 0.7288439999999999 0.466901 0.73072 0.47180999999999995 0.733642 0.475706 0.737325 0.47820799999999997 0.741406 0.47907 0.745488 0.47820799999999997 0.74917 0.475706 0.752092 0.47180999999999995 0.753968 0.466901 0.754615 0.46145800000000003 0.753968 0.456016 0.752092 0.45110700000000004 0.74917 0.44721
0 0.760108 0.41804399999999997 0.756425 0.415542 0.752344 0.41468 0.748262 0.415542 0.74458 0.41804399999999997 0.7416579999999999 0.42194000000000004 0.739782 0.426849 0.739135 0.432292 0.739782 0.437734 0.7416579999999999 0.442643 0.74458 0.44654 0.748262 0.44904099999999997 0.752344 0.44990300000000005 0.756425 0.44904099999999997 0.760108 0.44654 0.76303 0.442643 0.7649060000000001 0.437734 0.765552 0.432292 0.7649060000000001 0.426849 0.76303 0.42194000000000004 0.760108 0.41804399999999997
0 0.746045 0.393044 0.742363 0.390542 0.738281 0.38967999999999997 0.7342 0.390542 0.7305170000000001 0.393044 0.727595 0.39693999999999996 0.725719 0.401849 0.725073 0.407292 0.725719 0.41273400000000005 0.727595 0.417643 0.7305170000000001 0.42153999999999997 0.7342 0.424041 0.738281 0.42490300000000003 0.742363 0.424041 0.746045 0.42153999999999997 0.748967 0.417643 0.7508429999999999 0.41273400000000005 0.75149 0.407292 0.7508429999999999 0.401849 0.748967 0.39693999999999996 0.746045 0.393044
0 0.7210449999999999 0.395127 0.717363 0.39262600000000003 0.713281 0.391764 0.7091999999999999 0.39262600000000003 0.7055170000000001 0.395127 0.702595 0.399023 0.700719 0.403933 0.700073 0.409375 0.700719 0.41481700000000005 0.702595 0.41972699999999996 0.7055170000000001 0.42362299999999997 0.7091999999999999 0.426124 0.713281 0.42698600000000003 0.717363 0.426124 0.7210449999999999 0.42362299999999997 0.723967 0.41972699999999996 0.725843 0.41481700000000005 0.72649 0.409375 0.725843 0.403933 0.723967 0.399023 0.7210449999999999 0.395127
0 0.732764 0.36596 0.729082 0.36345900000000003 0.725 0.362597 0.720918 0.36345900000000003 0.717236 0.36596 0.714314 0.369857 0.712438 0.37476600000000004 0.7117910000000001 0.380208 0.712438 0.385651 0.714314 0.39056 0.717236 0.39445600000000003 0.720918 0.39695800000000003 0.725 0.39782 0.729082 0.39695800000000003 0.732764 0.39445600000000003 0.7356860000000001 0.39056 0.7375619999999999 0.385651 0.738209 0.380208 0.7375619999999999 0.37476600000000004 0.7356860000000001 0.369857 0.732764 0.36596
0 0.708116 0.36739700000000003 0.704267 0.364782 0.7 0.363881 0.6957329999999999 0.364782 0.691884 0.36739700000000003 0.6888289999999999 0.37147 0.686868 0.376603 0.6861919999999999 0.38229199999999997 0.686868 0.387981 0.6888289999999999 0.393113 0.691884 0.397186 0.6957329999999999 0.39980099999999996 0.7 0.400702 0.704267 0.39980099999999996 0.708116 0.397186 0.711171 0.393113 0.713132 0.387981 0.713808 0.38229199999999997 0.713132 0.376603 0.711171 0.37147 0.708116 0.36739700000000003
0 0.694835 0.39448099999999997 0.690986 0.391866 0.686719 0.390965 0.682452 0.391866 0.6786030000000001 0.39448099999999997 0.675548 0.39855399999999996 0.673587 0.403686 0.672911 0.409375 0.673587 0.415064 0.675548 0.42019599999999996 0.6786030000000001 0.42426899999999995 0.682452 0.426884 0.686719 0.42778499999999997 0.690986 0.426884 0.694835 0.42426899999999995 0.69789 0.42019599999999996 0.699851 0.415064 0.700527 0.409375 0.699851 0.403686 0.69789 0.39855399999999996 0.694835 0.39448099999999997
0 0.670616 0.39552200000000004 0.666767 0.392907 0.6625 0.39200599999999997 0.658233 0.392907 0.6543840000000001 0.39552200000000004 0.6513289999999999 0.39959500000000003 0.6493680000000001 0.404728 0.6486919999999999 0.410417 0.6493680000000001 0.416106 0.6513289999999999 0.42123799999999995 0.6543840000000001 0.42531100000000005 0.658233 0.427926 0.6625 0.42882699999999996 0.666767 0.427926 0.670616 0.42531100000000005 0.673671 0.42123799999999995 0.675632 0.416106 0.676308 0.410417 0.675632 0.404728 0.673671 0.39959500000000003 0.670616 0.39552200000000004
0 0.676866 0.365314 0.673017 0.362699 0.66875 0.361798 0.6644829999999999 0.362699 0.660634 0.365314 0.6575789999999999 0.369387 0.655618 0.374519 0.6549419999999999 0.380208 0.655618 0.385897 0.6575789999999999 0.39103 0.660634 0.395103 0.6644829999999999 0.397718 0.66875 0.398619 0.673017 0.397718 0.676866 0.395103 0.679921 0.39103 0.681882 0.385897 0.682558 0.380208 0.681882 0.374519 0.679921 0.369387 0.676866 0.365314
0 0.650304 0.376772 0.6464540000000001 0.37415699999999996 0.642188 0.373256 0.637921 0.37415699999999996 0.6340709999999999 0.376772 0.631017 0.380845 0.6290549999999999 0.38597800000000004 0.62838 0.391667 0.6290549999999999 0.397356 0.631017 0.40248799999999996 0.6340709999999999 0.40656100000000006 0.637921 0.409176 0.642188 0.41007699999999997 0.6464540000000001 0.409176 0.650304 0.40656100000000006 0.653358 0.40248799999999996 0.65532 0.397356 0.655995 0.391667 0.65532 0.38597800000000004 0.653358 0.380845 0.650304 0.376772
0 0.626085 0.37989700000000004 0.622236 0.377282 0.617969 0.37638099999999997 0.613702 0.377282 0.609853 0.37989700000000004 0.6067980000000001 0.38397000000000003 0.6048370000000001 0.38910300000000003 0.6041610000000001 0.394792 0.6048370000000001 0.400481 0.6067980000000001 0.40561299999999995 0.609853 0.40968600000000005 0.613702 0.412301 0.617969 0.41320199999999996 0.622236 0.412301 0.626085 0.40968600000000005 0.62914 0.40561299999999995 0.6311009999999999 0.400481 0.631777 0.394792 0.6311009999999999 0.38910300000000003 0.62914 0.38397000000000003 0.626085 0.37989700000000004
0 0.614366 0.408022 0.610517 0.405407 0.60625 0.40450600000000003 0.6019829999999999 0.405407 0.598134 0.408022 0.5950789999999999 0.412095 0.593118 0.417228 0.5924419999999999 0.422917 0.593118 0.428606 0.5950789999999999 0.43373799999999996 0.598134 0.43781100000000006 0.6019829999999999 0.440426 0.60625 0.44132699999999997 0.610517 0.440426 0.614366 0.43781100000000006 0.617421 0.43373799999999996 0.619382 0.428606 0.620058 0.422917 0.619382 0.417228 0.617421 0.412095 0.614366 0.408022
0 0.630456 0.43255999999999994 0.626757 0.43004699999999996 0.622656 0.429181 0.618555 0.43004699999999996 0.614856 0.43255999999999994 0.61192 0.436475 0.610035 0.441407 0.609386 0.446875 0.610035 0.45234300000000005 0.61192 0.457275 0.614856 0.46119000000000004 0.618555 0.46370300000000003 0.622656 0.464569 0.626757 0.46370300000000003 0.630456 0.46119000000000004 0.633392 0.457275 0.635277 0.45234300000000005 0.635927 0.446875 0.635277 0.441407 0.633392 0.436475 0.630456 0.43255999999999994
0 0.6203000000000001 0.46172700000000005 0.616601 0.45921399999999996 0.6125 0.458348 0.608399 0.45921399999999996 0.6047 0.46172700000000005 0.601764 0.465642 0.5998789999999999 0.47057399999999994 0.59923 0.47604199999999997 0.5998789999999999 0.48150899999999996 0.601764 0.486442 0.6047 0.49035599999999996 0.608399 0.49286899999999995 0.6125 0.49373500000000003 0.616601 0.49286899999999995 0.6203000000000001 0.49035599999999996 0.623236 0.486442 0.625121 0.48150899999999996 0.6257699999999999 0.47604199999999997 0.625121 0.47057399999999994 0.623236 0.465642 0.6203000000000001 0.46172700000000005
0 0.637488 0.484644 0.633788 0.48213100000000003 0.629687 0.48126499999999994 0.625587 0.48213100000000003 0.621887 0.484644 0.618952 0.488558 0.617067 0.493491 0.616417 0.498958 0.617067 0.504426 0.618952 0.509358 0.621887 0.513273 0.625587 0.5157860000000001 0.629687 0.516652 0.633788 0.5157860000000001 0.637488 0.513273 0.640423 0.509358 0.642308 0.504426 0.6429579999999999 0.498958 0.642308 0.493491 0.640423 0.488558 0.637488 0.484644
0 0.662712 0.482148 0.658906 0.479563 0.654687 0.478672 0.650469 0.479563 0.646663 0.482148 0.643643 0.48617499999999997 0.6417029999999999 0.49124999999999996 0.641035 0.496875 0.6417029999999999 0.5025000000000001 0.643643 0.507575 0.646663 0.511602 0.650469 0.514187 0.654687 0.515078 0.658906 0.514187 0.662712 0.511602 0.665732 0.507575 0.667672 0.5025000000000001 0.6683399999999999 0.496875 0.667672 0.49124999999999996 0.665732 0.48617499999999997 0.662712 0.482148
0 0.68615 0.480065 0.682344 0.47747900000000004 0.678125 0.476589 0.673906 0.47747900000000004 0.6700999999999999 0.480065 0.66708 0.48409199999999997 0.665141 0.489167 0.664473 0.494792 0.665141 0.500417 0.66708 0.5054909999999999 0.6700999999999999 0.509518 0.673906 0.512104 0.678125 0.512995 0.682344 0.512104 0.68615 0.509518 0.6891700000000001 0.5054909999999999 0.691109 0.500417 0.691777 0.494792 0.691109 0.489167 0.6891700000000001 0.48409199999999997 0.68615 0.480065
0 0.7108209999999999 0.478585 0.707171 0.476105 0.703125 0.475251 0.699079 0.476105 0.6954290000000001 0.478585 0.692533 0.48244699999999996 0.690673 0.487314 0.690032 0.49270800000000003 0.690673 0.49810299999999996 0.692533 0.502969 0.6954290000000001 0.506832 0.699079 0.5093110000000001 0.703125 0.510166 0.707171 0.5093110000000001 0.7108209999999999 0.506832 0.713717 0.502969 0.715577 0.49810299999999996 0.716218 0.49270800000000003 0.715577 0.487314 0.713717 0.48244699999999996 0.7108209999999999 0.478585
0 0.721026 0.45037000000000005 0.717353 0.447874 0.713281 0.44701500000000005 0.709209 0.447874 0.705536 0.45037000000000005 0.7026209999999999 0.454257 0.70075 0.459154 0.700105 0.464583 0.70075 0.470012 0.7026209999999999 0.47491000000000005 0.705536 0.478797 0.709209 0.481292 0.713281 0.48215199999999997 0.717353 0.481292 0.721026 0.478797 0.7239410000000001 0.47491000000000005 0.725813 0.470012 0.7264579999999999 0.464583 0.725813 0.459154 0.7239410000000001 0.454257 0.721026 0.45037000000000005
0 0.734307 0.42224500000000004 0.730634 0.41974900000000004 0.726562 0.41889000000000004 0.722491 0.41974900000000004 0.718818 0.42224500000000004 0.715902 0.42613200000000007 0.7140310000000001 0.431029 0.7133860000000001 0.436458 0.7140310000000001 0.44188700000000003 0.715902 0.44678500000000004 0.718818 0.45067199999999996 0.722491 0.453167 0.726562 0.45402699999999996 0.730634 0.453167 0.734307 0.45067199999999996 0.737223 0.44678500000000004 0.7390939999999999 0.44188700000000003 0.7397389999999999 0.436458 0.7390939999999999 0.431029 0.737223 0.42613200000000007 0.734307 0.42224500000000004
0 0.707745 0.42224500000000004 0.704072 0.41974900000000004 0.7 0.41889000000000004 0.695928 0.41974900000000004 0.6922550000000001 0.42224500000000004 0.68934 0.42613200000000007 0.687468 0.431029 0.686823 0.436458 0.687468 0.44188700000000003 0.68934 0.44678500000000004 0.6922550000000001 0.45067199999999996 0.695928 0.453167 0.7 0.45402699999999996 0.704072 0.453167 0.707745 0.45067199999999996 0.7106600000000001 0.44678500000000004 0.712532 0.44188700000000003 0.7131770000000001 0.436458 0.712532 0.431029 0.7106600000000001 0.42613200000000007 0.707745 0.42224500000000004
0 0.6827449999999999 0.423287 0.679072 0.420791 0.675 0.41993099999999994 0.670928 0.420791 0.667255 0.423287 0.6643399999999999 0.42717299999999997 0.662468 0.432071 0.6618229999999999 0.4375 0.662468 0.442929 0.6643399999999999 0.44782700000000003 0.667255 0.451713 0.670928 0.454209 0.675 0.45506900000000006 0.679072 0.454209 0.6827449999999999 0.451713 0.68566 0.44782700000000003 0.687532 0.442929 0.688177 0.4375 0.687532 0.432071 0.68566 0.42717299999999997 0.6827449999999999 0.423287
0 0.696026 0.45141200000000004 0.692353 0.448916 0.688281 0.44805599999999995 0.684209 0.448916 0.680536 0.45141200000000004 0.677621 0.455298 0.6757500000000001 0.460196 0.6751050000000001 0.465625 0.6757500000000001 0.471054 0.677621 0.47595200000000004 0.680536 0.479838 0.684209 0.482334 0.688281 0.483194 0.692353 0.482334 0.696026 0.479838 0.698941 0.47595200000000004 0.700813 0.471054 0.7014579999999999 0.465625 0.700813 0.460196 0.698941 0.455298 0.696026 0.45141200000000004
0 0.671807 0.45245300000000005 0.668134 0.44995799999999997 0.664062 0.44909800000000005 0.659991 0.44995799999999997 0.656318 0.45245300000000005 0.653402 0.45633999999999997 0.6515310000000001 0.461238 0.6508860000000001 0.466667 0.6515310000000001 0.47209599999999996 0.653402 0.47699299999999994 0.656318 0.48088 0.659991 0.483376 0.664062 0.48423499999999997 0.668134 0.483376 0.671807 0.48088 0.674723 0.47699299999999994 0.6765939999999999 0.47209599999999996 0.6772389999999999 0.466667 0.6765939999999999 0.461238 0.674723 0.45633999999999997 0.671807 0.45245300000000005
0 0.647589 0.454537 0.643916 0.452041 0.639844 0.45118099999999994 0.635772 0.452041 0.632099 0.454537 0.629184 0.45842299999999997 0.627312 0.463321 0.6266670000000001 0.46875 0.627312 0.474179 0.629184 0.47907700000000003 0.632099 0.482963 0.635772 0.485459 0.639844 0.48631900000000006 0.643916 0.485459 0.647589 0.482963 0.650504 0.47907700000000003 0.6523749999999999 0.474179 0.6530199999999999 0.46875 0.6523749999999999 0.463321 0.650504 0.45842299999999997 0.647589 0.454537