0 0.535505 0.326039 0.5320050000000001 0.32366100000000003 0.528125 0.32284199999999996 0.524245 0.32366100000000003 0.520745 0.326039 0.517967 0.329743 0.5161830000000001 0.33441 0.5155689999999999 0.339583 0.5161830000000001 0.344757 0.517967 0.349424 0.520745 0.353128 0.524245 0.355506 0.528125 0.356325 0.5320050000000001 0.355506 0.535505 0.353128 0.5382830000000001 0.349424 0.540067 0.344757 0.540681 0.339583 0.540067 0.33441 0.5382830000000001 0.329743 0.535505 0.326039
0 0.460532 0.332239 0.457019 0.329853 0.453125 0.32903 0.449231 0.329853 0.445718 0.332239 0.442929 0.335957 0.441139 0.340641 0.44052300000000005 0.345833 0.441139 0.351026 0.442929 0.35571 0.445718 0.359427 0.449231 0.36181399999999997 0.453125 0.362636 0.457019 0.36181399999999997 0.460532 0.359427 0.463321 0.35571 0.465111 0.351026 0.46572699999999995 0.345833 0.465111 0.340641 0.463321 0.335957 0.460532 0.332239
0 0.48684099999999997 0.328539 0.483448 0.326234 0.47968700000000003 0.32544 0.475927 0.326234 0.472534 0.328539 0.469842 0.332129 0.46811299999999995 0.336652 0.46751699999999996 0.341667 0.46811299999999995 0.346681 0.469842 0.351205 0.472534 0.354795 0.475927 0.35710000000000003 0.47968700000000003 0.357894 0.483448 0.35710000000000003 0.48684099999999997 0.354795 0.48953300000000005 0.351205 0.49126200000000003 0.346681 0.491858 0.341667 0.49126200000000003 0.336652 0.48953300000000005 0.332129 0.48684099999999997 0.328539
0 0.5102789999999999 0.32749700000000004 0.506886 0.32519200000000004 0.503125 0.324398 0.49936400000000003 0.32519200000000004 0.49597100000000005 0.32749700000000004 0.49327899999999997 0.331087 0.49155 0.335611 0.49095500000000003 0.340625 0.49155 0.345639 0.49327899999999997 0.350163 0.49597100000000005 0.353753 0.49936400000000003 0.356058 0.503125 0.356852 0.506886 0.356058 0.5102789999999999 0.353753 0.5129710000000001 0.350163 0.5147 0.345639 0.515295 0.340625 0.5147 0.335611 0.5129710000000001 0.331087 0.5102789999999999 0.32749700000000004
0 0.523667 0.353341 0.520224 0.351002 0.516406 0.350196 0.512589 0.351002 0.509145 0.353341 0.506412 0.356985 0.5046579999999999 0.361577 0.5040530000000001 0.36666699999999997 0.5046579999999999 0.37175600000000003 0.506412 0.376348 0.509145 0.379992 0.512589 0.38233100000000003 0.516406 0.383138 0.520224 0.38233100000000003 0.523667 0.379992 0.5264 0.376348 0.528155 0.37175600000000003 0.528759 0.36666699999999997 0.528155 0.361577 0.5264 0.356985 0.523667 0.353341
0 0.50023 0.354383 0.496786 0.35204399999999997 0.492969 0.351237 0.489151 0.35204399999999997 0.485708 0.354383 0.482975 0.358027 0.48122 0.36261899999999997 0.48061600000000004 0.36770800000000003 0.48122 0.372798 0.482975 0.37739 0.485708 0.381034 0.489151 0.383373 0.492969 0.384179 0.496786 0.383373 0.50023 0.381034 0.502963 0.37739 0.5047170000000001 0.372798 0.5053219999999999 0.36770800000000003 0.5047170000000001 0.36261899999999997 0.502963 0.358027 0.50023 0.354383
0 0.476011 0.355425 0.472567 0.353085 0.46875 0.352279 0.464933 0.353085 0.461489 0.355425 0.458756 0.35906899999999997 0.457001 0.36366 0.45639700000000005 0.36875 0.457001 0.37384 0.458756 0.378431 0.461489 0.382075 0.464933 0.384415 0.46875 0.385221 0.472567 0.384415 0.476011 0.382075 0.478744 0.378431 0.480499 0.37384 0.48110299999999995 0.36875 0.480499 0.36366 0.478744 0.35906899999999997 0.476011 0.355425
0 0.47132300000000005 0.305425 0.46787999999999996 0.303085 0.46406200000000003 0.302279 0.460245 0.303085 0.456802 0.305425 0.45406899999999994 0.309069 0.452314 0.31366 0.45170899999999997 0.31875 0.452314 0.32384 0.45406899999999994 0.32843100000000003 0.456802 0.332075 0.460245 0.334415 0.46406200000000003 0.335221 0.46787999999999996 0.334415 0.47132300000000005 0.332075 0.47405600000000003 0.32843100000000003 0.47581100000000004 0.32384 0.47641600000000006 0.31875 0.47581100000000004 0.31366 0.47405600000000003 0.309069 0.47132300000000005 0.305425
0 0.448213 0.304824 0.44461399999999995 0.302379 0.440625 0.30153599999999997 0.436636 0.302379 0.433037 0.304824 0.43018 0.308632 0.42834700000000003 0.313431 0.42771499999999996 0.31875 0.42834700000000003 0.324069 0.43018 0.328868 0.433037 0.332676 0.436636 0.335121 0.440625 0.33596400000000004 0.44461399999999995 0.335121 0.448213 0.332676 0.45106999999999997 0.328868 0.45290299999999994 0.324069 0.453535 0.31875 0.45290299999999994 0.313431 0.45106999999999997 0.308632 0.448213 0.304824
0 0.422041 0.310749 0.418628 0.30843 0.414844 0.307631 0.41106 0.30843 0.407646 0.310749 0.404937 0.314362 0.403198 0.318913 0.40259799999999996 0.323958 0.403198 0.32900399999999996 0.404937 0.333555 0.407646 0.337167 0.41106 0.339486 0.414844 0.340285 0.418628 0.339486 0.422041 0.337167 0.42474999999999996 0.333555 0.42649 0.32900399999999996 0.42708899999999994 0.323958 0.42649 0.318913 0.42474999999999996 0.314362 0.422041 0.310749
0 0.436885 0.333666 0.43347199999999997 0.331347 0.42968799999999996 0.330548 0.42590300000000003 0.331347 0.42249 0.333666 0.41978099999999996 0.337278 0.41804199999999997 0.34182999999999997 0.417442 0.346875 0.41804199999999997 0.35192 0.41978099999999996 0.356472 0.42249 0.36008399999999996 0.42590300000000003 0.362403 0.42968799999999996 0.36320199999999997 0.43347199999999997 0.362403 0.436885 0.36008399999999996 0.43959400000000004 0.356472 0.44133300000000003 0.35192 0.441933 0.346875 0.44133300000000003 0.34182999999999997 0.43959400000000004 0.337278 0.436885 0.333666
0 0.450166 0.360749 0.446753 0.35842999999999997 0.442969 0.357631 0.439185 0.35842999999999997 0.435771 0.360749 0.43306199999999995 0.36436199999999996 0.431323 0.368913 0.43072299999999997 0.373958 0.431323 0.379004 0.43306199999999995 0.383555 0.435771 0.387167 0.439185 0.389486 0.442969 0.390285 0.446753 0.389486 0.450166 0.387167 0.45287499999999997 0.383555 0.454615 0.379004 0.45521399999999995 0.373958 0.454615 0.368913 0.45287499999999997 0.36436199999999996 0.450166 0.360749
0 0.46501000000000003 0.383666 0.461597 0.381347 0.45781299999999997 0.380548 0.454028 0.381347 0.450615 0.383666 0.44790599999999997 0.387278 0.446167 0.39183 0.44556699999999994 0.396875 0.446167 0.40191999999999994 0.44790599999999997 0.40647200000000006 0.450615 0.410084 0.454028 0.412403 0.45781299999999997 0.41320199999999996 0.461597 0.412403 0.46501000000000003 0.410084 0.46771900000000005 0.40647200000000006 0.46945800000000004 0.40191999999999994 0.47005800000000003 0.396875 0.46945800000000004 0.39183 0.46771900000000005 0.387278 0.46501000000000003 0.383666
0 0.488448 0.38262399999999996 0.485034 0.380305 0.48125 0.379506 0.477466 0.380305 0.47405200000000003 0.38262399999999996 0.47134299999999996 0.386237 0.469604 0.390788 0.469005 0.395833 0.469604 0.40087900000000004 0.47134299999999996 0.40542999999999996 0.47405200000000003 0.409042 0.477466 0.41136100000000003 0.48125 0.41215999999999997 0.485034 0.41136100000000003 0.488448 0.409042 0.491157 0.40542999999999996 0.492896 0.40087900000000004 0.49349499999999996 0.395833 0.492896 0.390788 0.491157 0.386237 0.488448 0.38262399999999996
0 0.511885 0.381583 0.508472 0.379264 0.504687 0.378465 0.500903 0.379264 0.49749 0.381583 0.49478099999999997 0.385195 0.493042 0.38974600000000004 0.49244199999999994 0.394792 0.493042 0.399837 0.49478099999999997 0.40438799999999997 0.49749 0.40800099999999995 0.500903 0.41032 0.504687 0.41111899999999996 0.508472 0.41032 0.511885 0.40800099999999995 0.514594 0.40438799999999997 0.516333 0.399837 0.5169330000000001 0.394792 0.516333 0.38974600000000004 0.514594 0.385195 0.511885 0.381583
0 0.535764 0.378689 0.532141 0.376227 0.528125 0.375379 0.5241089999999999 0.376227 0.520486 0.378689 0.51761 0.382523 0.515764 0.387353 0.515128 0.392708 0.515764 0.398063 0.51761 0.40289400000000003 0.520486 0.40672800000000003 0.5241089999999999 0.409189 0.528125 0.410037 0.532141 0.409189 0.535764 0.40672800000000003 0.53864 0.40289400000000003 0.540486 0.398063 0.541122 0.392708 0.540486 0.387353 0.53864 0.382523 0.535764 0.378689
0 0.5588650000000001 0.378266 0.5554020000000001 0.375913 0.551562 0.375102 0.547723 0.375913 0.54426 0.378266 0.541512 0.38193 0.539747 0.386548 0.539139 0.391667 0.539747 0.396785 0.541512 0.401403 0.54426 0.405068 0.547723 0.407421 0.551562 0.40823099999999996 0.5554020000000001 0.407421 0.5588650000000001 0.405068 0.561613 0.401403 0.5633779999999999 0.396785 0.563986 0.391667 0.5633779999999999 0.386548 0.561613 0.38193 0.5588650000000001 0.378266
0 0.381318 0.335931 0.37795100000000004 0.333643 0.37421899999999997 0.332855 0.370487 0.333643 0.36712 0.335931 0.364448 0.339493 0.362733 0.343982 0.362141 0.348958 0.362733 0.353934 0.364448 0.35842399999999996 0.36712 0.36198600000000003 0.370487 0.36427299999999996 0.37421899999999997 0.36506099999999997 0.37795100000000004 0.36427299999999996 0.381318 0.36198600000000003 0.38399 0.35842399999999996 0.385705 0.353934 0.38629600000000003 0.348958 0.385705 0.343982 0.38399 0.339493 0.381318 0.335931
0 0.604959 0.376182 0.601495 0.373829 0.597656 0.373019 0.593817 0.373829 0.5903539999999999 0.376182 0.587605 0.379847 0.5858410000000001 0.384465 0.585233 0.389583 0.5858410000000001 0.394702 0.587605 0.39932 0.5903539999999999 0.402984 0.593817 0.405337 0.597656 0.40614800000000006 0.601495 0.405337 0.604959 0.402984 0.607707 0.39932 0.609472 0.394702 0.61008 0.389583 0.609472 0.384465 0.607707 0.379847 0.604959 0.376182
0 0.626912 0.364581 0.623411 0.362203 0.619531 0.361383 0.615651 0.362203 0.612151 0.364581 0.6093729999999999 0.368284 0.60759 0.372952 0.606975 0.378125 0.60759 0.383298 0.6093729999999999 0.387966 0.612151 0.391669 0.615651 0.394047 0.619531 0.39486699999999997 0.623411 0.394047 0.626912 0.391669 0.629689 0.387966 0.631473 0.383298 0.632088 0.378125 0.631473 0.372952 0.629689 0.368284 0.626912 0.364581
0 0.6105050000000001 0.344789 0.607005 0.342411 0.603125 0.341592 0.599245 0.342411 0.595745 0.344789 0.592967 0.348493 0.591183 0.35316000000000003 0.590569 0.358333 0.591183 0.36350699999999997 0.592967 0.368174 0.595745 0.37187800000000004 0.599245 0.37425600000000003 0.603125 0.375075 0.607005 0.37425600000000003 0.6105050000000001 0.37187800000000004 0.613283 0.368174 0.615067 0.36350699999999997 0.615681 0.358333 0.615067 0.35316000000000003 0.613283 0.348493 0.6105050000000001 0.344789
0 0.58863 0.333331 0.58513 0.330953 0.58125 0.330133 0.5773699999999999 0.330953 0.57387 0.333331 0.5710919999999999 0.337034 0.569308 0.341702 0.568694 0.346875 0.569308 0.352048 0.5710919999999999 0.356716 0.57387 0.360419 0.5773699999999999 0.362797 0.58125 0.36361699999999997 0.58513 0.362797 0.58863 0.360419 0.591408 0.356716 0.5931919999999999 0.352048 0.5938060000000001 0.346875 0.5931919999999999 0.341702 0.591408 0.337034 0.58863 0.333331
0 0.569099 0.349997 0.565599 0.347619 0.561719 0.3468 0.557839 0.347619 0.554338 0.349997 0.551561 0.353701 0.549777 0.358368 0.549162 0.363542 0.549777 0.368715 0.551561 0.373382 0.554338 0.377086 0.557839 0.37946399999999997 0.561719 0.38028300000000004 0.565599 0.37946399999999997 0.569099 0.377086 0.571877 0.373382 0.5736600000000001 0.368715 0.574275 0.363542 0.5736600000000001 0.358368 0.571877 0.353701 0.569099 0.349997
0 0.559724 0.320831 0.556224 0.318453 0.552344 0.317633 0.548464 0.318453 0.544963 0.320831 0.542186 0.324534 0.540402 0.329202 0.539787 0.334375 0.540402 0.339548 0.542186 0.34421599999999997 0.544963 0.347919 0.548464 0.35029699999999997 0.552344 0.351117 0.556224 0.35029699999999997 0.559724 0.347919 0.5625020000000001 0.34421599999999997 0.564285 0.339548 0.5649 0.334375 0.564285 0.329202 0.5625020000000001 0.324534 0.559724 0.320831
0 0.582302 0.377224 0.578839 0.374871 0.575 0.37406 0.571161 0.374871 0.567698 0.377224 0.564949 0.380889 0.563185 0.385506 0.562577 0.390625 0.563185 0.395744 0.564949 0.400361 0.567698 0.404026 0.571161 0.406379 0.575 0.40719000000000005 0.578839 0.406379 0.582302 0.404026 0.585051 0.400361 0.586815 0.395744 0.587423 0.390625 0.586815 0.385506 0.585051 0.380889 0.582302 0.377224
0 0.569584 0.406792 0.566224 0.404509 0.5625 0.403723 0.558776 0.404509 0.555416 0.406792 0.55275 0.41034699999999996 0.5510379999999999 0.414826 0.550448 0.419792 0.5510379999999999 0.42475699999999994 0.55275 0.429237 0.555416 0.43279199999999995 0.558776 0.435074 0.5625 0.43586 0.566224 0.435074 0.569584 0.43279199999999995 0.57225 0.429237 0.5739620000000001 0.42475699999999994 0.574552 0.419792 0.5739620000000001 0.414826 0.57225 0.41034699999999996 0.569584 0.406792
0 0.602811 0.41644699999999996 0.599255 0.41403 0.595313 0.41319800000000007 0.5913700000000001 0.41403 0.5878140000000001 0.41644699999999996 0.584991 0.42021 0.583179 0.42495200000000005 0.5825549999999999 0.43020800000000003 0.583179 0.43546500000000005 0.584991 0.440207 0.5878140000000001 0.44397000000000003 0.5913700000000001 0.44638600000000006 0.595313 0.44721900000000003 0.599255 0.44638600000000006 0.602811 0.44397000000000003 0.605634 0.440207 0.607446 0.43546500000000005 0.60807 0.43020800000000003 0.607446 0.42495200000000005 0.605634 0.42021 0.602811 0.41644699999999996
0 0.6196550000000001 0.399369 0.6162620000000001 0.397064 0.6125 0.39627 0.608738 0.397064 0.605345 0.399369 0.602652 0.40296000000000004 0.600923 0.407485 0.6003269999999999 0.4125 0.600923 0.417515 0.602652 0.42203999999999997 0.605345 0.425631 0.608738 0.427936 0.6125 0.42873 0.6162620000000001 0.427936 0.6196550000000001 0.425631 0.622348 0.42203999999999997 0.624077 0.417515 0.624673 0.4125 0.624077 0.407485 0.622348 0.40296000000000004 0.6196550000000001 0.399369
0 0.6423110000000001 0.387911 0.638918 0.385606 0.635156 0.384811 0.631395 0.385606 0.628001 0.387911 0.625308 0.391502 0.623579 0.396026 0.622984 0.401042 0.623579 0.406057 0.625308 0.41058199999999995 0.628001 0.41417200000000004 0.631395 0.416478 0.635156 0.417272 0.638918 0.416478 0.6423110000000001 0.41417200000000004 0.645004 0.41058199999999995 0.646733 0.406057 0.647329 0.401042 0.646733 0.396026 0.645004 0.391502 0.6423110000000001 0.387911
0 0.6555920000000001 0.411869 0.652199 0.40956400000000004 0.648438 0.40876999999999997 0.644676 0.40956400000000004 0.6412829999999999 0.411869 0.63859 0.41546000000000005 0.636861 0.41998499999999994 0.6362650000000001 0.425 0.636861 0.43001500000000004 0.63859 0.43454 0.6412829999999999 0.438131 0.644676 0.44043599999999994 0.648438 0.44123 0.652199 0.44043599999999994 0.6555920000000001 0.438131 0.658285 0.43454 0.660014 0.43001500000000004 0.6606099999999999 0.425 0.660014 0.41998499999999994 0.658285 0.41546000000000005 0.6555920000000001 0.411869
0 0.636061 0.423328 0.632668 0.42102199999999995 0.628906 0.420228 0.6251450000000001 0.42102199999999995 0.6217509999999999 0.423328 0.619058 0.426918 0.617329 0.43144299999999997 0.616734 0.436458 0.617329 0.44147400000000003 0.619058 0.445998 0.6217509999999999 0.449589 0.6251450000000001 0.45189399999999996 0.628906 0.452689 0.632668 0.45189399999999996 0.636061 0.449589 0.638754 0.445998 0.6404829999999999 0.44147400000000003 0.6410790000000001 0.436458 0.6404829999999999 0.43144299999999997 0.638754 0.426918 0.636061 0.423328
0 0.613405 0.44207799999999997 0.610012 0.43977199999999994 0.60625 0.438978 0.6024879999999999 0.43977199999999994 0.5990949999999999 0.44207799999999997 0.596402 0.44566800000000006 0.594673 0.45019299999999995 0.594077 0.455208 0.594673 0.460224 0.596402 0.464748 0.5990949999999999 0.468339 0.6024879999999999 0.47064399999999995 0.60625 0.471439 0.610012 0.47064399999999995 0.613405 0.468339 0.616098 0.464748 0.617827 0.460224 0.6184230000000001 0.455208 0.617827 0.45019299999999995 0.616098 0.44566800000000006 0.613405 0.44207799999999997
0 0.634499 0.454578 0.631105 0.45227199999999995 0.627344 0.451478 0.6235820000000001 0.45227199999999995 0.620189 0.454578 0.6174959999999999 0.458168 0.6157670000000001 0.46269299999999997 0.6151709999999999 0.467708 0.6157670000000001 0.47272400000000003 0.6174959999999999 0.477248 0.620189 0.480839 0.6235820000000001 0.48314399999999996 0.627344 0.483939 0.631105 0.48314399999999996 0.634499 0.480839 0.637192 0.477248 0.6389210000000001 0.47272400000000003 0.639516 0.467708 0.6389210000000001 0.46269299999999997 0.637192 0.458168 0.634499 0.454578
0 0.6555920000000001 0.44207799999999997 0.652199 0.43977199999999994 0.648438 0.438978 0.644676 0.43977199999999994 0.6412829999999999 0.44207799999999997 0.63859 0.44566800000000006 0.636861 0.45019299999999995 0.6362650000000001 0.455208 0.636861 0.460224 0.63859 0.464748 0.6412829999999999 0.468339 0.644676 0.47064399999999995 0.648438 0.471439 0.652199 0.47064399999999995 0.6555920000000001 0.468339 0.658285 0.464748 0.660014 0.460224 0.6606099999999999 0.455208 0.660014 0.45019299999999995 0.658285 0.44566800000000006 0.6555920000000001 0.44207799999999997
0 0.6509050000000001 0.475411 0.6475120000000001 0.473106 0.64375 0.47231100000000004 0.639988 0.473106 0.636595 0.475411 0.633902 0.47900200000000004 0.632173 0.483526 0.6315769999999999 0.488542 0.632173 0.493557 0.633902 0.49808199999999997 0.636595 0.501672 0.639988 0.503978 0.64375 0.504772 0.6475120000000001 0.503978 0.6509050000000001 0.501672 0.653598 0.49808199999999997 0.655327 0.493557 0.655923 0.488542 0.655327 0.483526 0.653598 0.47900200000000004 0.6509050000000001 0.475411
0 0.638278 0.5027269999999999 0.634945 0.500463 0.63125 0.49968199999999996 0.627555 0.500463 0.6242219999999999 0.5027269999999999 0.621577 0.506254 0.619878 0.510698 0.619293 0.515625 0.619878 0.520552 0.621577 0.524996 0.6242219999999999 0.5285230000000001 0.627555 0.530787 0.63125 0.531568 0.634945 0.530787 0.638278 0.5285230000000001 0.640923 0.524996 0.642622 0.520552 0.6432070000000001 0.515625 0.642622 0.510698 0.640923 0.506254 0.638278 0.5027269999999999
0 0.614059 0.51106 0.610726 0.508796 0.607031 0.508016 0.603336 0.508796 0.600003 0.51106 0.5973580000000001 0.514587 0.595659 0.5190319999999999 0.595074 0.523958 0.595659 0.528885 0.5973580000000001 0.5333289999999999 0.600003 0.536856 0.603336 0.539121 0.607031 0.539901 0.610726 0.539121 0.614059 0.536856 0.616705 0.5333289999999999 0.618403 0.528885 0.618988 0.523958 0.618403 0.5190319999999999 0.616705 0.514587 0.614059 0.51106
0 0.622653 0.48085199999999995 0.61932 0.47858799999999996 0.615625 0.477807 0.61193 0.47858799999999996 0.6085969999999999 0.48085199999999995 0.605952 0.484379 0.604253 0.488823 0.603668 0.49375 0.604253 0.498677 0.605952 0.5031209999999999 0.6085969999999999 0.506648 0.61193 0.508912 0.615625 0.5096930000000001 0.61932 0.508912 0.622653 0.506648 0.625298 0.5031209999999999 0.626997 0.498677 0.6275820000000001 0.49375 0.626997 0.488823 0.625298 0.484379 0.622653 0.48085199999999995
0 0.6015590000000001 0.487102 0.598226 0.484838 0.594531 0.48405699999999996 0.590836 0.484838 0.587503 0.487102 0.584858 0.49062900000000004 0.583159 0.495073 0.5825739999999999 0.5 0.583159 0.504927 0.584858 0.509371 0.587503 0.5128980000000001 0.590836 0.515162 0.594531 0.515943 0.598226 0.515162 0.6015590000000001 0.5128980000000001 0.604205 0.509371 0.605903 0.504927 0.6064879999999999 0.5 0.605903 0.495073 0.604205 0.49062900000000004 0.6015590000000001 0.487102
0 0.5898410000000001 0.5131439999999999 0.586507 0.510879 0.582812 0.5100990000000001 0.579118 0.510879 0.575784 0.5131439999999999 0.5731390000000001 0.516671 0.571441 0.521115 0.570855 0.526042 0.571441 0.530968 0.5731390000000001 0.5354129999999999 0.575784 0.53894 0.579118 0.541204 0.582812 0.541984 0.586507 0.541204 0.5898410000000001 0.53894 0.592486 0.5354129999999999 0.594184 0.530968 0.59477 0.526042 0.594184 0.521115 0.592486 0.516671 0.5898410000000001 0.5131439999999999
0 0.578122 0.48814399999999997 0.574789 0.485879 0.571094 0.48509900000000006 0.567399 0.485879 0.564066 0.48814399999999997 0.56142 0.491671 0.559722 0.496115 0.559137 0.501042 0.559722 0.505968 0.56142 0.510413 0.564066 0.5139400000000001 0.567399 0.516204 0.571094 0.516984 0.574789 0.516204 0.578122 0.5139400000000001 0.580767 0.510413 0.5824659999999999 0.505968 0.583051 0.501042 0.5824659999999999 0.496115 0.580767 0.491671 0.578122 0.48814399999999997
0 0.570505 0.459659 0.567079 0.45733100000000004 0.563281 0.456529 0.559483 0.45733100000000004 0.556057 0.459659 0.553338 0.463284 0.5515920000000001 0.467853 0.550991 0.472917 0.5515920000000001 0.47798100000000004 0.553338 0.482549 0.556057 0.486174 0.559483 0.488502 0.563281 0.489304 0.567079 0.488502 0.570505 0.486174 0.573225 0.482549 0.57497 0.47798100000000004 0.575572 0.472917 0.57497 0.467853 0.573225 0.463284 0.570505 0.459659
0 0.593943 0.457576 0.590517 0.455248 0.586719 0.454446 0.582921 0.455248 0.579495 0.457576 0.576775 0.46120099999999997 0.57503 0.465769 0.5744279999999999 0.470833 0.57503 0.47589699999999996 0.576775 0.480466 0.579495 0.484091 0.582921 0.486419 0.586719 0.487221 0.590517 0.486419 0.593943 0.484091 0.596662 0.480466 0.5984079999999999 0.47589699999999996 0.599009 0.470833 0.5984079999999999 0.465769 0.596662 0.46120099999999997 0.593943 0.457576
0 0.582224 0.43257599999999996 0.578798 0.430248 0.575 0.429446 0.571202 0.430248 0.5677760000000001 0.43257599999999996 0.565057 0.43620099999999995 0.563311 0.44076899999999997 0.562709 0.44583300000000003 0.563311 0.450897 0.565057 0.45546600000000004 0.5677760000000001 0.459091 0.571202 0.46141899999999997 0.575 0.462221 0.578798 0.46141899999999997 0.582224 0.459091 0.584943 0.45546600000000004 0.586689 0.450897 0.587291 0.44583300000000003 0.586689 0.44076899999999997 0.584943 0.43620099999999995 0.582224 0.43257599999999996
0 0.5587869999999999 0.43257599999999996 0.555361 0.430248 0.551562 0.429446 0.547764 0.430248 0.544338 0.43257599999999996 0.5416190000000001 0.43620099999999995 0.5398729999999999 0.44076899999999997 0.539272 0.44583300000000003 0.5398729999999999 0.450897 0.5416190000000001 0.45546600000000004 0.544338 0.459091 0.547764 0.46141899999999997 0.551562 0.462221 0.555361 0.46141899999999997 0.5587869999999999 0.459091 0.561506 0.45546600000000004 0.5632520000000001 0.450897 0.563853 0.44583300000000003 0.5632520000000001 0.44076899999999997 0.561506 0.43620099999999995 0.5587869999999999 0.43257599999999996
0 0.546287 0.406534 0.542861 0.404206 0.539062 0.403404 0.535264 0.404206 0.531838 0.406534 0.529119 0.410159 0.527373 0.41472800000000004 0.526772 0.419792 0.527373 0.424856 0.529119 0.42942400000000003 0.531838 0.433049 0.535264 0.435377 0.539062 0.436179 0.542861 0.435377 0.546287 0.433049 0.549006 0.42942400000000003 0.550752 0.424856 0.551353 0.419792 0.550752 0.41472800000000004 0.549006 0.410159 0.546287 0.406534
0 0.52363 0.407576 0.520204 0.405248 0.516406 0.40444599999999997 0.512608 0.405248 0.509182 0.407576 0.506463 0.411201 0.5047170000000001 0.41576899999999994 0.504116 0.420833 0.5047170000000001 0.42589699999999997 0.506463 0.430466 0.509182 0.434091 0.512608 0.436419 0.516406 0.43722099999999997 0.520204 0.436419 0.52363 0.434091 0.52635 0.430466 0.528095 0.42589699999999997 0.528697 0.420833 0.528095 0.41576899999999994 0.52635 0.411201 0.52363 0.407576
0 0.500974 0.407576 0.497548 0.405248 0.49375 0.40444599999999997 0.489952 0.405248 0.486526 0.407576 0.483807 0.411201 0.482061 0.41576899999999994 0.48145899999999997 0.420833 0.482061 0.42589699999999997 0.483807 0.430466 0.486526 0.434091 0.489952 0.436419 0.49375 0.43722099999999997 0.497548 0.436419 0.500974 0.434091 0.503693 0.430466 0.505439 0.42589699999999997 0.506041 0.420833 0.505439 0.41576899999999994 0.503693 0.411201 0.500974 0.407576
0 0.512693 0.434659 0.509267 0.432331 0.505469 0.431529 0.501671 0.432331 0.498245 0.434659 0.49552500000000005 0.438284 0.49378 0.44285300000000005 0.493178 0.447917 0.49378 0.452981 0.49552500000000005 0.45754900000000004 0.498245 0.46117400000000003 0.501671 0.46350199999999997 0.505469 0.464304 0.509267 0.46350199999999997 0.512693 0.46117400000000003 0.515412 0.45754900000000004 0.517158 0.452981 0.5177590000000001 0.447917 0.517158 0.44285300000000005 0.515412 0.438284 0.512693 0.434659
0 0.53613 0.434659 0.5327040000000001 0.432331 0.528906 0.431529 0.525108 0.432331 0.521682 0.434659 0.5189630000000001 0.438284 0.517217 0.44285300000000005 0.516616 0.447917 0.517217 0.452981 0.5189630000000001 0.45754900000000004 0.521682 0.46117400000000003 0.525108 0.46350199999999997 0.528906 0.464304 0.5327040000000001 0.46350199999999997 0.53613 0.46117400000000003 0.5388499999999999 0.45754900000000004 0.5405949999999999 0.452981 0.541197 0.447917 0.5405949999999999 0.44285300000000005 0.5388499999999999 0.438284 0.53613 0.434659
0 0.547849 0.459659 0.544423 0.45733100000000004 0.540625 0.456529 0.5368269999999999 0.45733100000000004 0.533401 0.459659 0.530682 0.463284 0.5289360000000001 0.467853 0.528334 0.472917 0.5289360000000001 0.47798100000000004 0.530682 0.482549 0.533401 0.486174 0.5368269999999999 0.488502 0.540625 0.489304 0.544423 0.488502 0.547849 0.486174 0.550568 0.482549 0.552314 0.47798100000000004 0.552916 0.472917 0.552314 0.467853 0.550568 0.463284 0.547849 0.459659
0 0.555662 0.488826 0.552236 0.486498 0.548438 0.485696 0.544639 0.486498 0.541213 0.488826 0.538494 0.49245099999999997 0.536748 0.497019 0.5361469999999999 0.5020830000000001 0.536748 0.507147 0.538494 0.5117160000000001 0.541213 0.515341 0.544639 0.5176689999999999 0.548438 0.518471 0.552236 0.5176689999999999 0.555662 0.515341 0.558381 0.5117160000000001 0.560127 0.507147 0.560728 0.5020830000000001 0.560127 0.497019 0.558381 0.49245099999999997 0.555662 0.488826
0 0.567348 0.514926 0.563937 0.512609 0.560156 0.51181 0.556375 0.512609 0.552964 0.514926 0.550257 0.518536 0.548519 0.523084 0.54792 0.528125 0.548519 0.533166 0.550257 0.537714 0.552964 0.541324 0.556375 0.543641 0.560156 0.54444 0.563937 0.543641 0.567348 0.541324 0.570055 0.537714 0.571793 0.533166 0.572392 0.528125 0.571793 0.523084 0.570055 0.518536 0.567348 0.514926
0 0.543624 0.515453 0.540349 0.513228 0.536719 0.5124609999999999 0.533089 0.513228 0.529814 0.515453 0.527215 0.518918 0.5255460000000001 0.523285 0.5249710000000001 0.528125 0.5255460000000001 0.532965 0.527215 0.5373319999999999 0.529814 0.540797 0.533089 0.543022 0.536719 0.5437890000000001 0.540349 0.543022 0.543624 0.540797 0.546223 0.5373319999999999 0.547891 0.532965 0.548466 0.528125 0.547891 0.523285 0.546223 0.518918 0.543624 0.515453
0 0.521749 0.51962 0.518474 0.5173949999999999 0.514844 0.5166280000000001 0.5112140000000001 0.5173949999999999 0.507939 0.51962 0.50534 0.523085 0.503671 0.527451 0.503096 0.532292 0.503671 0.5371319999999999 0.50534 0.541498 0.507939 0.544964 0.5112140000000001 0.547189 0.514844 0.547955 0.518474 0.547189 0.521749 0.544964 0.524348 0.541498 0.526016 0.5371319999999999 0.526591 0.532292 0.526016 0.527451 0.524348 0.523085 0.521749 0.51962
0 0.532617 0.49162100000000003 0.529375 0.489418 0.525781 0.488659 0.522187 0.489418 0.518945 0.49162100000000003 0.5163719999999999 0.495052 0.51472 0.499375 0.514151 0.504167 0.51472 0.508959 0.5163719999999999 0.513282 0.518945 0.516712 0.522187 0.518915 0.525781 0.519674 0.529375 0.518915 0.532617 0.516712 0.5351899999999999 0.513282 0.536842 0.508959 0.537412 0.504167 0.536842 0.499375 0.5351899999999999 0.495052 0.532617 0.49162100000000003
0 0.524244 0.461008 0.5208969999999999 0.45873400000000003 0.517188 0.457951 0.513478 0.45873400000000003 0.510131 0.461008 0.507475 0.464549 0.5057699999999999 0.46901200000000004 0.505182 0.473958 0.5057699999999999 0.47890499999999997 0.507475 0.483367 0.510131 0.486909 0.513478 0.489182 0.517188 0.489966 0.5208969999999999 0.489182 0.524244 0.486909 0.5269 0.483367 0.528605 0.47890499999999997 0.529193 0.473958 0.528605 0.46901200000000004 0.5269 0.464549 0.524244 0.461008
0 0.510518 0.4906 0.507012 0.488218 0.503125 0.48739699999999997 0.49923799999999996 0.488218 0.495732 0.4906 0.49295 0.49431 0.49116299999999996 0.49898499999999996 0.490548 0.504167 0.49116299999999996 0.509349 0.49295 0.514024 0.495732 0.517734 0.49923799999999996 0.520116 0.503125 0.5209360000000001 0.507012 0.520116 0.510518 0.517734 0.5133 0.514024 0.5150870000000001 0.509349 0.515702 0.504167 0.5150870000000001 0.49898499999999996 0.5133 0.49431 0.510518 0.4906
0 0.501666 0.46086400000000005 0.498282 0.458565 0.494531 0.457773 0.49078 0.458565 0.48739600000000005 0.46086400000000005 0.484711 0.464445 0.482986 0.46895699999999996 0.48239200000000004 0.473958 0.482986 0.47896 0.484711 0.483472 0.48739600000000005 0.48705299999999996 0.49078 0.48935199999999995 0.494531 0.490144 0.498282 0.48935199999999995 0.501666 0.48705299999999996 0.504352 0.483472 0.506076 0.47896 0.50667 0.473958 0.506076 0.46895699999999996 0.504352 0.464445 0.501666 0.46086400000000005
0 0.48682299999999995 0.49211400000000005 0.483439 0.489815 0.47968700000000003 0.489023 0.475936 0.489815 0.472552 0.49211400000000005 0.469867 0.495695 0.468143 0.500207 0.467548 0.505208 0.468143 0.51021 0.469867 0.514722 0.472552 0.518303 0.475936 0.520602 0.47968700000000003 0.521394 0.483439 0.520602 0.48682299999999995 0.518303 0.489508 0.514722 0.491232 0.51021 0.49182699999999996 0.505208 0.491232 0.500207 0.489508 0.495695 0.48682299999999995 0.49211400000000005
0 0.498541 0.5181560000000001 0.495157 0.515857 0.491406 0.515065 0.487655 0.515857 0.484271 0.5181560000000001 0.48158599999999996 0.521736 0.479861 0.526248 0.479267 0.53125 0.479861 0.536252 0.48158599999999996 0.540764 0.484271 0.5443439999999999 0.487655 0.546643 0.491406 0.547435 0.495157 0.546643 0.498541 0.5443439999999999 0.501227 0.540764 0.502951 0.536252 0.503545 0.53125 0.502951 0.526248 0.501227 0.521736 0.498541 0.5181560000000001
0 0.475885 0.5181560000000001 0.472501 0.515857 0.46875 0.515065 0.464999 0.515857 0.461615 0.5181560000000001 0.45892900000000003 0.521736 0.457205 0.526248 0.456611 0.53125 0.457205 0.536252 0.45892900000000003 0.540764 0.461615 0.5443439999999999 0.464999 0.546643 0.46875 0.547435 0.472501 0.546643 0.475885 0.5443439999999999 0.47857099999999997 0.540764 0.480295 0.536252 0.480889 0.53125 0.480295 0.526248 0.47857099999999997 0.521736 0.475885 0.5181560000000001
0 0.46260399999999996 0.49419700000000005 0.45922 0.49189800000000006 0.455469 0.491106 0.45171799999999995 0.49189800000000006 0.448334 0.49419700000000005 0.445648 0.497778 0.443924 0.50229 0.44333 0.507292 0.443924 0.512293 0.445648 0.516805 0.448334 0.520386 0.45171799999999995 0.522685 0.455469 0.523477 0.45922 0.522685 0.46260399999999996 0.520386 0.465289 0.516805 0.467014 0.512293 0.46760799999999997 0.507292 0.467014 0.50229 0.465289 0.497778 0.46260399999999996 0.49419700000000005
0 0.45557299999999995 0.46294700000000005 0.452189 0.46064800000000006 0.44843700000000003 0.459856 0.444686 0.46064800000000006 0.441302 0.46294700000000005 0.438617 0.466528 0.436893 0.47104 0.436298 0.47604199999999997 0.436893 0.481043 0.438617 0.485555 0.441302 0.48913599999999996 0.444686 0.49143499999999996 0.44843700000000003 0.492227 0.452189 0.49143499999999996 0.45557299999999995 0.48913599999999996 0.458258 0.485555 0.459982 0.481043 0.46057699999999996 0.47604199999999997 0.459982 0.47104 0.458258 0.466528 0.45557299999999995 0.46294700000000005
0 0.47822899999999996 0.46398900000000004 0.474845 0.46169000000000004 0.471094 0.460898 0.46734299999999995 0.46169000000000004 0.463959 0.46398900000000004 0.461273 0.46757 0.459549 0.472082 0.458955 0.47708300000000003 0.459549 0.482085 0.461273 0.486597 0.463959 0.49017799999999995 0.46734299999999995 0.49247699999999994 0.471094 0.493269 0.474845 0.49247699999999994 0.47822899999999996 0.49017799999999995 0.480914 0.486597 0.482639 0.482085 0.48323299999999997 0.47708300000000003 0.482639 0.472082 0.480914 0.46757 0.47822899999999996 0.46398900000000004
0 0.48994799999999994 0.43482200000000004 0.486564 0.43252300000000005 0.482812 0.431731 0.479061 0.43252300000000005 0.475677 0.43482200000000004 0.47299199999999997 0.438403 0.47126799999999996 0.442915 0.470673 0.447917 0.47126799999999996 0.45291800000000004 0.47299199999999997 0.45743 0.475677 0.46101099999999995 0.479061 0.46331 0.482812 0.464102 0.486564 0.46331 0.48994799999999994 0.46101099999999995 0.492633 0.45743 0.49435700000000005 0.45291800000000004 0.49495199999999995 0.447917 0.49435700000000005 0.442915 0.492633 0.438403 0.48994799999999994 0.43482200000000004
0 0.46651 0.43586400000000003 0.46312600000000004 0.43356500000000003 0.459375 0.43277299999999996 0.455624 0.43356500000000003 0.45224000000000003 0.43586400000000003 0.449554 0.439445 0.44783 0.443957 0.447236 0.448958 0.44783 0.45396000000000003 0.449554 0.458472 0.45224000000000003 0.46205299999999994 0.455624 0.464352 0.459375 0.465144 0.46312600000000004 0.464352 0.46651 0.46205299999999994 0.469196 0.458472 0.47092 0.45396000000000003 0.471514 0.448958 0.47092 0.443957 0.469196 0.439445 0.46651 0.43586400000000003
0 0.477448 0.409822 0.474064 0.407523 0.470313 0.406731 0.466561 0.407523 0.46317700000000006 0.409822 0.460492 0.413403 0.45876799999999995 0.417915 0.45817300000000005 0.422917 0.45876799999999995 0.427918 0.460492 0.43243 0.46317700000000006 0.436011 0.466561 0.43831 0.470313 0.439102 0.474064 0.43831 0.477448 0.436011 0.48013300000000003 0.43243 0.48185700000000004 0.427918 0.482452 0.422917 0.48185700000000004 0.417915 0.48013300000000003 0.413403 0.477448 0.409822
0 0.45400999999999997 0.410864 0.450626 0.408565 0.446875 0.407773 0.44312399999999996 0.408565 0.43974 0.410864 0.437054 0.414445 0.43533 0.41895699999999997 0.434736 0.423958 0.43533 0.42896 0.437054 0.43347199999999997 0.43974 0.43705299999999997 0.44312399999999996 0.43935199999999996 0.446875 0.440144 0.450626 0.43935199999999996 0.45400999999999997 0.43705299999999997 0.456696 0.43347199999999997 0.45842 0.42896 0.459014 0.423958 0.45842 0.41895699999999997 0.456696 0.414445 0.45400999999999997 0.410864
0 0.43838499999999997 0.387947 0.435001 0.385648 0.43125 0.384856 0.42749899999999996 0.385648 0.424115 0.387947 0.421429 0.391528 0.419705 0.39604 0.419111 0.401042 0.419705 0.40604300000000004 0.421429 0.410555 0.424115 0.41413599999999995 0.42749899999999996 0.416435 0.43125 0.417227 0.435001 0.416435 0.43838499999999997 0.41413599999999995 0.441071 0.410555 0.442795 0.40604300000000004 0.443389 0.401042 0.442795 0.39604 0.441071 0.391528 0.43838499999999997 0.387947
0 0.425371 0.414541 0.42186 0.41215599999999997 0.417969 0.411334 0.414077 0.41215599999999997 0.410567 0.414541 0.40778100000000006 0.41825599999999996 0.405992 0.422936 0.40537599999999996 0.428125 0.405992 0.43331400000000003 0.40778100000000006 0.43799400000000005 0.410567 0.441709 0.414077 0.44409400000000004 0.417969 0.444916 0.42186 0.44409400000000004 0.425371 0.441709 0.428157 0.43799400000000005 0.429945 0.43331400000000003 0.430562 0.428125 0.429945 0.422936 0.428157 0.41825599999999996 0.425371 0.414541
0 0.44333900000000004 0.436416 0.439829 0.43403099999999994 0.435937 0.433209 0.432046 0.43403099999999994 0.428536 0.436416 0.42575 0.44013099999999994 0.423961 0.44481099999999996 0.423345 0.45 0.423961 0.455189 0.42575 0.459869 0.428536 0.463584 0.432046 0.465969 0.435937 0.466791 0.439829 0.465969 0.44333900000000004 0.463584 0.446125 0.459869 0.44791400000000003 0.455189 0.44853 0.45 0.44791400000000003 0.44481099999999996 0.446125 0.44013099999999994 0.44333900000000004 0.436416
0 0.432402 0.46558299999999997 0.42889099999999997 0.46319800000000005 0.425 0.462376 0.42110900000000007 0.46319800000000005 0.417598 0.46558299999999997 0.41481199999999996 0.46929699999999996 0.41302300000000003 0.47397799999999995 0.41240699999999997 0.479167 0.41302300000000003 0.484355 0.41481199999999996 0.489036 0.417598 0.492751 0.42110900000000007 0.495135 0.425 0.49595700000000004 0.42889099999999997 0.495135 0.432402 0.492751 0.435188 0.489036 0.436977 0.484355 0.437593 0.479167 0.436977 0.47397799999999995 0.435188 0.46929699999999996 0.432402 0.46558299999999997
0 0.43994799999999995 0.49523900000000004 0.436564 0.49294000000000004 0.43281200000000003 0.492148 0.429061 0.49294000000000004 0.425677 0.49523900000000004 0.422992 0.49882 0.421268 0.503332 0.420673 0.508333 0.421268 0.513335 0.422992 0.517847 0.425677 0.521428 0.429061 0.5237269999999999 0.43281200000000003 0.524519 0.436564 0.5237269999999999 0.43994799999999995 0.521428 0.442633 0.517847 0.444357 0.513335 0.44495199999999996 0.508333 0.444357 0.503332 0.442633 0.49882 0.43994799999999995 0.49523900000000004
0 0.430573 0.520239 0.427189 0.5179400000000001 0.423438 0.5171479999999999 0.419686 0.5179400000000001 0.41630200000000006 0.520239 0.413617 0.52382 0.41189299999999995 0.528332 0.41129800000000005 0.5333330000000001 0.41189299999999995 0.538335 0.413617 0.542847 0.41630200000000006 0.5464279999999999 0.419686 0.548727 0.423438 0.549519 0.427189 0.548727 0.430573 0.5464279999999999 0.43325800000000003 0.542847 0.43498200000000004 0.538335 0.435577 0.5333330000000001 0.43498200000000004 0.528332 0.43325800000000003 0.52382 0.430573 0.520239
0 0.417269 0.44319600000000003 0.413896 0.440904 0.410156 0.44011500000000003 0.406417 0.440904 0.403043 0.44319600000000003 0.400366 0.44676600000000005 0.39864700000000003 0.451264 0.398055 0.45625 0.39864700000000003 0.461236 0.400366 0.465734 0.403043 0.469304 0.406417 0.471596 0.410156 0.47238499999999994 0.413896 0.471596 0.417269 0.469304 0.41994699999999996 0.465734 0.421666 0.461236 0.42225799999999997 0.45625 0.421666 0.451264 0.41994699999999996 0.44676600000000005 0.417269 0.44319600000000003
0 0.388363 0.44215499999999996 0.38499 0.439863 0.38125 0.43907299999999994 0.37751 0.439863 0.374137 0.44215499999999996 0.37146 0.44572399999999995 0.369741 0.450222 0.369148 0.455208 0.369741 0.460194 0.37146 0.464692 0.374137 0.468262 0.37751 0.47055400000000003 0.38125 0.47134400000000004 0.38499 0.47055400000000003 0.388363 0.468262 0.39104 0.464692 0.39275899999999997 0.460194 0.39335200000000003 0.455208 0.39275899999999997 0.450222 0.39104 0.44572399999999995 0.388363 0.44215499999999996
0 0.36648800000000004 0.44215499999999996 0.36311499999999997 0.439863 0.359375 0.43907299999999994 0.35563500000000003 0.439863 0.35226199999999996 0.44215499999999996 0.349585 0.44572399999999995 0.347866 0.450222 0.347273 0.455208 0.347866 0.460194 0.349585 0.464692 0.35226199999999996 0.468262 0.35563500000000003 0.47055400000000003 0.359375 0.47134400000000004 0.36311499999999997 0.47055400000000003 0.36648800000000004 0.468262 0.369165 0.464692 0.370884 0.460194 0.371477 0.455208 0.370884 0.450222 0.369165 0.44572399999999995 0.36648800000000004 0.44215499999999996
0 0.355551 0.41403 0.352177 0.411738 0.34843799999999997 0.410948 0.344698 0.411738 0.341324 0.41403 0.33864700000000003 0.41759899999999994 0.336928 0.42209700000000006 0.336336 0.427083 0.336928 0.432069 0.33864700000000003 0.436567 0.341324 0.440137 0.344698 0.442429 0.34843799999999997 0.44321900000000003 0.352177 0.442429 0.355551 0.440137 0.358228 0.436567 0.359947 0.432069 0.360539 0.427083 0.359947 0.42209700000000006 0.358228 0.41759899999999994 0.355551 0.41403
0 0.378193 0.415097 0.374826 0.41281 0.371094 0.412022 0.367362 0.41281 0.36399499999999996 0.415097 0.361323 0.41866000000000003 0.35960800000000004 0.423149 0.359016 0.428125 0.35960800000000004 0.433101 0.361323 0.43759 0.36399499999999996 0.441153 0.367362 0.44344 0.371094 0.444228 0.374826 0.44344 0.378193 0.441153 0.380865 0.43759 0.38258000000000003 0.433101 0.38317100000000004 0.428125 0.38258000000000003 0.423149 0.380865 0.41866000000000003 0.378193 0.415097
0 0.402411 0.418222 0.399045 0.415935 0.39531299999999997 0.415147 0.39158 0.415935 0.388214 0.418222 0.385542 0.421785 0.383826 0.426274 0.383235 0.43125 0.383826 0.436226 0.385542 0.44071499999999997 0.388214 0.444278 0.39158 0.446565 0.39531299999999997 0.447353 0.399045 0.446565 0.402411 0.444278 0.405083 0.44071499999999997 0.406799 0.436226 0.40739000000000003 0.43125 0.406799 0.426274 0.405083 0.421785 0.402411 0.418222
0 0.396161 0.38905599999999996 0.392795 0.386768 0.389062 0.38598 0.38533 0.386768 0.381964 0.38905599999999996 0.379292 0.392618 0.377576 0.397107 0.376985 0.402083 0.377576 0.407059 0.379292 0.41154900000000005 0.381964 0.415111 0.38533 0.41739800000000005 0.389062 0.41818600000000006 0.392795 0.41739800000000005 0.396161 0.415111 0.398833 0.41154900000000005 0.400549 0.407059 0.40114 0.402083 0.400549 0.397107 0.398833 0.392618 0.396161 0.38905599999999996
0 0.41725500000000004 0.376556 0.41388800000000003 0.374268 0.410156 0.37348 0.406424 0.374268 0.403057 0.376556 0.400385 0.380118 0.39866999999999997 0.38460700000000003 0.39807899999999996 0.389583 0.39866999999999997 0.394559 0.400385 0.399049 0.403057 0.402611 0.406424 0.40489800000000004 0.410156 0.40568600000000005 0.41388800000000003 0.40489800000000004 0.41725500000000004 0.402611 0.41992700000000005 0.399049 0.421642 0.394559 0.422234 0.389583 0.421642 0.38460700000000003 0.41992700000000005 0.380118 0.41725500000000004 0.376556
0 0.375068 0.382806 0.371701 0.380518 0.367969 0.37973 0.36423700000000003 0.380518 0.36086999999999997 0.382806 0.358198 0.386368 0.356483 0.390857 0.355891 0.395833 0.356483 0.400809 0.358198 0.405299 0.36086999999999997 0.40886100000000003 0.36423700000000003 0.411148 0.367969 0.411936 0.371701 0.411148 0.375068 0.40886100000000003 0.37774 0.405299 0.379455 0.400809 0.380046 0.395833 0.379455 0.390857 0.37774 0.386368 0.375068 0.382806
0 0.350068 0.383847 0.34670100000000004 0.38156 0.34296899999999997 0.380772 0.339237 0.38156 0.33587 0.383847 0.333198 0.38741 0.331483 0.391899 0.330891 0.396875 0.331483 0.401851 0.333198 0.40634 0.33587 0.409903 0.339237 0.41219 0.34296899999999997 0.412978 0.34670100000000004 0.41219 0.350068 0.409903 0.35274 0.40634 0.354455 0.401851 0.35504600000000003 0.396875 0.354455 0.391899 0.35274 0.38741 0.350068 0.383847
0 0.393818 0.35780599999999996 0.390451 0.355518 0.386719 0.35473 0.382987 0.355518 0.37961999999999996 0.35780599999999996 0.376948 0.361368 0.37523300000000004 0.365857 0.374641 0.370833 0.37523300000000004 0.375809 0.376948 0.380299 0.37961999999999996 0.383861 0.382987 0.386148 0.386719 0.386936 0.390451 0.386148 0.393818 0.383861 0.39649 0.380299 0.39820500000000003 0.375809 0.39879600000000004 0.370833 0.39820500000000003 0.365857 0.39649 0.361368 0.393818 0.35780599999999996
0 0.41725500000000004 0.346347 0.41388800000000003 0.34406 0.410156 0.343272 0.406424 0.34406 0.403057 0.346347 0.400385 0.34991 0.39866999999999997 0.354399 0.39807899999999996 0.359375 0.39866999999999997 0.364351 0.400385 0.36884 0.403057 0.372403 0.406424 0.37469 0.410156 0.375478 0.41388800000000003 0.37469 0.41725500000000004 0.372403 0.41992700000000005 0.36884 0.421642 0.364351 0.422234 0.359375 0.421642 0.354399 0.41992700000000005 0.34991 0.41725500000000004 0.346347
0 0.400849 0.32343099999999997 0.397482 0.321143 0.39375 0.320355 0.39001800000000003 0.321143 0.38665099999999997 0.32343099999999997 0.38397899999999996 0.326993 0.382264 0.331482 0.38167300000000004 0.33645800000000003 0.382264 0.341434 0.38397899999999996 0.345924 0.38665099999999997 0.349486 0.39001800000000003 0.351773 0.39375 0.352561 0.397482 0.351773 0.400849 0.349486 0.403521 0.345924 0.40523600000000004 0.341434 0.40582700000000005 0.33645800000000003 0.40523600000000004 0.331482 0.403521 0.326993 0.400849 0.32343099999999997
0 0.40120199999999995 0.46861600000000003 0.397668 0.46621499999999994 0.39375 0.465388 0.389832 0.46621499999999994 0.386298 0.46861600000000003 0.383493 0.472356 0.38169200000000003 0.47706799999999994 0.38107199999999997 0.482292 0.38169200000000003 0.487515 0.383493 0.492228 0.386298 0.495967 0.389832 0.498368 0.39375 0.499196 0.397668 0.498368 0.40120199999999995 0.495967 0.404007 0.492228 0.40580800000000006 0.487515 0.406428 0.482292 0.40580800000000006 0.47706799999999994 0.404007 0.472356 0.40120199999999995 0.46861600000000003
0 0.37373599999999996 0.471966 0.37026 0.469604 0.366406 0.46879099999999996 0.362553 0.469604 0.359077 0.471966 0.356318 0.47564399999999996 0.354547 0.480279 0.353937 0.485417 0.354547 0.49055400000000005 0.356318 0.495189 0.359077 0.498867 0.362553 0.501229 0.366406 0.502043 0.37026 0.501229 0.37373599999999996 0.498867 0.376494 0.495189 0.37826499999999996 0.49055400000000005 0.378876 0.485417 0.37826499999999996 0.480279 0.376494 0.47564399999999996 0.37373599999999996 0.471966
0 0.388579 0.496966 0.38510300000000003 0.494604 0.38125 0.493791 0.377397 0.494604 0.373921 0.496966 0.371162 0.500644 0.36939099999999997 0.505279 0.36878 0.510417 0.36939099999999997 0.5155540000000001 0.371162 0.520189 0.373921 0.523867 0.377397 0.5262290000000001 0.38125 0.527043 0.38510300000000003 0.5262290000000001 0.388579 0.523867 0.391338 0.520189 0.39310900000000004 0.5155540000000001 0.39371999999999996 0.510417 0.39310900000000004 0.505279 0.391338 0.500644 0.388579 0.496966
0 0.405767 0.518841 0.40229100000000007 0.516479 0.39843799999999996 0.515666 0.394584 0.516479 0.391108 0.518841 0.388349 0.522519 0.386578 0.527154 0.385968 0.532292 0.386578 0.537429 0.388349 0.542064 0.391108 0.545742 0.394584 0.548104 0.39843799999999996 0.548918 0.40229100000000007 0.548104 0.405767 0.545742 0.408526 0.542064 0.410297 0.537429 0.410907 0.532292 0.410297 0.527154 0.408526 0.522519 0.405767 0.518841
0 0.35 0.377083 0.35156200000000004 0.38125 0.355469 0.385417 0.359375 0.386458 0.36015600000000003 0.386458 0.3625 0.384375 0.36406299999999997 0.38333300000000003 0.36718799999999996 0.38229199999999997 0.369531 0.38229199999999997 0.371875 0.377083 0.372656 0.372917 0.373437 0.36770800000000003 0.372656 0.364583 0.371094 0.361458 0.36875 0.360417 0.36718799999999996 0.359375 0.365625 0.357292 0.364844 0.355208 0.360938 0.355208 0.357031 0.355208 0.353125 0.357292 0.35 0.364583 0.35 0.371875 0.35 0.377083
0 0.4 0.501042 0.400781 0.50625 0.403906 0.5125 0.407813 0.515625 0.411719 0.516667 0.416406 0.515625 0.420312 0.514583 0.423438 0.508333 0.424219 0.5020830000000001 0.424219 0.497917 0.421875 0.49270800000000003 0.41875 0.490625 0.415625 0.4875 0.414844 0.485417 0.409375 0.485417 0.40546899999999997 0.4875 0.403125 0.49166699999999997 0.400781 0.495833 0.4 0.501042
0 0.45781299999999997 0.5375 0.458594 0.530208 0.45781299999999997 0.526042 0.454688 0.520833 0.450781 0.519792 0.449219 0.5177080000000001 0.446094 0.515625 0.441406 0.516667 0.439844 0.519792 0.43828100000000003 0.520833 0.43671899999999997 0.521875 0.435156 0.526042 0.435156 0.532292 0.435156 0.5375 0.43671899999999997 0.541667 0.439063 0.5447919999999999 0.441406 0.547917 0.446875 0.5489580000000001 0.451562 0.546875 0.45625 0.541667 0.45781299999999997 0.5375