0 0.223907 0.64203 0.217015 0.639397 0.209375 0.6384890000000001 0.201735 0.639397 0.19484300000000002 0.64203 0.189374 0.6461319999999999 0.185862 0.651301 0.18465199999999998 0.657031 0.185862 0.6627609999999999 0.189374 0.6679299999999999 0.19484300000000002 0.672032 0.201735 0.674666 0.209375 0.675573 0.217015 0.674666 0.223907 0.672032 0.22937599999999997 0.6679299999999999 0.23288799999999998 0.6627609999999999 0.234098 0.657031 0.23288799999999998 0.651301 0.22937599999999997 0.6461319999999999 0.223907 0.64203
0 0.098211 0.143723 0.090661 0.140838 0.082292 0.139844 0.073922 0.140838 0.066372 0.143723 0.060381 0.148217 0.056533999999999994 0.15387900000000002 0.055208 0.16015600000000002 0.056533999999999994 0.166433 0.060381 0.172096 0.066372 0.176589 0.073922 0.179475 0.082292 0.180469 0.090661 0.179475 0.098211 0.176589 0.104203 0.172096 0.10804899999999999 0.166433 0.109375 0.16015600000000002 0.10804899999999999 0.15387900000000002 0.104203 0.148217 0.098211 0.143723
0 0.11750100000000001 0.198441 0.110683 0.195835 0.103125 0.194938 0.095567 0.195835 0.088749 0.198441 0.083338 0.20249899999999998 0.079864 0.207613 0.078667 0.213281 0.079864 0.21894999999999998 0.083338 0.22406299999999998 0.088749 0.228122 0.095567 0.230727 0.103125 0.23162500000000003 0.110683 0.230727 0.11750100000000001 0.228122 0.122912 0.22406299999999998 0.126386 0.21894999999999998 0.127583 0.213281 0.126386 0.207613 0.122912 0.20249899999999998 0.11750100000000001 0.198441
0 0.074186 0.201412 0.06765499999999999 0.198916 0.060417 0.198056 0.053178 0.198916 0.046648 0.201412 0.041465 0.20529799999999998 0.038138 0.210196 0.036992000000000004 0.215625 0.038138 0.221054 0.041465 0.22595200000000001 0.046648 0.229838 0.053178 0.23233399999999998 0.060417 0.23319399999999998 0.06765499999999999 0.23233399999999998 0.074186 0.229838 0.07936800000000001 0.22595200000000001 0.08269499999999999 0.221054 0.083842 0.215625 0.08269499999999999 0.210196 0.07936800000000001 0.20529799999999998 0.074186 0.201412
0 0.125916 0.275407 0.118565 0.272598 0.11041700000000002 0.27163 0.102268 0.272598 0.094918 0.275407 0.089084 0.27978200000000003 0.085338 0.28529499999999997 0.084048 0.291406 0.085338 0.297518 0.089084 0.303031 0.094918 0.30740599999999996 0.102268 0.310215 0.11041700000000002 0.311183 0.118565 0.310215 0.125916 0.30740599999999996 0.131749 0.303031 0.135495 0.297518 0.136785 0.291406 0.135495 0.28529499999999997 0.131749 0.27978200000000003 0.125916 0.275407
0 0.19201600000000002 0.24503499999999998 0.18542799999999998 0.242518 0.178125 0.24165 0.170822 0.242518 0.164234 0.24503499999999998 0.159005 0.248957 0.155648 0.253898 0.15449200000000002 0.259375 0.155648 0.264852 0.159005 0.269793 0.164234 0.27371500000000004 0.170822 0.276232 0.178125 0.2771 0.18542799999999998 0.276232 0.19201600000000002 0.27371500000000004 0.197245 0.269793 0.200602 0.264852 0.20175800000000002 0.259375 0.200602 0.253898 0.197245 0.248957 0.19201600000000002 0.24503499999999998
0 0.10849500000000001 0.31339100000000003 0.10100800000000001 0.31053000000000003 0.092708 0.309545 0.084409 0.31053000000000003 0.076922 0.31339100000000003 0.07098 0.317848 0.067166 0.323463 0.065851 0.329688 0.067166 0.335912 0.07098 0.341527 0.076922 0.34598399999999996 0.084409 0.34884499999999996 0.092708 0.34983 0.10100800000000001 0.34884499999999996 0.10849500000000001 0.34598399999999996 0.11443600000000001 0.341527 0.118251 0.335912 0.11956599999999999 0.329688 0.118251 0.323463 0.11443600000000001 0.317848 0.10849500000000001 0.31339100000000003
0 0.08037 0.35011000000000003 0.072883 0.34724900000000003 0.064583 0.346263 0.056284 0.34724900000000003 0.048797 0.35011000000000003 0.042855 0.35456699999999997 0.039041 0.360182 0.037725999999999996 0.366406 0.039041 0.372631 0.042855 0.37824599999999997 0.048797 0.382702 0.056284 0.385563 0.064583 0.386549 0.072883 0.385563 0.08037 0.382702 0.086311 0.37824599999999997 0.090126 0.372631 0.091441 0.366406 0.090126 0.360182 0.086311 0.35456699999999997 0.08037 0.35011000000000003
0 0.070436 0.384575 0.063708 0.382004 0.05625 0.38111799999999996 0.048792 0.382004 0.042064000000000004 0.384575 0.036725 0.388579 0.033297 0.393625 0.032116 0.399219 0.033297 0.404812 0.036725 0.409858 0.042064000000000004 0.413863 0.048792 0.416434 0.05625 0.41731999999999997 0.063708 0.416434 0.070436 0.413863 0.07577500000000001 0.409858 0.079203 0.404812 0.080384 0.399219 0.079203 0.393625 0.07577500000000001 0.388579 0.070436 0.384575
0 0.096684 0.453305 0.08887 0.450319 0.080208 0.44928999999999997 0.071547 0.450319 0.063733 0.453305 0.057531 0.457956 0.05355 0.463816 0.052178 0.470313 0.05355 0.476809 0.057531 0.482669 0.063733 0.48732 0.071547 0.490306 0.080208 0.491335 0.08887 0.490306 0.096684 0.48732 0.102885 0.482669 0.106867 0.476809 0.108239 0.470313 0.106867 0.463816 0.102885 0.457956 0.096684 0.453305
0 0.12480899999999999 0.48924200000000007 0.116995 0.486256 0.10833299999999998 0.48522699999999996 0.09967200000000001 0.486256 0.091858 0.48924200000000007 0.085656 0.493893 0.081675 0.499754 0.080303 0.50625 0.081675 0.512746 0.085656 0.518607 0.091858 0.523258 0.09967200000000001 0.5262439999999999 0.10833299999999998 0.527273 0.116995 0.5262439999999999 0.12480899999999999 0.523258 0.13101000000000002 0.518607 0.134992 0.512746 0.13636399999999999 0.50625 0.134992 0.499754 0.13101000000000002 0.493893 0.12480899999999999 0.48924200000000007
0 0.123767 0.527524 0.115953 0.524538 0.10729200000000001 0.523509 0.09863 0.524538 0.090816 0.527524 0.084615 0.532174 0.080633 0.538035 0.079261 0.544531 0.080633 0.551028 0.084615 0.556888 0.090816 0.561539 0.09863 0.5645249999999999 0.10729200000000001 0.565554 0.115953 0.5645249999999999 0.123767 0.561539 0.129969 0.556888 0.13394999999999999 0.551028 0.135322 0.544531 0.13394999999999999 0.538035 0.129969 0.532174 0.123767 0.527524
0 0.135533 0.5673440000000001 0.12806800000000002 0.5644910000000001 0.11979200000000001 0.563508 0.11151599999999999 0.5644910000000001 0.10405 0.5673440000000001 0.09812499999999999 0.571788 0.094321 0.577387 0.09301000000000001 0.583594 0.094321 0.589801 0.09812499999999999 0.5953999999999999 0.10405 0.599844 0.11151599999999999 0.602697 0.11979200000000001 0.60368 0.12806800000000002 0.602697 0.135533 0.599844 0.141458 0.5953999999999999 0.145262 0.589801 0.146573 0.583594 0.145262 0.577387 0.141458 0.571788 0.135533 0.5673440000000001
0 0.186345 0.568068 0.17849399999999999 0.565068 0.169792 0.564034 0.16108899999999998 0.565068 0.153238 0.568068 0.147008 0.572741 0.143008 0.5786290000000001 0.141629 0.585156 0.143008 0.591683 0.147008 0.5975710000000001 0.153238 0.602244 0.16108899999999998 0.605244 0.169792 0.606278 0.17849399999999999 0.605244 0.186345 0.602244 0.192576 0.5975710000000001 0.196576 0.591683 0.19795400000000002 0.585156 0.196576 0.5786290000000001 0.192576 0.572741 0.186345 0.568068
0 0.20301200000000003 0.6086929999999999 0.195161 0.605693 0.18645799999999998 0.6046590000000001 0.177756 0.605693 0.169905 0.6086929999999999 0.16367400000000001 0.613366 0.159674 0.619254 0.158296 0.625781 0.159674 0.632308 0.16367400000000001 0.638196 0.169905 0.6428689999999999 0.177756 0.645869 0.18645799999999998 0.646903 0.195161 0.645869 0.20301200000000003 0.6428689999999999 0.209242 0.638196 0.21324200000000001 0.632308 0.214621 0.625781 0.21324200000000001 0.619254 0.209242 0.613366 0.20301200000000003 0.6086929999999999
0 0.153011 0.605082 0.145655 0.6022700000000001 0.1375 0.601302 0.129345 0.6022700000000001 0.12198899999999999 0.605082 0.11615 0.60946 0.112402 0.614978 0.11111 0.621094 0.112402 0.62721 0.11615 0.632727 0.12198899999999999 0.637106 0.129345 0.639917 0.1375 0.640886 0.145655 0.639917 0.153011 0.637106 0.15885 0.632727 0.162598 0.62721 0.16389 0.621094 0.162598 0.614978 0.15885 0.60946 0.153011 0.605082
0 0.099886 0.6043000000000001 0.09253 0.601489 0.084375 0.60052 0.07622 0.601489 0.06886400000000001 0.6043000000000001 0.063025 0.608679 0.059277 0.614196 0.057984999999999995 0.620313 0.059277 0.626429 0.063025 0.631946 0.06886400000000001 0.636325 0.07622 0.6391359999999999 0.084375 0.6401049999999999 0.09253 0.6391359999999999 0.099886 0.636325 0.105725 0.631946 0.109473 0.626429 0.110765 0.620313 0.109473 0.614196 0.105725 0.608679 0.099886 0.6043000000000001
0 0.17102 0.643834 0.163521 0.640968 0.15520799999999998 0.63998 0.146895 0.640968 0.13939600000000002 0.643834 0.13344499999999998 0.648297 0.12962400000000002 0.653922 0.128307 0.660156 0.12962400000000002 0.666391 0.13344499999999998 0.672015 0.13939600000000002 0.6764789999999999 0.146895 0.679345 0.15520799999999998 0.680332 0.163521 0.679345 0.17102 0.6764789999999999 0.176972 0.672015 0.180793 0.666391 0.18210900000000002 0.660156 0.180793 0.653922 0.176972 0.648297 0.17102 0.643834
0 0.26983199999999996 0.633535 0.261908 0.6305069999999999 0.253125 0.629464 0.244342 0.6305069999999999 0.23641800000000002 0.633535 0.23013 0.638251 0.22609300000000002 0.6441939999999999 0.224702 0.650781 0.22609300000000002 0.657369 0.23013 0.663311 0.23641800000000002 0.668027 0.244342 0.671055 0.253125 0.672098 0.261908 0.671055 0.26983199999999996 0.668027 0.27612000000000003 0.663311 0.280157 0.657369 0.281548 0.650781 0.280157 0.6441939999999999 0.27612000000000003 0.638251 0.26983199999999996 0.633535
0 0.253714 0.5942000000000001 0.24602400000000002 0.5912620000000001 0.2375 0.590249 0.22897599999999999 0.5912620000000001 0.221286 0.5942000000000001 0.215184 0.598777 0.211266 0.604544 0.209916 0.610938 0.211266 0.617331 0.215184 0.6230979999999999 0.221286 0.627675 0.22897599999999999 0.630613 0.2375 0.631626 0.24602400000000002 0.630613 0.253714 0.627675 0.259816 0.6230979999999999 0.263734 0.617331 0.265084 0.610938 0.263734 0.604544 0.259816 0.598777 0.253714 0.5942000000000001
0 0.309964 0.602013 0.30227400000000004 0.599074 0.29375 0.598062 0.285226 0.599074 0.277536 0.602013 0.271434 0.60659 0.267516 0.612357 0.266166 0.61875 0.267516 0.625143 0.271434 0.63091 0.277536 0.635487 0.285226 0.638426 0.29375 0.639438 0.30227400000000004 0.638426 0.309964 0.635487 0.316066 0.63091 0.319984 0.625143 0.321334 0.61875 0.319984 0.612357 0.316066 0.60659 0.309964 0.602013
0 0.23883700000000002 0.553097 0.23128700000000002 0.550211 0.22291699999999998 0.549217 0.214547 0.550211 0.206996 0.553097 0.20100400000000002 0.5575910000000001 0.197157 0.5632539999999999 0.195831 0.569531 0.197157 0.575809 0.20100400000000002 0.581472 0.206996 0.585966 0.214547 0.588851 0.22291699999999998 0.5898450000000001 0.23128700000000002 0.588851 0.23883700000000002 0.585966 0.24482900000000002 0.581472 0.24867599999999998 0.575809 0.250002 0.569531 0.24867599999999998 0.5632539999999999 0.24482900000000002 0.5575910000000001 0.23883700000000002 0.553097
0 0.179462 0.527316 0.171912 0.52443 0.16354200000000002 0.523436 0.155172 0.52443 0.147621 0.527316 0.141629 0.53181 0.13778200000000002 0.537473 0.136456 0.54375 0.13778200000000002 0.550027 0.141629 0.55569 0.147621 0.560184 0.155172 0.56307 0.16354200000000002 0.564064 0.171912 0.56307 0.179462 0.560184 0.185454 0.55569 0.189301 0.550027 0.190627 0.54375 0.189301 0.537473 0.185454 0.53181 0.179462 0.527316
0 0.071129 0.5109090000000001 0.063578 0.508024 0.055208 0.50703 0.046838000000000005 0.508024 0.039288000000000003 0.5109090000000001 0.033296 0.515403 0.029448999999999996 0.521066 0.028123 0.527344 0.029448999999999996 0.533621 0.033296 0.539284 0.039288000000000003 0.543778 0.046838000000000005 0.546664 0.055208 0.547658 0.063578 0.546664 0.071129 0.543778 0.077121 0.539284 0.080968 0.533621 0.082294 0.527344 0.080968 0.521066 0.077121 0.515403 0.071129 0.5109090000000001
0 0.08467 0.5577840000000001 0.07712 0.554899 0.06875 0.553905 0.06038 0.554899 0.05283 0.5577840000000001 0.046837000000000004 0.562278 0.04299 0.567941 0.041665 0.574219 0.04299 0.580496 0.046837000000000004 0.586159 0.05283 0.590653 0.06038 0.593539 0.06875 0.594533 0.07712 0.593539 0.08467 0.590653 0.09066300000000001 0.586159 0.09451000000000001 0.580496 0.095835 0.574219 0.09451000000000001 0.567941 0.09066300000000001 0.562278 0.08467 0.5577840000000001
0 0.052378999999999995 0.588253 0.044828 0.585368 0.036458000000000004 0.584373 0.028088000000000002 0.585368 0.020538 0.588253 0.014546 0.5927469999999999 0.010699 0.59841 0.009373 0.604688 0.010699 0.610965 0.014546 0.6166280000000001 0.020538 0.621122 0.028088000000000002 0.624007 0.036458000000000004 0.6250020000000001 0.044828 0.624007 0.052378999999999995 0.621122 0.05837099999999999 0.6166280000000001 0.062217999999999996 0.610965 0.063544 0.604688 0.062217999999999996 0.59841 0.05837099999999999 0.5927469999999999 0.052378999999999995 0.588253
0 0.068004 0.632003 0.060453 0.629118 0.052083000000000004 0.628123 0.043713 0.629118 0.036163 0.632003 0.030170999999999996 0.636497 0.026323999999999997 0.64216 0.024998 0.648438 0.026323999999999997 0.654715 0.030170999999999996 0.660378 0.036163 0.664872 0.043713 0.667757 0.052083000000000004 0.668752 0.060453 0.667757 0.068004 0.664872 0.07399599999999999 0.660378 0.077843 0.654715 0.079169 0.648438 0.077843 0.64216 0.07399599999999999 0.636497 0.068004 0.632003
0 0.12217 0.638253 0.11462000000000001 0.6353679999999999 0.10625 0.634373 0.09788 0.6353679999999999 0.09033 0.638253 0.084337 0.642747 0.08048999999999999 0.6484099999999999 0.079165 0.654687 0.08048999999999999 0.660965 0.084337 0.666628 0.09033 0.671122 0.09788 0.674007 0.10625 0.675002 0.11462000000000001 0.674007 0.12217 0.671122 0.128163 0.666628 0.13201000000000002 0.660965 0.133335 0.654687 0.13201000000000002 0.6484099999999999 0.128163 0.642747 0.12217 0.638253
0 0.831667 0.369957 0.8210940000000001 0.365917 0.809375 0.364525 0.797656 0.365917 0.787083 0.369957 0.778693 0.37625000000000003 0.773306 0.384179 0.77145 0.392969 0.773306 0.40175799999999995 0.778693 0.40968799999999994 0.787083 0.41597999999999996 0.797656 0.42001999999999995 0.809375 0.421413 0.8210940000000001 0.42001999999999995 0.831667 0.41597999999999996 0.840057 0.40968799999999994 0.845444 0.40175799999999995 0.8473 0.392969 0.845444 0.384179 0.840057 0.37625000000000003 0.831667 0.369957
0 0.5041059999999999 0.319375 0.49326600000000004 0.315232 0.48125 0.313805 0.469234 0.315232 0.458394 0.319375 0.449791 0.325827 0.444268 0.333957 0.442365 0.34296899999999997 0.444268 0.351981 0.449791 0.36011099999999996 0.458394 0.366563 0.469234 0.370705 0.48125 0.372133 0.49326600000000004 0.370705 0.5041059999999999 0.366563 0.512709 0.36011099999999996 0.518232 0.351981 0.520135 0.34296899999999997 0.518232 0.333957 0.512709 0.325827 0.5041059999999999 0.319375
0 0.559315 0.360781 0.548475 0.356638 0.536458 0.355211 0.524442 0.356638 0.513602 0.360781 0.504999 0.36723300000000003 0.49947600000000003 0.375363 0.49757300000000004 0.384375 0.49947600000000003 0.39338700000000004 0.504999 0.401517 0.513602 0.407969 0.524442 0.41211200000000003 0.536458 0.413539 0.548475 0.41211200000000003 0.559315 0.407969 0.567917 0.401517 0.573441 0.39338700000000004 0.5753440000000001 0.384375 0.573441 0.375363 0.567917 0.36723300000000003 0.559315 0.360781
0 0.57494 0.304531 0.5641 0.300388 0.552083 0.298961 0.540067 0.300388 0.529227 0.304531 0.520624 0.310983 0.515101 0.319113 0.513198 0.328125 0.515101 0.337137 0.520624 0.345267 0.529227 0.351719 0.540067 0.355862 0.552083 0.357289 0.5641 0.355862 0.57494 0.351719 0.583542 0.345267 0.589066 0.337137 0.5909690000000001 0.328125 0.589066 0.319113 0.583542 0.310983 0.57494 0.304531
0 0.648898 0.305312 0.638058 0.30117 0.626042 0.299742 0.614025 0.30117 0.6031850000000001 0.305312 0.594583 0.31176400000000004 0.589059 0.319894 0.587156 0.32890600000000003 0.589059 0.337918 0.594583 0.346048 0.6031850000000001 0.3525 0.614025 0.356643 0.626042 0.35807 0.638058 0.356643 0.648898 0.3525 0.657501 0.346048 0.663024 0.337918 0.6649269999999999 0.32890600000000003 0.663024 0.319894 0.657501 0.31176400000000004 0.648898 0.305312
0 0.6405649999999999 0.360781 0.629725 0.356638 0.617708 0.355211 0.605692 0.356638 0.594852 0.360781 0.586249 0.36723300000000003 0.5807260000000001 0.375363 0.5788230000000001 0.384375 0.5807260000000001 0.39338700000000004 0.586249 0.401517 0.594852 0.407969 0.605692 0.41211200000000003 0.617708 0.413539 0.629725 0.41211200000000003 0.6405649999999999 0.407969 0.649167 0.401517 0.6546909999999999 0.39338700000000004 0.656594 0.384375 0.6546909999999999 0.375363 0.649167 0.36723300000000003 0.6405649999999999 0.360781
0 0.717648 0.358437 0.706808 0.35429499999999997 0.694792 0.352867 0.682775 0.35429499999999997 0.6719350000000001 0.358437 0.663333 0.364889 0.6578090000000001 0.373019 0.655906 0.382031 0.6578090000000001 0.391043 0.663333 0.399173 0.6719350000000001 0.405625 0.682775 0.409768 0.694792 0.41119500000000003 0.706808 0.409768 0.717648 0.405625 0.726251 0.399173 0.7317739999999999 0.391043 0.7336769999999999 0.382031 0.7317739999999999 0.373019 0.726251 0.364889 0.717648 0.358437
0 0.7811899999999999 0.327187 0.77035 0.32304499999999997 0.758333 0.321617 0.746317 0.32304499999999997 0.735477 0.327187 0.726874 0.333639 0.7213510000000001 0.341769 0.7194480000000001 0.350781 0.7213510000000001 0.359793 0.726874 0.367923 0.735477 0.374375 0.746317 0.378518 0.758333 0.37994500000000003 0.77035 0.378518 0.7811899999999999 0.374375 0.789792 0.367923 0.7953159999999999 0.359793 0.797219 0.350781 0.7953159999999999 0.341769 0.789792 0.333639 0.7811899999999999 0.327187
0 0.727023 0.29125 0.716183 0.287107 0.704167 0.28568 0.69215 0.287107 0.6813100000000001 0.29125 0.672708 0.297702 0.667184 0.305832 0.665281 0.314844 0.667184 0.32385600000000003 0.672708 0.331986 0.6813100000000001 0.338438 0.69215 0.34258 0.704167 0.344008 0.716183 0.34258 0.727023 0.338438 0.735626 0.331986 0.741149 0.32385600000000003 0.7430519999999999 0.314844 0.741149 0.305832 0.735626 0.297702 0.727023 0.29125
0 0.675766 0.24899100000000002 0.664534 0.244699 0.652083 0.24322 0.639633 0.244699 0.628401 0.24899100000000002 0.619488 0.255676 0.613765 0.2641 0.611793 0.27343799999999996 0.613765 0.282775 0.619488 0.291199 0.628401 0.297884 0.639633 0.302176 0.652083 0.303655 0.664534 0.302176 0.675766 0.297884 0.684679 0.291199 0.690402 0.282775 0.6923739999999999 0.27343799999999996 0.690402 0.2641 0.684679 0.255676 0.675766 0.24899100000000002
0 0.598889 0.245947 0.588053 0.24180600000000002 0.5760419999999999 0.24037899999999998 0.56403 0.24180600000000002 0.553195 0.245947 0.5445949999999999 0.252396 0.539074 0.260523 0.537172 0.269531 0.539074 0.27854 0.5445949999999999 0.286667 0.553195 0.29311600000000004 0.56403 0.297257 0.5760419999999999 0.298684 0.588053 0.297257 0.598889 0.29311600000000004 0.607488 0.286667 0.613009 0.27854 0.614911 0.269531 0.613009 0.260523 0.607488 0.252396 0.598889 0.245947
0 0.525474 0.25632299999999997 0.514381 0.252083 0.5020830000000001 0.250623 0.48978599999999994 0.252083 0.478693 0.25632299999999997 0.46988899999999995 0.262926 0.464236 0.271246 0.462289 0.28046899999999997 0.464236 0.289692 0.46988899999999995 0.298012 0.478693 0.30461499999999997 0.48978599999999994 0.308854 0.5020830000000001 0.310315 0.514381 0.308854 0.525474 0.30461499999999997 0.534278 0.298012 0.53993 0.289692 0.541878 0.28046899999999997 0.53993 0.271246 0.534278 0.262926 0.525474 0.25632299999999997
0 0.462974 0.224292 0.45188100000000003 0.220052 0.439583 0.21859099999999998 0.42728599999999994 0.220052 0.416193 0.224292 0.40738899999999995 0.23089400000000002 0.401736 0.239215 0.399789 0.248438 0.401736 0.25766 0.40738899999999995 0.26598099999999997 0.416193 0.272583 0.42728599999999994 0.276823 0.439583 0.27828400000000003 0.45188100000000003 0.276823 0.462974 0.272583 0.47177800000000003 0.26598099999999997 0.47743 0.25766 0.47937799999999997 0.248438 0.47743 0.239215 0.47177800000000003 0.23089400000000002 0.462974 0.224292
0 0.448391 0.281323 0.43729699999999994 0.277083 0.425 0.275623 0.41270300000000004 0.277083 0.401609 0.281323 0.39280499999999996 0.287926 0.38715299999999997 0.296246 0.385205 0.305469 0.38715299999999997 0.314692 0.39280499999999996 0.32301199999999997 0.401609 0.329615 0.41270300000000004 0.333854 0.425 0.335315 0.43729699999999994 0.333854 0.448391 0.329615 0.457195 0.32301199999999997 0.462847 0.314692 0.46479499999999996 0.305469 0.462847 0.296246 0.457195 0.287926 0.448391 0.281323
0 0.404852 0.328274 0.394152 0.324185 0.38229199999999997 0.322776 0.370431 0.324185 0.35973099999999997 0.328274 0.35124 0.334642 0.345788 0.342667 0.343909 0.35156200000000004 0.345788 0.360458 0.35124 0.368483 0.35973099999999997 0.374851 0.370431 0.37894 0.38229199999999997 0.380349 0.394152 0.37894 0.404852 0.374851 0.41334400000000004 0.368483 0.418795 0.360458 0.420674 0.35156200000000004 0.418795 0.342667 0.41334400000000004 0.334642 0.404852 0.328274
0 0.462144 0.366555 0.45144399999999996 0.362466 0.439583 0.361057 0.427723 0.362466 0.41702300000000003 0.366555 0.408531 0.372923 0.40308 0.380948 0.40120100000000003 0.38984399999999997 0.40308 0.398739 0.408531 0.406764 0.41702300000000003 0.41313300000000003 0.427723 0.41722200000000004 0.439583 0.41863 0.45144399999999996 0.41722200000000004 0.462144 0.41313300000000003 0.47063499999999997 0.406764 0.476087 0.398739 0.477966 0.38984399999999997 0.476087 0.380948 0.47063499999999997 0.372923 0.462144 0.366555
0 0.430273 0.417196 0.419868 0.41321899999999995 0.408333 0.411849 0.396799 0.41321899999999995 0.386394 0.417196 0.37813599999999997 0.42338899999999996 0.372834 0.43119300000000005 0.371007 0.439844 0.372834 0.44849500000000003 0.37813599999999997 0.456299 0.386394 0.462492 0.396799 0.466468 0.408333 0.467838 0.419868 0.466468 0.430273 0.462492 0.43853099999999995 0.456299 0.443833 0.44849500000000003 0.445659 0.439844 0.443833 0.43119300000000005 0.43853099999999995 0.42338899999999996 0.430273 0.417196
0 0.40110599999999996 0.46563299999999996 0.390701 0.46165700000000004 0.379167 0.460287 0.367632 0.46165700000000004 0.357227 0.46563299999999996 0.348969 0.47182599999999997 0.343667 0.47962999999999995 0.341841 0.488281 0.343667 0.496932 0.348969 0.5047360000000001 0.357227 0.510929 0.367632 0.5149060000000001 0.379167 0.516276 0.390701 0.5149060000000001 0.40110599999999996 0.510929 0.40936399999999995 0.5047360000000001 0.414666 0.496932 0.416493 0.488281 0.414666 0.47962999999999995 0.40936399999999995 0.47182599999999997 0.40110599999999996 0.46563299999999996
0 0.48235599999999995 0.455477 0.47195099999999995 0.45150100000000004 0.46041699999999997 0.45013 0.44888199999999995 0.45150100000000004 0.43847699999999995 0.455477 0.430219 0.46166999999999997 0.42491700000000004 0.46947400000000006 0.423091 0.478125 0.42491700000000004 0.486776 0.430219 0.49458 0.43847699999999995 0.5007729999999999 0.44888199999999995 0.504749 0.46041699999999997 0.50612 0.47195099999999995 0.504749 0.48235599999999995 0.5007729999999999 0.490614 0.49458 0.49591599999999997 0.486776 0.497743 0.478125 0.49591599999999997 0.46947400000000006 0.490614 0.46166999999999997 0.48235599999999995 0.455477
0 0.529231 0.414071 0.518826 0.41009399999999996 0.507292 0.40872400000000003 0.49575699999999995 0.41009399999999996 0.48535199999999995 0.414071 0.477094 0.42026399999999997 0.47179200000000004 0.428068 0.469966 0.43671899999999997 0.47179200000000004 0.44537000000000004 0.477094 0.453174 0.48535199999999995 0.459367 0.49575699999999995 0.46334299999999995 0.507292 0.464713 0.518826 0.46334299999999995 0.529231 0.459367 0.537489 0.453174 0.542791 0.44537000000000004 0.544618 0.43671899999999997 0.542791 0.428068 0.537489 0.42026399999999997 0.529231 0.414071
0 0.5677730000000001 0.46016399999999996 0.5573680000000001 0.45618800000000004 0.545833 0.45481800000000006 0.5342990000000001 0.45618800000000004 0.5238940000000001 0.46016399999999996 0.515636 0.46635799999999994 0.5103340000000001 0.47416200000000003 0.508507 0.482812 0.5103340000000001 0.491463 0.515636 0.499267 0.5238940000000001 0.505461 0.5342990000000001 0.5094369999999999 0.545833 0.510807 0.5573680000000001 0.5094369999999999 0.5677730000000001 0.505461 0.576031 0.499267 0.581333 0.491463 0.583159 0.482812 0.581333 0.47416200000000003 0.576031 0.46635799999999994 0.5677730000000001 0.46016399999999996
0 0.643815 0.457039 0.633409 0.45306300000000005 0.621875 0.451693 0.610341 0.45306300000000005 0.599935 0.457039 0.591678 0.46323299999999995 0.586376 0.47103700000000004 0.584549 0.47968700000000003 0.586376 0.488338 0.591678 0.496142 0.599935 0.502336 0.610341 0.506312 0.621875 0.507682 0.633409 0.506312 0.643815 0.502336 0.652072 0.496142 0.657374 0.488338 0.659201 0.47968700000000003 0.657374 0.47103700000000004 0.652072 0.46323299999999995 0.643815 0.457039
0 0.60319 0.412508 0.592784 0.408532 0.58125 0.407162 0.569716 0.408532 0.55931 0.412508 0.551053 0.418701 0.545751 0.42650499999999997 0.543924 0.435156 0.545751 0.44380699999999995 0.551053 0.45161100000000004 0.55931 0.457804 0.569716 0.46178100000000005 0.58125 0.463151 0.592784 0.46178100000000005 0.60319 0.457804 0.611447 0.45161100000000004 0.616749 0.44380699999999995 0.618576 0.435156 0.616749 0.42650499999999997 0.611447 0.418701 0.60319 0.412508
0 0.681315 0.410164 0.670909 0.40618800000000005 0.659375 0.404818 0.647841 0.40618800000000005 0.637435 0.410164 0.629178 0.41635799999999995 0.623876 0.42416200000000004 0.622049 0.43281200000000003 0.623876 0.441463 0.629178 0.449267 0.637435 0.455461 0.647841 0.459437 0.659375 0.46080699999999997 0.670909 0.459437 0.681315 0.455461 0.689572 0.449267 0.694874 0.441463 0.696701 0.43281200000000003 0.694874 0.42416200000000004 0.689572 0.41635799999999995 0.681315 0.410164
0 0.754231 0.407039 0.743826 0.40306300000000006 0.7322919999999999 0.401693 0.720757 0.40306300000000006 0.710352 0.407039 0.702094 0.41323299999999996 0.6967920000000001 0.421037 0.694966 0.42968799999999996 0.6967920000000001 0.438338 0.702094 0.44614200000000004 0.710352 0.452336 0.720757 0.45631199999999994 0.7322919999999999 0.457682 0.743826 0.45631199999999994 0.754231 0.452336 0.762489 0.44614200000000004 0.767791 0.438338 0.769618 0.42968799999999996 0.767791 0.421037 0.762489 0.41323299999999996 0.754231 0.407039
0 0.7417309999999999 0.471102 0.7313259999999999 0.46712600000000004 0.719792 0.465755 0.7082569999999999 0.46712600000000004 0.6978519999999999 0.471102 0.689594 0.47729499999999997 0.684292 0.48509900000000006 0.682466 0.49375 0.684292 0.502401 0.689594 0.510205 0.6978519999999999 0.5163979999999999 0.7082569999999999 0.520374 0.719792 0.521745 0.7313259999999999 0.520374 0.7417309999999999 0.5163979999999999 0.749989 0.510205 0.7552909999999999 0.502401 0.757118 0.49375 0.7552909999999999 0.48509900000000006 0.749989 0.47729499999999997 0.7417309999999999 0.471102
0 0.39069600000000004 0.24189500000000003 0.379794 0.237729 0.36770800000000003 0.236293 0.35562299999999997 0.237729 0.34472 0.24189500000000003 0.336068 0.248384 0.330513 0.256561 0.328599 0.265625 0.330513 0.274689 0.336068 0.282866 0.34472 0.289355 0.35562299999999997 0.29352100000000003 0.36770800000000003 0.294957 0.379794 0.29352100000000003 0.39069600000000004 0.289355 0.399348 0.282866 0.404904 0.274689 0.406818 0.265625 0.404904 0.256561 0.399348 0.248384 0.39069600000000004 0.24189500000000003
0 0.829231 0.42500799999999994 0.8188259999999999 0.421032 0.807292 0.41966200000000004 0.7957569999999999 0.421032 0.7853519999999999 0.42500799999999994 0.7770940000000001 0.431201 0.771792 0.439005 0.7699659999999999 0.447656 0.771792 0.45630699999999996 0.7770940000000001 0.46411100000000005 0.7853519999999999 0.47030399999999994 0.7957569999999999 0.47428100000000006 0.807292 0.47565099999999993 0.8188259999999999 0.47428100000000006 0.829231 0.47030399999999994 0.837489 0.46411100000000005 0.8427910000000001 0.45630699999999996 0.844618 0.447656 0.8427910000000001 0.439005 0.837489 0.431201 0.829231 0.42500799999999994
0 0.810481 0.478133 0.800076 0.47415700000000005 0.788542 0.472787 0.777007 0.47415700000000005 0.766602 0.478133 0.758344 0.484326 0.753042 0.49212999999999996 0.751216 0.500781 0.753042 0.509432 0.758344 0.517236 0.766602 0.5234289999999999 0.777007 0.527406 0.788542 0.5287759999999999 0.800076 0.527406 0.810481 0.5234289999999999 0.8187390000000001 0.517236 0.824041 0.509432 0.825868 0.500781 0.824041 0.49212999999999996 0.8187390000000001 0.484326 0.810481 0.478133
0 0.767458 0.522208 0.757202 0.518289 0.745833 0.516938 0.734464 0.518289 0.724208 0.522208 0.716069 0.528313 0.710843 0.5360050000000001 0.709043 0.544531 0.710843 0.5530579999999999 0.716069 0.56075 0.724208 0.566854 0.734464 0.570774 0.745833 0.572124 0.757202 0.570774 0.767458 0.566854 0.775598 0.56075 0.780823 0.5530579999999999 0.782624 0.544531 0.780823 0.5360050000000001 0.775598 0.528313 0.767458 0.522208
0 0.706 0.550333 0.695744 0.5464140000000001 0.684375 0.5450630000000001 0.673006 0.5464140000000001 0.6627500000000001 0.550333 0.6546109999999999 0.556438 0.649385 0.56413 0.6475839999999999 0.572656 0.649385 0.581183 0.6546109999999999 0.588875 0.6627500000000001 0.594979 0.673006 0.5988990000000001 0.684375 0.600249 0.695744 0.5988990000000001 0.706 0.594979 0.7141390000000001 0.588875 0.719365 0.581183 0.721166 0.572656 0.719365 0.56413 0.7141390000000001 0.556438 0.706 0.550333
0 0.54628 0.703235 0.539152 0.700511 0.53125 0.6995720000000001 0.523348 0.700511 0.51622 0.703235 0.510563 0.707477 0.506931 0.712824 0.505679 0.71875 0.506931 0.724676 0.510563 0.730023 0.51622 0.734265 0.523348 0.736989 0.53125 0.7379279999999999 0.539152 0.736989 0.54628 0.734265 0.551937 0.730023 0.555569 0.724676 0.556821 0.71875 0.555569 0.712824 0.551937 0.707477 0.54628 0.703235
0 0.679958 0.501896 0.669702 0.497976 0.6583330000000001 0.496626 0.646964 0.497976 0.6367079999999999 0.501896 0.6285689999999999 0.508 0.623343 0.515692 0.621543 0.524219 0.623343 0.532745 0.6285689999999999 0.5404370000000001 0.6367079999999999 0.546542 0.646964 0.550461 0.6583330000000001 0.551812 0.669702 0.550461 0.679958 0.546542 0.688098 0.5404370000000001 0.693323 0.532745 0.6951240000000001 0.524219 0.693323 0.515692 0.688098 0.508 0.679958 0.501896
0 0.6070420000000001 0.504239 0.596786 0.50032 0.585417 0.49897 0.574048 0.50032 0.5637920000000001 0.504239 0.555652 0.510344 0.550427 0.518036 0.548626 0.526563 0.550427 0.5350889999999999 0.555652 0.542781 0.5637920000000001 0.548886 0.574048 0.552805 0.585417 0.554155 0.596786 0.552805 0.6070420000000001 0.548886 0.615181 0.542781 0.6204069999999999 0.5350889999999999 0.6222070000000001 0.526563 0.6204069999999999 0.518036 0.615181 0.510344 0.6070420000000001 0.504239
0 0.564333 0.544864 0.554077 0.540945 0.542708 0.539595 0.531339 0.540945 0.521083 0.544864 0.512944 0.550969 0.507718 0.5586610000000001 0.505918 0.567187 0.507718 0.575714 0.512944 0.583406 0.521083 0.589511 0.531339 0.59343 0.542708 0.59478 0.554077 0.59343 0.564333 0.589511 0.572473 0.583406 0.577698 0.575714 0.579499 0.567187 0.577698 0.5586610000000001 0.572473 0.550969 0.564333 0.544864
0 0.495247 0.549899 0.48514999999999997 0.546041 0.473958 0.544712 0.46276599999999996 0.546041 0.45267 0.549899 0.444658 0.555909 0.439513 0.563481 0.43774100000000005 0.571875 0.439513 0.580269 0.444658 0.587841 0.45267 0.593851 0.46276599999999996 0.5977089999999999 0.473958 0.599038 0.48514999999999997 0.5977089999999999 0.495247 0.593851 0.503259 0.587841 0.508403 0.580269 0.510176 0.571875 0.508403 0.563481 0.503259 0.555909 0.495247 0.549899
0 0.520247 0.5006809999999999 0.51015 0.496822 0.498958 0.495493 0.487766 0.496822 0.47767 0.5006809999999999 0.469658 0.5066900000000001 0.464513 0.514262 0.462741 0.522656 0.464513 0.53105 0.469658 0.5386219999999999 0.47767 0.544632 0.487766 0.5484899999999999 0.498958 0.54982 0.51015 0.5484899999999999 0.520247 0.544632 0.528259 0.5386219999999999 0.5334030000000001 0.53105 0.535176 0.522656 0.5334030000000001 0.514262 0.528259 0.5066900000000001 0.520247 0.5006809999999999
0 0.449413 0.504587 0.43931699999999996 0.500729 0.428125 0.49939900000000004 0.41693300000000005 0.500729 0.406837 0.504587 0.39882399999999996 0.5105959999999999 0.39368 0.518169 0.391907 0.526563 0.39368 0.534956 0.39882399999999996 0.542529 0.406837 0.548538 0.41693300000000005 0.552396 0.428125 0.5537259999999999 0.43931699999999996 0.552396 0.449413 0.548538 0.457426 0.542529 0.46257000000000004 0.534956 0.46434300000000006 0.526563 0.46257000000000004 0.518169 0.457426 0.5105959999999999 0.449413 0.504587
0 0.426497 0.557712 0.4164 0.5538540000000001 0.405208 0.552524 0.39401600000000003 0.5538540000000001 0.38392 0.557712 0.375908 0.5637209999999999 0.370763 0.571294 0.36899099999999996 0.579688 0.370763 0.5880810000000001 0.375908 0.595654 0.38392 0.6016630000000001 0.39401600000000003 0.605521 0.405208 0.606851 0.4164 0.605521 0.426497 0.6016630000000001 0.434509 0.595654 0.439653 0.5880810000000001 0.441426 0.579688 0.439653 0.571294 0.434509 0.5637209999999999 0.426497 0.557712
0 0.356705 0.566306 0.346609 0.5624469999999999 0.33541699999999997 0.561118 0.324225 0.5624469999999999 0.314128 0.566306 0.306116 0.572315 0.300972 0.579887 0.299199 0.588281 0.300972 0.5966750000000001 0.306116 0.604247 0.314128 0.610257 0.324225 0.614115 0.33541699999999997 0.615445 0.346609 0.614115 0.356705 0.610257 0.364717 0.604247 0.369862 0.5966750000000001 0.371634 0.588281 0.369862 0.579887 0.364717 0.572315 0.356705 0.566306
0 0.379622 0.517087 0.369525 0.513229 0.358333 0.511899 0.34714100000000003 0.513229 0.337045 0.517087 0.329033 0.523096 0.323888 0.530669 0.32211599999999996 0.539062 0.323888 0.547456 0.329033 0.555029 0.337045 0.561038 0.34714100000000003 0.564896 0.358333 0.566226 0.369525 0.564896 0.379622 0.561038 0.387634 0.555029 0.39277799999999996 0.547456 0.394551 0.539062 0.39277799999999996 0.530669 0.387634 0.523096 0.379622 0.517087
0 0.326877 0.480757 0.3166 0.47683 0.30520800000000003 0.475477 0.293817 0.47683 0.28354 0.480757 0.27538399999999996 0.486874 0.270148 0.494581 0.268344 0.503125 0.270148 0.511669 0.27538399999999996 0.5193760000000001 0.28354 0.525493 0.293817 0.52942 0.30520800000000003 0.530773 0.3166 0.52942 0.326877 0.525493 0.335032 0.5193760000000001 0.34026900000000004 0.511669 0.34207299999999996 0.503125 0.34026900000000004 0.494581 0.335032 0.486874 0.326877 0.480757
0 0.345627 0.429976 0.33535 0.426049 0.323958 0.424695 0.312567 0.426049 0.30229 0.429976 0.294134 0.43609200000000004 0.288898 0.4438 0.287094 0.45234399999999997 0.288898 0.460888 0.294134 0.468595 0.30229 0.47471199999999997 0.312567 0.478639 0.323958 0.47999200000000003 0.33535 0.478639 0.345627 0.47471199999999997 0.353782 0.468595 0.35901900000000003 0.460888 0.360823 0.45234399999999997 0.35901900000000003 0.4438 0.353782 0.43609200000000004 0.345627 0.429976
0 0.371388 0.377627 0.360751 0.373562 0.348958 0.372161 0.33716599999999997 0.373562 0.32652800000000004 0.377627 0.318086 0.383959 0.312666 0.391937 0.310798 0.400781 0.312666 0.409625 0.318086 0.41760400000000003 0.32652800000000004 0.423936 0.33716599999999997 0.42800099999999996 0.348958 0.42940199999999995 0.360751 0.42800099999999996 0.371388 0.423936 0.379831 0.41760400000000003 0.385251 0.409625 0.387119 0.400781 0.385251 0.391937 0.379831 0.383959 0.371388 0.377627
0 0.280763 0.38622100000000004 0.270126 0.38215499999999997 0.25833300000000003 0.380755 0.24654099999999998 0.38215499999999997 0.23590300000000003 0.38622100000000004 0.227461 0.392552 0.22204100000000002 0.40053099999999997 0.220173 0.409375 0.22204100000000002 0.418219 0.227461 0.426198 0.23590300000000003 0.432529 0.24654099999999998 0.43659499999999996 0.25833300000000003 0.437995 0.270126 0.43659499999999996 0.280763 0.432529 0.28920599999999996 0.426198 0.294626 0.418219 0.296494 0.409375 0.294626 0.40053099999999997 0.28920599999999996 0.392552 0.280763 0.38622100000000004
0 0.27613 0.440609 0.265713 0.43662900000000004 0.254167 0.435257 0.24262 0.43662900000000004 0.232204 0.440609 0.223937 0.446809 0.21863000000000002 0.45462100000000005 0.21680100000000002 0.463281 0.21863000000000002 0.471941 0.223937 0.479753 0.232204 0.485953 0.24262 0.489934 0.254167 0.491305 0.265713 0.489934 0.27613 0.485953 0.284396 0.479753 0.289703 0.471941 0.291532 0.463281 0.289703 0.45462100000000005 0.284396 0.446809 0.27613 0.440609
0 0.252724 0.49345800000000006 0.242539 0.48956600000000006 0.23125 0.488225 0.219961 0.48956600000000006 0.20977600000000002 0.49345800000000006 0.20169399999999998 0.49951999999999996 0.19650499999999999 0.507158 0.194717 0.515625 0.19650499999999999 0.524092 0.20169399999999998 0.53173 0.20977600000000002 0.5377919999999999 0.219961 0.5416839999999999 0.23125 0.543025 0.242539 0.5416839999999999 0.252724 0.5377919999999999 0.260806 0.53173 0.265995 0.524092 0.267783 0.515625 0.265995 0.507158 0.260806 0.49951999999999996 0.252724 0.49345800000000006
0 0.304807 0.530958 0.29462299999999997 0.527066 0.283333 0.525725 0.272044 0.527066 0.26186 0.530958 0.25377700000000003 0.5370199999999999 0.24858799999999998 0.544658 0.2468 0.553125 0.24858799999999998 0.561592 0.25377700000000003 0.56923 0.26186 0.5752919999999999 0.272044 0.5791839999999999 0.283333 0.580525 0.29462299999999997 0.5791839999999999 0.304807 0.5752919999999999 0.31288900000000003 0.56923 0.318079 0.561592 0.319867 0.553125 0.318079 0.544658 0.31288900000000003 0.5370199999999999 0.304807 0.530958
0 0.20480700000000002 0.45126999999999995 0.194623 0.447379 0.183333 0.446037 0.172044 0.447379 0.16186 0.45126999999999995 0.153777 0.45733199999999996 0.148588 0.46497 0.14679999999999999 0.47343799999999997 0.148588 0.481905 0.153777 0.489543 0.16186 0.495605 0.172044 0.499496 0.183333 0.500838 0.194623 0.499496 0.20480700000000002 0.495605 0.21288900000000002 0.489543 0.218079 0.481905 0.21986699999999998 0.47343799999999997 0.218079 0.46497 0.21288900000000002 0.45733199999999996 0.20480700000000002 0.45126999999999995
0 0.193913 0.397563 0.183461 0.393569 0.171875 0.392193 0.160289 0.393569 0.149837 0.397563 0.141543 0.40378400000000003 0.136217 0.41162299999999996 0.134382 0.420312 0.136217 0.429002 0.141543 0.436841 0.149837 0.443062 0.160289 0.447056 0.171875 0.44843200000000005 0.183461 0.447056 0.193913 0.443062 0.20220699999999997 0.436841 0.20753300000000002 0.429002 0.209368 0.420312 0.20753300000000002 0.41162299999999996 0.20220699999999997 0.40378400000000003 0.193913 0.397563
0 0.226776 0.346974 0.216053 0.342876 0.204167 0.341464 0.19228 0.342876 0.181558 0.346974 0.173048 0.353356 0.167585 0.361398 0.165702 0.37031200000000003 0.167585 0.379227 0.173048 0.387269 0.181558 0.39365100000000003 0.19228 0.397749 0.204167 0.399161 0.216053 0.397749 0.226776 0.39365100000000003 0.23528500000000002 0.387269 0.24074900000000002 0.379227 0.24263099999999999 0.37031200000000003 0.24074900000000002 0.361398 0.23528500000000002 0.353356 0.226776 0.346974
0 0.263613 0.298145 0.25271 0.293979 0.240625 0.292543 0.22854000000000002 0.293979 0.217637 0.298145 0.20898500000000003 0.30463399999999996 0.20343 0.312811 0.20151599999999997 0.321875 0.20343 0.330939 0.20898500000000003 0.33911600000000003 0.217637 0.345605 0.22854000000000002 0.349771 0.240625 0.351207 0.25271 0.349771 0.263613 0.345605 0.272265 0.33911600000000003 0.27782 0.330939 0.27973400000000004 0.321875 0.27782 0.312811 0.272265 0.30463399999999996 0.263613 0.298145
0 0.34486300000000003 0.284864 0.33396 0.28069700000000003 0.321875 0.279262 0.30979 0.28069700000000003 0.298887 0.284864 0.290235 0.29135300000000003 0.28468 0.29952999999999996 0.28276599999999996 0.308594 0.28468 0.317658 0.290235 0.325835 0.298887 0.332324 0.30979 0.33649 0.321875 0.337926 0.33396 0.33649 0.34486300000000003 0.332324 0.35351499999999997 0.325835 0.35907 0.317658 0.360984 0.308594 0.35907 0.29952999999999996 0.35351499999999997 0.29135300000000003 0.34486300000000003 0.284864
0 0.31778 0.337989 0.306877 0.333822 0.294792 0.332387 0.282706 0.333822 0.271804 0.337989 0.263152 0.344478 0.257596 0.352655 0.255682 0.361719 0.257596 0.370783 0.263152 0.37896 0.271804 0.38544900000000004 0.282706 0.389615 0.294792 0.391051 0.306877 0.389615 0.31778 0.38544900000000004 0.326432 0.37896 0.331987 0.370783 0.333901 0.361719 0.331987 0.352655 0.326432 0.344478 0.31778 0.337989
0 0.635167 0.552677 0.624911 0.5487580000000001 0.613542 0.547407 0.602173 0.5487580000000001 0.591917 0.552677 0.583777 0.558781 0.578552 0.566473 0.576751 0.575 0.578552 0.583527 0.583777 0.5912189999999999 0.591917 0.597323 0.602173 0.6012419999999999 0.613542 0.6025929999999999 0.624911 0.6012419999999999 0.635167 0.597323 0.643306 0.5912189999999999 0.648532 0.583527 0.650332 0.575 0.648532 0.566473 0.643306 0.558781 0.635167 0.552677
0 0.628926 0.607557 0.62163 0.604769 0.613542 0.603808 0.605454 0.604769 0.598158 0.607557 0.5923670000000001 0.611899 0.58865 0.617372 0.587369 0.623437 0.58865 0.6295029999999999 0.5923670000000001 0.634976 0.598158 0.639318 0.605454 0.642106 0.613542 0.643067 0.62163 0.642106 0.628926 0.639318 0.634716 0.634976 0.638434 0.6295029999999999 0.639715 0.623437 0.638434 0.617372 0.634716 0.611899 0.628926 0.607557
0 0.67753 0.604797 0.6704019999999999 0.6020730000000001 0.6625 0.601134 0.654598 0.6020730000000001 0.64747 0.604797 0.641813 0.60904 0.638181 0.614386 0.6369290000000001 0.620313 0.638181 0.626239 0.641813 0.6315850000000001 0.64747 0.635828 0.654598 0.638552 0.6625 0.639491 0.6704019999999999 0.638552 0.67753 0.635828 0.683187 0.6315850000000001 0.6868190000000001 0.626239 0.688071 0.620313 0.6868190000000001 0.614386 0.683187 0.60904 0.67753 0.604797
0 0.651976 0.641012 0.644617 0.6382 0.636458 0.63723 0.6283000000000001 0.6382 0.6209399999999999 0.641012 0.6150990000000001 0.645393 0.6113489999999999 0.650912 0.6100570000000001 0.657031 0.6113489999999999 0.66315 0.6150990000000001 0.66867 0.6209399999999999 0.67305 0.6283000000000001 0.675863 0.636458 0.676832 0.644617 0.675863 0.651976 0.67305 0.657817 0.66867 0.661567 0.66315 0.662859 0.657031 0.661567 0.650912 0.657817 0.645393 0.651976 0.641012
0 0.701488 0.649328 0.69436 0.646604 0.686458 0.6456660000000001 0.678557 0.646604 0.6714279999999999 0.649328 0.665771 0.653571 0.662139 0.658917 0.660887 0.664844 0.662139 0.67077 0.665771 0.676116 0.6714279999999999 0.6803589999999999 0.678557 0.683083 0.686458 0.684022 0.69436 0.683083 0.701488 0.6803589999999999 0.707146 0.676116 0.710778 0.67077 0.712029 0.664844 0.710778 0.658917 0.707146 0.653571 0.701488 0.649328
0 0.5796129999999999 0.610266 0.572485 0.607542 0.5645830000000001 0.606603 0.556682 0.607542 0.549553 0.610266 0.5438959999999999 0.614509 0.540264 0.619855 0.539013 0.625781 0.540264 0.6317079999999999 0.5438959999999999 0.637054 0.549553 0.641297 0.556682 0.6440210000000001 0.5645830000000001 0.644959 0.572485 0.6440210000000001 0.5796129999999999 0.641297 0.585271 0.637054 0.588903 0.6317079999999999 0.590154 0.625781 0.588903 0.619855 0.585271 0.614509 0.5796129999999999 0.610266
0 0.525447 0.597766 0.5183180000000001 0.5950420000000001 0.510417 0.5941029999999999 0.502515 0.5950420000000001 0.495387 0.597766 0.48972899999999997 0.602009 0.486097 0.607355 0.484846 0.613281 0.486097 0.619208 0.48972899999999997 0.624554 0.495387 0.6287969999999999 0.502515 0.631521 0.510417 0.632459 0.5183180000000001 0.631521 0.525447 0.6287969999999999 0.531104 0.624554 0.534736 0.619208 0.535987 0.613281 0.534736 0.607355 0.531104 0.602009 0.525447 0.597766
0 0.575447 0.674328 0.568318 0.671604 0.5604169999999999 0.670666 0.552515 0.671604 0.5453870000000001 0.674328 0.539729 0.678571 0.536097 0.683917 0.534846 0.689844 0.536097 0.69577 0.539729 0.7011160000000001 0.5453870000000001 0.705359 0.552515 0.708083 0.5604169999999999 0.709022 0.568318 0.708083 0.575447 0.705359 0.5811040000000001 0.7011160000000001 0.584736 0.69577 0.585987 0.689844 0.584736 0.683917 0.5811040000000001 0.678571 0.575447 0.674328
0 0.5962799999999999 0.704797 0.589152 0.7020730000000001 0.58125 0.7011339999999999 0.573348 0.7020730000000001 0.5662200000000001 0.704797 0.5605629999999999 0.70904 0.556931 0.714386 0.555679 0.720313 0.556931 0.726239 0.5605629999999999 0.731585 0.5662200000000001 0.7358279999999999 0.573348 0.738552 0.58125 0.739491 0.589152 0.738552 0.5962799999999999 0.7358279999999999 0.601937 0.731585 0.605569 0.726239 0.6068209999999999 0.720313 0.605569 0.714386 0.601937 0.70904 0.5962799999999999 0.704797
0 0.020832999999999997 0.20078100000000002 0.029167 0.203906 0.039583 0.202344 0.047917 0.198437 0.054167 0.192188 0.014582999999999999 0.175 0.0125 0.17578100000000002 0.010417 0.17968800000000001 0.009375 0.185938 0.0125 0.19375 0.020832999999999997 0.20078100000000002
0 0.10416700000000001 0.257031 0.098958 0.263281 0.098958 0.26875 0.1 0.275 0.11145799999999999 0.27343799999999996 0.121875 0.275 0.127083 0.278906 0.130208 0.28046899999999997 0.142708 0.28046899999999997 0.145833 0.274219 0.144792 0.26640600000000003 0.14166700000000002 0.259375 0.135417 0.25468799999999997 0.12291700000000001 0.251563 0.1125 0.253125 0.10416700000000001 0.257031
0 0.11875 0.253906 0.12604200000000002 0.25468799999999997 0.13229200000000002 0.25625 0.136458 0.258594 0.15625 0.267188 0.160417 0.264062 0.159375 0.260156 0.158333 0.25625 0.160417 0.251563 0.154167 0.24609399999999998 0.144792 0.240625 0.135417 0.240625 0.127083 0.24375 0.120833 0.249219 0.11875 0.253906
0 0.184375 0.240625 0.183333 0.244531 0.189583 0.24609399999999998 0.19375 0.25 0.215625 0.259375 0.217708 0.25468799999999997 0.216667 0.249219 0.211458 0.241406 0.204167 0.23828100000000002 0.19583299999999998 0.2375 0.190625 0.23828100000000002 0.184375 0.240625
0 0.030208000000000002 0.38593700000000003 0.033333 0.388281 0.038542 0.390625 0.041666999999999996 0.386719 0.046875 0.384375 0.051042 0.383594 0.051042 0.37968799999999997 0.044792 0.37421899999999997 0.041666999999999996 0.37031200000000003 0.040625 0.36406299999999997 0.040625 0.359375 0.03125 0.3625 0.027083000000000003 0.367969 0.026042 0.37578100000000003 0.027083000000000003 0.382031 0.030208000000000002 0.38593700000000003
0 0.072917 0.44843700000000003 0.08125 0.450781 0.092708 0.451562 0.10416700000000001 0.449219 0.11041700000000002 0.442969 0.11458299999999999 0.435937 0.11458299999999999 0.42968799999999996 0.1125 0.421875 0.10729200000000001 0.416406 0.059375 0.423438 0.059375 0.428125 0.059375 0.435156 0.0625 0.440625 0.067708 0.444531 0.072917 0.44843700000000003
0 0.014582999999999999 0.486719 0.016667 0.49531200000000003 0.025 0.501563 0.034375 0.50625 0.046875 0.507812 0.058333 0.504687 0.067708 0.496875 0.07083300000000001 0.49218799999999996 0.06979199999999999 0.486719 0.063542 0.482031 0.058333 0.477344 0.055208 0.472656 0.054167 0.467187 0.045833 0.466406 0.032292 0.467187 0.022917 0.46953100000000003 0.017707999999999998 0.475781 0.014582999999999999 0.486719
0 0.295833 0.589063 0.297917 0.582812 0.297917 0.577344 0.294792 0.575 0.283333 0.575781 0.271875 0.574219 0.263542 0.571094 0.25625 0.565625 0.253125 0.563281 0.248958 0.567969 0.24479199999999998 0.574219 0.242708 0.580469 0.242708 0.585156 0.24583300000000002 0.590625 0.248958 0.594531 0.254167 0.596875 0.260417 0.6 0.269792 0.602344 0.277083 0.601562 0.285417 0.598437 0.291667 0.595313 0.295833 0.589063
0 0.18020799999999998 0.539062 0.1875 0.54375 0.19583299999999998 0.547656 0.203125 0.549219 0.21354199999999998 0.547656 0.221875 0.545312 0.228125 0.539844 0.219792 0.5375 0.209375 0.532813 0.203125 0.526563 0.197917 0.519531 0.197917 0.513281 0.197917 0.507812 0.18854200000000002 0.511719 0.18125 0.516406 0.178125 0.523438 0.176042 0.532031 0.18020799999999998 0.539062
0 0.109375 0.46953100000000003 0.11041700000000002 0.475781 0.11458299999999999 0.482031 0.11979200000000001 0.486719 0.130208 0.489844 0.14166700000000002 0.490625 0.14895799999999998 0.48906299999999997 0.15520799999999998 0.48515600000000003 0.152083 0.478906 0.151042 0.471875 0.153125 0.464844 0.15625 0.460156 0.160417 0.454688 0.146875 0.450781 0.13333299999999998 0.449219 0.12395799999999998 0.451562 0.11458299999999999 0.457031 0.11145799999999999 0.4625 0.109375 0.46953100000000003
0 0.030208000000000002 0.420312 0.036458000000000004 0.424219 0.046875 0.425781 0.055208 0.425 0.061458 0.42265600000000003 0.064583 0.417969 0.065625 0.413281 0.058333 0.41406200000000004 0.05 0.413281 0.040625 0.408594 0.0375 0.403906 0.035417 0.397656 0.035417 0.39531299999999997 0.027083000000000003 0.39843799999999996 0.023958 0.403906 0.023958 0.411719 0.027083000000000003 0.41718700000000003 0.030208000000000002 0.420312
0 0.171875 0.525781 0.17916700000000002 0.521875 0.185417 0.517188 0.18854200000000002 0.509375 0.18854200000000002 0.503906 0.18645799999999998 0.497656 0.176042 0.497656 0.167708 0.494531 0.161458 0.490625 0.15625 0.486719 0.153125 0.484375 0.14375 0.4875 0.138542 0.49218799999999996 0.135417 0.497656 0.13333299999999998 0.505469 0.135417 0.5125 0.14166700000000002 0.519531 0.145833 0.522656 0.153125 0.525 0.16354200000000002 0.526563 0.171875 0.525781
0 0.58125 0.675781 0.582292 0.68125 0.584375 0.686719 0.589583 0.692187 0.6 0.696094 0.610417 0.696875 0.619792 0.694531 0.6270830000000001 0.688281 0.630208 0.680469 0.629167 0.673438 0.6229169999999999 0.670312 0.61875 0.666406 0.614583 0.6625 0.6072919999999999 0.660937 0.597917 0.660937 0.590625 0.664062 0.585417 0.669531 0.58125 0.675781
0 0.667708 0.674219 0.665625 0.670312 0.663542 0.667188 0.6541669999999999 0.665625 0.647917 0.669531 0.6427080000000001 0.671094 0.635417 0.673438 0.632292 0.673438 0.630208 0.679688 0.629167 0.6875 0.63125 0.691406 0.635417 0.695312 0.6427080000000001 0.7 0.6541669999999999 0.701562 0.666667 0.697656 0.672917 0.688281 0.675 0.683594 0.675 0.679688 0.670833 0.678125 0.667708 0.674219
0 0.50625 0.7 0.515625 0.7 0.527083 0.696875 0.53125 0.692187 0.5333330000000001 0.686719 0.535417 0.680469 0.535417 0.675 0.532292 0.671094 0.525 0.666406 0.514583 0.663281 0.50625 0.6625 0.501042 0.664062 0.496875 0.665625 0.50625 0.7
0 0.5177080000000001 0.660156 0.528125 0.664062 0.541667 0.663281 0.552083 0.659375 0.557292 0.652344 0.559375 0.646094 0.559375 0.642188 0.551042 0.639062 0.546875 0.635938 0.54375 0.632031 0.541667 0.627344 0.534375 0.627344 0.525 0.628906 0.516667 0.632031 0.511458 0.639062 0.509375 0.646094 0.511458 0.652344 0.5135419999999999 0.65625 0.5177080000000001 0.660156
0 0.605208 0.657031 0.608333 0.65 0.608333 0.64375 0.605208 0.638281 0.597917 0.634375 0.59375 0.630469 0.592708 0.629687 0.584375 0.628906 0.58125 0.635156 0.575 0.639062 0.567708 0.640625 0.563542 0.641406 0.558333 0.642188 0.55625 0.648438 0.558333 0.655469 0.5645830000000001 0.660156 0.572917 0.664062 0.58125 0.665625 0.590625 0.664062 0.596875 0.6625 0.605208 0.657031
0 0.577083 0.610156 0.5875 0.614062 0.594792 0.6125 0.604167 0.610938 0.610417 0.607031 0.613542 0.599219 0.603125 0.596875 0.5916669999999999 0.592969 0.585417 0.5875 0.583333 0.582031 0.579167 0.578125 0.579167 0.572656 0.575 0.577344 0.56875 0.582812 0.5645830000000001 0.586719 0.563542 0.592187 0.5625 0.598437 0.565625 0.603906 0.570833 0.607031 0.577083 0.610156