0 0.413359 0.40380200000000005 0.419163 0.415458 0.42737299999999995 0.42437800000000003 0.43718700000000005 0.42968700000000004 0.44764299999999996 0.430868 0.457718 0.42780300000000004 0.466425 0.42079300000000003 0.472913 0.410524 0.47654699999999994 0.398001 0.47697 0.38445 0.47414100000000003 0.37119800000000003 0.468337 0.359542 0.46012700000000006 0.350622 0.45031299999999996 0.345313 0.43985700000000005 0.344132 0.429782 0.347197 0.421075 0.354207 0.41458700000000004 0.364476 0.410953 0.376999 0.41052999999999995 0.39055 0.413359 0.40380200000000005
0 0.466973 0.590077 0.459294 0.58486 0.450781 0.583063 0.442269 0.58486 0.43459000000000003 0.590077 0.428495 0.598203 0.424583 0.6084419999999999 0.423234 0.619792 0.424583 0.631142 0.428495 0.641381 0.43459000000000003 0.6495059999999999 0.442269 0.6547229999999999 0.450781 0.656521 0.459294 0.6547229999999999 0.466973 0.6495059999999999 0.473067 0.641381 0.47698 0.631142 0.47832800000000003 0.619792 0.47698 0.6084419999999999 0.473067 0.598203 0.466973 0.590077
0 0.127224 0.383437 0.135707 0.395777 0.146659 0.405065 0.15901 0.410389 0.171549 0.41123000000000004 0.183049 0.407505 0.192385 0.399578 0.198642 0.388226 0.20120900000000003 0.374559 0.199834 0.359916 0.194651 0.34573 0.186168 0.333389 0.17521599999999998 0.324102 0.16286499999999998 0.318777 0.15032600000000002 0.317936 0.138826 0.321662 0.12949 0.329588 0.123233 0.340941 0.12066600000000001 0.354607 0.122041 0.36924999999999997 0.127224 0.383437
0 0.20626699999999998 0.365159 0.213834 0.377038 0.22379500000000002 0.385861 0.235173 0.390767 0.246855 0.391274 0.257699 0.38733300000000004 0.266641 0.37933 0.272808 0.36804800000000004 0.275594 0.354591 0.274729 0.340277 0.270295 0.326507 0.26272799999999996 0.314629 0.252768 0.305805 0.24139 0.3009 0.22970700000000002 0.300393 0.218864 0.304334 0.20992099999999997 0.312337 0.203755 0.323619 0.20096799999999998 0.33707600000000004 0.20183399999999999 0.351389 0.20626699999999998 0.365159
0 0.33395800000000003 0.37185999999999997 0.32718600000000003 0.360617 0.31813400000000003 0.352516 0.30769 0.348348 0.29687600000000003 0.348523 0.28675 0.353023 0.278303 0.361408 0.272362 0.372857 0.269509 0.38624800000000004 0.270023 0.400272 0.273854 0.413556 0.280627 0.424799 0.289678 0.43290100000000004 0.300122 0.437068 0.310936 0.436893 0.321063 0.43239299999999997 0.32951 0.424009 0.33544999999999997 0.41256000000000004 0.338303 0.399168 0.337789 0.38514400000000004 0.33395800000000003 0.37185999999999997
0 0.40505199999999997 0.366652 0.398279 0.355409 0.389228 0.347307 0.378784 0.34314 0.36797 0.343315 0.357844 0.347815 0.349397 0.35619999999999996 0.343456 0.36764800000000003 0.340603 0.38104 0.341117 0.39506399999999997 0.344948 0.408348 0.351721 0.41959099999999994 0.360772 0.427693 0.371216 0.43186 0.38203 0.431685 0.392156 0.427185 0.400603 0.41879999999999995 0.40654399999999996 0.40735200000000005 0.40939699999999996 0.39396 0.408883 0.379936 0.40505199999999997 0.366652
0 0.37457799999999997 0.32938100000000003 0.382204 0.34107699999999996 0.392185 0.34967000000000004 0.403542 0.354318 0.415165 0.35456699999999997 0.425914 0.350392 0.434739 0.342203 0.44077500000000003 0.330799 0.44343199999999994 0.317299 0.442449 0.303023 0.43792200000000003 0.289369 0.43029599999999996 0.277673 0.420315 0.26908 0.408958 0.264432 0.397335 0.264183 0.386586 0.268358 0.377761 0.276547 0.37172499999999997 0.28795099999999996 0.369068 0.301451 0.370051 0.315727 0.37457799999999997 0.32938100000000003
0 0.461731 0.34107 0.467981 0.35262 0.4766 0.361161 0.486746 0.365856 0.497424 0.36624599999999996 0.5075890000000001 0.36229300000000003 0.516247 0.354383 0.5225500000000001 0.343291 0.525881 0.330103 0.525913 0.31610900000000003 0.522644 0.30268 0.516394 0.29113 0.507775 0.282589 0.497629 0.277894 0.486951 0.27750400000000003 0.476786 0.28145699999999996 0.468128 0.28936700000000004 0.461825 0.300459 0.45849399999999996 0.313647 0.45846200000000004 0.32764099999999996 0.461731 0.34107
0 0.52663 0.34457 0.531919 0.35596700000000003 0.539589 0.364637 0.54889 0.369734 0.5589109999999999 0.37075800000000003 0.5686720000000001 0.367608 0.577217 0.36059399999999997 0.5837100000000001 0.350401 0.587514 0.338028 0.5882590000000001 0.324685 0.58587 0.31168 0.580581 0.30028299999999997 0.5729110000000001 0.291613 0.5636099999999999 0.286516 0.553589 0.28549199999999997 0.543828 0.288642 0.535283 0.29565600000000003 0.52879 0.305849 0.524986 0.318222 0.524241 0.331565 0.52663 0.34457
0 0.52663 0.34457 0.531919 0.35596700000000003 0.539589 0.364637 0.54889 0.369734 0.5589109999999999 0.37075800000000003 0.5686720000000001 0.367608 0.577217 0.36059399999999997 0.5837100000000001 0.350401 0.587514 0.338028 0.5882590000000001 0.324685 0.58587 0.31168 0.580581 0.30028299999999997 0.5729110000000001 0.291613 0.5636099999999999 0.286516 0.553589 0.28549199999999997 0.543828 0.288642 0.535283 0.29565600000000003 0.52879 0.305849 0.524986 0.318222 0.524241 0.331565 0.52663 0.34457
0 0.541406 0.402083 0.539844 0.380208 0.53125 0.364583 0.516406 0.35625 0.505469 0.364583 0.49375 0.36875 0.4875 0.365625 0.478125 0.38125 0.47656200000000004 0.405208 0.480469 0.41875 0.485938 0.43125 0.507031 0.440625 0.492969 0.433333 0.507031 0.439583 0.522656 0.432292 0.534375 0.421875 0.541406 0.402083
0 0.6537810000000001 0.342254 0.645318 0.336505 0.635938 0.334524 0.626557 0.336505 0.6180939999999999 0.342254 0.611378 0.351209 0.607066 0.362492 0.60558 0.375 0.607066 0.387508 0.611378 0.398791 0.6180939999999999 0.40774600000000005 0.626557 0.413495 0.635938 0.41547599999999996 0.645318 0.413495 0.6537810000000001 0.40774600000000005 0.660497 0.398791 0.664809 0.387508 0.6662950000000001 0.375 0.664809 0.362492 0.660497 0.351209 0.6537810000000001 0.342254
0 0.579678 0.55897 0.577995 0.5697110000000001 0.579383 0.5798490000000001 0.583707 0.58839 0.590544 0.594499 0.599224 0.597578 0.608898 0.597325 0.618619 0.593765 0.6274339999999999 0.587246 0.634482 0.578408 0.639072 0.568114 0.640755 0.557372 0.639367 0.547234 0.635043 0.5386930000000001 0.628206 0.5325840000000001 0.619526 0.529505 0.609852 0.529758 0.600131 0.533318 0.5913160000000001 0.539837 0.584268 0.548676 0.579678 0.55897
0 0.5625709999999999 0.457702 0.572602 0.459455 0.5827910000000001 0.457325 0.592141 0.45152200000000003 0.5997359999999999 0.442612 0.604834 0.431469 0.606935 0.419182 0.605833 0.406956 0.601637 0.395985 0.594757 0.387345 0.585866 0.381881 0.575836 0.380128 0.565647 0.382258 0.556297 0.388061 0.548701 0.396971 0.543604 0.40811400000000003 0.541503 0.420401 0.5426040000000001 0.43262799999999996 0.546801 0.443598 0.553681 0.45223800000000003 0.5625709999999999 0.457702
0 0.669937 0.411493 0.660006 0.410255 0.649861 0.412601 0.640494 0.418303 0.632822 0.42680100000000004 0.627597 0.437264 0.625329 0.44866799999999996 0.626241 0.45989699999999994 0.630243 0.46985 0.636944 0.477555 0.645688 0.482257 0.655619 0.483495 0.665764 0.481149 0.675131 0.47544700000000006 0.682803 0.46694899999999995 0.688028 0.45648600000000006 0.690296 0.44508200000000003 0.689384 0.43385300000000004 0.6853819999999999 0.4239 0.678681 0.416195 0.669937 0.411493
0 0.7136790000000001 0.424728 0.704616 0.42575799999999997 0.696018 0.43028199999999994 0.688728 0.437858 0.683459 0.447745 0.680727 0.458973 0.680799 0.47044499999999995 0.683669 0.481037 0.6890539999999999 0.48971299999999995 0.696429 0.495623 0.705071 0.498189 0.7141339999999999 0.497159 0.7227319999999999 0.49263399999999996 0.7300220000000001 0.485058 0.7352909999999999 0.475172 0.738023 0.463943 0.737951 0.45247200000000004 0.735081 0.441879 0.729696 0.43320400000000003 0.722321 0.427294 0.7136790000000001 0.424728
0 0.607429 0.45077 0.5983660000000001 0.451799 0.5897680000000001 0.45632400000000006 0.5824779999999999 0.46390000000000003 0.5772090000000001 0.47378600000000004 0.574477 0.48501500000000003 0.574549 0.496487 0.577419 0.507079 0.582804 0.515755 0.590179 0.5216649999999999 0.5988209999999999 0.52423 0.607884 0.523201 0.616482 0.5186759999999999 0.623772 0.5111 0.629041 0.5012139999999999 0.631773 0.489985 0.631701 0.47851299999999997 0.628831 0.46792100000000003 0.6234460000000001 0.459245 0.616071 0.45333500000000004 0.607429 0.45077
0 0.607429 0.45077 0.5983660000000001 0.451799 0.5897680000000001 0.45632400000000006 0.5824779999999999 0.46390000000000003 0.5772090000000001 0.47378600000000004 0.574477 0.48501500000000003 0.574549 0.496487 0.577419 0.507079 0.582804 0.515755 0.590179 0.5216649999999999 0.5988209999999999 0.52423 0.607884 0.523201 0.616482 0.5186759999999999 0.623772 0.5111 0.629041 0.5012139999999999 0.631773 0.489985 0.631701 0.47851299999999997 0.628831 0.46792100000000003 0.6234460000000001 0.459245 0.616071 0.45333500000000004 0.607429 0.45077
0 0.5441480000000001 0.452853 0.535084 0.453883 0.526487 0.45840699999999995 0.519197 0.46598300000000004 0.513928 0.47587 0.511196 0.48709800000000003 0.5112680000000001 0.49856999999999996 0.514138 0.509162 0.519523 0.517838 0.526898 0.523748 0.53554 0.526314 0.5446030000000001 0.525284 0.5532 0.520759 0.5604899999999999 0.513183 0.565759 0.503297 0.5684910000000001 0.492068 0.568419 0.48059700000000005 0.56555 0.47000400000000003 0.560164 0.461329 0.55279 0.455419 0.5441480000000001 0.452853
0 0.48149499999999995 0.431566 0.47175900000000004 0.43259800000000004 0.462492 0.437373 0.454603 0.445423 0.44886400000000004 0.455961 0.44583500000000004 0.46795400000000004 0.44581499999999996 0.480229 0.448804 0.491584 0.454511 0.500908 0.462376 0.507289 0.47163000000000005 0.5101 0.48136599999999996 0.509068 0.490633 0.504293 0.498522 0.49624300000000005 0.504261 0.48570599999999997 0.50729 0.47371299999999994 0.50731 0.46143799999999996 0.504321 0.450082 0.498614 0.44075800000000004 0.490749 0.434378 0.48149499999999995 0.431566
0 0.40227 0.420605 0.393336 0.42668100000000003 0.386354 0.43616200000000005 0.382008 0.448118 0.38072300000000003 0.461381 0.382625 0.474651 0.387528 0.48663 0.394952 0.496144 0.40417 0.502264 0.41428000000000004 0.504389 0.424292 0.502312 0.433226 0.496236 0.440208 0.48675499999999994 0.444555 0.474798 0.44584 0.461536 0.443938 0.448266 0.43903499999999995 0.436287 0.431611 0.426772 0.422393 0.420653 0.41228300000000007 0.41852799999999996 0.40227 0.420605
0 0.33742700000000003 0.42998000000000003 0.328492 0.43605600000000005 0.32151 0.445537 0.317164 0.45749300000000004 0.315879 0.470756 0.317781 0.48402599999999996 0.322684 0.496005 0.33010799999999996 0.5055189999999999 0.339326 0.511639 0.34943599999999997 0.513764 0.359448 0.511687 0.368383 0.505611 0.375365 0.49612999999999996 0.379711 0.484173 0.380996 0.47091099999999997 0.379094 0.457641 0.374191 0.445662 0.366767 0.43614699999999995 0.357549 0.43002799999999997 0.347439 0.427903 0.33742700000000003 0.42998000000000003
0 0.26633300000000004 0.431022 0.257399 0.43709800000000004 0.250417 0.446578 0.24607 0.458535 0.24478499999999997 0.471798 0.24668700000000002 0.48506799999999994 0.25159 0.497046 0.25901399999999997 0.506561 0.26823199999999997 0.5126809999999999 0.278342 0.514806 0.28835500000000003 0.512728 0.297289 0.506652 0.304271 0.49717200000000006 0.30861700000000003 0.485215 0.309902 0.47195200000000004 0.308 0.45868200000000003 0.303097 0.446704 0.29567299999999996 0.43718899999999994 0.286455 0.43106900000000004 0.276345 0.428944 0.26633300000000004 0.431022
0 0.203052 0.390397 0.194117 0.39647299999999996 0.187135 0.40595299999999995 0.182789 0.41791 0.181504 0.431173 0.183406 0.444443 0.188309 0.456421 0.195733 0.465936 0.20495100000000002 0.472056 0.215061 0.474181 0.225073 0.472103 0.234008 0.46602699999999997 0.24098999999999998 0.45654700000000004 0.245336 0.44459 0.24662099999999998 0.431327 0.244719 0.418057 0.23981599999999997 0.40607899999999997 0.23239200000000002 0.396564 0.22317399999999998 0.390444 0.213064 0.38831899999999997 0.203052 0.390397
0 0.132385 0.438068 0.124075 0.446649 0.118914 0.45810700000000004 0.117408 0.47131999999999996 0.119704 0.48499600000000004 0.125578 0.497795 0.13445400000000002 0.508465 0.14546399999999998 0.515961 0.157529 0.51955 0.169469 0.518879 0.180115 0.514015 0.188425 0.5054350000000001 0.19358599999999998 0.49397599999999997 0.195092 0.48076299999999994 0.192796 0.467087 0.186922 0.454288 0.17804599999999998 0.443618 0.16703600000000002 0.436122 0.154971 0.432534 0.143031 0.43320400000000003 0.132385 0.438068
0 0.19438 0.48299899999999996 0.18797 0.49177400000000004 0.184649 0.502475 0.18474200000000002 0.514056 0.188241 0.525382 0.194803 0.535346 0.20378500000000002 0.542971 0.214309 0.547512 0.225344 0.548523 0.23581 0.545906 0.244682 0.539918 0.251093 0.5311429999999999 0.25441400000000003 0.520442 0.254321 0.508861 0.250822 0.49753400000000003 0.24426 0.487571 0.23527800000000001 0.479945 0.22475399999999998 0.475405 0.213719 0.47439299999999995 0.203253 0.47701000000000005 0.19438 0.48299899999999996
0 0.13891199999999998 0.523624 0.132501 0.5323990000000001 0.12918000000000002 0.5431 0.129273 0.554681 0.132772 0.566007 0.139334 0.575971 0.148316 0.583596 0.15884 0.588137 0.169875 0.589148 0.180341 0.586531 0.18921300000000002 0.580543 0.195624 0.5717679999999999 0.19894499999999998 0.561067 0.198852 0.549486 0.195353 0.538159 0.188791 0.528196 0.179809 0.52057 0.169285 0.51603 0.15825 0.515018 0.147784 0.5176350000000001 0.13891199999999998 0.523624
0 0.313234 0.5661050000000001 0.317516 0.555326 0.318477 0.543823 0.316023 0.5327200000000001 0.31039500000000003 0.523104 0.302144 0.515918 0.29207700000000003 0.511863 0.28117899999999996 0.5113380000000001 0.270518 0.514394 0.261136 0.5207309999999999 0.253953 0.529729 0.24967199999999998 0.5405070000000001 0.248711 0.552011 0.251164 0.563114 0.256792 0.572729 0.265044 0.579916 0.275111 0.58397 0.286009 0.584495 0.29667 0.58144 0.30605099999999996 0.575103 0.313234 0.5661050000000001
0 0.32629199999999997 0.529056 0.322561 0.539725 0.321745 0.551196 0.323924 0.562346 0.328886 0.572084 0.33614299999999997 0.579456 0.34498700000000004 0.5837399999999999 0.35455000000000003 0.584518 0.363898 0.5817140000000001 0.372114 0.575601 0.378396 0.566778 0.382127 0.5561079999999999 0.382943 0.544637 0.380763 0.5334869999999999 0.375802 0.5237499999999999 0.368544 0.516378 0.359701 0.512093 0.35013700000000003 0.511315 0.34079000000000004 0.51412 0.332573 0.520233 0.32629199999999997 0.529056
0 0.40129200000000004 0.525931 0.397561 0.5366 0.396745 0.548071 0.398924 0.559221 0.40388599999999997 0.568959 0.41114300000000004 0.5763309999999999 0.419987 0.580615 0.42955 0.581393 0.438898 0.578589 0.447114 0.572476 0.453396 0.563653 0.457127 0.552983 0.45794300000000004 0.541512 0.455763 0.530362 0.45080200000000004 0.520625 0.443544 0.513253 0.434701 0.5089680000000001 0.425137 0.50819 0.41579 0.5109950000000001 0.407573 0.517108 0.40129200000000004 0.525931
0 0.382945 0.684454 0.388112 0.675584 0.390543 0.665228 0.389999 0.6544019999999999 0.38653400000000004 0.644164 0.380487 0.635518 0.372449 0.629308 0.363209 0.626144 0.35367000000000004 0.626335 0.344765 0.629861 0.33736700000000003 0.636379 0.3322 0.64525 0.32977 0.655605 0.330314 0.666432 0.333779 0.676669 0.339826 0.685316 0.347863 0.6915250000000001 0.357104 0.694689 0.366643 0.694499 0.37554699999999996 0.690972 0.382945 0.684454
0 0.5257069999999999 0.538802 0.522139 0.549399 0.521299 0.560871 0.5232680000000001 0.572094 0.5278539999999999 0.58197 0.534607 0.589532 0.542867 0.594041 0.5518259999999999 0.595054 0.560606 0.592472 0.5683469999999999 0.586549 0.574293 0.577864 0.577861 0.567268 0.578701 0.555796 0.576732 0.544573 0.572146 0.534697 0.565393 0.527135 0.557133 0.522626 0.548174 0.521613 0.5393939999999999 0.5241939999999999 0.531653 0.530117 0.5257069999999999 0.538802
0 0.516249 0.567365 0.51912 0.556253 0.519049 0.5447339999999999 0.516043 0.533933 0.510396 0.52491 0.50266 0.518546 0.493593 0.5154650000000001 0.48408300000000004 0.515969 0.475061 0.520007 0.46740899999999996 0.527186 0.461876 0.536802 0.459005 0.547913 0.45907600000000004 0.5594330000000001 0.462082 0.570233 0.467729 0.579257 0.47546499999999997 0.585621 0.484532 0.588702 0.494042 0.588198 0.503064 0.584159 0.5107160000000001 0.576981 0.516249 0.567365
0 0.689899 0.506109 0.6897409999999999 0.49532800000000005 0.6866869999999999 0.486228 0.681036 0.47969999999999996 0.673341 0.47638199999999997 0.664356 0.4766 0.6549590000000001 0.48033200000000004 0.646071 0.487213 0.6385620000000001 0.49656900000000004 0.633167 0.507485 0.630413 0.518891 0.630571 0.5296719999999999 0.633625 0.538772 0.639276 0.5453 0.646971 0.548618 0.655957 0.5484 0.665353 0.5446679999999999 0.674241 0.537787 0.68175 0.528431 0.687146 0.5175150000000001 0.689899 0.506109
0 0.690698 0.553935 0.69409 0.564434 0.699819 0.5723969999999999 0.7073240000000001 0.5770470000000001 0.715872 0.577928 0.724625 0.574953 0.732726 0.568414 0.739383 0.558951 0.743944 0.54749 0.745962 0.535153 0.74524 0.5231480000000001 0.741848 0.51265 0.736119 0.504686 0.728613 0.5000359999999999 0.7200650000000001 0.499155 0.711313 0.50213 0.703211 0.508669 0.696554 0.518132 0.691994 0.529593 0.6899759999999999 0.54193 0.690698 0.553935
0 0.738703 0.607535 0.739274 0.597238 0.7369939999999999 0.588129 0.732087 0.5811 0.725034 0.576838 0.7165239999999999 0.575762 0.707391 0.5779759999999999 0.698529 0.583263 0.690804 0.591106 0.684974 0.600738 0.681609 0.611215 0.681039 0.621512 0.683318 0.630621 0.688225 0.63765 0.695279 0.641912 0.7037880000000001 0.642988 0.7129209999999999 0.6407740000000001 0.721784 0.635487 0.7295079999999999 0.627644 0.7353379999999999 0.618012 0.738703 0.607535
0 0.738703 0.607535 0.739274 0.597238 0.7369939999999999 0.588129 0.732087 0.5811 0.725034 0.576838 0.7165239999999999 0.575762 0.707391 0.5779759999999999 0.698529 0.583263 0.690804 0.591106 0.684974 0.600738 0.681609 0.611215 0.681039 0.621512 0.683318 0.630621 0.688225 0.63765 0.695279 0.641912 0.7037880000000001 0.642988 0.7129209999999999 0.6407740000000001 0.721784 0.635487 0.7295079999999999 0.627644 0.7353379999999999 0.618012 0.738703 0.607535
0 0.685616 0.5857680000000001 0.683853 0.574836 0.679465 0.565858 0.6728799999999999 0.559711 0.664744 0.556999 0.6558539999999999 0.557986 0.647078 0.562576 0.639277 0.5703199999999999 0.6332139999999999 0.5804590000000001 0.629482 0.592001 0.628447 0.603816 0.630209 0.614747 0.634598 0.623726 0.6411819999999999 0.629872 0.649318 0.632584 0.658209 0.631597 0.666984 0.627007 0.674786 0.619264 0.680849 0.6091249999999999 0.684581 0.597583 0.685616 0.5857680000000001
0 0.53973 0.623305 0.541246 0.612374 0.539872 0.601761 0.535743 0.592505 0.529261 0.585512 0.5210619999999999 0.581467 0.511949 0.580765 0.502813 0.583476 0.494549 0.589334 0.487966 0.597765 0.483707 0.607945 0.482191 0.618876 0.483565 0.629489 0.487695 0.638745 0.49417600000000006 0.6457379999999999 0.502375 0.649783 0.511488 0.650485 0.520624 0.647774 0.528888 0.6419159999999999 0.5354720000000001 0.6334850000000001 0.53973 0.623305
0 0.600668 0.628514 0.602184 0.617582 0.60081 0.606969 0.59668 0.5977129999999999 0.5901989999999999 0.5907199999999999 0.5820000000000001 0.586675 0.5728869999999999 0.585973 0.563751 0.588684 0.5554870000000001 0.594542 0.5489029999999999 0.602973 0.5446449999999999 0.613153 0.543129 0.6240840000000001 0.544503 0.634698 0.548632 0.643954 0.555114 0.650947 0.5633130000000001 0.654992 0.572426 0.6556930000000001 0.581562 0.652983 0.589826 0.6471250000000001 0.596409 0.6386930000000001 0.600668 0.628514
0 0.419418 0.6139300000000001 0.42093400000000003 0.602999 0.41956 0.5923860000000001 0.41543 0.5831299999999999 0.40894899999999995 0.576137 0.40075000000000005 0.5720919999999999 0.391637 0.57139 0.382501 0.574101 0.37423700000000004 0.579959 0.367653 0.58839 0.363395 0.5985699999999999 0.361879 0.6095010000000001 0.363253 0.6201139999999999 0.367382 0.62937 0.37386400000000003 0.636363 0.382063 0.6404080000000001 0.391176 0.6411100000000001 0.400312 0.6383989999999999 0.40857599999999994 0.632541 0.41515899999999994 0.62411 0.419418 0.6139300000000001
0 0.347543 0.618097 0.349059 0.607166 0.347685 0.596552 0.343555 0.587296 0.337074 0.580303 0.328875 0.5762579999999999 0.319762 0.575557 0.31062599999999996 0.5782670000000001 0.302362 0.584125 0.295778 0.592557 0.29152 0.6027359999999999 0.29000400000000004 0.613668 0.291378 0.6242810000000001 0.295507 0.633537 0.301989 0.64053 0.310188 0.644575 0.319301 0.645277 0.328437 0.642566 0.33670100000000003 0.6367079999999999 0.34328400000000003 0.628277 0.347543 0.618097
0 0.20843099999999998 0.649956 0.213509 0.640517 0.215353 0.6299669999999999 0.213782 0.619339 0.20895000000000002 0.609673 0.201331 0.601915 0.191669 0.596824 0.180911 0.5949 0.17011 0.59633 0.16032200000000002 0.600974 0.152507 0.608378 0.147429 0.617817 0.14558500000000002 0.628366 0.147156 0.638995 0.151987 0.6486609999999999 0.159607 0.656419 0.169268 0.661509 0.180027 0.663433 0.190828 0.662004 0.200615 0.657359 0.20843099999999998 0.649956
0 0.444284 0.699797 0.44863200000000003 0.690017 0.450131 0.6791750000000001 0.448635 0.668332 0.44428999999999996 0.658549 0.43752199999999997 0.6507850000000001 0.42899200000000004 0.645799 0.41953699999999994 0.644079 0.41007999999999994 0.645794 0.401549 0.650775 0.39477799999999996 0.658536 0.39043100000000003 0.668316 0.388931 0.6791579999999999 0.39042699999999997 0.690001 0.394772 0.699784 0.40154100000000004 0.707548 0.41007 0.712534 0.419526 0.7142540000000001 0.428982 0.712539 0.43751300000000004 0.707558 0.444284 0.699797
0 0.33494199999999996 0.718312 0.33962400000000004 0.709737 0.341497 0.700005 0.34038 0.690069 0.33638 0.6809000000000001 0.32989 0.6733979999999999 0.321544 0.668296 0.312161 0.6660929999999999 0.302657 0.667005 0.293964 0.6709430000000001 0.286933 0.677522 0.282251 0.686097 0.280378 0.695828 0.281495 0.705765 0.285495 0.714933 0.291985 0.722435 0.300331 0.727538 0.309714 0.729741 0.319218 0.728828 0.327911 0.72489 0.33494199999999996 0.718312
0 0.289575 0.674894 0.294904 0.665421 0.29752 0.6543370000000001 0.297168 0.642726 0.29388000000000003 0.631725 0.28798 0.6224109999999999 0.280044 0.615696 0.27085 0.612237 0.261297 0.6123719999999999 0.252321 0.616089 0.2448 0.623023 0.239471 0.632496 0.23685499999999998 0.64358 0.237207 0.6551910000000001 0.240495 0.666192 0.246395 0.675505 0.254331 0.682221 0.263525 0.68568 0.27307800000000004 0.6855450000000001 0.28205399999999997 0.681828 0.289575 0.674894
0 0.23997600000000002 0.710496 0.24514300000000003 0.701625 0.24757400000000002 0.69127 0.24703 0.680443 0.24356499999999998 0.6702060000000001 0.23751799999999998 0.661559 0.229481 0.65535 0.22024 0.652186 0.21070099999999997 0.6523760000000001 0.201796 0.655903 0.19439900000000002 0.6624209999999999 0.189232 0.671291 0.186801 0.681647 0.187345 0.692473 0.19080999999999998 0.7027110000000001 0.196857 0.711357 0.204894 0.7175670000000001 0.21413500000000002 0.720731 0.223674 0.72054 0.232579 0.717014 0.23997600000000002 0.710496
0 0.226562 0.59375 0.23906299999999997 0.596875 0.253125 0.5916669999999999 0.264062 0.5802080000000001 0.253125 0.570833 0.248438 0.554167 0.25 0.536458 0.24765600000000002 0.536458 0.23828100000000002 0.545833 0.22109399999999998 0.547917 0.204687 0.54375 0.204687 0.547917 0.204687 0.555208 0.204687 0.561458 0.209375 0.5760419999999999 0.217188 0.5875 0.226562 0.59375
0 0.511903 0.7227330000000001 0.5086769999999999 0.7310220000000001 0.50789 0.739944 0.509618 0.748628 0.513694 0.756222 0.519718 0.7619830000000001 0.5271 0.765348 0.535118 0.765987 0.542986 0.763837 0.549935 0.75911 0.555285 0.752267 0.558511 0.743978 0.559298 0.7350559999999999 0.557569 0.726372 0.553493 0.718778 0.547469 0.713017 0.540088 0.709652 0.53207 0.709013 0.5242009999999999 0.711163 0.5172519999999999 0.71589 0.511903 0.7227330000000001
0 0.609582 0.683148 0.618431 0.683366 0.627311 0.680421 0.635354 0.674599 0.641771 0.666472 0.645934 0.656834 0.647437 0.646629 0.6461319999999999 0.6368560000000001 0.642146 0.628472 0.6358699999999999 0.622297 0.627918 0.6189359999999999 0.619069 0.618717 0.610189 0.6216630000000001 0.6021460000000001 0.627484 0.5957290000000001 0.635611 0.591566 0.645249 0.590063 0.655454 0.591368 0.665227 0.595354 0.673611 0.60163 0.679786 0.609582 0.683148
0 0.6861970000000001 0.635405 0.6774479999999999 0.635579 0.668612 0.638695 0.6605540000000001 0.6444460000000001 0.654064 0.65227 0.649775 0.661402 0.648109 0.670947 0.649228 0.679971 0.653023 0.6875910000000001 0.659122 0.6930609999999999 0.666928 0.695845 0.6756770000000001 0.695671 0.684513 0.692555 0.6925709999999999 0.686804 0.699061 0.6789799999999999 0.70335 0.669848 0.705016 0.6603030000000001 0.703897 0.6512789999999999 0.700102 0.643659 0.694003 0.638189 0.6861970000000001 0.635405
0 0.647916 0.690614 0.639167 0.690788 0.630331 0.6939029999999999 0.6222730000000001 0.699654 0.615782 0.707479 0.611494 0.71661 0.609828 0.726155 0.610947 0.735179 0.614742 0.742799 0.6208400000000001 0.748269 0.628647 0.751053 0.6373960000000001 0.7508790000000001 0.646232 0.747764 0.654289 0.742013 0.66078 0.734188 0.665068 0.725056 0.666735 0.715511 0.665616 0.706487 0.661821 0.698867 0.655722 0.693398 0.647916 0.690614
0 0.5924470000000001 0.673947 0.5836979999999999 0.674121 0.574862 0.677236 0.5668040000000001 0.682987 0.560314 0.690812 0.556025 0.699944 0.554359 0.709489 0.555478 0.718513 0.559273 0.726133 0.565372 0.731602 0.573178 0.734386 0.5819270000000001 0.7342120000000001 0.590763 0.731097 0.5988209999999999 0.7253459999999999 0.605311 0.717521 0.6096 0.70839 0.611266 0.698845 0.610147 0.689821 0.606352 0.682201 0.600253 0.676731 0.5924470000000001 0.673947
0 0.5440240000000001 0.6438740000000001 0.535679 0.643624 0.527359 0.646446 0.519879 0.652063 0.513971 0.659925 0.510213 0.669263 0.508973 0.679162 0.510372 0.688654 0.514275 0.6968099999999999 0.520297 0.70283 0.527851 0.706126 0.536196 0.706376 0.544516 0.703554 0.551996 0.697937 0.557904 0.690075 0.561662 0.6807369999999999 0.562902 0.670838 0.561503 0.661346 0.5576 0.65319 0.551578 0.64717 0.5440240000000001 0.6438740000000001
0 0.486212 0.649082 0.477867 0.648833 0.46954700000000005 0.651655 0.462066 0.6572720000000001 0.456158 0.665134 0.4524 0.674471 0.45115999999999995 0.684371 0.45255999999999996 0.693863 0.456462 0.702018 0.46248500000000003 0.708038 0.470038 0.7113349999999999 0.478383 0.711584 0.486703 0.708762 0.494184 0.703145 0.500092 0.695283 0.50385 0.685945 0.50509 0.676046 0.50369 0.666554 0.499788 0.658399 0.49376499999999995 0.652378 0.486212 0.649082
0 0.372149 0.695957 0.363804 0.695708 0.355484 0.69853 0.348004 0.7041470000000001 0.342096 0.712009 0.33833799999999997 0.721346 0.337098 0.731246 0.338497 0.740738 0.3424 0.748893 0.348422 0.754913 0.35597599999999996 0.7582099999999999 0.364321 0.758459 0.372641 0.755637 0.38012100000000004 0.75002 0.386029 0.742158 0.389787 0.73282 0.391027 0.722921 0.389628 0.713429 0.385725 0.705274 0.379703 0.699253 0.372149 0.695957
0 0.289542 0.7500519999999999 0.293356 0.740777 0.294149 0.730978 0.291844 0.721613 0.286667 0.7136 0.27912400000000004 0.707722 0.26995399999999997 0.704555 0.260054 0.704409 0.250394 0.707298 0.241918 0.712939 0.235458 0.720781 0.23164400000000002 0.730056 0.230851 0.739855 0.233156 0.74922 0.238333 0.757234 0.24587599999999998 0.763112 0.255046 0.766279 0.264946 0.766425 0.274606 0.763536 0.283082 0.7578940000000001 0.289542 0.7500519999999999
0 0.292872 0.748374 0.28900899999999996 0.75735 0.287981 0.767034 0.289889 0.7764770000000001 0.29454400000000003 0.784757 0.301493 0.7910619999999999 0.310055 0.794775 0.319391 0.795533 0.328588 0.793261 0.336746 0.788182 0.343065 0.780793 0.346928 0.771817 0.34795600000000004 0.7621330000000001 0.346049 0.7526889999999999 0.341393 0.74441 0.334444 0.738105 0.32588300000000003 0.7343919999999999 0.316546 0.733634 0.307349 0.7359060000000001 0.299192 0.740985 0.292872 0.748374
0 0.34801099999999996 0.773636 0.345445 0.782161 0.34539 0.790902 0.347851 0.799005 0.352587 0.8056749999999999 0.359135 0.8102600000000001 0.366853 0.812312 0.374987 0.8116289999999999 0.382739 0.8082779999999999 0.389351 0.8025869999999999 0.394177 0.795114 0.39674200000000004 0.786589 0.396797 0.777848 0.394336 0.769745 0.3896 0.763075 0.383052 0.75849 0.375334 0.7564379999999999 0.367201 0.7571209999999999 0.359448 0.760472 0.35283600000000004 0.7661629999999999 0.34801099999999996 0.773636
0 0.399974 0.784941 0.396323 0.7936460000000001 0.395327 0.803075 0.39708299999999996 0.8123049999999999 0.40141799999999994 0.8204330000000001 0.40790899999999997 0.826662 0.415919 0.830383 0.42466600000000004 0.8312329999999999 0.43329199999999995 0.8291270000000001 0.44095399999999996 0.8242710000000001 0.446901 0.8171419999999999 0.45055199999999995 0.808437 0.451548 0.7990079999999999 0.44979199999999997 0.789778 0.44545700000000005 0.781651 0.438966 0.7754209999999999 0.430956 0.7716999999999999 0.42220899999999995 0.7708510000000001 0.41358300000000003 0.772957 0.40592100000000003 0.7778120000000001 0.399974 0.784941
0 0.504595 0.799187 0.505031 0.7891269999999999 0.5028330000000001 0.7799280000000001 0.498217 0.772489 0.491634 0.76754 0.483729 0.765564 0.475275 0.7667539999999999 0.4671 0.770996 0.46000399999999997 0.777872 0.454683 0.786711 0.451655 0.796646 0.45121900000000004 0.8067059999999999 0.45341699999999996 0.8159050000000001 0.458033 0.823344 0.46461600000000003 0.828294 0.47252099999999997 0.83027 0.48097500000000004 0.8290789999999999 0.48915 0.824838 0.496246 0.817961 0.501567 0.8091229999999999 0.504595 0.799187
0 0.556118 0.793338 0.555999 0.783843 0.55361 0.775012 0.549186 0.767709 0.543159 0.762649 0.536119 0.760328 0.5287550000000001 0.760972 0.521789 0.7645190000000001 0.515901 0.770622 0.511669 0.778682 0.5095069999999999 0.7879120000000001 0.509626 0.797407 0.512015 0.8062379999999999 0.516439 0.8135410000000001 0.522466 0.8186009999999999 0.529506 0.820922 0.53687 0.8202780000000001 0.543836 0.8167310000000001 0.549724 0.810628 0.553956 0.802568 0.556118 0.793338
0 0.556095 0.763808 0.555154 0.772686 0.556767 0.78067 0.5607770000000001 0.786976 0.566791 0.7909889999999999 0.5742200000000001 0.792315 0.582338 0.790825 0.590349 0.786664 0.597469 0.780239 0.603002 0.77218 0.606405 0.7632760000000001 0.6073459999999999 0.754397 0.6057330000000001 0.746414 0.601723 0.740107 0.595709 0.736094 0.5882799999999999 0.7347680000000001 0.580162 0.736259 0.5721510000000001 0.7404200000000001 0.5650310000000001 0.7468440000000001 0.5594979999999999 0.754903 0.556095 0.763808
0 0.446526 0.757622 0.450526 0.749331 0.45164400000000005 0.740392 0.449773 0.73168 0.445094 0.724047 0.43806599999999996 0.718241 0.429376 0.71483 0.419876 0.714148 0.41049499999999994 0.7162620000000001 0.40215100000000004 0.720964 0.395662 0.727795 0.391662 0.736085 0.390543 0.745024 0.392415 0.753737 0.397094 0.761369 0.404122 0.767175 0.41281100000000004 0.770586 0.42231199999999997 0.771268 0.431693 0.769155 0.440036 0.7644529999999999 0.446526 0.757622
0 0.45340299999999994 0.727935 0.45027799999999996 0.736521 0.449803 0.745508 0.45202299999999995 0.7540180000000001 0.45672199999999996 0.761216 0.46344 0.766399 0.471518 0.769059 0.48016699999999995 0.768935 0.48854 0.766041 0.49581600000000003 0.7606580000000001 0.501285 0.753315 0.504409 0.744729 0.504885 0.735742 0.502664 0.727232 0.49796500000000005 0.720034 0.491248 0.714851 0.483169 0.712191 0.47451999999999994 0.712315 0.466148 0.715209 0.458871 0.720592 0.45340299999999994 0.727935