0 0.354074 0.161173 0.33482 0.148092 0.313477 0.14358500000000002 0.29213300000000003 0.148092 0.272879 0.161173 0.257598 0.181547 0.24778799999999998 0.207219 0.24440699999999999 0.235677 0.24778799999999998 0.264135 0.257598 0.289808 0.272879 0.310181 0.29213300000000003 0.323262 0.313477 0.32777 0.33482 0.323262 0.354074 0.310181 0.369355 0.289808 0.37916500000000003 0.264135 0.382546 0.235677 0.37916500000000003 0.207219 0.369355 0.181547 0.354074 0.161173
0 0.571936 0.181116 0.5523290000000001 0.169385 0.5311359999999999 0.166693 0.510432 0.173302 0.492244 0.18856599999999998 0.478353 0.210991 0.470117 0.238381 0.46834300000000006 0.26805599999999996 0.473205 0.297111 0.484227 0.322701 0.50033 0.342321 0.519937 0.354052 0.54113 0.356745 0.561833 0.350135 0.580021 0.33487100000000003 0.5939129999999999 0.312446 0.602149 0.28505600000000003 0.6039220000000001 0.25538099999999997 0.5990599999999999 0.226327 0.588039 0.200737 0.571936 0.181116
0 0.7045600000000001 0.283737 0.6854669999999999 0.27035200000000004 0.664182 0.265426 0.64279 0.269441 0.6233850000000001 0.282005 0.607866 0.301888 0.597753 0.327143 0.594034 0.355298 0.597075 0.383597 0.6065780000000001 0.40926999999999997 0.6216109999999999 0.429805 0.640705 0.44319 0.6619900000000001 0.448116 0.683382 0.4441 0.702787 0.43153600000000003 0.718306 0.41165399999999996 0.7284189999999999 0.386399 0.7321380000000001 0.358244 0.729097 0.32994500000000004 0.7195940000000001 0.304271 0.7045600000000001 0.283737
0 0.41130000000000005 0.43955700000000003 0.431949 0.43926 0.451421 0.430378 0.46780900000000003 0.413782 0.47951 0.391095 0.48537800000000003 0.364538 0.484838 0.336711 0.47794400000000004 0.310338 0.46537100000000003 0.288 0.448349 0.27188500000000004 0.42854400000000004 0.26356799999999997 0.407895 0.263865 0.388423 0.27274699999999996 0.372035 0.289343 0.36033400000000004 0.31203 0.354466 0.338587 0.35500600000000004 0.366414 0.361899 0.392787 0.374473 0.415125 0.39149500000000004 0.43124 0.41130000000000005 0.43955700000000003
0 0.282366 0.327648 0.26219800000000004 0.334611 0.24475600000000003 0.349606 0.231747 0.371166 0.224444 0.39718 0.22356099999999998 0.425101 0.22918599999999997 0.45219699999999996 0.240768 0.475814 0.257172 0.493642 0.276794 0.503935 0.297713 0.5056860000000001 0.31788 0.498723 0.335322 0.483727 0.348331 0.462167 0.355634 0.436154 0.35651700000000003 0.40823200000000004 0.350892 0.381137 0.33931 0.35751900000000003 0.322906 0.339691 0.303284 0.32939799999999997 0.282366 0.327648
0 0.5543389999999999 0.362082 0.533263 0.35937800000000003 0.512467 0.365342 0.493989 0.379388 0.479636 0.40014200000000005 0.470813 0.425573 0.468384 0.453191 0.472587 0.48029299999999997 0.48301 0.504226 0.498633 0.522646 0.517927 0.533752 0.539003 0.536455 0.559798 0.530492 0.578277 0.516445 0.59263 0.495691 0.601453 0.47026 0.603882 0.44264200000000004 0.599679 0.41554 0.589256 0.391608 0.573632 0.373187 0.5543389999999999 0.362082
0 0.6596580000000001 0.459776 0.639231 0.458055 0.619132 0.464519 0.6013270000000001 0.47853500000000004 0.587561 0.49873 0.57918 0.523128 0.577005 0.549341 0.581248 0.574803 0.591495 0.597021 0.606743 0.613821 0.625498 0.623557 0.645925 0.625278 0.666025 0.618814 0.683829 0.6047990000000001 0.697595 0.584603 0.7059759999999999 0.5602050000000001 0.708152 0.533992 0.703908 0.50853 0.693661 0.486312 0.678414 0.46951299999999996 0.6596580000000001 0.459776
0 0.369536 0.589458 0.387398 0.601291 0.407201 0.6053759999999999 0.42700699999999997 0.601313 0.444876 0.589499 0.459061 0.571091 0.468171 0.547891 0.471315 0.52217 0.468187 0.496446 0.45909000000000005 0.473236 0.44491800000000004 0.45481299999999997 0.427055 0.44297899999999996 0.407252 0.43889500000000004 0.387446 0.44295799999999996 0.369577 0.454772 0.35539299999999996 0.473179 0.346282 0.496379 0.343138 0.5221009999999999 0.346267 0.547825 0.355363 0.571035 0.369536 0.589458
0 0.558977 0.55525 0.541172 0.542523 0.521153 0.537359 0.5008790000000001 0.540265 0.482336 0.550955 0.467338 0.568384 0.45735400000000004 0.5908439999999999 0.45336 0.616139 0.455748 0.6417900000000001 0.464284 0.665289 0.478132 0.684334 0.49593800000000005 0.6970609999999999 0.515957 0.702224 0.53623 0.699318 0.554773 0.688628 0.569771 0.6712 0.579755 0.6487390000000001 0.583749 0.623445 0.581361 0.597793 0.572825 0.574294 0.558977 0.55525
0 0.606772 0.783732 0.6259509999999999 0.785458 0.6447499999999999 0.779379 0.6613279999999999 0.7660910000000001 0.674064 0.746894 0.681711 0.723668 0.683519 0.698685 0.679312 0.674393 0.669502 0.653167 0.655049 0.637087 0.637368 0.627726 0.61819 0.626001 0.599391 0.632079 0.582812 0.645368 0.570076 0.664564 0.56243 0.687791 0.5606220000000001 0.712773 0.564828 0.737066 0.574638 0.758291 0.589091 0.774371 0.606772 0.783732
0 0.259079 0.5091289999999999 0.24263400000000002 0.524243 0.23063699999999998 0.545396 0.224265 0.5705169999999999 0.224139 0.597148 0.230273 0.622682 0.24206599999999998 0.6446189999999999 0.258364 0.6608120000000001 0.277571 0.669675 0.29780799999999996 0.670342 0.31709299999999996 0.6627460000000001 0.333538 0.647632 0.345534 0.626479 0.351907 0.6013580000000001 0.352033 0.574727 0.345899 0.549193 0.334106 0.5272560000000001 0.317808 0.5110629999999999 0.298601 0.5022 0.278364 0.501533 0.259079 0.5091289999999999
0 0.35618099999999997 0.767376 0.37398 0.778153 0.393408 0.781075 0.412564 0.775857 0.429572 0.76301 0.44276799999999994 0.743791 0.45086000000000004 0.720081 0.453055 0.694202 0.44914 0.668687 0.439496 0.646033 0.425069 0.628457 0.40727 0.6176809999999999 0.387842 0.614759 0.36868599999999996 0.6199760000000001 0.351678 0.632824 0.338482 0.652043 0.33039 0.675752 0.328195 0.701631 0.33211 0.727147 0.341754 0.7498009999999999 0.35618099999999997 0.767376
0 0.46967400000000004 0.840532 0.486995 0.8521599999999999 0.506258 0.856336 0.525578 0.8526529999999999 0.543063 0.841471 0.557002 0.823884 0.56603 0.801613 0.569264 0.77684 0.566387 0.751989 0.557681 0.729492 0.543997 0.7115509999999999 0.5266770000000001 0.699924 0.507414 0.695747 0.488094 0.69943 0.47060899999999994 0.710613 0.45667 0.7282 0.447642 0.75047 0.44440799999999997 0.775243 0.44728500000000004 0.800095 0.45599100000000004 0.822592 0.46967400000000004 0.840532