0 0.30628099999999997 0.38960300000000003 0.292557 0.380279 0.277344 0.377067 0.26213000000000003 0.380279 0.248406 0.38960300000000003 0.237515 0.40412499999999996 0.23052199999999998 0.422424 0.228112 0.442708 0.23052199999999998 0.462993 0.237515 0.481292 0.248406 0.49581400000000003 0.26213000000000003 0.5051370000000001 0.277344 0.50835 0.292557 0.5051370000000001 0.30628099999999997 0.49581400000000003 0.31717300000000004 0.481292 0.324165 0.462993 0.326575 0.442708 0.324165 0.422424 0.31717300000000004 0.40412499999999996 0.30628099999999997 0.38960300000000003
0 0.399597 0.368917 0.386449 0.359985 0.371875 0.356907 0.357301 0.359985 0.34415300000000004 0.368917 0.333719 0.382829 0.32702 0.400359 0.324712 0.419792 0.32702 0.439224 0.333719 0.456754 0.34415300000000004 0.47066600000000003 0.357301 0.479598 0.371875 0.482676 0.386449 0.479598 0.399597 0.47066600000000003 0.41003100000000003 0.456754 0.41673 0.439224 0.419038 0.419792 0.41673 0.400359 0.41003100000000003 0.382829 0.399597 0.368917
0 0.490834 0.393186 0.477766 0.384309 0.463281 0.38125 0.44879600000000003 0.384309 0.435729 0.393186 0.425359 0.40701299999999996 0.4187 0.42443600000000004 0.416406 0.44375 0.4187 0.463064 0.425359 0.480487 0.435729 0.494314 0.44879600000000003 0.5031909999999999 0.463281 0.50625 0.477766 0.5031909999999999 0.490834 0.494314 0.501204 0.480487 0.507862 0.463064 0.510156 0.44375 0.507862 0.42443600000000004 0.501204 0.40701299999999996 0.490834 0.393186
0 0.461468 0.278404 0.448619 0.269675 0.434375 0.266667 0.42013100000000003 0.269675 0.40728200000000003 0.278404 0.397084 0.292001 0.390537 0.309133 0.388281 0.328125 0.390537 0.347117 0.397084 0.364249 0.40728200000000003 0.377846 0.42013100000000003 0.386575 0.434375 0.389583 0.448619 0.386575 0.461468 0.377846 0.47166600000000003 0.364249 0.47821300000000005 0.347117 0.480469 0.328125 0.47821300000000005 0.309133 0.47166600000000003 0.292001 0.461468 0.278404
0 0.140707 0.38566500000000004 0.139429 0.365711 0.13345 0.347584 0.123356 0.33305799999999997 0.110134 0.323555 0.095079 0.320006 0.079665 0.322758 0.0654 0.331541 0.053680000000000005 0.34549599999999997 0.045654 0.363257 0.042106 0.383085 0.043384 0.403039 0.049363000000000004 0.42116600000000004 0.059457 0.43569199999999997 0.07267900000000001 0.445195 0.087733 0.44874400000000003 0.10314799999999999 0.44599200000000006 0.11741299999999999 0.437209 0.129132 0.423254 0.137159 0.405493 0.140707 0.38566500000000004
0 0.171497 0.244914 0.15692299999999998 0.246887 0.143278 0.25457 0.13189599999999999 0.267209 0.123893 0.283568 0.12005099999999999 0.302045 0.12074700000000001 0.320832 0.125912 0.338089 0.13504100000000002 0.352128 0.14723999999999998 0.361574 0.161316 0.365503 0.17588900000000002 0.363529 0.189535 0.35584699999999997 0.200916 0.343208 0.20892 0.326849 0.21276199999999998 0.308372 0.212066 0.289585 0.206901 0.272328 0.197772 0.258289 0.18557200000000001 0.248843 0.171497 0.244914
0 0.00566 0.491791 0.004599000000000001 0.512804 0.008671 0.532869 0.017476 0.550023 0.030153000000000003 0.562586 0.045461 0.569328 0.061902 0.56959 0.077866 0.563346 0.09179000000000001 0.551207 0.102312 0.534362 0.108402 0.514459 0.109463 0.49344599999999994 0.105392 0.473381 0.096587 0.456227 0.083909 0.44366399999999995 0.068601 0.43692200000000003 0.052161 0.43666 0.036197 0.44290399999999996 0.022272 0.45504300000000003 0.01175 0.47188800000000003 0.00566 0.491791
0 0.213061 0.5498529999999999 0.209673 0.529139 0.20151400000000003 0.5112829999999999 0.189383 0.498032 0.174468 0.490684 0.158229 0.489958 0.142254 0.495925 0.128109 0.5080009999999999 0.117177 0.525004 0.110528 0.545269 0.10881400000000001 0.566813 0.112202 0.587527 0.12036100000000001 0.605384 0.132492 0.618634 0.147407 0.625982 0.163646 0.626708 0.179621 0.620741 0.193766 0.608666 0.204698 0.5916629999999999 0.211347 0.5713980000000001 0.213061 0.5498529999999999
0 0.06045199999999999 0.702439 0.077484 0.6987720000000001 0.093278 0.688598 0.106289 0.672912 0.115242 0.65325 0.11926300000000001 0.631537 0.11795599999999999 0.6098969999999999 0.111451 0.5904499999999999 0.100383 0.575098 0.085837 0.565345 0.069235 0.562145 0.05220399999999999 0.565811 0.03641 0.575985 0.023399 0.5916710000000001 0.014445 0.611333 0.010425 0.633047 0.011731 0.654686 0.018236 0.674134 0.029304000000000004 0.689485 0.043851 0.699239 0.06045199999999999 0.702439
0 0.09620999999999999 0.679745 0.078685 0.685801 0.06301799999999999 0.6985490000000001 0.050741 0.7167410000000001 0.043056 0.7385970000000001 0.040716 0.761977 0.04395 0.784592 0.052441 0.804229 0.065357 0.818966 0.081436 0.8273590000000001 0.099102 0.8285880000000001 0.116627 0.822533 0.132295 0.809785 0.14457199999999998 0.791592 0.152257 0.769737 0.154597 0.7463569999999999 0.151363 0.723741 0.142872 0.704104 0.129955 0.689368 0.113877 0.680974 0.09620999999999999 0.679745
0 0.275894 0.829391 0.293751 0.826094 0.310309 0.8158569999999999 0.32394500000000004 0.799684 0.333325 0.779157 0.337532 0.756286 0.33615300000000004 0.733309 0.329323 0.712476 0.31771099999999997 0.6958260000000001 0.30245299999999997 0.6849890000000001 0.285043 0.681025 0.26718600000000003 0.684323 0.250629 0.69456 0.236993 0.7107330000000001 0.227612 0.73126 0.223406 0.754131 0.224785 0.777107 0.231615 0.79794 0.243227 0.8145899999999999 0.25848499999999996 0.8254279999999999 0.275894 0.829391
0 0.400471 0.977478 0.415081 0.9881439999999999 0.431273 0.991814 0.44746300000000006 0.9881270000000001 0.462066 0.977445 0.473653 0.9608140000000001 0.481089 0.939861 0.48364599999999996 0.9166380000000001 0.481075 0.8934179999999999 0.473626 0.8724729999999999 0.46202899999999997 0.855855 0.447419 0.8451890000000001 0.43122699999999997 0.84152 0.415037 0.845207 0.400434 0.855888 0.388847 0.8725189999999999 0.381411 0.893472 0.37885399999999997 0.916695 0.381425 0.9399150000000001 0.388874 0.9608599999999999 0.400471 0.977478
0 0.283992 0.906152 0.292109 0.9255800000000001 0.30436399999999997 0.940262 0.319556 0.9487590000000001 0.336199 0.95024 0.352663 0.9445600000000001 0.36733699999999997 0.9322739999999999 0.37878500000000004 0.914587 0.385885 0.893228 0.38794300000000004 0.870289 0.384758 0.848015 0.376641 0.8285859999999999 0.364386 0.8139049999999999 0.349194 0.8054080000000001 0.332551 0.8039270000000001 0.316087 0.809607 0.30141300000000004 0.8218920000000001 0.289965 0.83958 0.28286500000000003 0.8609389999999999 0.280807 0.8838779999999999 0.283992 0.906152
0 0.819314 0.851746 0.8043189999999999 0.850255 0.790049 0.855367 0.7779 0.866581 0.769061 0.8827999999999999 0.764398 0.902436 0.764367 0.923567 0.768971 0.944125 0.77776 0.9620960000000001 0.7898729999999999 0.975723 0.8041240000000001 0.983671 0.8191179999999999 0.9851620000000001 0.833389 0.98005 0.845538 0.968835 0.854377 0.9526160000000001 0.85904 0.93298 0.8590709999999999 0.9118489999999999 0.8544660000000001 0.891292 0.845678 0.87332 0.8335649999999999 0.859694 0.819314 0.851746
0 0.8353740000000001 0.7748999999999999 0.8505280000000001 0.774137 0.864482 0.766932 0.875872 0.753991 0.883582 0.7365809999999999 0.8868579999999999 0.716406 0.885379 0.69544 0.879289 0.675737 0.869186 0.659224 0.8560570000000001 0.647519 0.841188 0.641766 0.8260350000000001 0.64253 0.8120799999999999 0.649735 0.8006909999999999 0.662675 0.7929809999999999 0.680086 0.789705 0.700261 0.791184 0.7212259999999999 0.797273 0.74093 0.807377 0.757442 0.820506 0.769148 0.8353740000000001 0.7748999999999999
0 0.694113 0.20097900000000002 0.681714 0.192555 0.667969 0.189652 0.6542239999999999 0.192555 0.641824 0.20097900000000002 0.631984 0.21409899999999998 0.625666 0.230632 0.623489 0.248958 0.625666 0.267285 0.631984 0.283818 0.641824 0.29693800000000004 0.6542239999999999 0.305362 0.667969 0.308265 0.681714 0.305362 0.694113 0.29693800000000004 0.703954 0.283818 0.710271 0.267285 0.712448 0.248958 0.710271 0.230632 0.703954 0.21409899999999998 0.694113 0.20097900000000002
0 0.924611 0.330742 0.911827 0.322057 0.8976559999999999 0.31906500000000004 0.883485 0.322057 0.870702 0.330742 0.860557 0.344269 0.8540430000000001 0.361314 0.8517979999999999 0.380208 0.8540430000000001 0.399103 0.860557 0.416148 0.870702 0.42967500000000003 0.883485 0.438359 0.8976559999999999 0.441352 0.911827 0.438359 0.924611 0.42967500000000003 0.9347559999999999 0.416148 0.9412699999999999 0.399103 0.9435140000000001 0.380208 0.9412699999999999 0.361314 0.9347559999999999 0.344269 0.924611 0.330742
0 0.731259 0.31230199999999997 0.718287 0.303489 0.703906 0.300452 0.6895260000000001 0.303489 0.676553 0.31230199999999997 0.666258 0.326029 0.659648 0.343326 0.65737 0.3625 0.659648 0.38167399999999996 0.666258 0.398971 0.676553 0.41269799999999995 0.6895260000000001 0.421511 0.703906 0.424548 0.718287 0.421511 0.731259 0.41269799999999995 0.741555 0.398971 0.748165 0.38167399999999996 0.7504419999999999 0.3625 0.748165 0.343326 0.741555 0.326029 0.731259 0.31230199999999997
0 0.703282 0.08677399999999999 0.6909799999999999 0.078417 0.677344 0.07553699999999999 0.6637069999999999 0.078417 0.6514059999999999 0.08677399999999999 0.641643 0.09979099999999999 0.635375 0.11619299999999999 0.633216 0.134375 0.635375 0.152557 0.641643 0.168959 0.6514059999999999 0.181976 0.6637069999999999 0.190333 0.677344 0.193213 0.6909799999999999 0.190333 0.703282 0.181976 0.713044 0.168959 0.7193120000000001 0.152557 0.721472 0.134375 0.7193120000000001 0.11619299999999999 0.713044 0.09979099999999999 0.703282 0.08677399999999999
0 0.215327 0.38733399999999996 0.20138799999999998 0.378161 0.185938 0.375 0.170487 0.378161 0.156548 0.38733399999999996 0.145487 0.401622 0.138385 0.41962599999999994 0.135937 0.439583 0.138385 0.45954100000000003 0.145487 0.47754399999999997 0.156548 0.49183199999999994 0.170487 0.5010060000000001 0.185938 0.504167 0.20138799999999998 0.5010060000000001 0.215327 0.49183199999999994 0.22638799999999998 0.47754399999999997 0.23349000000000003 0.45954100000000003 0.235937 0.439583 0.23349000000000003 0.41962599999999994 0.22638799999999998 0.401622 0.215327 0.38733399999999996
0 0.309861 0.533059 0.296895 0.5251140000000001 0.282627 0.522664 0.268453 0.525949 0.255762 0.534647 0.24579499999999999 0.547906 0.23952800000000002 0.56443 0.237574 0.5826 0.240126 0.600638 0.246932 0.6167779999999999 0.257326 0.629441 0.27029200000000003 0.637386 0.284561 0.6398360000000001 0.298734 0.636551 0.311425 0.627853 0.321392 0.6145940000000001 0.32765900000000003 0.59807 0.329613 0.5799000000000001 0.327062 0.561862 0.320256 0.545722 0.309861 0.533059
0 0.19913 0.606609 0.18270599999999998 0.612858 0.168204 0.6253930000000001 0.15704400000000002 0.642988 0.150319 0.663921 0.148686 0.686142 0.152305 0.707476 0.160823 0.725835 0.173404 0.739423 0.18881900000000001 0.746908 0.205558 0.747558 0.22198199999999998 0.741309 0.236483 0.728774 0.247643 0.711179 0.25436899999999996 0.6902459999999999 0.256002 0.668025 0.252382 0.646691 0.243865 0.628331 0.231283 0.614744 0.215868 0.607259 0.19913 0.606609
0 0.52347 0.740494 0.508224 0.7302500000000001 0.491409 0.726936 0.47467 0.730877 0.45964600000000005 0.741685 0.44780699999999996 0.758304 0.440313 0.779106 0.437896 0.802055 0.440794 0.824905 0.44872199999999995 0.8454200000000001 0.460905 0.86159 0.47615100000000005 0.871833 0.492966 0.8751469999999999 0.5097050000000001 0.8712070000000001 0.524729 0.860398 0.536568 0.84378 0.544062 0.822978 0.5464789999999999 0.800028 0.543581 0.7771779999999999 0.535653 0.756664 0.52347 0.740494
0 0.628185 0.7421719999999999 0.613005 0.732128 0.596322 0.729034 0.57977 0.7331920000000001 0.5649689999999999 0.744196 0.5533680000000001 0.760968 0.5461020000000001 0.7818660000000001 0.543882 0.8048460000000001 0.546926 0.827657 0.554936 0.848067 0.5671280000000001 0.8640779999999999 0.582308 0.8741220000000001 0.5989899999999999 0.877216 0.615542 0.873058 0.630343 0.862054 0.641945 0.8452819999999999 0.649211 0.824384 0.651431 0.801404 0.6483869999999999 0.778593 0.640377 0.758183 0.628185 0.7421719999999999
0 0.646678 0.821801 0.652224 0.8435879999999999 0.6625219999999999 0.8621270000000001 0.676566 0.875605 0.69298 0.8827019999999999 0.7101580000000001 0.882723 0.726417 0.875666 0.7401679999999999 0.862222 0.750063 0.843707 0.755134 0.8219329999999999 0.754884 0.799032 0.749339 0.777246 0.7390399999999999 0.758706 0.724996 0.745228 0.708582 0.738131 0.6914049999999999 0.73811 0.675145 0.745167 0.661395 0.7586109999999999 0.6515 0.777126 0.646429 0.7988999999999999 0.646678 0.821801
0 0.706888 0.6358189999999999 0.695778 0.651473 0.688752 0.67096 0.686498 0.692372 0.689236 0.713612 0.696698 0.732603 0.708155 0.747484 0.722484 0.7567999999999999 0.738283 0.759638 0.754005 0.7557210000000001 0.768112 0.7454310000000001 0.7792220000000001 0.729777 0.786248 0.71029 0.788502 0.688878 0.785764 0.667638 0.7783019999999999 0.648647 0.766845 0.6337659999999999 0.752516 0.6244500000000001 0.736717 0.621612 0.720995 0.625529 0.706888 0.6358189999999999
0 0.600737 0.735162 0.61383 0.74644 0.6288579999999999 0.751642 0.64435 0.750259 0.658788 0.7424280000000001 0.6707609999999999 0.728913 0.679095 0.711039 0.682975 0.690555 0.682022 0.669466 0.676328 0.649837 0.666451 0.633588 0.653357 0.6223099999999999 0.6383289999999999 0.617108 0.622838 0.618491 0.608399 0.6263219999999999 0.596427 0.639837 0.588093 0.657711 0.5842120000000001 0.678195 0.585166 0.699284 0.5908599999999999 0.7189129999999999 0.600737 0.735162
0 0.48465800000000003 0.669422 0.48469300000000004 0.689913 0.48943899999999996 0.709454 0.49843099999999996 0.726132 0.510788 0.7383149999999999 0.525301 0.74481 0.5405490000000001 0.744982 0.55504 0.738813 0.5673549999999999 0.726907 0.5762889999999999 0.71043 0.580967 0.690995 0.580932 0.670504 0.5761860000000001 0.650963 0.567194 0.634284 0.554837 0.622101 0.540324 0.615606 0.525076 0.615435 0.5105850000000001 0.6216039999999999 0.49827000000000005 0.63351 0.48933600000000005 0.649987 0.48465800000000003 0.669422
0 0.628012 0.51402 0.614727 0.505142 0.6 0.5020830000000001 0.585273 0.505142 0.5719879999999999 0.51402 0.561445 0.5278470000000001 0.554676 0.54527 0.552344 0.5645830000000001 0.554676 0.583897 0.561445 0.6013200000000001 0.5719879999999999 0.615147 0.585273 0.624024 0.6 0.6270830000000001 0.614727 0.624024 0.628012 0.615147 0.638555 0.6013200000000001 0.645324 0.583897 0.647656 0.5645830000000001 0.645324 0.54527 0.638555 0.5278470000000001 0.628012 0.51402
0 0.7259 0.5166000000000001 0.712134 0.5074449999999999 0.696875 0.50429 0.681616 0.5074449999999999 0.6678499999999999 0.5166000000000001 0.656926 0.530861 0.6499119999999999 0.5488310000000001 0.6474949999999999 0.56875 0.6499119999999999 0.588669 0.656926 0.606639 0.6678499999999999 0.6209 0.681616 0.630055 0.696875 0.6332099999999999 0.712134 0.630055 0.7259 0.6209 0.736824 0.606639 0.743838 0.588669 0.746255 0.56875 0.743838 0.5488310000000001 0.736824 0.530861 0.7259 0.5166000000000001
0 0.73821090625 1 0.750805 0.9910370000000001 0.761694 0.975827 0.768685 0.956662 0.771094 0.9354169999999999 0.768685 0.914172 0.761694 0.8950060000000001 0.750805 0.8797969999999999 0.7370840000000001 0.8700319999999999 0.721875 0.866667 0.706666 0.8700319999999999 0.692945 0.8797969999999999 0.682056 0.8950060000000001 0.675065 0.914172 0.672656 0.9354169999999999 0.675065 0.956662 0.682056 0.975827 0.692945 0.9910370000000001 0.70553909375 1 0.73821090625 1
0 0.422447 0.69974 0.406985 0.689087 0.38984399999999997 0.6854169999999999 0.372703 0.689087 0.35724 0.69974 0.34496899999999997 0.716333 0.33709 0.73724 0.334375 0.760417 0.33709 0.783593 0.34496899999999997 0.8045009999999999 0.35724 0.821093 0.372703 0.8317460000000001 0.38984399999999997 0.835417 0.406985 0.8317460000000001 0.422447 0.821093 0.434719 0.8045009999999999 0.442598 0.783593 0.44531200000000004 0.760417 0.442598 0.73724 0.434719 0.716333 0.422447 0.69974
0 0.38224 0.593186 0.36917300000000003 0.584309 0.35468700000000003 0.58125 0.340202 0.584309 0.327135 0.593186 0.316765 0.607013 0.310107 0.624436 0.30781200000000003 0.64375 0.310107 0.663064 0.316765 0.6804870000000001 0.327135 0.694314 0.340202 0.703191 0.35468700000000003 0.70625 0.36917300000000003 0.703191 0.38224 0.694314 0.39261 0.6804870000000001 0.399268 0.663064 0.40156200000000003 0.64375 0.399268 0.624436 0.39261 0.607013 0.38224 0.593186
0 0.47640099999999996 0.589617 0.46202699999999997 0.580295 0.446094 0.577083 0.43016 0.580295 0.41578600000000004 0.589617 0.40437900000000004 0.6041350000000001 0.397055 0.622429 0.394531 0.6427080000000001 0.397055 0.662988 0.40437900000000004 0.681282 0.41578600000000004 0.6958 0.43016 0.705121 0.446094 0.708333 0.46202699999999997 0.705121 0.47640099999999996 0.6958 0.48780900000000005 0.681282 0.49513299999999993 0.662988 0.497656 0.6427080000000001 0.49513299999999993 0.622429 0.48780900000000005 0.6041350000000001 0.47640099999999996 0.589617
0 0.42925199999999997 0.485251 0.41574900000000004 0.47607799999999995 0.400781 0.472917 0.385813 0.47607799999999995 0.37231000000000003 0.485251 0.361594 0.49953900000000007 0.35471400000000003 0.5175430000000001 0.352344 0.5375 0.35471400000000003 0.557457 0.361594 0.575461 0.37231000000000003 0.5897490000000001 0.385813 0.5989220000000001 0.400781 0.602083 0.41574900000000004 0.5989220000000001 0.42925199999999997 0.5897490000000001 0.439968 0.575461 0.44684799999999997 0.557457 0.449219 0.5375 0.44684799999999997 0.5175430000000001 0.439968 0.49953900000000007 0.42925199999999997 0.485251
0 0.536402 0.502443 0.5232140000000001 0.49372800000000006 0.508594 0.490725 0.49397399999999997 0.49372800000000006 0.480785 0.502443 0.47031799999999996 0.5160180000000001 0.463598 0.533123 0.461283 0.552083 0.463598 0.571044 0.47031799999999996 0.588149 0.480785 0.601723 0.49397399999999997 0.6104390000000001 0.508594 0.613442 0.5232140000000001 0.6104390000000001 0.536402 0.601723 0.5468689999999999 0.588149 0.553589 0.571044 0.555905 0.552083 0.553589 0.533123 0.5468689999999999 0.5160180000000001 0.536402 0.502443
0 0.584124 0.409654 0.571275 0.400925 0.557031 0.39791699999999997 0.542787 0.400925 0.529938 0.409654 0.519741 0.42325100000000004 0.513193 0.440383 0.510938 0.459375 0.513193 0.478367 0.519741 0.49549899999999997 0.529938 0.509096 0.542787 0.517825 0.557031 0.520833 0.571275 0.517825 0.584124 0.509096 0.594322 0.49549899999999997 0.600869 0.478367 0.603125 0.459375 0.600869 0.440383 0.594322 0.42325100000000004 0.584124 0.409654
0 0.494854 0.40441399999999994 0.50743 0.412742 0.521342 0.41554 0.535231 0.41253399999999996 0.547736 0.404019 0.557632 0.390828 0.5639529999999999 0.374253 0.566077 0.355915 0.563799 0.337609 0.5573400000000001 0.321129 0.547333 0.30808599999999997 0.534758 0.299758 0.520845 0.29696 0.506957 0.299966 0.494452 0.308481 0.484555 0.321672 0.478235 0.338247 0.47611 0.35658500000000004 0.47838900000000006 0.374891 0.484847 0.391371 0.494854 0.40441399999999994
0 0.5175810000000001 0.206576 0.5051669999999999 0.19858599999999998 0.491406 0.19583299999999998 0.477645 0.19858599999999998 0.465231 0.206576 0.45538 0.21902 0.449055 0.234701 0.446875 0.252083 0.449055 0.269466 0.45538 0.285146 0.465231 0.297591 0.477645 0.30558 0.491406 0.308333 0.5051669999999999 0.30558 0.5175810000000001 0.297591 0.527433 0.285146 0.533758 0.269466 0.535937 0.252083 0.533758 0.234701 0.527433 0.21902 0.5175810000000001 0.206576
0 0.43173700000000004 0.18271500000000002 0.418535 0.175556 0.404131 0.173747 0.389934 0.177464 0.377334 0.186345 0.36756500000000003 0.199519 0.36158199999999996 0.21569699999999997 0.359972 0.233296 0.362892 0.250593 0.370056 0.26589399999999996 0.380763 0.277702 0.393965 0.284861 0.408369 0.28667 0.42256600000000005 0.282952 0.435166 0.274072 0.44493499999999997 0.26089799999999996 0.450918 0.244719 0.45252800000000004 0.227121 0.449608 0.209824 0.44244399999999995 0.194523 0.43173700000000004 0.18271500000000002
0 0.481556 0.198343 0.493112 0.20709399999999997 0.5062599999999999 0.211072 0.519713 0.209888 0.532154 0.203656 0.542365 0.19298900000000002 0.549348 0.178929 0.5524169999999999 0.162853 0.551273 0.146335 0.546027 0.130991 0.5371940000000001 0.118323 0.525638 0.109572 0.51249 0.105595 0.49903700000000006 0.106779 0.48659600000000003 0.11301000000000001 0.47638499999999995 0.123678 0.469402 0.137738 0.466333 0.153814 0.467477 0.17033199999999998 0.47272299999999995 0.185676 0.481556 0.198343
0 0.619336 0.218266 0.61152 0.202731 0.600511 0.19070199999999998 0.587387 0.18335600000000002 0.573434 0.181412 0.560015 0.18506 0.548446 0.193943 0.5398590000000001 0.207192 0.535094 0.223509 0.534617 0.241298 0.538476 0.258818 0.546293 0.27435200000000004 0.557301 0.286381 0.570425 0.29372699999999996 0.584379 0.295671 0.597797 0.29202300000000003 0.609366 0.28314 0.617953 0.269891 0.622719 0.253574 0.623195 0.235785 0.619336 0.218266
0 0.580131 0.399903 0.5922270000000001 0.409513 0.6060019999999999 0.41380800000000006 0.620107 0.412366 0.633162 0.40533 0.643888 0.39338700000000004 0.651235 0.377707 0.654485 0.35982400000000003 0.65332 0.34148999999999996 0.647853 0.324499 0.638619 0.310513 0.6265229999999999 0.30090300000000003 0.6127480000000001 0.296609 0.598643 0.29805000000000004 0.585588 0.305087 0.574862 0.31703000000000003 0.567515 0.33271 0.564265 0.350592 0.56543 0.368927 0.570897 0.385918 0.580131 0.399903
0 0.621314 0.511546 0.634288 0.5205930000000001 0.648723 0.523851 0.663207 0.5210009999999999 0.676321 0.5123230000000001 0.6867829999999999 0.49866599999999994 0.693567 0.481367 0.696011 0.46211900000000006 0.693874 0.442807 0.687366 0.42532 0.677123 0.41136999999999996 0.66415 0.402324 0.649714 0.39906600000000003 0.635231 0.40191499999999997 0.622116 0.410593 0.6116550000000001 0.42424999999999996 0.60487 0.441549 0.6024269999999999 0.460797 0.604564 0.48011 0.611072 0.497597 0.621314 0.511546
0 0.831575 0.613791 0.8386480000000001 0.631724 0.849432 0.646552 0.862872 0.6568229999999999 0.8776529999999999 0.661531 0.8923260000000001 0.6602159999999999 0.905456 0.653007 0.915758 0.64061 0.9222239999999999 0.624237 0.9242190000000001 0.605491 0.9215500000000001 0.586209 0.914477 0.568276 0.903693 0.553448 0.8902530000000001 0.543177 0.875472 0.538469 0.8607989999999999 0.539784 0.847669 0.546993 0.8373670000000001 0.5593899999999999 0.8309010000000001 0.575763 0.8289059999999999 0.5945090000000001 0.831575 0.613791
0 0.9429700000000001 0.648208 0.928488 0.643643 0.9138930000000001 0.645614 0.9006149999999999 0.653928 0.889953 0.667772 0.882951 0.68579 0.8802949999999999 0.706219 0.882245 0.727059 0.888608 0.7462690000000001 0.8987640000000001 0.76197 0.911717 0.772625 0.9262 0.7771899999999999 0.9407949999999999 0.775219 0.954073 0.7669050000000001 0.964734 0.753061 0.9717359999999999 0.735043 0.9743919999999999 0.714614 0.972443 0.693775 0.966079 0.6745639999999999 0.955923 0.658863 0.9429700000000001 0.648208
0 0.9502750000000001 0.48632600000000004 0.943312 0.46960199999999996 0.9328749999999999 0.45605799999999996 0.9199849999999999 0.44701899999999994 0.905903 0.44337099999999996 0.892008 0.445469 0.87966 0.453109 0.8700680000000001 0.465543 0.86417 0.48155400000000004 0.8625450000000001 0.499575 0.86535 0.517841 0.8723129999999999 0.534564 0.88275 0.548109 0.89564 0.557147 0.909722 0.5607960000000001 0.9236169999999999 0.5586979999999999 0.935965 0.551057 0.945557 0.5386230000000001 0.9514549999999999 0.522612 0.9530799999999999 0.5045919999999999 0.9502750000000001 0.48632600000000004
0 0.8886100000000001 0.268988 0.8819269999999999 0.251547 0.871584 0.237319 0.858592 0.227698 0.844224 0.223624 0.829887 0.225497 0.816982 0.233134 0.806775 0.245786 0.800263 0.262216 0.798085 0.280815 0.8004530000000001 0.299762 0.8071360000000001 0.317203 0.817479 0.331431 0.83047 0.341052 0.844838 0.345126 0.859176 0.343253 0.8720800000000001 0.335616 0.882288 0.322964 0.888799 0.306534 0.8909779999999999 0.287935 0.8886100000000001 0.268988
0 0.710353 0.280195 0.714924 0.298129 0.7232350000000001 0.314003 0.734472 0.326263 0.747534 0.333709 0.761144 0.335612 0.773969 0.331786 0.784753 0.322605 0.792442 0.308968 0.796281 0.29220999999999997 0.795897 0.273972 0.791326 0.256038 0.783015 0.240164 0.7717780000000001 0.22790400000000002 0.758716 0.220458 0.745106 0.218555 0.732281 0.222381 0.721497 0.231562 0.713808 0.24519799999999997 0.709969 0.26195599999999997 0.710353 0.280195
0 0.25189 0.27522199999999997 0.237188 0.278579 0.223663 0.287601 0.21264 0.301406 0.205197 0.318642 0.20206400000000002 0.337622 0.203546 0.356488 0.20950000000000002 0.373394 0.219341 0.386683 0.232107 0.395057 0.246547 0.397694 0.26125 0.39433799999999997 0.274775 0.38531499999999996 0.285798 0.37151 0.29324 0.354274 0.296374 0.335295 0.294891 0.31642800000000004 0.28893800000000003 0.299523 0.27909700000000004 0.286233 0.266331 0.27786 0.25189 0.27522199999999997
0 0.21406200000000003 0.291667 0.220312 0.3 0.228125 0.29375 0.2375 0.2875 0.24765600000000002 0.286458 0.25781200000000004 0.286458 0.267969 0.290625 0.27656200000000003 0.297917 0.283594 0.28854199999999997 0.289844 0.26875 0.288281 0.254167 0.28593799999999997 0.23958300000000002 0.282813 0.22916699999999998 0.277344 0.219792 0.267969 0.211458 0.25468799999999997 0.20729199999999998 0.24375 0.20625 0.23203100000000002 0.209375 0.220312 0.21875 0.210938 0.232292 0.20625 0.24583300000000002 0.203906 0.263542 0.20546899999999998 0.271875 0.208594 0.28125 0.21406200000000003 0.291667
0 0.389062 0.314583 0.38593700000000003 0.301042 0.38125 0.2875 0.373437 0.278125 0.363281 0.26875 0.35468700000000003 0.264583 0.342187 0.261458 0.32890600000000003 0.263542 0.321875 0.26875 0.314063 0.278125 0.305469 0.286458 0.3 0.298958 0.296875 0.314583 0.29765600000000003 0.33541699999999997 0.298438 0.345833 0.30468799999999996 0.358333 0.314063 0.36875 0.32343700000000003 0.376042 0.335156 0.380208 0.346094 0.380208 0.353125 0.373958 0.361719 0.36875 0.375 0.358333 0.378906 0.354167 0.383594 0.344792 0.38593700000000003 0.338542 0.3875 0.33125 0.389062 0.314583
0 0.292969 0.2 0.285156 0.21875 0.283594 0.242708 0.286719 0.25625 0.289844 0.266667 0.30468799999999996 0.284375 0.314063 0.28854199999999997 0.31718799999999997 0.284375 0.322656 0.279167 0.32890600000000003 0.276042 0.335156 0.27395800000000003 0.34453100000000003 0.271875 0.35625 0.275 0.3625 0.26875 0.366406 0.259375 0.36875 0.242708 0.36875 0.22395800000000002 0.365625 0.210417 0.360938 0.197917 0.34843799999999997 0.18645799999999998 0.336719 0.18125 0.322656 0.18020799999999998 0.31328100000000003 0.183333 0.303125 0.189583 0.292969 0.2
0 0.471094 0.146875 0.470313 0.129167 0.467187 0.117708 0.454688 0.096875 0.44843700000000003 0.091667 0.435156 0.08645800000000001 0.424219 0.084375 0.414844 0.08645800000000001 0.39531299999999997 0.098958 0.39140600000000003 0.10833299999999998 0.385156 0.120833 0.383594 0.134375 0.383594 0.15520799999999998 0.388281 0.167708 0.399219 0.182292 0.408594 0.183333 0.417969 0.18645799999999998 0.425781 0.192708 0.432031 0.19583299999999998 0.44218799999999997 0.191667 0.45234399999999997 0.18645799999999998 0.4625 0.177083 0.46796899999999997 0.16458299999999998 0.471094 0.146875
0 0.544531 0.16354200000000002 0.548438 0.175 0.555469 0.18125 0.566406 0.19375 0.571094 0.192708 0.584375 0.191667 0.596094 0.196875 0.604688 0.191667 0.613281 0.184375 0.620313 0.17083299999999998 0.622656 0.15520799999999998 0.623437 0.138542 0.619531 0.125 0.609375 0.109375 0.597656 0.1 0.584375 0.094792 0.564063 0.097917 0.553906 0.10729200000000001 0.546094 0.120833 0.542188 0.130208 0.542969 0.145833 0.544531 0.16354200000000002
0 0.60625 0.116667 0.609375 0.12291700000000001 0.615625 0.135417 0.617188 0.145833 0.61875 0.15520799999999998 0.625 0.14895799999999998 0.628125 0.136458 0.626563 0.12395799999999998 0.623437 0.1125 0.611719 0.103125 0.603125 0.102083 0.601562 0.103125 0.599219 0.109375 0.60625 0.116667
0 0.7125 0.177083 0.698438 0.183333 0.683594 0.19375 0.678125 0.204167 0.691406 0.21458300000000002 0.7 0.228125 0.704688 0.24375 0.703906 0.261458 0.714844 0.264583 0.725781 0.23958300000000002 0.739844 0.23020800000000002 0.760938 0.23125 0.764844 0.221875 0.757031 0.205208 0.75 0.18854200000000002 0.729688 0.176042 0.7125 0.177083
0 0.789062 0.451042 0.8039059999999999 0.446875 0.8132809999999999 0.436458 0.821875 0.422917 0.825 0.405208 0.825 0.380208 0.820312 0.36666699999999997 0.8054690000000001 0.345833 0.794531 0.33645800000000003 0.773438 0.332292 0.7625 0.33541699999999997 0.750781 0.347917 0.742969 0.35625 0.742188 0.376042 0.7375 0.390625 0.735938 0.39375 0.738281 0.40625 0.742969 0.420833 0.755469 0.4375 0.771094 0.448958 0.789062 0.451042
0 0.696875 0.448958 0.685156 0.448958 0.686719 0.459375 0.685937 0.472917 0.682813 0.485417 0.675781 0.5 0.664062 0.50625 0.66875 0.528125 0.682031 0.5177080000000001 0.695312 0.515625 0.714844 0.520833 0.724219 0.53125 0.732031 0.54375 0.7375 0.53125 0.742969 0.514583 0.742188 0.49270800000000003 0.735938 0.473958 0.726562 0.46041699999999997 0.71875 0.455208 0.708594 0.45 0.696875 0.448958
0 0.733594 0.520833 0.724219 0.535417 0.73125 0.545833 0.734375 0.561458 0.741406 0.558333 0.750781 0.558333 0.764062 0.566667 0.771094 0.5760419999999999 0.783594 0.572917 0.795312 0.565625 0.803125 0.546875 0.8070309999999999 0.526042 0.8023440000000001 0.50625 0.794531 0.485417 0.784375 0.478125 0.771094 0.471875 0.75625 0.471875 0.744531 0.47708300000000003 0.734375 0.49270800000000003 0.735156 0.504167 0.733594 0.520833
0 0.764844 0.555208 0.746875 0.5489580000000001 0.732812 0.554167 0.734375 0.571875 0.733594 0.590625 0.729688 0.598958 0.723437 0.610417 0.714063 0.616667 0.71875 0.6385419999999999 0.73125 0.634375 0.742188 0.634375 0.750781 0.6375 0.759375 0.644792 0.765625 0.6541669999999999 0.771094 0.660417 0.783594 0.634375 0.789062 0.613542 0.7875 0.590625 0.778125 0.567708 0.764844 0.555208
0 0.8929690000000001 0.815625 0.892188 0.803125 0.889062 0.7875 0.8835940000000001 0.776042 0.8757809999999999 0.7635419999999999 0.8679690000000001 0.757292 0.864062 0.753125 0.8601559999999999 0.758333 0.8507809999999999 0.7635419999999999 0.84375 0.764583 0.8304690000000001 0.7625 0.8210940000000001 0.757292 0.815625 0.766667 0.809375 0.78125 0.80625 0.797917 0.804688 0.817708 0.8054690000000001 0.828125 0.8117190000000001 0.844792 0.8210940000000001 0.85625 0.834375 0.867708 0.846875 0.876042 0.8539059999999999 0.8729169999999999 0.8664059999999999 0.870833 0.878906 0.860417 0.8914059999999999 0.83125 0.8929690000000001 0.815625
0 0.75 0.746875 0.742969 0.746875 0.734375 0.7479169999999999 0.728125 0.759375 0.732812 0.769792 0.739062 0.78125 0.742188 0.792708 0.744531 0.8104169999999999 0.744531 0.823958 0.739062 0.8375 0.733594 0.851042 0.741406 0.860417 0.753906 0.867708 0.764844 0.870833 0.78125 0.865625 0.79375 0.8572919999999999 0.8023440000000001 0.8458330000000001 0.807813 0.836458 0.8117190000000001 0.813542 0.8117190000000001 0.789583 0.809375 0.775 0.8 0.757292 0.792188 0.746875 0.78125 0.738542 0.766406 0.73125 0.757812 0.739583 0.75 0.746875
0 0.583594 0.91875 0.583594 0.898958 0.58125 0.885417 0.575781 0.869792 0.566406 0.858333 0.555469 0.851042 0.545312 0.844792 0.530469 0.842708 0.527344 0.8416669999999999 0.51875 0.852083 0.509375 0.858333 0.501563 0.8614580000000001 0.49375 0.863542 0.488281 0.880208 0.482031 0.895833 0.48125 0.91875 0.482812 0.9395830000000001 0.48906299999999997 0.95625 0.49375 0.967708 0.505469 0.977083 0.523438 0.9875 0.549219 0.984375 0.56875 0.9666669999999999 0.576562 0.954167 0.582031 0.938542 0.583594 0.91875
0 0.673438 0.958333 0.678125 0.945833 0.680469 0.936458 0.682813 0.920833 0.682813 0.901042 0.679688 0.890625 0.674219 0.876042 0.667188 0.867708 0.65625 0.854167 0.645312 0.847917 0.632031 0.8416669999999999 0.625 0.854167 0.617188 0.860417 0.607031 0.865625 0.597656 0.864583 0.59375 0.866667 0.588281 0.884375 0.582812 0.897917 0.582031 0.9125 0.58125 0.925 0.584375 0.94375 0.588281 0.95625 0.592969 0.969792 0.600781 0.975 0.610156 0.984375 0.623437 0.989583 0.636719 0.990625 0.64375 0.989583 0.647656 0.989583 0.651563 0.985417 0.658594 0.980208 0.667188 0.9708330000000001 0.673438 0.958333
0 0.261719 0.816667 0.253906 0.80625 0.24609399999999998 0.7989580000000001 0.23828100000000002 0.78125 0.234375 0.766667 0.233594 0.75625 0.224219 0.753125 0.208594 0.7520830000000001 0.192188 0.754167 0.178125 0.764583 0.167187 0.778125 0.157812 0.804167 0.154688 0.822917 0.155469 0.8458330000000001 0.15859399999999998 0.858333 0.1625 0.870833 0.171875 0.882292 0.18359399999999998 0.891667 0.196875 0.894792 0.211719 0.894792 0.224219 0.890625 0.235937 0.88125 0.24765600000000002 0.865625 0.260156 0.833333 0.261719 0.816667