0 0.352942 0.39298700000000003 0.348338 0.389947 0.343404 0.389508 0.338623 0.391713 0.334462 0.396347 0.33132799999999996 0.402956 0.329529 0.410893 0.329241 0.419381 0.330492 0.42759 0.333158 0.434715 0.33698100000000003 0.44005900000000003 0.341584 0.4431 0.346518 0.443539 0.3513 0.44133300000000003 0.35546099999999997 0.43669900000000006 0.35859399999999997 0.43009000000000003 0.360393 0.42215299999999994 0.360681 0.41366500000000006 0.359431 0.405457 0.35676399999999997 0.398332 0.352942 0.39298700000000003
0 0.382185 0.39247899999999997 0.377818 0.38922 0.373081 0.388465 0.368436 0.390288 0.364339 0.394511 0.361191 0.40072 0.359299 0.40830700000000003 0.35885 0.41653 0.35988699999999996 0.424584 0.36230799999999996 0.43167999999999995 0.365877 0.437125 0.370244 0.440384 0.374981 0.441139 0.379626 0.439316 0.383723 0.435093 0.386871 0.42888400000000004 0.388763 0.42129700000000003 0.389212 0.41307400000000005 0.388175 0.40502000000000005 0.38575400000000004 0.397924 0.382185 0.39247899999999997
0 0.348713 0.392216 0.35308 0.39588 0.35788600000000004 0.397016 0.36266 0.395513 0.366934 0.391517 0.37029100000000004 0.38542 0.372401 0.377819 0.373058 0.36945700000000004 0.372198 0.36115400000000003 0.36990500000000004 0.353721 0.366404 0.347887 0.36203599999999997 0.344223 0.35723 0.34308700000000003 0.352457 0.344591 0.348182 0.348586 0.344825 0.35468299999999997 0.342715 0.362285 0.34205800000000003 0.370646 0.342918 0.37895 0.345211 0.386382 0.348713 0.392216
0 0.315557 0.397951 0.320086 0.40196 0.32515299999999997 0.403519 0.33026300000000003 0.40247700000000003 0.334914 0.398934 0.338651 0.39323800000000003 0.341109 0.385946 0.342048 0.377773 0.341374 0.369517 0.339154 0.36198800000000003 0.33560599999999996 0.35592199999999996 0.331077 0.35191300000000003 0.326009 0.350353 0.3209 0.351396 0.316249 0.354939 0.312512 0.360635 0.310053 0.36792600000000003 0.309115 0.3761 0.309789 0.384355 0.312008 0.391885 0.315557 0.397951
0 0.30038 0.363263 0.295788 0.35935100000000003 0.290698 0.35800299999999996 0.285607 0.35935100000000003 0.281015 0.363263 0.277371 0.369355 0.27503099999999997 0.377032 0.274225 0.385542 0.27503099999999997 0.39405199999999996 0.277371 0.401729 0.281015 0.40782100000000004 0.285607 0.411733 0.290698 0.41308100000000003 0.295788 0.411733 0.30038 0.40782100000000004 0.304025 0.401729 0.30636399999999997 0.39405199999999996 0.30717099999999997 0.385542 0.30636399999999997 0.377032 0.304025 0.369355 0.30038 0.363263
0 0.300049 0.445662 0.304577 0.44959800000000005 0.309644 0.451138 0.314753 0.450133 0.319405 0.44668 0.323144 0.44111700000000004 0.325603 0.43399 0.32654299999999997 0.425995 0.325871 0.417915 0.323653 0.41054199999999996 0.320106 0.404596 0.315578 0.40065999999999996 0.310511 0.39912000000000003 0.305402 0.40012499999999995 0.30074999999999996 0.403578 0.297011 0.409141 0.29455200000000004 0.41626799999999997 0.293612 0.424263 0.294284 0.43234300000000003 0.296502 0.439717 0.300049 0.445662
0 0.42017499999999997 0.42471699999999996 0.424751 0.423013 0.428725 0.41882 0.431708 0.412549 0.433408 0.404814 0.43366 0.396372 0.432438 0.388049 0.429861 0.38066 0.426183 0.37492899999999996 0.421763 0.371415 0.417034 0.370464 0.412458 0.372168 0.40848500000000004 0.376361 0.405501 0.38263199999999997 0.40380099999999997 0.390367 0.40354900000000005 0.398809 0.404772 0.407132 0.407348 0.414521 0.411026 0.42025199999999996 0.41544600000000004 0.423766 0.42017499999999997 0.42471699999999996
0 0.43750799999999995 0.329258 0.43306300000000003 0.327015 0.42843600000000004 0.327299 0.42408 0.330084 0.42042 0.335096 0.417816 0.341845 0.41652300000000003 0.34967000000000004 0.41666600000000004 0.35780599999999996 0.418232 0.365455 0.421067 0.37187000000000003 0.42489499999999997 0.376421 0.42934 0.378665 0.433967 0.37838 0.438323 0.375596 0.441983 0.37058399999999997 0.444587 0.363835 0.44588099999999997 0.35601 0.445737 0.347874 0.444172 0.340225 0.441336 0.33381 0.43750799999999995 0.329258
0 0.32848099999999997 0.179426 0.323889 0.17526999999999998 0.318798 0.173838 0.313708 0.17526999999999998 0.309116 0.179426 0.305472 0.1859 0.303132 0.194056 0.302326 0.203098 0.303132 0.21214 0.305472 0.22029700000000002 0.309116 0.22677 0.313708 0.23092600000000002 0.318798 0.232358 0.323889 0.23092600000000002 0.32848099999999997 0.22677 0.332125 0.22029700000000002 0.334465 0.21214 0.335271 0.203098 0.334465 0.194056 0.332125 0.1859 0.32848099999999997 0.179426
0 0.35795 0.177376 0.353628 0.173465 0.348837 0.17211700000000002 0.34404599999999996 0.173465 0.339724 0.177376 0.336294 0.183469 0.334092 0.19114599999999998 0.333333 0.199656 0.334092 0.208166 0.336294 0.215843 0.339724 0.221935 0.34404599999999996 0.225847 0.348837 0.22719399999999998 0.353628 0.225847 0.35795 0.221935 0.36138 0.215843 0.36358199999999996 0.208166 0.36434099999999997 0.199656 0.36358199999999996 0.19114599999999998 0.36138 0.183469 0.35795 0.177376
0 0.29821200000000003 0.215206 0.293595 0.21725 0.289643 0.22178399999999998 0.286743 0.228364 0.28517899999999996 0.23634499999999997 0.285103 0.24494699999999997 0.28652299999999997 0.253328 0.289301 0.260667 0.293163 0.266245 0.29773299999999997 0.26951800000000004 0.302563 0.27016399999999996 0.30718 0.26812 0.311132 0.263586 0.314032 0.25700599999999996 0.315597 0.249025 0.315672 0.240423 0.31425200000000003 0.232042 0.311475 0.224703 0.307612 0.21912500000000001 0.303042 0.21585200000000002 0.29821200000000003 0.215206
0 0.295535 0.268598 0.290943 0.264687 0.285853 0.263339 0.280762 0.264687 0.27616999999999997 0.268598 0.272526 0.274691 0.270186 0.282368 0.26938 0.290878 0.270186 0.299388 0.272526 0.30706500000000003 0.27616999999999997 0.313157 0.280762 0.317069 0.285853 0.318417 0.290943 0.317069 0.295535 0.313157 0.29918 0.30706500000000003 0.301519 0.299388 0.302326 0.290878 0.301519 0.282368 0.29918 0.274691 0.295535 0.268598
0 0.364786 0.26733799999999996 0.36019100000000004 0.26321300000000003 0.355054 0.261627 0.349878 0.26273599999999997 0.34516800000000003 0.266432 0.341387 0.27235200000000004 0.338904 0.279916 0.337963 0.288386 0.33865500000000004 0.296931 0.340913 0.30471400000000004 0.344516 0.310975 0.349111 0.3151 0.354248 0.31668599999999997 0.359425 0.315577 0.364134 0.311882 0.367915 0.30596199999999996 0.370398 0.29839699999999997 0.371339 0.289928 0.370647 0.281383 0.36838899999999997 0.27359900000000004 0.364786 0.26733799999999996
0 0.396624 0.259551 0.392123 0.25585399999999997 0.387178 0.254743 0.38227500000000003 0.256327 0.377892 0.26044999999999996 0.37446 0.266709 0.372313 0.274492 0.37166299999999997 0.283036 0.372572 0.291506 0.374952 0.299071 0.37856999999999996 0.30499200000000004 0.383071 0.308689 0.388015 0.309801 0.392919 0.308217 0.397301 0.304094 0.40073400000000003 0.29783499999999996 0.40288 0.29005200000000003 0.403531 0.281508 0.40262200000000004 0.273038 0.400242 0.26547299999999996 0.396624 0.259551
0 0.387147 0.25497800000000004 0.391664 0.258725 0.396637 0.259891 0.401579 0.258362 0.40600500000000006 0.25428799999999996 0.40948399999999996 0.24806699999999998 0.41167299999999996 0.24030800000000002 0.41235999999999995 0.231771 0.41147600000000006 0.223292 0.40910900000000006 0.2157 0.40548900000000004 0.20973799999999998 0.400972 0.20599099999999998 0.395999 0.20482499999999998 0.391057 0.206354 0.38663 0.210428 0.383152 0.216649 0.38096199999999997 0.224408 0.380276 0.232945 0.38115899999999997 0.241424 0.383527 0.249016 0.387147 0.25497800000000004
0 0.377104 0.22098800000000002 0.372707 0.21680899999999997 0.367775 0.215162 0.362792 0.21621 0.35824500000000004 0.21984900000000002 0.35458 0.22572299999999998 0.35215399999999997 0.23325800000000002 0.351206 0.241716 0.351828 0.250268 0.35396 0.258078 0.35739200000000004 0.264382 0.36179 0.268561 0.36672099999999996 0.270208 0.371704 0.26916 0.376251 0.265521 0.379917 0.259647 0.382342 0.252112 0.38329 0.24365399999999998 0.382668 0.235102 0.380536 0.227292 0.377104 0.22098800000000002
0 0.28279899999999997 0.31603400000000004 0.278342 0.312498 0.273481 0.311564 0.26869299999999996 0.313321 0.264447 0.3176 0.261157 0.32398 0.259147 0.331837 0.258613 0.340403 0.25960700000000003 0.348838 0.262032 0.35631599999999997 0.26565 0.362107 0.270108 0.365643 0.274969 0.36657799999999996 0.279757 0.36482000000000003 0.284003 0.360541 0.287292 0.354161 0.289302 0.346304 0.289837 0.337738 0.288843 0.329304 0.286418 0.32182499999999997 0.28279899999999997 0.31603400000000004
0 0.313377 0.31507 0.30905499999999997 0.311159 0.304264 0.309811 0.299473 0.311159 0.295151 0.31507 0.291721 0.321163 0.28951899999999997 0.328839 0.28876 0.337349 0.28951899999999997 0.345859 0.291721 0.35353599999999996 0.295151 0.35962900000000003 0.299473 0.36354000000000003 0.304264 0.364888 0.30905499999999997 0.36354000000000003 0.313377 0.35962900000000003 0.31680600000000003 0.35353599999999996 0.319009 0.345859 0.319767 0.337349 0.319009 0.328839 0.31680600000000003 0.321163 0.313377 0.31507
0 0.345923 0.30818500000000004 0.341331 0.304274 0.33624 0.302926 0.33115 0.304274 0.326558 0.30818500000000004 0.322913 0.314278 0.320574 0.321955 0.319767 0.330465 0.320574 0.33897499999999997 0.322913 0.346652 0.326558 0.352744 0.33115 0.356656 0.33624 0.35800299999999996 0.341331 0.356656 0.345923 0.352744 0.349567 0.346652 0.351907 0.33897499999999997 0.352713 0.330465 0.351907 0.321955 0.349567 0.314278 0.345923 0.30818500000000004
0 0.282938 0.406292 0.278346 0.402381 0.273256 0.401033 0.268165 0.402381 0.263573 0.406292 0.25992899999999997 0.412385 0.25758899999999996 0.420061 0.256783 0.428571 0.25758899999999996 0.43708099999999994 0.25992899999999997 0.44475800000000004 0.263573 0.450851 0.268165 0.454762 0.273256 0.45610999999999996 0.278346 0.454762 0.282938 0.450851 0.286583 0.44475800000000004 0.288922 0.43708099999999994 0.289729 0.428571 0.288922 0.420061 0.286583 0.412385 0.282938 0.406292
0 0.318791 0.45243500000000003 0.314199 0.448768 0.30910899999999997 0.447504 0.304018 0.448768 0.299426 0.45243500000000003 0.295782 0.458147 0.293442 0.465344 0.292636 0.473322 0.293442 0.48129999999999995 0.295782 0.488497 0.299426 0.494209 0.304018 0.49787600000000004 0.30910899999999997 0.499139 0.314199 0.49787600000000004 0.318791 0.494209 0.32243499999999997 0.488497 0.324775 0.48129999999999995 0.325581 0.473322 0.324775 0.465344 0.32243499999999997 0.458147 0.318791 0.45243500000000003
0 0.339539 0.48857999999999996 0.335217 0.484912 0.330426 0.48364900000000005 0.325635 0.484912 0.321313 0.48857999999999996 0.317883 0.49429100000000004 0.315681 0.5014879999999999 0.31492200000000004 0.509466 0.315681 0.517445 0.317883 0.5246419999999999 0.321313 0.5303530000000001 0.325635 0.53402 0.330426 0.535284 0.335217 0.53402 0.339539 0.5303530000000001 0.34296899999999997 0.5246419999999999 0.345171 0.517445 0.34592999999999996 0.509466 0.345171 0.5014879999999999 0.34296899999999997 0.49429100000000004 0.339539 0.48857999999999996
0 0.30910099999999996 0.49751399999999996 0.30450900000000003 0.49360299999999996 0.299419 0.492255 0.29432800000000003 0.49360299999999996 0.289736 0.49751399999999996 0.286092 0.5036069999999999 0.283752 0.5112840000000001 0.28294600000000003 0.5197930000000001 0.283752 0.528303 0.286092 0.53598 0.289736 0.542073 0.29432800000000003 0.545984 0.299419 0.547332 0.30450900000000003 0.545984 0.30910099999999996 0.542073 0.312745 0.53598 0.315085 0.528303 0.31589100000000003 0.5197930000000001 0.315085 0.5112840000000001 0.312745 0.5036069999999999 0.30910099999999996 0.49751399999999996
0 0.28915199999999996 0.457599 0.28483 0.45393100000000003 0.28003900000000004 0.45266799999999996 0.275248 0.45393100000000003 0.270926 0.457599 0.267496 0.46331 0.26529400000000003 0.470507 0.264535 0.47848499999999994 0.26529400000000003 0.486463 0.267496 0.493661 0.270926 0.499372 0.275248 0.503039 0.28003900000000004 0.504303 0.28483 0.503039 0.28915199999999996 0.499372 0.292582 0.493661 0.294784 0.486463 0.295543 0.47848499999999994 0.294784 0.470507 0.292582 0.46331 0.28915199999999996 0.457599
0 0.32888 0.5333300000000001 0.324558 0.529663 0.319767 0.5283990000000001 0.31497600000000003 0.529663 0.310654 0.5333300000000001 0.30722499999999997 0.539042 0.305022 0.546239 0.304264 0.554217 0.305022 0.562195 0.30722499999999997 0.569392 0.310654 0.575104 0.31497600000000003 0.5787709999999999 0.319767 0.580034 0.324558 0.5787709999999999 0.32888 0.575104 0.33231 0.569392 0.334513 0.562195 0.335271 0.554217 0.334513 0.546239 0.33231 0.539042 0.32888 0.5333300000000001
0 0.354033 0.5723499999999999 0.357834 0.5684210000000001 0.360754 0.562597 0.362507 0.555447 0.362923 0.547671 0.36196 0.54003 0.359712 0.533273 0.356399 0.52806 0.352347 0.524903 0.347951 0.5241089999999999 0.343641 0.525757 0.339841 0.529685 0.33692099999999997 0.53551 0.335167 0.5426599999999999 0.334751 0.550436 0.335715 0.558076 0.337963 0.5648340000000001 0.341275 0.5700459999999999 0.34532799999999997 0.5732039999999999 0.34972400000000003 0.573998 0.354033 0.5723499999999999
0 0.367672 0.5756870000000001 0.37193 0.579349 0.376679 0.580719 0.381452 0.579663 0.385784 0.576285 0.38925 0.5709150000000001 0.391511 0.5640799999999999 0.392345 0.556447 0.391671 0.548764 0.389555 0.541784 0.386204 0.536189 0.381946 0.532528 0.377197 0.531157 0.372424 0.5322129999999999 0.368092 0.5355909999999999 0.364626 0.540961 0.362365 0.5477960000000001 0.361531 0.555429 0.362205 0.5631120000000001 0.364321 0.570092 0.367672 0.5756870000000001
0 0.369578 0.48685799999999996 0.36525599999999997 0.483191 0.360465 0.481928 0.355674 0.483191 0.351352 0.48685799999999996 0.347922 0.49257 0.34571999999999997 0.499767 0.34496099999999996 0.507745 0.34571999999999997 0.515723 0.347922 0.5229199999999999 0.351352 0.528632 0.355674 0.532299 0.360465 0.533563 0.36525599999999997 0.532299 0.369578 0.528632 0.373008 0.5229199999999999 0.37521 0.515723 0.375969 0.507745 0.37521 0.499767 0.373008 0.49257 0.369578 0.48685799999999996
0 0.38102800000000003 0.5336960000000001 0.385012 0.53741 0.389439 0.538726 0.39387500000000003 0.537514 0.397887 0.533894 0.40108 0.528219 0.403144 0.521046 0.403876 0.513077 0.403203 0.505091 0.401193 0.49787 0.398042 0.49212100000000003 0.394058 0.48840700000000004 0.389631 0.48709199999999997 0.385194 0.488303 0.381183 0.49192400000000003 0.377989 0.497598 0.375926 0.5047710000000001 0.37519399999999997 0.512741 0.375866 0.520727 0.377877 0.5279480000000001 0.38102800000000003 0.5336960000000001
0 0.424455 0.505698 0.420256 0.5020749999999999 0.41561000000000003 0.500861 0.41097400000000006 0.502174 0.406799 0.5058860000000001 0.40349599999999997 0.511633 0.401387 0.518852 0.40067899999999995 0.5268379999999999 0.401441 0.5348080000000001 0.403598 0.541983 0.40693999999999997 0.547659 0.41113900000000003 0.551281 0.41578499999999996 0.552495 0.420422 0.5511820000000001 0.42459600000000003 0.547471 0.4279 0.541724 0.430009 0.534504 0.430717 0.526518 0.429955 0.518548 0.427797 0.511374 0.424455 0.505698
0 0.33368699999999996 0.48746999999999996 0.33811800000000003 0.491158 0.343029 0.492427 0.34794 0.491151 0.35236900000000004 0.48745700000000003 0.355883 0.481704 0.358139 0.474457 0.358915 0.46642599999999995 0.358135 0.458395 0.35587599999999997 0.451152 0.352359 0.445404 0.347928 0.441716 0.343017 0.44044800000000006 0.338107 0.441723 0.33367800000000003 0.445418 0.330163 0.45117 0.327908 0.458417 0.327132 0.466449 0.327911 0.474479 0.33016999999999996 0.481723 0.33368699999999996 0.48746999999999996
0 0.441283 0.428667 0.436962 0.424756 0.432171 0.42340799999999995 0.42738 0.424756 0.423058 0.428667 0.419628 0.43476 0.417425 0.44243699999999997 0.416667 0.45094700000000004 0.417425 0.459457 0.419628 0.467134 0.423058 0.47322600000000004 0.42738 0.47713799999999995 0.432171 0.47848499999999994 0.436962 0.47713799999999995 0.441283 0.47322600000000004 0.44471299999999997 0.467134 0.446916 0.459457 0.447674 0.45094700000000004 0.446916 0.44243699999999997 0.44471299999999997 0.43476 0.441283 0.428667
0 0.41899699999999995 0.45932000000000006 0.414675 0.45565300000000003 0.409884 0.45438900000000004 0.40509300000000004 0.45565300000000003 0.40077100000000004 0.45932000000000006 0.397341 0.465031 0.395139 0.472228 0.39438 0.48020699999999994 0.395139 0.488185 0.397341 0.49538200000000004 0.40077100000000004 0.501093 0.40509300000000004 0.50476 0.409884 0.506024 0.414675 0.50476 0.41899699999999995 0.501093 0.422427 0.49538200000000004 0.42462900000000003 0.488185 0.425388 0.48020699999999994 0.42462900000000003 0.472228 0.422427 0.465031 0.41899699999999995 0.45932000000000006
0 0.44523900000000005 0.47590199999999994 0.441134 0.472712 0.436625 0.47177300000000005 0.432154 0.473175 0.42816 0.47678200000000004 0.425032 0.48224 0.423077 0.489016 0.422487 0.496446 0.42331899999999995 0.5038020000000001 0.42549099999999995 0.510365 0.42879199999999995 0.515492 0.432897 0.518682 0.437406 0.519622 0.441877 0.518219 0.445871 0.514612 0.448999 0.509154 0.450954 0.502378 0.451544 0.49494800000000005 0.45071199999999995 0.48759199999999997 0.44854000000000005 0.48102900000000004 0.44523900000000005 0.47590199999999994
0 0.409307 0.41628999999999994 0.40498500000000004 0.41262299999999996 0.40019400000000005 0.41136 0.395403 0.41262299999999996 0.391081 0.41628999999999994 0.387651 0.422002 0.38544900000000004 0.429199 0.38469000000000003 0.437177 0.38544900000000004 0.445155 0.387651 0.45235200000000003 0.391081 0.45806399999999997 0.395403 0.461731 0.40019400000000005 0.462995 0.40498500000000004 0.461731 0.409307 0.45806399999999997 0.412737 0.45235200000000003 0.41493900000000006 0.445155 0.415698 0.437177 0.41493900000000006 0.429199 0.412737 0.422002 0.409307 0.41628999999999994
0 0.46533800000000003 0.44177900000000003 0.461556 0.438357 0.457364 0.437177 0.453172 0.438357 0.449391 0.44177900000000003 0.44638900000000004 0.44711 0.44446199999999997 0.453827 0.44379799999999997 0.46127399999999996 0.44446199999999997 0.46871999999999997 0.44638900000000004 0.475437 0.449391 0.48076800000000003 0.453172 0.48419100000000004 0.457364 0.48536999999999997 0.461556 0.48419100000000004 0.46533800000000003 0.48076800000000003 0.468339 0.475437 0.47026599999999996 0.46871999999999997 0.47092999999999996 0.46127399999999996 0.47026599999999996 0.453827 0.468339 0.44711 0.46533800000000003 0.44177900000000003
0 0.454779 0.38644 0.45064399999999993 0.38306399999999996 0.446124 0.38212 0.441661 0.383702 0.437692 0.38765499999999997 0.434605 0.39359 0.43270200000000003 0.40092800000000006 0.432171 0.40895099999999995 0.43306199999999995 0.416872 0.435288 0.423916 0.438632 0.42939499999999997 0.442767 0.43277099999999996 0.44728700000000005 0.433714 0.45175 0.432132 0.45571900000000004 0.42817999999999995 0.45880599999999994 0.42224500000000004 0.46070900000000004 0.41490600000000005 0.46124 0.40688399999999997 0.460349 0.398963 0.45812299999999995 0.391918 0.454779 0.38644
0 0.480443 0.399079 0.476391 0.395412 0.47189899999999996 0.394148 0.467408 0.395412 0.463356 0.399079 0.46014 0.40479000000000004 0.458076 0.411988 0.457364 0.41996599999999995 0.458076 0.427944 0.46014 0.43514099999999994 0.463356 0.440852 0.467408 0.44451999999999997 0.47189899999999996 0.44578300000000004 0.476391 0.44451999999999997 0.480443 0.440852 0.483658 0.43514099999999994 0.485723 0.427944 0.48643400000000003 0.41996599999999995 0.485723 0.411988 0.483658 0.40479000000000004 0.480443 0.399079
0 0.46784600000000004 0.34228000000000003 0.46379400000000004 0.338613 0.459302 0.337349 0.454811 0.338613 0.450759 0.34228000000000003 0.447543 0.34799199999999997 0.445479 0.35518900000000003 0.44476699999999997 0.363167 0.445479 0.371145 0.447543 0.378342 0.450759 0.384054 0.454811 0.387721 0.459302 0.388985 0.46379400000000004 0.387721 0.46784600000000004 0.384054 0.471061 0.378342 0.473126 0.371145 0.47383699999999995 0.363167 0.473126 0.35518900000000003 0.471061 0.34799199999999997 0.46784600000000004 0.34228000000000003
0 0.49304 0.356049 0.488988 0.35238200000000003 0.48449600000000004 0.351119 0.48000499999999996 0.35238200000000003 0.47595299999999996 0.356049 0.47273699999999996 0.361761 0.470673 0.368958 0.46996099999999996 0.376936 0.470673 0.384914 0.47273699999999996 0.392111 0.47595299999999996 0.397823 0.48000499999999996 0.40149 0.48449600000000004 0.402754 0.488988 0.40149 0.49304 0.397823 0.496255 0.392111 0.49832 0.384914 0.499031 0.376936 0.49832 0.368958 0.496255 0.361761 0.49304 0.356049
0 0.458725 0.294087 0.454403 0.29042 0.449612 0.289157 0.444821 0.29042 0.440499 0.294087 0.43707 0.29979900000000004 0.434867 0.306996 0.434109 0.314974 0.434867 0.322952 0.43707 0.33014899999999997 0.440499 0.335861 0.444821 0.339528 0.449612 0.340792 0.454403 0.339528 0.458725 0.335861 0.462155 0.33014899999999997 0.464357 0.322952 0.465116 0.314974 0.464357 0.306996 0.462155 0.29979900000000004 0.458725 0.294087
0 0.38411300000000004 0.30818500000000004 0.379791 0.304274 0.375 0.302926 0.370209 0.304274 0.36588699999999996 0.30818500000000004 0.362457 0.314278 0.360255 0.321955 0.359496 0.330465 0.360255 0.33897499999999997 0.362457 0.346652 0.36588699999999996 0.352744 0.370209 0.356656 0.375 0.35800299999999996 0.379791 0.356656 0.38411300000000004 0.352744 0.387543 0.346652 0.389745 0.33897499999999997 0.390504 0.330465 0.389745 0.321955 0.387543 0.314278 0.38411300000000004 0.30818500000000004
0 0.41212799999999994 0.307 0.40763999999999995 0.303741 0.402804 0.303099 0.39809100000000003 0.30513599999999996 0.393963 0.309651 0.390825 0.31620400000000004 0.38898299999999997 0.324154 0.388618 0.33272 0.389766 0.341066 0.392313 0.348375 0.396012 0.35392999999999997 0.40049900000000005 0.357188 0.405336 0.35783 0.410049 0.355794 0.414176 0.351278 0.417315 0.344725 0.41915699999999995 0.336776 0.419522 0.32820900000000003 0.418374 0.319863 0.41582600000000003 0.312555 0.41212799999999994 0.307
0 0.418735 0.256931 0.413893 0.258026 0.40941700000000003 0.261663 0.405746 0.267486 0.403239 0.274925 0.40214 0.283252 0.402559 0.291651 0.404454 0.2993 0.40763800000000006 0.30545100000000003 0.41180199999999995 0.309502 0.41653599999999996 0.311056 0.421378 0.30996 0.425854 0.306323 0.42952500000000005 0.3005 0.432033 0.293061 0.43313100000000004 0.284735 0.432712 0.276335 0.43081800000000003 0.268686 0.427633 0.262535 0.42347 0.258484 0.418735 0.256931
0 0.416756 0.257106 0.421158 0.260753 0.42597399999999996 0.261789 0.43073300000000003 0.260113 0.434969 0.255889 0.438267 0.24952899999999997 0.440304 0.241658 0.44088099999999997 0.23304399999999997 0.43994099999999997 0.224532 0.437577 0.216954 0.434019 0.211053 0.429617 0.207405 0.424801 0.20636899999999997 0.420042 0.20804499999999998 0.415806 0.21227000000000001 0.412509 0.21862900000000002 0.41047200000000006 0.226501 0.409895 0.235114 0.41083400000000003 0.24362599999999998 0.41319800000000007 0.251204 0.416756 0.257106
0 0.325574 0.268598 0.320982 0.264687 0.31589100000000003 0.263339 0.310801 0.264687 0.306209 0.268598 0.30256500000000003 0.274691 0.300225 0.282368 0.299419 0.290878 0.300225 0.299388 0.30256500000000003 0.30706500000000003 0.306209 0.313157 0.310801 0.317069 0.31589100000000003 0.318417 0.320982 0.317069 0.325574 0.313157 0.329218 0.30706500000000003 0.331558 0.299388 0.332364 0.290878 0.331558 0.282368 0.329218 0.274691 0.325574 0.268598
0 0.32681499999999997 0.271017 0.331081 0.27505199999999996 0.335851 0.276592 0.340659 0.275487 0.345035 0.271845 0.34855 0.266023 0.35086 0.25859 0.35173899999999997 0.250274 0.351101 0.24189 0.349008 0.234257 0.345665 0.228123 0.34140000000000004 0.224088 0.33663 0.22254800000000002 0.33182100000000003 0.22365200000000002 0.327445 0.22729400000000002 0.32393 0.23311600000000002 0.32162 0.24054899999999999 0.32074199999999997 0.24886499999999998 0.32138 0.25725 0.323473 0.264883 0.32681499999999997 0.271017
0 0.363625 0.479982 0.36768999999999996 0.48350400000000004 0.372186 0.484681 0.376673 0.483399 0.380712 0.479782 0.383907 0.474185 0.385945 0.467156 0.386628 0.459382 0.385887 0.45162500000000005 0.383797 0.44464499999999996 0.38056100000000004 0.43912300000000004 0.376496 0.435601 0.372 0.43442400000000003 0.367513 0.435706 0.36347399999999996 0.439323 0.360279 0.44492000000000004 0.358241 0.45194900000000005 0.357558 0.459723 0.35829900000000003 0.46748 0.36038899999999996 0.47446 0.363625 0.479982
0 0.378876 0.383821 0.380814 0.388985 0.38469000000000003 0.39242699999999997 0.389535 0.39586899999999997 0.398256 0.390706 0.40019400000000005 0.387263 0.40407000000000004 0.38037899999999997 0.40503900000000004 0.371773 0.40503900000000004 0.364888 0.40503900000000004 0.354561 0.40310100000000004 0.354561 0.40116300000000005 0.35284 0.399225 0.351119 0.396318 0.347676 0.39438 0.34423400000000004 0.392442 0.340792 0.387597 0.340792 0.386628 0.345955 0.383721 0.351119 0.380814 0.35284 0.376938 0.354561 0.375969 0.35972499999999996 0.375969 0.364888 0.375969 0.370052 0.376938 0.376936 0.378876 0.383821