0 0.408902 0.744598 0.415415 0.738389 0.419655 0.730461 0.421206 0.721592 0.419917 0.712647 0.41591300000000003 0.7045049999999999 0.409587 0.6979599999999999 0.40155799999999997 0.693655 0.392611 0.69201 0.383623 0.6931860000000001 0.375473 0.697069 0.36896 0.703278 0.36472000000000004 0.711205 0.36316899999999996 0.720075 0.364458 0.729019 0.36846199999999996 0.737162 0.374788 0.743707 0.382817 0.748012 0.391764 0.749657 0.40075200000000005 0.7484810000000001 0.408902 0.744598
0 0.42113300000000004 0.199469 0.421622 0.183445 0.418389 0.167717 0.41174999999999995 0.153823 0.402355 0.143124 0.391123 0.136666 0.379155 0.135083 0.36762100000000003 0.13852899999999999 0.35764999999999997 0.14666600000000002 0.350219 0.158698 0.346055 0.173448 0.345565 0.189471 0.348798 0.2052 0.355437 0.21909299999999998 0.364833 0.229793 0.376064 0.23625 0.38803299999999996 0.23783400000000002 0.399567 0.23438799999999999 0.40953799999999996 0.22625099999999998 0.41696900000000003 0.214219 0.42113300000000004 0.199469
0 0.497344 0.203376 0.49848400000000004 0.18743 0.495871 0.171796 0.48976300000000006 0.158005 0.480757 0.147407 0.469734 0.14104 0.457773 0.139527 0.44604600000000005 0.143015 0.43570000000000003 0.15116400000000002 0.42774799999999996 0.16317500000000001 0.422968 0.177874 0.42182899999999995 0.19382 0.424441 0.20945399999999997 0.43054899999999996 0.223245 0.43955599999999995 0.23384299999999997 0.450579 0.24020999999999998 0.46253900000000003 0.241723 0.47426599999999997 0.23823500000000003 0.484612 0.230086 0.49256399999999995 0.21807500000000002 0.497344 0.203376
0 0.570782 0.20754299999999998 0.571921 0.19159600000000002 0.569309 0.175962 0.5632010000000001 0.162172 0.5541940000000001 0.15157400000000001 0.543171 0.145207 0.531211 0.14369300000000002 0.5194840000000001 0.14718199999999998 0.509138 0.15533 0.501186 0.167342 0.496406 0.18204 0.495266 0.197987 0.497879 0.213621 0.503987 0.227412 0.512993 0.238009 0.524016 0.244377 0.535977 0.24589 0.547704 0.242402 0.5580499999999999 0.234253 0.566002 0.222241 0.570782 0.20754299999999998
0 0.649637 0.20622400000000002 0.650357 0.189755 0.647218 0.174084 0.640528 0.160747 0.630941 0.15104800000000002 0.619397 0.145937 0.607024 0.14591400000000002 0.595034 0.150981 0.5846009999999999 0.160643 0.576746 0.173953 0.572238 0.189609 0.571518 0.20607899999999998 0.574657 0.22174900000000003 0.581347 0.235086 0.5909340000000001 0.24478499999999997 0.602478 0.24989599999999998 0.614851 0.249919 0.626841 0.244852 0.637274 0.23519 0.6451290000000001 0.22188 0.649637 0.20622400000000002
0 0.312884 0.131807 0.301045 0.131148 0.290021 0.135394 0.28089200000000003 0.144129 0.274551 0.156497 0.271619 0.171288 0.272382 0.187054 0.276767 0.20225200000000002 0.28434400000000004 0.215395 0.294371 0.22519499999999998 0.305866 0.23069299999999998 0.317705 0.231352 0.328729 0.22710599999999997 0.337858 0.218371 0.34419900000000003 0.206003 0.34713099999999997 0.191212 0.346368 0.175446 0.34198300000000004 0.160248 0.334406 0.14710499999999999 0.32437900000000003 0.137305 0.312884 0.131807
0 0.330554 0.149208 0.34321799999999997 0.15254700000000002 0.355704 0.150436 0.366792 0.14308300000000002 0.375394 0.131206 0.38066900000000004 0.11596900000000002 0.38210099999999997 0.098863 0.37955 0.081562 0.373264 0.06576 0.363861 0.053003999999999996 0.352259 0.044542 0.339595 0.041203000000000004 0.327108 0.043314000000000005 0.316021 0.050667 0.307419 0.062544 0.302143 0.077781 0.300711 0.094887 0.303263 0.112188 0.309548 0.12799 0.318952 0.14074599999999998 0.330554 0.149208
0 0.39033799999999996 0.137709 0.40004999999999996 0.148836 0.41174499999999997 0.15528599999999998 0.424279 0.15642499999999998 0.436425 0.152143 0.446993 0.142859 0.45495 0.129482 0.459516 0.113321 0.460245 0.095957 0.45706499999999994 0.079092 0.450287 0.064375 0.44057500000000005 0.053247 0.42888000000000004 0.046798 0.416346 0.045658 0.4042 0.04994 0.393632 0.059224 0.385675 0.072601 0.38110900000000003 0.08876300000000001 0.38038 0.10612600000000001 0.38356 0.12299199999999999 0.39033799999999996 0.137709
0 0.236557 0.145171 0.22466499999999998 0.145035 0.2138 0.14977000000000001 0.205025 0.158911 0.1992 0.171565 0.196895 0.186492 0.19833499999999998 0.20223200000000002 0.20337900000000003 0.217244 0.21153400000000003 0.230058 0.22200099999999998 0.239419 0.233756 0.244412 0.245648 0.244548 0.256513 0.23981400000000003 0.265287 0.230672 0.271112 0.218018 0.273417 0.203091 0.271978 0.187351 0.266933 0.17234 0.258779 0.159526 0.248312 0.15016400000000002 0.236557 0.145171
0 0.162365 0.141268 0.150238 0.14099 0.139235 0.145673 0.130433 0.154858 0.12469300000000001 0.16764600000000002 0.122578 0.182786 0.12429399999999999 0.198795 0.129674 0.214106 0.13818999999999998 0.22722000000000003 0.149009 0.23685399999999998 0.161073 0.24206500000000003 0.1732 0.24234300000000003 0.184202 0.23765999999999998 0.193005 0.22847499999999998 0.198744 0.21568700000000002 0.20085899999999998 0.200548 0.19914300000000001 0.184539 0.193764 0.169228 0.185248 0.156113 0.174428 0.146479 0.162365 0.141268
0 0.086618 0.136672 0.07425699999999999 0.135214 0.063116 0.138874 0.05428500000000001 0.14729399999999998 0.048629 0.15964899999999999 0.046702 0.174731 0.048692 0.191063 0.054403999999999994 0.207045 0.063279 0.221115 0.074449 0.231894 0.08682 0.238328 0.09918099999999999 0.239786 0.110322 0.236126 0.119152 0.22770600000000002 0.124808 0.215351 0.12673600000000002 0.20026899999999997 0.124746 0.183937 0.119034 0.16795500000000002 0.110158 0.153885 0.09898900000000001 0.143106 0.086618 0.136672
0 0.068774 0.315923 0.08063000000000001 0.31578 0.09094100000000001 0.31093099999999996 0.09869700000000001 0.301851 0.10313900000000001 0.289429 0.103833 0.27488100000000004 0.10071000000000001 0.25962999999999997 0.094076 0.24517099999999997 0.08458099999999999 0.23291699999999999 0.073154 0.22407 0.060912999999999995 0.219493 0.049057 0.219637 0.038747 0.22448600000000002 0.030991 0.233566 0.026548 0.245988 0.025855 0.260536 0.028977999999999997 0.275786 0.035611 0.290246 0.045107 0.30249899999999996 0.056533999999999994 0.311347 0.068774 0.315923
0 0.13418000000000002 0.22400199999999998 0.122489 0.22390300000000002 0.112192 0.2285 0.104295 0.237342 0.09957200000000001 0.24956499999999998 0.098485 0.263971 0.101141 0.27915100000000004 0.10727899999999999 0.29361899999999996 0.116299 0.305959 0.127318 0.314962 0.139258 0.31974800000000003 0.150948 0.319847 0.161246 0.31525 0.169143 0.306408 0.17386600000000002 0.29418500000000003 0.174953 0.279779 0.17229699999999998 0.264599 0.166158 0.250131 0.157138 0.237791 0.146119 0.228788 0.13418000000000002 0.22400199999999998
0 0.207537 0.228777 0.196092 0.22823000000000002 0.185794 0.23236300000000001 0.177652 0.24077099999999999 0.172461 0.252632 0.17073100000000002 0.266784 0.172631 0.28184200000000004 0.177975 0.296333 0.186239 0.308838 0.196615 0.31813199999999997 0.208088 0.323306 0.21953299999999998 0.323853 0.22983099999999998 0.31972100000000003 0.237973 0.311313 0.243164 0.299452 0.244894 0.285299 0.24299400000000002 0.270241 0.23765 0.25575000000000003 0.229386 0.243246 0.21901 0.233952 0.207537 0.228777
0 0.275766 0.23195100000000002 0.26477300000000004 0.234152 0.25524 0.24065799999999998 0.2481 0.25083099999999997 0.244052 0.263676 0.243492 0.277936 0.246476 0.29221400000000003 0.25271 0.305112 0.261585 0.315369 0.272233 0.32198099999999996 0.283609 0.324299 0.294602 0.322098 0.304135 0.315592 0.311275 0.305419 0.315323 0.292574 0.315883 0.278314 0.312899 0.264036 0.306665 0.251138 0.29779 0.24088099999999998 0.287142 0.234269 0.275766 0.23195100000000002
0 0.347641 0.219451 0.336648 0.22165200000000002 0.327115 0.228158 0.319975 0.238331 0.31592699999999996 0.251176 0.315367 0.265436 0.318351 0.279714 0.324585 0.292612 0.33346 0.302869 0.34410799999999997 0.309481 0.355484 0.311799 0.366477 0.309598 0.37601 0.30309200000000003 0.38315 0.29291900000000004 0.38719800000000004 0.280074 0.387758 0.265814 0.384774 0.251536 0.37854 0.238638 0.369665 0.228381 0.35901700000000003 0.22176900000000002 0.347641 0.219451
0 0.45650500000000005 0.252812 0.450398 0.240204 0.44165200000000004 0.230696 0.43112300000000003 0.225219 0.41984199999999994 0.224309 0.40891200000000005 0.22805499999999998 0.399405 0.236091 0.39225 0.24762900000000002 0.388147 0.26154 0.3875 0.276464 0.39037 0.29093800000000003 0.396477 0.303546 0.405223 0.313054 0.415752 0.318531 0.42703300000000005 0.319441 0.437963 0.315695 0.44747000000000003 0.307659 0.45462499999999995 0.29612099999999997 0.45872799999999997 0.28220999999999996 0.459375 0.267286 0.45650500000000005 0.252812
0 0.461717 0.30667 0.468809 0.318656 0.47842 0.327287 0.489607 0.331717 0.501277 0.331513 0.512286 0.326695 0.5215569999999999 0.317734 0.5281830000000001 0.305508 0.531515 0.291213 0.531226 0.276249 0.527346 0.26208 0.5202530000000001 0.250094 0.510643 0.24146299999999998 0.49945500000000004 0.237033 0.487786 0.237237 0.476776 0.242055 0.46750499999999995 0.251016 0.460879 0.26324200000000003 0.45754799999999995 0.27753700000000003 0.457836 0.292501 0.461717 0.30667
0 0.601539 0.291679 0.602643 0.276677 0.600201 0.26232700000000003 0.5944499999999999 0.250033 0.585954 0.240998 0.575545 0.23610799999999998 0.564241 0.23584 0.553149 0.24022100000000002 0.543355 0.24882300000000002 0.535817 0.260802 0.531274 0.274988 0.530169 0.28999 0.5326120000000001 0.30434 0.538362 0.31663399999999997 0.5468580000000001 0.325669 0.557267 0.330559 0.568571 0.330827 0.579663 0.326445 0.589457 0.317844 0.5969949999999999 0.305864 0.601539 0.291679
0 0.676103 0.293812 0.678464 0.278933 0.677198 0.264383 0.672428 0.251586 0.664621 0.24179499999999998 0.654542 0.235968 0.643177 0.23467500000000002 0.6316390000000001 0.238043 0.621057 0.245743 0.612467 0.25701999999999997 0.606709 0.270771 0.604348 0.28565 0.605615 0.30019999999999997 0.6103850000000001 0.312997 0.618191 0.32278799999999996 0.62827 0.328616 0.639635 0.329908 0.651173 0.32654 0.661755 0.31884 0.670346 0.307563 0.676103 0.293812
0 0.679719 0.280905 0.677408 0.29559799999999997 0.678685 0.309804 0.683426 0.322132 0.691165 0.331377 0.701145 0.336632 0.71239 0.337384 0.723799 0.333559 0.734255 0.325531 0.742734 0.314086 0.748406 0.300345 0.7507170000000001 0.285652 0.74944 0.27144599999999997 0.744699 0.259118 0.7369600000000001 0.249873 0.72698 0.244618 0.715735 0.243866 0.704326 0.24769100000000002 0.69387 0.255719 0.685391 0.267164 0.679719 0.280905
0 0.7692789999999999 0.392246 0.773014 0.37883 0.773272 0.365548 0.770029 0.353701 0.763601 0.344449 0.754618 0.33869699999999997 0.7439600000000001 0.337009 0.732669 0.33955 0.7218519999999999 0.34607 0.712566 0.355932 0.705721 0.36817 0.701986 0.381587 0.701728 0.394869 0.704971 0.406716 0.711399 0.415968 0.7203820000000001 0.42171900000000007 0.7310399999999999 0.423407 0.742331 0.420867 0.753148 0.41434699999999997 0.7624340000000001 0.40448500000000004 0.7692789999999999 0.392246
0 0.697412 0.378209 0.700782 0.36463100000000004 0.700711 0.351049 0.6972050000000001 0.338791 0.690608 0.32905799999999996 0.681566 0.322803 0.670963 0.320637 0.659837 0.32277300000000003 0.649279 0.329002 0.64032 0.338714 0.633838 0.350958 0.630468 0.364535 0.630539 0.378118 0.634045 0.390375 0.6406419999999999 0.400108 0.6496839999999999 0.40636400000000006 0.6602870000000001 0.40853 0.671413 0.406393 0.681971 0.400165 0.69093 0.390453 0.697412 0.378209
0 0.625537 0.370917 0.628907 0.35734 0.628836 0.343757 0.62533 0.3315 0.618733 0.321767 0.609691 0.315511 0.599088 0.313345 0.587962 0.315482 0.577404 0.32171 0.568445 0.331422 0.561963 0.34366599999999997 0.558593 0.357244 0.558664 0.370826 0.56217 0.383084 0.568767 0.392817 0.577809 0.399072 0.588412 0.40123800000000004 0.599538 0.39910199999999996 0.610096 0.39287299999999997 0.619055 0.383161 0.625537 0.370917
0 0.5492 0.325061 0.53974 0.318504 0.529066 0.31605 0.518224 0.317938 0.508275 0.323985 0.500192 0.333598 0.49476699999999996 0.345836 0.49253 0.359502 0.49370200000000003 0.373257 0.498167 0.38575499999999996 0.505487 0.39577300000000004 0.514948 0.40232999999999997 0.525621 0.404784 0.536463 0.402895 0.546413 0.396848 0.554496 0.387235 0.559921 0.37499699999999997 0.562157 0.361332 0.560986 0.34757699999999997 0.556521 0.335079 0.5492 0.325061
0 0.482028 0.323881 0.473038 0.315879 0.46248199999999995 0.311828 0.45139199999999996 0.312126 0.440854 0.316743 0.43189900000000003 0.32522700000000004 0.42540500000000003 0.336747 0.42200699999999997 0.350177 0.422037 0.364202 0.42549200000000004 0.377448 0.43203500000000006 0.388619 0.44102399999999997 0.396621 0.451581 0.400672 0.462671 0.40037399999999995 0.47320900000000005 0.395757 0.482163 0.387273 0.488657 0.375753 0.492056 0.362323 0.49202599999999996 0.348298 0.48857 0.335052 0.482028 0.323881
0 0.398701 0.387855 0.408671 0.382745 0.416721 0.37392 0.42206299999999997 0.362243 0.42417499999999997 0.348859 0.422851 0.33507600000000004 0.418218 0.32224400000000003 0.410732 0.311619 0.40112500000000006 0.304242 0.390337 0.300834 0.379424 0.301728 0.369454 0.306838 0.361404 0.31566299999999997 0.356062 0.32734 0.35395 0.340725 0.355274 0.354507 0.35990700000000003 0.36733899999999997 0.36739299999999997 0.377964 0.377 0.38534199999999996 0.387788 0.38875000000000004 0.398701 0.387855
0 0.307958 0.313865 0.29776199999999997 0.318793 0.28954399999999997 0.32748900000000003 0.28410799999999997 0.339102 0.281987 0.35249600000000003 0.28338800000000003 0.366359 0.28817499999999996 0.37933500000000003 0.295877 0.390153 0.305742 0.397754 0.316804 0.40139500000000006 0.32798 0.400718 0.338176 0.395791 0.346394 0.387095 0.351829 0.375481 0.35395 0.362088 0.352549 0.348224 0.347763 0.335249 0.34006 0.324431 0.330195 0.31682899999999997 0.319133 0.313189 0.307958 0.313865
0 0.239208 0.311782 0.229012 0.316709 0.220794 0.325405 0.215358 0.337019 0.21323699999999998 0.350412 0.21463800000000002 0.364276 0.21942499999999998 0.377251 0.227127 0.388069 0.236992 0.395671 0.248054 0.399311 0.25922999999999996 0.39863499999999996 0.269426 0.393707 0.277644 0.385011 0.28307899999999997 0.373398 0.2852 0.360004 0.283799 0.346141 0.279013 0.333165 0.27131 0.322347 0.26144500000000004 0.314746 0.25038299999999997 0.311105 0.239208 0.311782
0 0.173897 0.309592 0.162979 0.31164200000000003 0.153773 0.31785399999999997 0.14718 0.327621 0.143845 0.339986 0.144096 0.35374 0.147907 0.367535 0.15490500000000001 0.380021 0.164406 0.389977 0.175479 0.396427 0.18704 0.398741 0.197959 0.396691 0.207165 0.390479 0.21375799999999998 0.380712 0.217092 0.368347 0.21684199999999998 0.35459399999999996 0.21303100000000003 0.34079899999999996 0.206032 0.328312 0.19653199999999998 0.318356 0.18545899999999998 0.311906 0.173897 0.309592
0 0.10720199999999999 0.305111 0.096382 0.306551 0.087217 0.31214200000000003 0.08060300000000001 0.321337 0.077188 0.333236 0.077306 0.346673 0.080945 0.36033499999999996 0.08775 0.37288299999999996 0.097054 0.383089 0.10794600000000001 0.389954 0.11936100000000001 0.392806 0.13018000000000002 0.391366 0.139346 0.385775 0.14596 0.37658 0.14937499999999998 0.364681 0.149257 0.351243 0.145617 0.337582 0.138812 0.325034 0.129509 0.314828 0.11861600000000001 0.307963 0.10720199999999999 0.305111
0 0.035877 0.300894 0.024878 0.30304600000000004 0.015802 0.309284 0.009538000000000001 0.318999 0.0067 0.33123800000000003 0.007565 0.344804 0.012048 0.358368 0.019711 0.370604 0.029804000000000004 0.380313 0.041338 0.386545 0.053185 0.38869 0.064185 0.386537 0.07326099999999999 0.380299 0.079525 0.370585 0.08236299999999999 0.358346 0.081498 0.34478 0.077015 0.331215 0.069351 0.31898 0.05925899999999999 0.30927099999999996 0.047724 0.303039 0.035877 0.300894
0 0.0759 0.379529 0.065612 0.381988 0.05716 0.388249 0.051371999999999994 0.3977 0.048814 0.409415 0.049738 0.422248 0.054052 0.43494299999999997 0.061334 0.446256 0.070872 0.455081 0.081731 0.460553 0.09285 0.46213800000000005 0.103138 0.45967900000000006 0.11159 0.453418 0.11737800000000001 0.44396699999999995 0.119936 0.43225100000000005 0.119012 0.419418 0.11469800000000001 0.406724 0.107416 0.395411 0.09787799999999999 0.386586 0.087019 0.381113 0.0759 0.379529
0 0.13877299999999998 0.38704299999999997 0.129156 0.39091 0.121503 0.398216 0.116564 0.408246 0.11482 0.42001799999999995 0.11644399999999999 0.43237899999999996 0.12127600000000001 0.44412 0.12884400000000001 0.454092 0.138405 0.46131700000000003 0.149026 0.46509 0.159665 0.46504 0.169281 0.46117299999999994 0.17693399999999998 0.45386699999999996 0.181874 0.443837 0.183617 0.432066 0.18199300000000002 0.419704 0.17716099999999999 0.40796299999999996 0.169594 0.397992 0.160032 0.390766 0.149412 0.38699300000000003 0.13877299999999998 0.38704299999999997
0 0.201152 0.39255 0.191325 0.39675099999999996 0.18357 0.40442999999999996 0.178647 0.41483600000000004 0.177038 0.426952 0.1789 0.43959000000000004 0.18405100000000002 0.451513 0.191987 0.461555 0.201931 0.468733 0.21290900000000001 0.47234299999999996 0.223848 0.472033 0.233675 0.467833 0.24142999999999998 0.46015300000000003 0.246353 0.449747 0.24796200000000002 0.43763199999999997 0.24609999999999999 0.424994 0.240949 0.41307 0.233013 0.40302800000000005 0.22306900000000002 0.395851 0.21209099999999997 0.39224000000000003 0.201152 0.39255
0 0.26880899999999996 0.392612 0.259071 0.396791 0.251352 0.40444500000000005 0.246407 0.414825 0.244719 0.426914 0.246454 0.43953 0.251442 0.45143700000000003 0.259196 0.46147 0.268955 0.468647 0.279764 0.472266 0.290566 0.47197100000000003 0.300304 0.46779200000000004 0.308023 0.460138 0.312968 0.44975899999999996 0.314656 0.437669 0.312921 0.425053 0.307933 0.41314599999999996 0.30017900000000003 0.403113 0.29042 0.395936 0.279611 0.392318 0.26880899999999996 0.392612
0 0.333737 0.39583 0.324613 0.401591 0.317743 0.41045999999999994 0.313802 0.421567 0.313175 0.433826 0.315923 0.446037 0.321778 0.45700399999999997 0.330165 0.46565399999999996 0.340265 0.471141 0.35108799999999996 0.472926 0.361575 0.470836 0.3707 0.465075 0.377569 0.45620700000000003 0.38151 0.44509999999999994 0.382137 0.432841 0.37938900000000003 0.42062999999999995 0.373535 0.409663 0.365147 0.401012 0.355048 0.395526 0.344225 0.39374 0.333737 0.39583
0 0.40404999999999996 0.38958 0.394925 0.395341 0.388056 0.40420999999999996 0.384115 0.41531700000000005 0.383488 0.427576 0.38623599999999997 0.43978700000000004 0.39209 0.450754 0.400478 0.459404 0.41057699999999997 0.464891 0.42140000000000005 0.466676 0.431888 0.464586 0.441012 0.45882500000000004 0.447882 0.44995700000000005 0.451823 0.43884999999999996 0.45244999999999996 0.426591 0.449702 0.41437999999999997 0.443847 0.403413 0.43545999999999996 0.394762 0.42535999999999996 0.389276 0.414537 0.38749 0.40404999999999996 0.38958
0 0.466038 0.396516 0.45854799999999996 0.40515999999999996 0.45374 0.41605100000000006 0.452083 0.428125 0.45374 0.44019899999999995 0.45854799999999996 0.45109000000000005 0.466038 0.459734 0.475476 0.46528400000000003 0.485938 0.46719600000000006 0.496399 0.46528400000000003 0.505837 0.459734 0.5133270000000001 0.45109000000000005 0.518135 0.44019899999999995 0.519792 0.428125 0.518135 0.41605100000000006 0.5133270000000001 0.40515999999999996 0.505837 0.396516 0.496399 0.39096600000000004 0.485938 0.389054 0.475476 0.39096600000000004 0.466038 0.396516
0 0.523561 0.41246900000000003 0.519049 0.424559 0.517719 0.437406 0.519703 0.449753 0.524805 0.46039 0.532527 0.46827699999999994 0.542111 0.472642 0.552621 0.473056 0.563028 0.46948100000000004 0.5723119999999999 0.46226500000000004 0.579564 0.45211499999999993 0.584076 0.440024 0.585406 0.42717700000000003 0.583422 0.41483 0.57832 0.40419299999999997 0.570598 0.396306 0.561014 0.391942 0.550504 0.391527 0.540097 0.395103 0.530813 0.402319 0.523561 0.41246900000000003
0 0.5907479999999999 0.418719 0.586236 0.430809 0.5849070000000001 0.443656 0.58689 0.45600300000000005 0.591993 0.46664000000000005 0.599714 0.474527 0.609299 0.478892 0.6198089999999999 0.47930599999999995 0.630215 0.475731 0.639499 0.468515 0.646752 0.45836499999999997 0.6512640000000001 0.446274 0.652593 0.433427 0.65061 0.42108 0.645507 0.410443 0.637786 0.40255599999999997 0.628201 0.398192 0.617691 0.397777 0.607285 0.401353 0.598001 0.40856899999999996 0.5907479999999999 0.418719
0 0.7128129999999999 0.45168100000000005 0.716988 0.439691 0.717971 0.427383 0.715665 0.41596500000000003 0.710297 0.406552 0.702391 0.40006700000000006 0.6927209999999999 0.397144 0.682234 0.398069 0.671957 0.402752 0.662896 0.410735 0.655937 0.42123499999999997 0.651762 0.433226 0.650779 0.445533 0.653085 0.45695199999999997 0.658453 0.466365 0.666359 0.47285000000000005 0.676029 0.47577299999999995 0.686516 0.474848 0.696793 0.470165 0.705854 0.462182 0.7128129999999999 0.45168100000000005
0 0.739113 0.514057 0.742603 0.5020979999999999 0.742993 0.490036 0.740245 0.479051 0.7346280000000001 0.470218 0.726693 0.464403 0.717215 0.462174 0.707122 0.46375 0.697403 0.46897599999999995 0.689009 0.477341 0.682762 0.48802599999999996 0.679272 0.499985 0.678882 0.512048 0.68163 0.5230330000000001 0.6872469999999999 0.531865 0.695182 0.537681 0.70466 0.539909 0.714753 0.538334 0.724472 0.533107 0.732866 0.524742 0.739113 0.514057
0 0.673299 0.5157390000000001 0.677269 0.504324 0.678187 0.49268900000000004 0.675964 0.481973 0.6708160000000001 0.47322699999999995 0.663249 0.46730400000000005 0.654003 0.464787 0.643982 0.46592 0.6341680000000001 0.47059300000000004 0.6255219999999999 0.47834899999999997 0.618889 0.48842800000000003 0.614919 0.499843 0.614001 0.511478 0.616224 0.522193 0.621371 0.53094 0.628938 0.536862 0.638185 0.53938 0.648205 0.5382469999999999 0.658019 0.533574 0.666666 0.525818 0.673299 0.5157390000000001
0 0.607894 0.518493 0.612345 0.507204 0.6137520000000001 0.49531200000000003 0.611978 0.48398 0.607196 0.47431900000000005 0.599874 0.46727299999999994 0.590729 0.463533 0.5806560000000001 0.46346499999999996 0.570641 0.46707400000000004 0.561665 0.474009 0.5546059999999999 0.48358999999999996 0.550155 0.49487899999999996 0.548748 0.506772 0.550522 0.518103 0.555304 0.527765 0.5626260000000001 0.53481 0.571771 0.5385500000000001 0.581844 0.538619 0.591859 0.535009 0.600835 0.5280739999999999 0.607894 0.518493
0 0.49343000000000004 0.481939 0.487318 0.492072 0.484206 0.50349 0.48439899999999997 0.515077 0.487878 0.525697 0.49430300000000005 0.534312 0.5030439999999999 0.5400780000000001 0.513246 0.542431 0.52391 0.5411400000000001 0.5339929999999999 0.536332 0.542507 0.528477 0.548619 0.518345 0.551731 0.506927 0.5515380000000001 0.49534 0.5480590000000001 0.48472 0.5416350000000001 0.476105 0.532894 0.47033800000000003 0.5226919999999999 0.46798599999999996 0.512027 0.46927599999999997 0.501945 0.474085 0.49343000000000004 0.481939
0 0.47281399999999996 0.519704 0.48014799999999996 0.511311 0.48475999999999997 0.500893 0.486198 0.48947 0.484323 0.47816000000000003 0.479318 0.46807 0.471672 0.46018800000000004 0.462134 0.45528500000000005 0.451638 0.453842 0.441211 0.45599999999999996 0.43187300000000006 0.46154599999999996 0.42454000000000003 0.469939 0.41992799999999997 0.480357 0.418489 0.49178 0.420364 0.50309 0.42537 0.51318 0.433016 0.5210619999999999 0.442554 0.525965 0.45305 0.527408 0.463477 0.52525 0.47281399999999996 0.519704
0 0.36978900000000003 0.466746 0.361601 0.47336799999999996 0.355794 0.482598 0.35293800000000003 0.49352999999999997 0.353313 0.505096 0.356881 0.5161629999999999 0.363293 0.525648 0.371922 0.532622 0.381923 0.536403 0.39231699999999997 0.536621 0.402086 0.533254 0.41027399999999997 0.526632 0.416081 0.5174019999999999 0.418937 0.50647 0.418562 0.494904 0.414994 0.483837 0.408582 0.474352 0.399953 0.46737799999999996 0.38995199999999997 0.46359700000000004 0.379558 0.46337900000000004 0.36978900000000003 0.466746
0 0.30182000000000003 0.465705 0.293632 0.47232700000000005 0.287825 0.481556 0.28497 0.492488 0.285344 0.504054 0.288912 0.5151209999999999 0.29532400000000003 0.524606 0.30395300000000003 0.531581 0.313954 0.535362 0.32434799999999997 0.535579 0.334117 0.532212 0.342306 0.52559 0.34811200000000003 0.5163610000000001 0.350968 0.505428 0.35059300000000004 0.493862 0.34702500000000003 0.48279500000000003 0.340613 0.47331 0.331984 0.466336 0.321983 0.46255499999999994 0.31159 0.46233700000000005 0.30182000000000003 0.465705
0 0.24026999999999998 0.459472 0.231549 0.464527 0.22494 0.47254500000000005 0.22109 0.48274 0.220375 0.494115 0.222867 0.505557 0.22832 0.515944 0.23620100000000002 0.524261 0.245739 0.529694 0.256 0.53171 0.26598 0.530112 0.274701 0.525056 0.28131 0.517039 0.28515999999999997 0.506843 0.285875 0.49546799999999996 0.283383 0.48402700000000004 0.27793 0.47363900000000003 0.270049 0.465322 0.260511 0.45989 0.25025 0.457874 0.24026999999999998 0.459472
0 0.181122 0.45571900000000004 0.17185699999999998 0.45835 0.164353 0.464344 0.15934500000000001 0.47311500000000006 0.157321 0.483803 0.15848199999999998 0.495364 0.162712 0.506664 0.169598 0.516598 0.17846599999999999 0.5241939999999999 0.188447 0.528708 0.198566 0.529698 0.20783000000000001 0.527067 0.215334 0.521073 0.220343 0.512302 0.222366 0.5016130000000001 0.221206 0.49005299999999996 0.216976 0.47875300000000004 0.21009000000000003 0.468818 0.201222 0.46122300000000005 0.19124000000000002 0.45670900000000003 0.181122 0.45571900000000004
0 0.11427000000000001 0.452822 0.105003 0.456339 0.097694 0.46311099999999994 0.093057 0.47247300000000003 0.091547 0.483511 0.09331199999999999 0.495143 0.098178 0.50623 0.105671 0.515688 0.11505499999999999 0.522591 0.125412 0.5262629999999999 0.13573 0.526344 0.144997 0.522827 0.152306 0.5160560000000001 0.156943 0.5066930000000001 0.158453 0.495656 0.156688 0.48402399999999995 0.15182199999999998 0.47293599999999997 0.14432899999999999 0.463478 0.134945 0.45657500000000006 0.124588 0.45290400000000003 0.11427000000000001 0.452822
0 0.155677 0.5153220000000001 0.14640999999999998 0.518839 0.1391 0.5256109999999999 0.134463 0.534973 0.13295300000000002 0.546011 0.134718 0.557643 0.13958500000000001 0.56873 0.14707699999999999 0.578188 0.15646100000000002 0.585091 0.166819 0.5887629999999999 0.17713600000000002 0.588844 0.186403 0.585327 0.193713 0.5785560000000001 0.198349 0.5691930000000001 0.199859 0.558156 0.198094 0.546524 0.193228 0.535436 0.18573599999999998 0.5259780000000001 0.176352 0.5190750000000001 0.165994 0.515404 0.155677 0.5153220000000001
0 0.215523 0.525381 0.2068 0.530173 0.200164 0.537925 0.196266 0.547879 0.195486 0.55906 0.197901 0.5703739999999999 0.203274 0.5807140000000001 0.21108 0.589066 0.220555 0.594614 0.23077 0.596815 0.240727 0.595453 0.24945 0.590661 0.256086 0.582908 0.259984 0.572954 0.260764 0.561773 0.258349 0.550459 0.252976 0.540119 0.24517000000000003 0.531767 0.235695 0.526219 0.22547999999999999 0.524018 0.215523 0.525381
0 0.278023 0.524339 0.2693 0.529131 0.262664 0.536883 0.258766 0.546837 0.257986 0.558019 0.260401 0.569333 0.265774 0.579672 0.27358 0.588025 0.283055 0.593573 0.29327000000000003 0.595773 0.303227 0.594411 0.31195 0.589619 0.318586 0.581867 0.322484 0.571913 0.323264 0.560731 0.320849 0.549417 0.315476 0.5390780000000001 0.30767 0.530725 0.298195 0.525177 0.28798 0.522977 0.278023 0.524339
0 0.340416 0.526788 0.331705 0.532513 0.325396 0.54097 0.322108 0.551331 0.32216100000000003 0.562581 0.325552 0.573619 0.331947 0.5833649999999999 0.340721 0.5908640000000001 0.351016 0.595383 0.361823 0.59648 0.37208399999999997 0.594046 0.380795 0.5883200000000001 0.387104 0.579863 0.39039199999999996 0.569503 0.390339 0.558253 0.38694799999999996 0.547214 0.38055300000000003 0.537469 0.37177899999999997 0.529969 0.361484 0.52545 0.350677 0.524354 0.340416 0.526788
0 0.400783 0.5354490000000001 0.39319899999999997 0.542398 0.388117 0.551519 0.386034 0.561919 0.38715299999999997 0.57258 0.391364 0.582457 0.39825699999999997 0.590585 0.40715599999999996 0.596168 0.41718900000000003 0.5986589999999999 0.42737499999999995 0.597815 0.43671699999999997 0.593717 0.444301 0.586768 0.449383 0.577647 0.45146600000000003 0.567248 0.450347 0.556587 0.446136 0.546709 0.439243 0.538581 0.430344 0.532998 0.420311 0.530507 0.410125 0.5313519999999999 0.400783 0.5354490000000001
0 0.586027 0.5407339999999999 0.580533 0.550889 0.577938 0.562181 0.578497 0.573504 0.582155 0.58375 0.588554 0.591916 0.597067 0.597202 0.606862 0.599092 0.6169789999999999 0.597399 0.626429 0.592291 0.634285 0.5842660000000001 0.63978 0.574111 0.642374 0.562819 0.641815 0.551496 0.638158 0.54125 0.631759 0.533084 0.623245 0.527798 0.61345 0.525908 0.603333 0.527601 0.593884 0.532709 0.586027 0.5407339999999999
0 0.648097 0.539615 0.642889 0.549722 0.640595 0.5606709999999999 0.641439 0.571391 0.645339 0.5808340000000001 0.651913 0.588073 0.6605179999999999 0.592402 0.67031 0.593396 0.680332 0.5909570000000001 0.689603 0.585325 0.697215 0.577051 0.702423 0.566945 0.704717 0.555996 0.703873 0.545275 0.699973 0.535833 0.693399 0.528593 0.684795 0.524265 0.675002 0.523271 0.66498 0.525709 0.655709 0.5313410000000001 0.648097 0.539615
0 0.489324 0.591129 0.483823 0.600295 0.48097700000000004 0.610757 0.48106299999999996 0.621492 0.484074 0.631448 0.489715 0.639652 0.497432 0.6453 0.506472 0.647839 0.515949 0.647021 0.5249349999999999 0.642926 0.532551 0.635954 0.538052 0.626789 0.540898 0.616326 0.5408120000000001 0.605592 0.537801 0.5956349999999999 0.53216 0.587431 0.524443 0.5817829999999999 0.515403 0.579244 0.505926 0.5800620000000001 0.49694000000000005 0.5841580000000001 0.489324 0.591129
0 0.46807600000000005 0.654602 0.474547 0.646639 0.47853899999999994 0.636863 0.47966 0.626233 0.47780100000000003 0.615787 0.473145 0.606549 0.466147 0.599423 0.457491 0.5951069999999999 0.44802600000000004 0.594022 0.438678 0.596276 0.430361 0.601648 0.42389 0.609611 0.419899 0.619387 0.418778 0.6300169999999999 0.420636 0.640463 0.42529199999999995 0.6497010000000001 0.43229100000000004 0.656827 0.440946 0.661143 0.450411 0.662228 0.45976 0.659974 0.46807600000000005 0.654602
0 0.40875300000000003 0.643336 0.41575300000000004 0.6356189999999999 0.42021699999999995 0.625944 0.42170699999999994 0.6152599999999999 0.420079 0.604611 0.415491 0.5950409999999999 0.40839299999999995 0.587485 0.39947900000000003 0.582684 0.389621 0.581108 0.379786 0.58291 0.370935 0.5879139999999999 0.363935 0.595631 0.359471 0.605306 0.35798 0.61599 0.35960800000000004 0.6266390000000001 0.364196 0.636209 0.37129500000000004 0.6437649999999999 0.380209 0.648566 0.39006599999999997 0.650142 0.399902 0.6483399999999999 0.40875300000000003 0.643336
0 0.310786 0.5910040000000001 0.303205 0.597525 0.297987 0.6063270000000001 0.295643 0.6165499999999999 0.296401 0.627192 0.300189 0.637211 0.30663399999999996 0.645627 0.31510699999999997 0.651617 0.324778 0.654593 0.33469899999999997 0.654264 0.343901 0.650663 0.35148199999999996 0.644142 0.3567 0.63534 0.359045 0.625117 0.358286 0.614475 0.354499 0.604456 0.348053 0.596039 0.33958 0.59005 0.32991000000000004 0.587074 0.319988 0.587403 0.310786 0.5910040000000001
0 0.278769 0.647967 0.28647900000000004 0.642307 0.292072 0.6341370000000001 0.294999 0.624257 0.294975 0.613634 0.292001 0.603308 0.286369 0.59429 0.27863000000000004 0.587462 0.269541 0.583492 0.259992 0.58277 0.250919 0.5853659999999999 0.243208 0.591026 0.237616 0.599196 0.234688 0.6090760000000001 0.234713 0.619699 0.237686 0.6300250000000001 0.243319 0.639044 0.251058 0.645872 0.260147 0.649841 0.269695 0.650563 0.278769 0.647967
0 0.191214 0.584343 0.183148 0.588723 0.177115 0.595736 0.173704 0.604697 0.17325 0.614727 0.175796 0.624845 0.181094 0.6340600000000001 0.188625 0.641471 0.197652 0.646352 0.20729099999999998 0.6482249999999999 0.21659899999999999 0.646907 0.22466400000000003 0.6425270000000001 0.230698 0.6355139999999999 0.23410799999999998 0.626553 0.234563 0.616523 0.232016 0.606405 0.22671800000000003 0.59719 0.21918700000000002 0.5897789999999999 0.21015999999999999 0.584898 0.200521 0.583025 0.191214 0.584343
0 0.22793199999999997 0.641634 0.21986699999999998 0.646014 0.213834 0.653028 0.21042299999999997 0.661988 0.20996800000000002 0.672018 0.212515 0.6821360000000001 0.21781299999999998 0.691352 0.225344 0.698763 0.23437100000000002 0.7036439999999999 0.24401 0.7055170000000001 0.25331800000000004 0.704199 0.26138300000000003 0.699819 0.267416 0.692805 0.27082700000000004 0.683845 0.27128199999999997 0.673815 0.268735 0.663697 0.26343700000000003 0.654481 0.255906 0.64707 0.246879 0.64219 0.23723999999999998 0.640316 0.22793199999999997 0.641634
0 0.28717800000000004 0.642351 0.279526 0.6475850000000001 0.274108 0.655094 0.271454 0.6641440000000001 0.271824 0.6738489999999999 0.275181 0.683259 0.28119700000000003 0.6914520000000001 0.289283 0.697627 0.298647 0.701179 0.30837400000000004 0.7017610000000001 0.31751 0.6993159999999999 0.325162 0.6940820000000001 0.330579 0.686572 0.333234 0.677522 0.332864 0.667817 0.329507 0.658408 0.32349100000000003 0.650214 0.315405 0.644039 0.30604 0.640487 0.296314 0.639905 0.28717800000000004 0.642351
0 0.344256 0.6510480000000001 0.336972 0.657154 0.33203499999999997 0.665313 0.329926 0.6747270000000001 0.330854 0.684473 0.33472599999999997 0.6935979999999999 0.34116399999999997 0.701208 0.349537 0.706558 0.359027 0.709126 0.368703 0.708658 0.37761900000000004 0.705202 0.384903 0.699096 0.38984 0.690937 0.391949 0.681523 0.391021 0.671777 0.387149 0.662652 0.380711 0.655042 0.372338 0.649692 0.362848 0.647124 0.353172 0.6475920000000001 0.344256 0.6510480000000001
0 0.580927 0.6511750000000001 0.5755600000000001 0.659723 0.5728150000000001 0.6692549999999999 0.572961 0.678841 0.575983 0.68754 0.581585 0.694503 0.58922 0.699046 0.598138 0.700726 0.607469 0.6993769999999999 0.616298 0.695133 0.623761 0.688408 0.629127 0.679861 0.631872 0.670328 0.631726 0.660743 0.628704 0.652043 0.623102 0.645081 0.615468 0.6405369999999999 0.606549 0.638858 0.597218 0.6402059999999999 0.58839 0.64445 0.580927 0.6511750000000001
0 0.486184 0.705585 0.480591 0.7130690000000001 0.477433 0.721721 0.47702 0.730694 0.479391 0.7391099999999999 0.48431499999999994 0.7461439999999999 0.49130900000000005 0.751108 0.49969 0.753517 0.508636 0.753135 0.517273 0.7499979999999999 0.524753 0.7444149999999999 0.530346 0.736931 0.533504 0.728279 0.533918 0.719306 0.531547 0.71089 0.5266230000000001 0.703856 0.519628 0.6988920000000001 0.5112479999999999 0.696483 0.502301 0.6968650000000001 0.493665 0.700002 0.486184 0.705585
0 0.520221 0.638445 0.513876 0.645944 0.509995 0.655064 0.508961 0.664911 0.510872 0.674522 0.515543 0.682957 0.522517 0.689389 0.53111 0.693189 0.540481 0.693985 0.549714 0.6916990000000001 0.557904 0.686555 0.564249 0.679056 0.56813 0.6699360000000001 0.569164 0.6600889999999999 0.567253 0.650478 0.562582 0.6420429999999999 0.555608 0.635611 0.547015 0.631811 0.537644 0.631015 0.528411 0.633301 0.520221 0.638445
0 0.29499 0.747078 0.30168 0.7406170000000001 0.306064 0.732322 0.307713 0.7230030000000001 0.306466 0.713575 0.30244499999999996 0.704958 0.296043 0.697998 0.287887 0.693375 0.278776 0.691542 0.269601 0.692678 0.26126 0.696672 0.25457 0.703133 0.250186 0.711428 0.248537 0.720747 0.249784 0.730175 0.253805 0.738792 0.26020699999999997 0.745752 0.268363 0.750375 0.277474 0.752208 0.28664900000000004 0.751072 0.29499 0.747078
0 0.318238 0.701503 0.31156700000000004 0.707821 0.307205 0.715923 0.305579 0.725016 0.306848 0.734209 0.310888 0.742603 0.317304 0.749375 0.325467 0.753864 0.334579 0.755629 0.34374699999999997 0.754497 0.352075 0.750581 0.358746 0.744262 0.363108 0.73616 0.364734 0.727067 0.363464 0.717874 0.359424 0.709481 0.353008 0.702708 0.34484499999999996 0.69822 0.335733 0.696455 0.326565 0.697586 0.318238 0.701503
0 0.43112000000000006 0.70058 0.425357 0.707721 0.421929 0.716248 0.421173 0.725325 0.42316200000000004 0.734065 0.427702 0.741611 0.43434799999999996 0.7472260000000001 0.442449 0.750359 0.45121399999999995 0.750704 0.459783 0.748227 0.467317 0.74317 0.473081 0.736029 0.47650800000000004 0.727502 0.477264 0.718425 0.475275 0.709685 0.47073600000000004 0.7021390000000001 0.46409 0.6965239999999999 0.45598799999999995 0.693391 0.447224 0.693046 0.43865499999999996 0.695523 0.43112000000000006 0.70058
0 0.46138 0.651559 0.455081 0.658838 0.451267 0.667598 0.450312 0.67698 0.45230800000000004 0.6860660000000001 0.45706100000000005 0.693967 0.464105 0.69991 0.472751 0.703312 0.482153 0.7038409999999999 0.491389 0.701445 0.499557 0.696358 0.505856 0.6890780000000001 0.5096700000000001 0.680319 0.510626 0.670937 0.5086299999999999 0.661851 0.503877 0.65395 0.49683200000000005 0.648007 0.48818599999999995 0.644605 0.47878499999999996 0.644076 0.46954799999999997 0.6464719999999999 0.46138 0.651559
0 0.404687 0.697917 0.411719 0.702083 0.41718700000000003 0.704167 0.423438 0.704167 0.428906 0.704167 0.434375 0.7010419999999999 0.439844 0.696875 0.446094 0.6895830000000001 0.449219 0.682292 0.450781 0.675 0.45 0.667708 0.446875 0.6583330000000001 0.441406 0.657292 0.43671899999999997 0.655208 0.432031 0.652083 0.428125 0.648958 0.424219 0.6427080000000001 0.41875 0.6427080000000001 0.413281 0.6427080000000001 0.407813 0.644792 0.40156200000000003 0.648958 0.396094 0.6541669999999999 0.394531 0.6583330000000001 0.392969 0.661458 0.39140600000000003 0.667708 0.39140600000000003 0.671875 0.392188 0.679167 0.392188 0.6854169999999999 0.396094 0.6895830000000001 0.39843799999999996 0.69375 0.404687 0.697917
0 0.569531 0.7364580000000001 0.577344 0.734375 0.584375 0.730208 0.590625 0.721875 0.59375 0.715625 0.594531 0.708333 0.594531 0.702083 0.592187 0.695833 0.591406 0.69375 0.586719 0.692708 0.582812 0.690625 0.579688 0.6875 0.577344 0.682292 0.569531 0.680208 0.5625 0.68125 0.55625 0.682292 0.550781 0.686458 0.546094 0.692708 0.542188 0.697917 0.539062 0.704167 0.538281 0.708333 0.538281 0.7166669999999999 0.540625 0.723958 0.54375 0.730208 0.55 0.734375 0.55625 0.7364580000000001 0.564844 0.7375 0.569531 0.7364580000000001
0 0.547656 0.63125 0.554688 0.6375 0.564063 0.6427080000000001 0.571875 0.64375 0.58125 0.6427080000000001 0.588281 0.6385419999999999 0.594531 0.633333 0.598437 0.628125 0.603125 0.621875 0.605469 0.616667 0.60625 0.610417 0.605469 0.605208 0.603906 0.601042 0.601562 0.59375 0.594531 0.590625 0.590625 0.5875 0.5875 0.584375 0.583594 0.579167 0.576562 0.579167 0.569531 0.579167 0.563281 0.582292 0.55625 0.586458 0.549219 0.59375 0.545312 0.601042 0.54375 0.610417 0.54375 0.617708 0.545312 0.625 0.547656 0.63125
0 0.640625 0.5802080000000001 0.636719 0.5802080000000001 0.63125 0.58125 0.627344 0.585417 0.622656 0.588542 0.619531 0.590625 0.614844 0.592708 0.610938 0.59375 0.60625 0.602083 0.605469 0.6114580000000001 0.60625 0.617708 0.607812 0.625 0.613281 0.633333 0.619531 0.639583 0.625781 0.6427080000000001 0.634375 0.64375 0.645312 0.641667 0.653906 0.635417 0.660937 0.626042 0.664062 0.61875 0.665625 0.6125 0.666406 0.605208 0.665625 0.598958 0.663281 0.594792 0.660937 0.590625 0.657031 0.586458 0.651563 0.582292 0.646875 0.5802080000000001 0.640625 0.5802080000000001
0 0.497656 0.5875 0.507031 0.579167 0.511719 0.572917 0.514844 0.563542 0.514844 0.555208 0.513281 0.5447919999999999 0.509375 0.536458 0.501563 0.532292 0.494531 0.527083 0.490625 0.521875 0.48125 0.521875 0.471875 0.523958 0.466406 0.528125 0.459375 0.535417 0.45390600000000003 0.542708 0.451562 0.552083 0.45234399999999997 0.563542 0.45625 0.575 0.463281 0.584375 0.471094 0.589583 0.480469 0.5916669999999999 0.490625 0.590625 0.497656 0.5875
0 0.542969 0.523958 0.539062 0.5291669999999999 0.533594 0.532292 0.529687 0.535417 0.524219 0.538542 0.51875 0.538542 0.514062 0.547917 0.5125 0.557292 0.513281 0.565625 0.516406 0.575 0.521094 0.582292 0.527344 0.588542 0.532813 0.590625 0.539844 0.592708 0.546875 0.592708 0.55625 0.589583 0.564844 0.583333 0.571094 0.5760419999999999 0.574219 0.566667 0.575781 0.557292 0.575781 0.546875 0.575 0.541667 0.573438 0.5375 0.570312 0.5333330000000001 0.565625 0.530208 0.560156 0.526042 0.555469 0.523958 0.55 0.523958 0.542969 0.523958