0 0.29748 0.549563 0.30312100000000003 0.545148 0.306622 0.539679 0.30763799999999997 0.53369 0.306072 0.527768 0.302076 0.522494 0.296041 0.518382 0.288559 0.515835 0.28036099999999997 0.515104 0.27225 0.516259 0.26502 0.519187 0.25937899999999997 0.523602 0.255878 0.529071 0.25486200000000003 0.53506 0.256428 0.540982 0.260424 0.546256 0.266459 0.550368 0.273941 0.5529149999999999 0.28213900000000003 0.553646 0.29025 0.5524910000000001 0.29748 0.549563
0 0.246276 0.477573 0.252116 0.473339 0.25591400000000003 0.46796800000000005 0.25729799999999997 0.461984 0.256131 0.455975 0.25253000000000003 0.450528 0.24684499999999998 0.446176 0.23963399999999999 0.443346 0.231602 0.442314 0.22353499999999998 0.443182 0.21622400000000003 0.445864 0.210384 0.450098 0.206586 0.45547000000000004 0.20520200000000002 0.461453 0.20636899999999997 0.467462 0.20997 0.47291 0.215655 0.47726100000000005 0.222866 0.480091 0.230898 0.481123 0.238965 0.48025599999999996 0.246276 0.477573
0 0.590777 0.280557 0.584855 0.284966 0.581027 0.290541 0.5796680000000001 0.296735 0.5809110000000001 0.302944 0.584635 0.308558 0.590474 0.313029 0.597858 0.31591800000000003 0.606063 0.31694300000000003 0.614286 0.316004 0.621723 0.313193 0.627645 0.308784 0.631473 0.303209 0.632832 0.297015 0.631589 0.290806 0.627865 0.285192 0.622026 0.280721 0.614642 0.27783199999999997 0.606437 0.27680699999999997 0.598214 0.277746 0.590777 0.280557
0 0.872353 0.453804 0.866748 0.45815599999999995 0.8631740000000001 0.463621 0.861982 0.469665 0.863287 0.475696 0.8669629999999999 0.481123 0.8726480000000001 0.485416 0.8797879999999999 0.48815299999999995 0.8876820000000001 0.48906799999999995 0.8955590000000001 0.488071 0.902647 0.48525799999999997 0.9082520000000001 0.48090599999999994 0.9118259999999999 0.475441 0.9130179999999999 0.469397 0.911713 0.46336700000000003 0.908037 0.457939 0.9023519999999999 0.45364699999999997 0.8952120000000001 0.45090899999999995 0.8873179999999999 0.44999399999999995 0.8794409999999999 0.450992 0.872353 0.453804
0 0.241345 0.478746 0.23562 0.483214 0.232017 0.48879 0.23088799999999998 0.494927 0.23234300000000002 0.501026 0.236241 0.506489 0.242199 0.5107820000000001 0.249635 0.5134839999999999 0.25782 0.51433 0.265953 0.513239 0.273239 0.510316 0.27896299999999996 0.5058480000000001 0.282567 0.500273 0.283696 0.494135 0.28224 0.48803599999999997 0.278343 0.48257300000000003 0.272384 0.47828099999999996 0.264949 0.47557900000000003 0.256764 0.47473200000000004 0.24863 0.47582399999999997 0.241345 0.478746
0 0.258776 0.44007300000000005 0.264616 0.435839 0.26841400000000004 0.430468 0.269798 0.424484 0.268631 0.41847500000000004 0.26503 0.413028 0.259345 0.408676 0.25213399999999997 0.40584600000000004 0.24410199999999999 0.404814 0.236035 0.405682 0.228724 0.408364 0.222884 0.412598 0.21908599999999998 0.41797000000000006 0.217702 0.423953 0.21886899999999998 0.429962 0.22247 0.43540999999999996 0.22815500000000002 0.439761 0.23536600000000002 0.442591 0.243398 0.443623 0.251465 0.442756 0.258776 0.44007300000000005
0 0.481346 0.5672780000000001 0.475927 0.5717679999999999 0.472661 0.5772630000000001 0.471866 0.583225 0.47362200000000004 0.5890690000000001 0.477756 0.594225 0.48386300000000004 0.598188 0.49134599999999995 0.600568 0.499472 0.601135 0.5074460000000001 0.599831 0.514487 0.596785 0.519906 0.592295 0.523173 0.5868 0.5239670000000001 0.580838 0.522211 0.574993 0.518077 0.5698369999999999 0.51197 0.565875 0.504487 0.563494 0.496361 0.562928 0.488387 0.564232 0.481346 0.5672780000000001
0 0.469761 0.427191 0.46416 0.43166099999999996 0.460639 0.43723799999999996 0.459544 0.44337600000000005 0.460982 0.44947499999999996 0.464811 0.454936 0.47065799999999997 0.45922599999999997 0.477949 0.46192399999999995 0.485971 0.46276799999999996 0.493939 0.46167299999999994 0.501073 0.45874699999999996 0.5066740000000001 0.454276 0.510194 0.44869899999999996 0.511289 0.442561 0.509851 0.436463 0.506022 0.431002 0.500176 0.42671200000000004 0.492884 0.424013 0.484862 0.42317 0.476894 0.424265 0.469761 0.427191
0 0.319355 0.583157 0.324996 0.578742 0.328497 0.573273 0.329513 0.567284 0.327947 0.561362 0.323951 0.556087 0.317916 0.551975 0.310434 0.5494290000000001 0.302236 0.548697 0.294125 0.549852 0.286895 0.552781 0.281254 0.557195 0.277753 0.562665 0.276737 0.568654 0.278303 0.5745750000000001 0.28229899999999997 0.57985 0.288334 0.583962 0.29581599999999997 0.586508 0.304014 0.58724 0.312125 0.586085 0.319355 0.583157
0 0.248522 0.541751 0.25416300000000003 0.537336 0.25766300000000003 0.5318660000000001 0.25868 0.525878 0.257114 0.519956 0.253118 0.514681 0.247083 0.510569 0.23959999999999998 0.508023 0.23140200000000002 0.507291 0.223292 0.508446 0.21606200000000003 0.511374 0.21042 0.515789 0.20692 0.5212589999999999 0.205903 0.527247 0.20747 0.533169 0.21146600000000002 0.5384439999999999 0.21749999999999997 0.542556 0.22498300000000002 0.545102 0.233181 0.5458339999999999 0.241292 0.544679 0.248522 0.541751
0 0.256855 0.578469 0.262496 0.574055 0.265997 0.568585 0.267013 0.562596 0.265447 0.556675 0.261451 0.5514 0.255416 0.547288 0.24793400000000002 0.5447420000000001 0.239736 0.54401 0.23162500000000003 0.545165 0.22439499999999998 0.5480929999999999 0.21875399999999998 0.552508 0.215253 0.557977 0.214237 0.563966 0.21580300000000002 0.569888 0.219799 0.575163 0.225834 0.579275 0.233316 0.5818209999999999 0.241514 0.582553 0.24962499999999999 0.581398 0.256855 0.578469
0 0.439757 0.652383 0.44540100000000005 0.6481480000000001 0.44904700000000003 0.642793 0.45034 0.636844 0.44915200000000005 0.6308830000000001 0.44560000000000005 0.625493 0.440032 0.621201 0.43299200000000004 0.618429 0.425169 0.6174470000000001 0.417331 0.618352 0.410243 0.621054 0.404599 0.62529 0.400953 0.630644 0.39966 0.636593 0.400848 0.642555 0.4044 0.647945 0.409968 0.652236 0.41700799999999993 0.655008 0.424831 0.65599 0.432669 0.6550860000000001 0.439757 0.652383
0 0.28498 0.610501 0.290621 0.606086 0.294122 0.600616 0.295138 0.5946279999999999 0.293572 0.588706 0.289576 0.583431 0.283541 0.579319 0.276059 0.576773 0.267861 0.576041 0.25975000000000004 0.577196 0.25251999999999997 0.580124 0.246879 0.584539 0.243378 0.590009 0.24236200000000002 0.595997 0.243928 0.601919 0.24792399999999998 0.607194 0.253959 0.611306 0.261441 0.613852 0.269639 0.614584 0.27775 0.613429 0.28498 0.610501
0 0.277526 0.404136 0.283366 0.399902 0.28716400000000003 0.39453 0.28854799999999997 0.38854700000000003 0.287381 0.382538 0.28378000000000003 0.37709000000000004 0.278095 0.37273900000000004 0.270884 0.369909 0.262852 0.368877 0.254785 0.36974399999999996 0.24747400000000003 0.372427 0.241634 0.376661 0.237836 0.38203200000000004 0.23645200000000002 0.388016 0.23761899999999997 0.39402499999999996 0.24122 0.399472 0.246905 0.403824 0.254116 0.40665399999999996 0.262148 0.407686 0.270215 0.406818 0.277526 0.404136
0 0.489147 0.31366299999999997 0.49514500000000006 0.309222 0.499069 0.303571 0.500534 0.297266 0.49939900000000004 0.290922 0.49577299999999996 0.28515999999999997 0.490012 0.280546 0.48267899999999997 0.27753 0.474493 0.27640699999999996 0.466254 0.277288 0.45877 0.28008700000000003 0.45277200000000006 0.284528 0.448848 0.290179 0.447382 0.296484 0.448518 0.302828 0.45214299999999996 0.30859000000000003 0.45790499999999995 0.313204 0.465237 0.31622 0.47342399999999996 0.31734300000000004 0.48166200000000003 0.316462 0.489147 0.31366299999999997
0 0.304609 0.37132299999999996 0.31045 0.367089 0.314247 0.361718 0.315631 0.355734 0.314465 0.349725 0.310863 0.344278 0.305178 0.339926 0.297967 0.337096 0.289935 0.33606400000000003 0.28186900000000004 0.336932 0.274557 0.33961399999999997 0.268717 0.34384800000000004 0.264919 0.34922 0.263536 0.355203 0.264702 0.361212 0.268304 0.36666 0.273988 0.371011 0.2812 0.373841 0.289232 0.374873 0.297298 0.374006 0.304609 0.37132299999999996
0 0.33377599999999996 0.34007299999999996 0.33961600000000003 0.335839 0.343414 0.330468 0.344798 0.324484 0.343631 0.318475 0.34003 0.313028 0.334345 0.308676 0.327134 0.305846 0.319102 0.30481400000000003 0.311035 0.305682 0.303724 0.30836399999999997 0.297884 0.31259800000000004 0.29408599999999996 0.31797 0.292702 0.323953 0.293869 0.329962 0.29747 0.33541 0.303155 0.339761 0.31036600000000003 0.342591 0.318398 0.343623 0.326465 0.342756 0.33377599999999996 0.34007299999999996
0 0.309527 0.367276 0.303605 0.371685 0.299777 0.37726000000000004 0.29841799999999996 0.383454 0.299661 0.389662 0.303385 0.395277 0.309224 0.39974699999999996 0.316608 0.402637 0.324813 0.403662 0.333036 0.40272300000000005 0.34047299999999997 0.399911 0.346395 0.395502 0.350223 0.389928 0.351582 0.383733 0.350339 0.377525 0.346615 0.371911 0.340776 0.36744 0.333392 0.36455099999999996 0.325187 0.363525 0.31696399999999997 0.364465 0.309527 0.367276
0 0.286136 0.40140200000000004 0.280412 0.40587 0.276808 0.41144600000000003 0.275679 0.417584 0.277135 0.42368300000000003 0.281032 0.42914599999999997 0.286991 0.43343800000000005 0.29442599999999997 0.43613999999999997 0.302611 0.43698699999999996 0.310745 0.43589500000000003 0.31803 0.43297299999999994 0.323755 0.428505 0.327358 0.422929 0.32848700000000003 0.416791 0.327032 0.41069199999999995 0.323134 0.405229 0.317176 0.400937 0.30974 0.398235 0.301555 0.39738799999999996 0.29342199999999996 0.39848 0.286136 0.40140200000000004
0 0.26322 0.435777 0.257495 0.440245 0.253892 0.445821 0.25276299999999996 0.451959 0.254218 0.458058 0.258116 0.46352099999999996 0.26407400000000003 0.46781300000000003 0.27151000000000003 0.47051499999999996 0.27969499999999997 0.47136199999999995 0.28782800000000003 0.47027 0.295114 0.467348 0.300838 0.46288 0.304442 0.457304 0.305571 0.451166 0.304115 0.445067 0.300218 0.439604 0.294259 0.435312 0.286824 0.43261000000000005 0.27863899999999997 0.431763 0.270505 0.432855 0.26322 0.435777
0 0.32506 0.5802609999999999 0.319299 0.584644 0.315624 0.5901460000000001 0.314398 0.5962310000000001 0.31573799999999996 0.602303 0.31951399999999996 0.6077670000000001 0.325357 0.612088 0.332695 0.614843 0.34080900000000003 0.615764 0.348904 0.6147579999999999 0.35619 0.611926 0.361951 0.6075440000000001 0.365626 0.602041 0.366852 0.5959559999999999 0.365512 0.589884 0.361736 0.5844210000000001 0.355893 0.5801000000000001 0.348555 0.577344 0.340441 0.576424 0.332346 0.577429 0.32506 0.5802609999999999
0 0.29030300000000003 0.46859 0.284578 0.473058 0.28097500000000003 0.47863300000000003 0.279846 0.484771 0.28130099999999997 0.49087 0.285199 0.496333 0.291157 0.500626 0.298593 0.503328 0.306778 0.504174 0.31491199999999997 0.503083 0.32219699999999996 0.5001599999999999 0.327922 0.495692 0.33152499999999996 0.49011699999999997 0.332654 0.483979 0.331199 0.47788 0.327301 0.472417 0.321343 0.468124 0.313907 0.46542199999999995 0.305722 0.464576 0.297588 0.465667 0.29030300000000003 0.46859
0 0.41870700000000005 0.499119 0.412906 0.503472 0.409206 0.508938 0.40797 0.514982 0.409319 0.5210130000000001 0.41312 0.526439 0.419002 0.5307310000000001 0.426389 0.533467 0.434557 0.534381 0.442708 0.533382 0.45004299999999997 0.5305679999999999 0.455844 0.526215 0.459544 0.520749 0.46078 0.514705 0.45943100000000003 0.508675 0.45563000000000003 0.5032479999999999 0.44974800000000004 0.498956 0.442361 0.49622 0.43419299999999994 0.49530700000000005 0.426042 0.49630599999999997 0.41870700000000005 0.499119
0 0.334435 0.536511 0.328674 0.540894 0.324999 0.546396 0.323773 0.552481 0.325113 0.5585530000000001 0.328889 0.564017 0.334732 0.568338 0.34207 0.5710930000000001 0.350184 0.572014 0.358279 0.571008 0.36556500000000003 0.568176 0.371326 0.563794 0.37500100000000003 0.558291 0.376227 0.552206 0.374887 0.546134 0.371111 0.540671 0.36526800000000004 0.53635 0.35792999999999997 0.533594 0.349816 0.532674 0.341721 0.533679 0.334435 0.536511
0 0.319355 0.637063 0.324996 0.632648 0.328497 0.627179 0.329513 0.62119 0.327947 0.615268 0.323951 0.609994 0.317916 0.605882 0.310434 0.6033350000000001 0.302236 0.602604 0.294125 0.6037589999999999 0.286895 0.606687 0.281254 0.611102 0.277753 0.616571 0.276737 0.62256 0.278303 0.628482 0.28229899999999997 0.633756 0.288334 0.637868 0.29581599999999997 0.640415 0.304014 0.641146 0.312125 0.639991 0.319355 0.637063
0 0.401647 0.594094 0.407288 0.58968 0.410788 0.58421 0.41180500000000003 0.578221 0.41023899999999996 0.5723 0.406243 0.567025 0.400208 0.562913 0.392725 0.5603670000000001 0.384527 0.559635 0.376417 0.56079 0.36918700000000004 0.5637179999999999 0.363545 0.568133 0.360045 0.573602 0.359028 0.579591 0.360595 0.585513 0.364591 0.590788 0.370625 0.5949 0.378108 0.5974459999999999 0.386306 0.598178 0.394417 0.597023 0.401647 0.594094
0 0.358938 0.660501 0.36458 0.656086 0.36808 0.6506160000000001 0.369097 0.644628 0.36753 0.638706 0.36353399999999997 0.6334310000000001 0.35750000000000004 0.629319 0.35001699999999997 0.626773 0.341819 0.6260410000000001 0.333708 0.627196 0.326478 0.630124 0.320837 0.634539 0.317337 0.6400089999999999 0.31632 0.645997 0.317886 0.651919 0.321882 0.657194 0.327917 0.661306 0.33540000000000003 0.663852 0.34359799999999996 0.664584 0.351708 0.663429 0.358938 0.660501
0 0.39643799999999996 0.635501 0.40208000000000005 0.631086 0.40557999999999994 0.6256160000000001 0.406597 0.619628 0.40503 0.613706 0.401034 0.608431 0.395 0.604319 0.387517 0.601773 0.379319 0.601041 0.371208 0.602196 0.363978 0.605124 0.358337 0.609539 0.35483699999999996 0.6150089999999999 0.35381999999999997 0.620997 0.355386 0.626919 0.359382 0.6321939999999999 0.365417 0.636306 0.3729 0.638852 0.381098 0.6395839999999999 0.389208 0.638429 0.39643799999999996 0.635501
0 0.316969 0.50187 0.311629 0.506302 0.308414 0.511723 0.30763799999999997 0.517603 0.309377 0.523365 0.313462 0.528446 0.319491 0.532348 0.326876 0.53469 0.334892 0.535243 0.342756 0.533951 0.349698 0.530942 0.355038 0.52651 0.35825300000000004 0.521089 0.359029 0.51521 0.357289 0.509448 0.353205 0.504367 0.347175 0.500464 0.339791 0.49812200000000006 0.331774 0.49756999999999996 0.32391000000000003 0.49886100000000005 0.316969 0.50187
0 0.314261 0.434215 0.308537 0.438683 0.304933 0.44425800000000004 0.303804 0.450396 0.30526 0.456495 0.309157 0.461958 0.315116 0.466251 0.322551 0.46895300000000006 0.33073600000000003 0.46979899999999997 0.33887 0.468708 0.346155 0.465785 0.35188 0.46131700000000003 0.355483 0.455742 0.35661200000000004 0.449604 0.355157 0.44350500000000004 0.351259 0.438042 0.34530099999999997 0.433749 0.33786499999999997 0.43104699999999996 0.32968000000000003 0.430201 0.32154699999999997 0.431292 0.314261 0.434215
0 0.526805 0.341599 0.532761 0.337156 0.5366310000000001 0.331523 0.538037 0.325251 0.536842 0.318955 0.533162 0.31325 0.5273570000000001 0.30869599999999997 0.519996 0.305738 0.5118 0.304665 0.5035700000000001 0.305583 0.496112 0.30840100000000004 0.490156 0.312844 0.48628600000000005 0.318477 0.484879 0.324749 0.48607500000000003 0.331045 0.489755 0.33675 0.49555899999999997 0.341304 0.50292 0.34426199999999996 0.511117 0.345335 0.519347 0.34441700000000003 0.526805 0.341599
0 0.357572 0.290752 0.351614 0.295105 0.347742 0.30062500000000003 0.346335 0.306772 0.34752900000000003 0.312945 0.351208 0.318539 0.35701299999999997 0.323006 0.36437400000000003 0.32591000000000003 0.372571 0.326966 0.380802 0.32606999999999997 0.388262 0.323311 0.394219 0.31895799999999996 0.39809100000000003 0.313438 0.399499 0.30729 0.398305 0.301118 0.394625 0.295524 0.38882099999999997 0.291056 0.38146 0.288153 0.373262 0.287097 0.365031 0.287993 0.357572 0.290752
0 0.345072 0.329814 0.339114 0.334167 0.335242 0.33968699999999996 0.333835 0.345835 0.335029 0.352007 0.338708 0.357601 0.34451299999999996 0.36206900000000003 0.351874 0.36497199999999996 0.360071 0.366028 0.368302 0.365132 0.37576200000000004 0.362373 0.38171900000000003 0.35802 0.385591 0.3525 0.386999 0.346353 0.385805 0.34018000000000004 0.382125 0.334586 0.376321 0.330119 0.36896 0.327215 0.36076199999999997 0.326159 0.35253100000000004 0.327055 0.345072 0.329814
0 0.36056900000000003 0.366495 0.354647 0.370904 0.350819 0.376478 0.34946 0.382673 0.350703 0.388881 0.354427 0.394495 0.36026600000000003 0.39896600000000004 0.367649 0.401855 0.375854 0.402881 0.38407800000000003 0.401942 0.39151400000000003 0.39913 0.397437 0.394721 0.401264 0.389147 0.402623 0.382952 0.40137999999999996 0.376744 0.39765700000000004 0.37113 0.39181699999999997 0.36665899999999996 0.384434 0.36377000000000004 0.37622900000000004 0.362744 0.368006 0.363683 0.36056900000000003 0.366495
0 0.336136 0.400621 0.33041200000000004 0.405089 0.326808 0.410665 0.325679 0.416802 0.327135 0.42290099999999997 0.331032 0.428364 0.336991 0.432657 0.344426 0.43535899999999994 0.352611 0.436205 0.360745 0.435114 0.36802999999999997 0.432191 0.373755 0.427723 0.37735799999999997 0.42214799999999997 0.378487 0.41601 0.377032 0.40991099999999997 0.37313399999999997 0.40444800000000003 0.367176 0.40015599999999996 0.35974 0.39745400000000003 0.351555 0.39660700000000004 0.343422 0.39769899999999997 0.336136 0.400621
0 0.396113 0.325127 0.390156 0.32948 0.38628399999999996 0.335 0.384876 0.341147 0.38607 0.34731999999999996 0.38975 0.352914 0.395554 0.357381 0.40291499999999997 0.360285 0.411113 0.361341 0.419344 0.360445 0.42680300000000004 0.357686 0.432761 0.353333 0.43663299999999994 0.34781300000000004 0.43804 0.341665 0.43684599999999996 0.335493 0.43316699999999997 0.329899 0.427362 0.32543099999999997 0.42000099999999996 0.32252800000000004 0.41180399999999995 0.321472 0.403573 0.322368 0.396113 0.325127
0 0.408613 0.286846 0.402656 0.29119799999999996 0.39878399999999997 0.296718 0.397376 0.30286599999999997 0.39857 0.309039 0.40225 0.31463199999999997 0.40805400000000003 0.3191 0.415415 0.322004 0.423613 0.323059 0.431844 0.322164 0.43930300000000005 0.319404 0.445261 0.315052 0.44913299999999995 0.30953200000000003 0.45054 0.303384 0.44934599999999997 0.297211 0.445667 0.29161800000000004 0.43986200000000003 0.28715 0.43250099999999997 0.284246 0.42430399999999996 0.283191 0.416073 0.284086 0.408613 0.286846
0 0.411611 0.362589 0.40568799999999994 0.366998 0.40186099999999997 0.372572 0.400502 0.37876699999999996 0.401745 0.38497499999999996 0.40546800000000005 0.39058899999999996 0.411308 0.39506 0.41869100000000004 0.397949 0.426896 0.39897499999999997 0.435119 0.398035 0.442556 0.395224 0.448478 0.390815 0.452306 0.38523999999999997 0.453665 0.379046 0.452422 0.372838 0.448698 0.36722299999999997 0.442859 0.362753 0.435476 0.359863 0.427271 0.358838 0.41904700000000006 0.359777 0.411611 0.362589
0 0.420737 0.43131899999999995 0.426576 0.427024 0.430323 0.42161400000000004 0.431612 0.415617 0.43031699999999995 0.409621 0.42656400000000005 0.40421300000000004 0.42072000000000004 0.399922 0.413358 0.397168 0.40519800000000006 0.39622 0.39703900000000003 0.397173 0.38967999999999997 0.399931 0.383841 0.404226 0.380093 0.409636 0.37880400000000003 0.415633 0.3801 0.421629 0.383853 0.427037 0.389697 0.431328 0.397059 0.43408199999999997 0.40521900000000005 0.43503 0.41337799999999997 0.434077 0.420737 0.43131899999999995
0 0.36530300000000004 0.43265200000000004 0.359578 0.43712 0.35597500000000004 0.44269600000000003 0.354846 0.448834 0.356301 0.45493300000000003 0.360199 0.46039599999999997 0.366157 0.46468800000000005 0.373593 0.46738999999999997 0.381778 0.46823699999999996 0.389912 0.46714500000000003 0.39719699999999997 0.46422299999999994 0.40292199999999995 0.459755 0.40652499999999997 0.454179 0.40765399999999996 0.448041 0.406199 0.44194199999999995 0.402301 0.436479 0.396343 0.432187 0.388907 0.429485 0.380722 0.428638 0.37258800000000003 0.42973 0.36530300000000004 0.43265200000000004
0 0.419761 0.431097 0.41416000000000003 0.435567 0.41063900000000003 0.441144 0.409544 0.447283 0.410982 0.453381 0.414811 0.458842 0.420658 0.463132 0.427949 0.465831 0.435971 0.466674 0.44393900000000003 0.46557899999999997 0.45107299999999995 0.462653 0.456674 0.458183 0.460194 0.452606 0.461289 0.446467 0.459851 0.440369 0.45602200000000004 0.43490799999999996 0.450176 0.43061800000000006 0.442884 0.427919 0.434862 0.427076 0.426894 0.428171 0.419761 0.431097
0 0.34238599999999997 0.467027 0.336662 0.471495 0.33305799999999997 0.477071 0.33192900000000003 0.483209 0.333385 0.489308 0.33728199999999997 0.49477099999999996 0.343241 0.49906300000000003 0.350676 0.501765 0.358861 0.502612 0.366995 0.50152 0.37428 0.498598 0.38000500000000004 0.49413 0.383608 0.488554 0.384737 0.482416 0.383282 0.476317 0.379384 0.470854 0.373426 0.466562 0.36599 0.46386000000000005 0.35780500000000004 0.463013 0.349672 0.464105 0.34238599999999997 0.467027
0 0.393428 0.465465 0.387703 0.469933 0.3841 0.47550800000000004 0.382971 0.481646 0.384426 0.487745 0.388324 0.493208 0.394282 0.497501 0.40171799999999996 0.5002030000000001 0.409903 0.501049 0.418037 0.499958 0.425322 0.497035 0.43104699999999996 0.49256700000000003 0.43465 0.486992 0.43577899999999997 0.480854 0.434324 0.47475500000000004 0.43042600000000003 0.469292 0.42446799999999996 0.464999 0.417032 0.46229699999999996 0.408847 0.461451 0.400713 0.462542 0.393428 0.465465
0 0.366624 0.499119 0.360823 0.503472 0.35712299999999997 0.508938 0.355887 0.514982 0.357236 0.5210130000000001 0.361037 0.526439 0.366919 0.5307310000000001 0.37430599999999997 0.533467 0.382474 0.534381 0.390625 0.533382 0.397959 0.5305679999999999 0.403761 0.526215 0.40746000000000004 0.520749 0.40869600000000006 0.514705 0.407348 0.508675 0.40354599999999996 0.5032479999999999 0.397664 0.498956 0.390278 0.49622 0.382109 0.49530700000000005 0.37395900000000004 0.49630599999999997 0.366624 0.499119
0 0.44863600000000003 0.461559 0.44291200000000003 0.46602699999999997 0.43930800000000003 0.471602 0.438179 0.47774 0.439635 0.483839 0.443532 0.489302 0.449491 0.49359400000000003 0.456926 0.49629599999999996 0.465111 0.497143 0.473245 0.496051 0.48053 0.493129 0.486255 0.488661 0.489858 0.483085 0.49098699999999995 0.476948 0.48953199999999997 0.470849 0.485634 0.46538599999999997 0.479676 0.461093 0.47224000000000005 0.45839100000000005 0.464055 0.457545 0.455922 0.458636 0.44863600000000003 0.461559
0 0.897409 0.558887 0.903119 0.554754 0.906893 0.549466 0.908361 0.543543 0.907379 0.5375639999999999 0.904043 0.5321130000000001 0.89868 0.527726 0.891815 0.52483 0.8841189999999999 0.52371 0.876347 0.524475 0.869258 0.52705 0.863547 0.531184 0.859773 0.5364709999999999 0.858305 0.542394 0.8592879999999999 0.548374 0.8626229999999999 0.553824 0.867987 0.5582119999999999 0.874852 0.561108 0.8825480000000001 0.562228 0.89032 0.561463 0.897409 0.558887
0 0.45842900000000003 0.521184 0.45301 0.525674 0.44974400000000003 0.531169 0.44894999999999996 0.537131 0.45070499999999997 0.542976 0.45483900000000005 0.5481320000000001 0.460947 0.5520940000000001 0.46843 0.5544749999999999 0.476556 0.555041 0.48453 0.553737 0.491571 0.550691 0.49699 0.546201 0.500256 0.540706 0.50105 0.534744 0.49929500000000004 0.528899 0.49516099999999996 0.523743 0.489053 0.5197809999999999 0.48156999999999994 0.5174000000000001 0.47344400000000003 0.516834 0.46547 0.518138 0.45842900000000003 0.521184
0 0.39280400000000004 0.532121 0.387385 0.536612 0.384119 0.542107 0.383325 0.548068 0.38508 0.553913 0.389214 0.559069 0.395322 0.563031 0.402805 0.565412 0.410931 0.565978 0.41890499999999997 0.564675 0.425946 0.561629 0.431365 0.557138 0.434631 0.551643 0.43542500000000006 0.545682 0.43367000000000006 0.539837 0.429536 0.534681 0.423428 0.530719 0.41594499999999995 0.528338 0.40781900000000004 0.527772 0.399845 0.529075 0.39280400000000004 0.532121
0 0.44143299999999996 0.615072 0.446875 0.6105430000000001 0.45017500000000005 0.604982 0.451011 0.5989340000000001 0.449301 0.59299 0.445212 0.587732 0.439145 0.583675 0.431693 0.5812160000000001 0.42358599999999996 0.580595 0.415617 0.5818749999999999 0.408567 0.584928 0.403125 0.589457 0.399825 0.5950179999999999 0.398989 0.601066 0.400699 0.60701 0.40478800000000004 0.612268 0.410855 0.616325 0.418307 0.618784 0.426414 0.619405 0.43438299999999996 0.618125 0.44143299999999996 0.615072
0 0.47282 0.42741300000000004 0.47865900000000006 0.423118 0.482407 0.41770699999999994 0.483696 0.41171100000000005 0.4824 0.405715 0.47864699999999993 0.40030599999999994 0.47280300000000003 0.396015 0.46544100000000005 0.39326099999999997 0.45728099999999994 0.392314 0.449122 0.393266 0.441763 0.39602499999999996 0.435924 0.400319 0.432177 0.40573 0.43088800000000005 0.41172700000000007 0.43218300000000004 0.41772299999999996 0.435936 0.423131 0.44177999999999995 0.42742199999999997 0.449142 0.430176 0.457302 0.43112300000000003 0.465461 0.43017099999999997 0.47282 0.42741300000000004
0 0.476805 0.350974 0.482761 0.34653100000000003 0.48663100000000004 0.34089800000000003 0.488037 0.334626 0.48684200000000005 0.32833 0.483162 0.322625 0.47735700000000003 0.318071 0.46999599999999997 0.31511300000000003 0.46180000000000004 0.31404 0.45357000000000003 0.31495799999999996 0.446112 0.317776 0.440156 0.322219 0.43628600000000006 0.327852 0.434879 0.334124 0.43607500000000005 0.34042 0.439755 0.346125 0.445559 0.350679 0.45292000000000004 0.353637 0.46111700000000005 0.35470999999999997 0.46934699999999996 0.353792 0.476805 0.350974
0 0.461611 0.356339 0.455688 0.36074799999999996 0.45186099999999996 0.366322 0.450502 0.372517 0.451745 0.378725 0.45546800000000004 0.384339 0.461308 0.38881 0.468691 0.391699 0.476896 0.392725 0.48511899999999997 0.391785 0.492556 0.38897400000000004 0.498478 0.384565 0.502306 0.37899 0.503665 0.372796 0.5024219999999999 0.366588 0.498698 0.360973 0.492859 0.356503 0.48547599999999996 0.353613 0.477271 0.352588 0.46904700000000005 0.35352700000000004 0.461611 0.356339
0 0.5711890000000001 0.41029499999999997 0.577186 0.40597200000000006 0.581133 0.40045200000000003 0.5826450000000001 0.394277 0.581573 0.388049 0.578022 0.38238 0.57234 0.377824 0.565083 0.374826 0.556962 0.37368100000000004 0.54877 0.37450100000000003 0.541311 0.377205 0.535314 0.381528 0.531367 0.387048 0.529855 0.393223 0.5309269999999999 0.399451 0.534478 0.40512 0.54016 0.409676 0.547417 0.412674 0.5555380000000001 0.413819 0.56373 0.412999 0.5711890000000001 0.41029499999999997
0 0.552439 0.45013899999999996 0.558436 0.44581600000000005 0.562383 0.440296 0.563895 0.43411999999999995 0.5628230000000001 0.42789299999999997 0.559272 0.42222400000000004 0.55359 0.41766699999999995 0.546333 0.41467 0.5382119999999999 0.41352500000000003 0.53002 0.41434499999999996 0.5225609999999999 0.41704800000000003 0.516564 0.421372 0.512617 0.426891 0.5111049999999999 0.433067 0.512177 0.439295 0.515728 0.44496399999999997 0.52141 0.44952 0.528667 0.452517 0.536788 0.453662 0.54498 0.452843 0.552439 0.45013899999999996
0 0.483866 0.48906499999999997 0.47853 0.493526 0.475297 0.499003 0.47448100000000004 0.50496 0.476164 0.510814 0.48018 0.515991 0.486135 0.5199860000000001 0.493448 0.5224070000000001 0.501403 0.5230159999999999 0.50922 0.521755 0.516134 0.5187470000000001 0.52147 0.514286 0.5247029999999999 0.5088090000000001 0.525519 0.502853 0.523836 0.496999 0.51982 0.491821 0.513865 0.487826 0.506552 0.48540599999999995 0.498597 0.48479599999999995 0.49078 0.486057 0.483866 0.48906499999999997
0 0.9053509999999999 0.521632 0.9108890000000001 0.517423 0.914442 0.51212 0.9156650000000001 0.5062420000000001 0.914436 0.500366 0.910876 0.49506500000000003 0.905335 0.49085900000000005 0.898353 0.48816 0.890615 0.48723099999999997 0.882878 0.488164 0.8758990000000001 0.490868 0.8703609999999999 0.49507700000000004 0.866808 0.50038 0.8655849999999999 0.506258 0.866814 0.512134 0.870374 0.517435 0.875915 0.521641 0.882897 0.52434 0.890635 0.525269 0.898372 0.524336 0.9053509999999999 0.521632
0 0.821665 0.514293 0.816451 0.518684 0.813194 0.524151 0.8122149999999999 0.53016 0.81361 0.536123 0.81724 0.5414559999999999 0.822752 0.5456369999999999 0.8296060000000001 0.548257 0.8371299999999999 0.549059 0.844589 0.547965 0.8512510000000001 0.5450820000000001 0.856466 0.540691 0.859722 0.535224 0.860701 0.529215 0.859307 0.523252 0.8556760000000001 0.517919 0.850165 0.513738 0.8433109999999999 0.511118 0.8357870000000001 0.510316 0.828328 0.5114099999999999 0.821665 0.514293
0 0.589241 0.560453 0.5837920000000001 0.564947 0.5804400000000001 0.5705009999999999 0.579512 0.576572 0.5811 0.582565 0.585047 0.587895 0.5909679999999999 0.592039 0.598283 0.594591 0.606276 0.595302 0.6141639999999999 0.5941029999999999 0.621176 0.591109 0.626625 0.586616 0.629977 0.581062 0.630904 0.574991 0.629317 0.568997 0.625369 0.5636669999999999 0.619448 0.559524 0.612133 0.556971 0.604141 0.55626 0.596252 0.5574600000000001 0.589241 0.560453
0 0.434471 0.553215 0.429052 0.557705 0.425786 0.5631999999999999 0.424991 0.5691620000000001 0.42674700000000004 0.575007 0.430881 0.580163 0.43698800000000004 0.584125 0.44447099999999995 0.586506 0.452597 0.587072 0.460571 0.5857680000000001 0.467612 0.582722 0.47303100000000003 0.5782320000000001 0.476298 0.5727369999999999 0.477092 0.566775 0.475336 0.560931 0.471202 0.555775 0.465095 0.551812 0.457612 0.549432 0.449486 0.5488649999999999 0.441512 0.550169 0.434471 0.553215
0 0.40212000000000003 0.679333 0.407922 0.674894 0.41162400000000005 0.669318 0.41286199999999995 0.6631509999999999 0.41151499999999996 0.656996 0.407716 0.651457 0.401836 0.647076 0.394451 0.64428 0.38628300000000004 0.643345 0.378133 0.644361 0.370797 0.647229 0.364994 0.6516689999999999 0.361293 0.657245 0.360055 0.663412 0.361401 0.669566 0.3652 0.6751050000000001 0.37107999999999997 0.6794870000000001 0.378466 0.682282 0.38663400000000003 0.683218 0.39478399999999997 0.682201 0.40212000000000003 0.679333
0 0.41947999999999996 0.65809 0.413874 0.662501 0.41027500000000006 0.668058 0.409034 0.674219 0.41027500000000006 0.6803790000000001 0.413874 0.685937 0.41947999999999996 0.690347 0.426544 0.693179 0.434375 0.6941550000000001 0.442206 0.693179 0.44927 0.690347 0.45487599999999995 0.685937 0.45847499999999997 0.6803790000000001 0.45971599999999996 0.674219 0.45847499999999997 0.668058 0.45487599999999995 0.662501 0.44927 0.65809 0.442206 0.655259 0.434375 0.6542830000000001 0.426544 0.655259 0.41947999999999996 0.65809
0 0.49794 0.690958 0.5036240000000001 0.686693 0.507322 0.681283 0.508672 0.675258 0.507541 0.669208 0.504041 0.663725 0.498513 0.659346 0.4915 0.6564989999999999 0.48368700000000003 0.655463 0.47584 0.656339 0.46872600000000003 0.659042 0.463042 0.663307 0.459345 0.668717 0.45799500000000004 0.674742 0.45912600000000003 0.6807920000000001 0.46262600000000004 0.686275 0.46815300000000004 0.690654 0.475167 0.693501 0.482979 0.694537 0.490827 0.693661 0.49794 0.690958
0 0.54794 0.690177 0.553624 0.685911 0.557322 0.6805019999999999 0.558672 0.674477 0.557541 0.668427 0.554041 0.662944 0.548513 0.6585650000000001 0.5415 0.655718 0.533687 0.654681 0.52584 0.655558 0.518726 0.658261 0.513042 0.662526 0.5093449999999999 0.667936 0.507995 0.67396 0.509126 0.68001 0.512626 0.685493 0.5181530000000001 0.689873 0.5251669999999999 0.69272 0.532979 0.693756 0.540827 0.6928799999999999 0.54794 0.690177
0 0.80331 0.626551 0.797703 0.630727 0.794055 0.636024 0.792721 0.641925 0.793834 0.647852 0.797283 0.653224 0.802732 0.657516 0.809647 0.660307 0.817351 0.6613249999999999 0.82509 0.660469 0.8321059999999999 0.657824 0.8377129999999999 0.653648 0.8413619999999999 0.648351 0.842695 0.64245 0.841583 0.6365230000000001 0.838133 0.631151 0.8326840000000001 0.6268589999999999 0.82577 0.6240680000000001 0.818066 0.62305 0.810327 0.6239060000000001 0.80331 0.626551
0 0.787524 0.645645 0.793208 0.6413800000000001 0.796905 0.635971 0.7982549999999999 0.629946 0.7971239999999999 0.623896 0.793624 0.618413 0.7880969999999999 0.6140329999999999 0.781083 0.611186 0.773271 0.61015 0.765423 0.611027 0.75831 0.61373 0.752626 0.617995 0.748928 0.6234040000000001 0.7475780000000001 0.629429 0.7487090000000001 0.635479 0.752209 0.640962 0.757737 0.6453420000000001 0.76475 0.648189 0.772563 0.649225 0.78041 0.648348 0.787524 0.645645
0 0.520857 0.656583 0.526541 0.652318 0.530239 0.646908 0.531588 0.640883 0.530458 0.634833 0.526957 0.62935 0.52143 0.624971 0.514417 0.622124 0.506604 0.6210880000000001 0.498757 0.621964 0.491643 0.624667 0.485959 0.628932 0.482261 0.634342 0.480912 0.640367 0.482042 0.646417 0.485543 0.6519 0.49107 0.656279 0.498083 0.659126 0.505896 0.6601619999999999 0.5137430000000001 0.659286 0.520857 0.656583
0 0.457413 0.597711 0.451691 0.6020369999999999 0.447944 0.607541 0.446539 0.6136820000000001 0.447615 0.619862 0.45106599999999997 0.6254730000000001 0.456553 0.6299680000000001 0.46353999999999995 0.6329049999999999 0.47134299999999996 0.633998 0.47919799999999996 0.63314 0.48633699999999996 0.630414 0.49205899999999997 0.626088 0.49580599999999997 0.620584 0.49721099999999996 0.614443 0.49613500000000005 0.608263 0.492684 0.602652 0.487197 0.5981569999999999 0.48021 0.5952200000000001 0.472407 0.5941270000000001 0.464552 0.594985 0.457413 0.597711
0 0.536814 0.486077 0.542811 0.481753 0.546758 0.476234 0.54827 0.47005800000000003 0.5471980000000001 0.46383 0.543647 0.45816100000000004 0.537965 0.45360500000000004 0.530708 0.450608 0.5225869999999999 0.449463 0.514395 0.45028199999999996 0.5069359999999999 0.452986 0.500939 0.45730899999999997 0.496992 0.462829 0.49548 0.469005 0.496552 0.475232 0.500103 0.48090099999999997 0.505785 0.48545800000000006 0.513042 0.488455 0.521163 0.4896 0.529355 0.48878000000000005 0.536814 0.486077
0 0.521189 0.42045199999999994 0.527186 0.41612799999999994 0.531133 0.410609 0.532645 0.40443300000000004 0.5315730000000001 0.39820500000000003 0.528022 0.392536 0.52234 0.38798 0.515083 0.38498299999999996 0.5069619999999999 0.383838 0.49877000000000005 0.38465699999999997 0.49131099999999994 0.387361 0.48531399999999997 0.39168400000000003 0.481367 0.397204 0.479855 0.40338 0.480927 0.409607 0.484478 0.415276 0.49016000000000004 0.419833 0.497417 0.42283 0.505538 0.423975 0.51373 0.42315500000000006 0.521189 0.42045199999999994
0 0.510569 0.34540099999999996 0.5046470000000001 0.34981 0.500819 0.355385 0.49946 0.361579 0.500703 0.367787 0.504427 0.373402 0.510266 0.377872 0.517649 0.380762 0.525854 0.381787 0.5340779999999999 0.38084799999999996 0.541514 0.378036 0.5474370000000001 0.37362700000000004 0.551264 0.368053 0.552623 0.361858 0.55138 0.35565 0.547657 0.350036 0.541817 0.345565 0.534434 0.342676 0.5262290000000001 0.34165 0.518006 0.34259 0.510569 0.34540099999999996
0 0.617113 0.42575799999999997 0.622452 0.421099 0.6255919999999999 0.41544400000000004 0.626228 0.409349 0.624296 0.403409 0.619986 0.398206 0.61372 0.39424899999999996 0.6061099999999999 0.391926 0.597903 0.391463 0.589901 0.392908 0.582887 0.396117 0.577548 0.400776 0.574408 0.406431 0.5737720000000001 0.412526 0.575704 0.418466 0.580014 0.423669 0.58628 0.42762599999999995 0.59389 0.42994899999999997 0.602097 0.430412 0.6100990000000001 0.428967 0.617113 0.42575799999999997
0 0.544944 0.299307 0.539022 0.303716 0.535194 0.309291 0.5338350000000001 0.315485 0.535078 0.32169400000000004 0.538802 0.32730800000000004 0.544641 0.331779 0.5520240000000001 0.334668 0.560229 0.335693 0.568453 0.334754 0.575889 0.331943 0.581812 0.327534 0.585639 0.321959 0.586998 0.31576499999999996 0.585755 0.309556 0.582032 0.303942 0.576192 0.299471 0.568809 0.296582 0.560604 0.29555699999999996 0.552381 0.296496 0.544944 0.299307
0 0.560569 0.336026 0.554647 0.340435 0.550819 0.34601000000000004 0.5494600000000001 0.352204 0.550703 0.358412 0.554427 0.364027 0.560266 0.36849699999999996 0.5676490000000001 0.371387 0.575854 0.372412 0.584078 0.371473 0.591514 0.368661 0.597437 0.364252 0.601264 0.358678 0.602623 0.352483 0.60138 0.346275 0.597657 0.340661 0.591817 0.33619 0.584434 0.33330099999999996 0.576229 0.332275 0.568006 0.333215 0.560569 0.336026
0 0.703964 0.317726 0.6962010000000001 0.318946 0.689319 0.321907 0.683993 0.326317 0.680743 0.331745 0.679889 0.33765999999999996 0.681512 0.343483 0.6854560000000001 0.348644 0.691333 0.352638 0.6985680000000001 0.355073 0.706453 0.355712 0.714216 0.354491 0.721098 0.351531 0.726424 0.347121 0.729673 0.34169299999999997 0.730528 0.335777 0.728904 0.32995399999999997 0.724961 0.324793 0.719084 0.32080000000000003 0.7118490000000001 0.318365 0.703964 0.317726
0 0.5998300000000001 0.361688 0.594334 0.366006 0.590923 0.371357 0.5899289999999999 0.377218 0.591451 0.383015 0.59534 0.388179 0.6012139999999999 0.39220700000000003 0.608498 0.394704 0.6164799999999999 0.395424 0.624379 0.394299 0.63142 0.391437 0.636916 0.387119 0.640327 0.381768 0.641321 0.375907 0.639799 0.37011 0.63591 0.364946 0.630036 0.36091799999999996 0.622752 0.358421 0.61477 0.357701 0.606871 0.358826 0.5998300000000001 0.361688
0 0.59794 0.6886140000000001 0.603624 0.684349 0.607322 0.678939 0.608672 0.6729149999999999 0.607541 0.666865 0.6040409999999999 0.6613819999999999 0.598513 0.6570020000000001 0.5915 0.654155 0.5836870000000001 0.653119 0.57584 0.653995 0.5687260000000001 0.656698 0.563042 0.660964 0.559345 0.666373 0.557995 0.672398 0.559126 0.678448 0.5626260000000001 0.6839310000000001 0.568153 0.68831 0.575167 0.691157 0.582979 0.692194 0.590827 0.691317 0.59794 0.6886140000000001
0 0.64794 0.689395 0.653624 0.68513 0.657322 0.679721 0.6586719999999999 0.673696 0.6575409999999999 0.667646 0.654041 0.662163 0.648513 0.657783 0.6415 0.654936 0.633687 0.6538999999999999 0.62584 0.6547769999999999 0.618726 0.65748 0.613042 0.661745 0.609345 0.667154 0.6079950000000001 0.673179 0.6091260000000001 0.6792290000000001 0.612626 0.684712 0.6181530000000001 0.689092 0.625167 0.691939 0.632979 0.692975 0.640827 0.692098 0.64794 0.689395
0 0.69794 0.690177 0.703624 0.685911 0.707322 0.6805019999999999 0.708672 0.674477 0.707541 0.668427 0.7040409999999999 0.662944 0.6985129999999999 0.6585650000000001 0.6915 0.655718 0.683687 0.654681 0.67584 0.655558 0.668726 0.658261 0.663042 0.662526 0.659345 0.667936 0.657995 0.67396 0.659126 0.68001 0.662626 0.685493 0.668153 0.689873 0.675167 0.69272 0.682979 0.693756 0.690827 0.6928799999999999 0.69794 0.690177
0 0.743445 0.685254 0.748814 0.681165 0.7522599999999999 0.676014 0.7534449999999999 0.670305 0.752253 0.664597 0.748802 0.659448 0.743429 0.655362 0.7366590000000001 0.65274 0.729157 0.6518379999999999 0.7216549999999999 0.652745 0.714888 0.6553709999999999 0.709519 0.6594599999999999 0.706074 0.6646110000000001 0.704889 0.67032 0.70608 0.676028 0.7095309999999999 0.681177 0.714904 0.6852630000000001 0.7216739999999999 0.687885 0.729177 0.688787 0.736679 0.68788 0.743445 0.685254
0 0.791362 0.6797850000000001 0.7967310000000001 0.675697 0.8001760000000001 0.6705460000000001 0.801361 0.664836 0.8001699999999999 0.659128 0.7967190000000001 0.653979 0.791346 0.6498929999999999 0.784576 0.647271 0.777073 0.64637 0.769571 0.647276 0.762805 0.649902 0.757436 0.653991 0.75399 0.659142 0.7528050000000001 0.664851 0.753997 0.6705599999999999 0.757448 0.675709 0.762821 0.679794 0.7695909999999999 0.682416 0.777093 0.683318 0.784595 0.682411 0.791362 0.6797850000000001
0 0.570857 0.658145 0.576541 0.65388 0.580239 0.648471 0.581588 0.642446 0.5804579999999999 0.636396 0.5769569999999999 0.630913 0.57143 0.626533 0.564417 0.623686 0.556604 0.6226499999999999 0.5487569999999999 0.6235269999999999 0.541643 0.62623 0.535959 0.630495 0.532261 0.635904 0.530912 0.641929 0.532042 0.6479790000000001 0.535543 0.653462 0.54107 0.657842 0.548083 0.660689 0.555896 0.661725 0.563743 0.660848 0.570857 0.658145
0 0.621899 0.655802 0.627583 0.651536 0.6312800000000001 0.646127 0.63263 0.640102 0.631499 0.634052 0.627999 0.6285689999999999 0.6224719999999999 0.62419 0.6154580000000001 0.621343 0.607646 0.620306 0.599798 0.621183 0.592685 0.6238859999999999 0.587001 0.628151 0.583303 0.633561 0.581953 0.6395850000000001 0.583084 0.645635 0.586584 0.6511180000000001 0.592112 0.6554979999999999 0.599125 0.658345 0.606938 0.659381 0.614785 0.658505 0.621899 0.655802
0 0.671899 0.656583 0.677583 0.652318 0.68128 0.646908 0.68263 0.640883 0.681499 0.634833 0.677999 0.62935 0.672472 0.624971 0.665458 0.622124 0.657646 0.6210880000000001 0.649798 0.621964 0.642685 0.624667 0.6370009999999999 0.628932 0.633303 0.634342 0.631953 0.640367 0.633084 0.646417 0.636584 0.6519 0.642112 0.656279 0.649125 0.659126 0.656938 0.6601619999999999 0.664785 0.659286 0.671899 0.656583
0 0.732315 0.653458 0.7379990000000001 0.649193 0.741697 0.643783 0.743047 0.637758 0.741916 0.6317079999999999 0.738416 0.626225 0.732888 0.621846 0.725875 0.618999 0.718062 0.617963 0.710215 0.618839 0.703101 0.621542 0.697417 0.625807 0.69372 0.631217 0.69237 0.637242 0.693501 0.643292 0.697001 0.648775 0.702528 0.653154 0.709542 0.6560010000000001 0.717354 0.657037 0.725202 0.656161 0.732315 0.653458
0 0.516278 0.592765 0.510475 0.596791 0.506605 0.6019720000000001 0.505044 0.607801 0.505947 0.613707 0.509225 0.619113 0.514556 0.62349 0.52142 0.626408 0.529144 0.6275820000000001 0.5369729999999999 0.626898 0.544139 0.624422 0.549941 0.620397 0.553812 0.615216 0.555373 0.609387 0.55447 0.60348 0.551192 0.598074 0.54586 0.5936980000000001 0.538996 0.59078 0.531272 0.5896049999999999 0.523444 0.5902890000000001 0.516278 0.592765
0 0.540282 0.561234 0.534834 0.565728 0.531482 0.571282 0.530554 0.577353 0.532142 0.5833470000000001 0.536089 0.588676 0.54201 0.59282 0.549325 0.595372 0.557318 0.5960840000000001 0.565206 0.594884 0.572218 0.5918910000000001 0.577666 0.587397 0.581018 0.581843 0.5819460000000001 0.575772 0.580358 0.569778 0.576411 0.564449 0.57049 0.5603049999999999 0.563175 0.557753 0.5551820000000001 0.557041 0.5472940000000001 0.558241 0.540282 0.561234
0 0.565236 0.592765 0.559434 0.596791 0.555563 0.6019720000000001 0.554002 0.607801 0.554905 0.613707 0.558183 0.619113 0.563515 0.62349 0.570379 0.626408 0.578103 0.6275820000000001 0.585931 0.626898 0.593097 0.624422 0.5989 0.620397 0.60277 0.615216 0.604331 0.609387 0.603428 0.60348 0.60015 0.598074 0.594819 0.5936980000000001 0.587955 0.59078 0.580231 0.5896049999999999 0.5724020000000001 0.5902890000000001 0.565236 0.592765
0 0.775678 0.586498 0.78153 0.5823400000000001 0.7854180000000001 0.577004 0.78696 0.571013 0.786006 0.564953 0.7826489999999999 0.559418 0.777218 0.55495 0.770244 0.551985 0.76241 0.5508149999999999 0.754483 0.551553 0.747239 0.554127 0.741386 0.5582849999999999 0.737499 0.563621 0.735957 0.569612 0.736911 0.575672 0.740268 0.581207 0.745699 0.585675 0.7526729999999999 0.58864 0.760507 0.5898100000000001 0.768434 0.589072 0.775678 0.586498
0 0.668361 0.591984 0.662559 0.5960099999999999 0.6586879999999999 0.60119 0.657127 0.607019 0.65803 0.6129260000000001 0.661308 0.618332 0.66664 0.622708 0.673504 0.6256269999999999 0.6812280000000001 0.626801 0.689056 0.626117 0.696222 0.623641 0.702025 0.619615 0.705895 0.6144350000000001 0.707456 0.608606 0.706553 0.602699 0.703275 0.597293 0.697944 0.592917 0.69108 0.589998 0.6833560000000001 0.588824 0.675527 0.589508 0.668361 0.591984
0 0.723757 0.5870409999999999 0.717931 0.591298 0.7141230000000001 0.596714 0.7127049999999999 0.602757 0.713816 0.6088359999999999 0.717347 0.614356 0.722953 0.618776 0.730085 0.6216649999999999 0.738045 0.6227389999999999 0.7460530000000001 0.621892 0.753326 0.619209 0.759152 0.6149519999999999 0.762961 0.6095360000000001 0.764379 0.6034930000000001 0.763268 0.597414 0.759736 0.591894 0.75413 0.587474 0.7469979999999999 0.584585 0.739039 0.583511 0.73103 0.584358 0.723757 0.5870409999999999
0 0.7778660000000001 0.57876 0.772076 0.58275 0.768203 0.587893 0.766627 0.593686 0.7675029999999999 0.599561 0.770743 0.6049450000000001 0.776032 0.609309 0.782851 0.6122259999999999 0.790533 0.6134109999999999 0.798326 0.612749 0.8054669999999999 0.610303 0.8112579999999999 0.606313 0.8151300000000001 0.60117 0.8167059999999999 0.5953769999999999 0.815831 0.589501 0.8125899999999999 0.5841179999999999 0.807301 0.579754 0.800482 0.576837 0.7928 0.5756509999999999 0.785007 0.576314 0.7778660000000001 0.57876
0 0.61732 0.591984 0.611517 0.5960099999999999 0.607646 0.60119 0.606086 0.607019 0.606989 0.6129260000000001 0.610266 0.618332 0.615598 0.622708 0.622462 0.6256269999999999 0.6301859999999999 0.626801 0.638014 0.626117 0.6451800000000001 0.623641 0.650983 0.619615 0.654854 0.6144350000000001 0.656414 0.608606 0.655511 0.602699 0.652234 0.597293 0.6469020000000001 0.592917 0.640038 0.589998 0.632314 0.588824 0.624486 0.589508 0.61732 0.591984
0 0.640236 0.559172 0.6344339999999999 0.563197 0.630563 0.5683779999999999 0.6290020000000001 0.574207 0.629905 0.580114 0.633183 0.58552 0.638515 0.589896 0.6453789999999999 0.592814 0.653103 0.593989 0.6609309999999999 0.593304 0.668097 0.590828 0.6738999999999999 0.586803 0.67777 0.5816220000000001 0.679331 0.575793 0.678428 0.569886 0.67515 0.56448 0.669819 0.560104 0.662955 0.557186 0.655231 0.556011 0.647402 0.556696 0.640236 0.559172
0 0.719428 0.591186 0.7252799999999999 0.587027 0.729168 0.581691 0.73071 0.5757 0.729756 0.5696410000000001 0.726399 0.564106 0.7209679999999999 0.559637 0.713994 0.556673 0.70616 0.5555019999999999 0.698233 0.5562400000000001 0.690989 0.558814 0.685136 0.5629730000000001 0.681249 0.568309 0.679707 0.5743 0.680661 0.580359 0.684018 0.5858939999999999 0.689449 0.590363 0.696423 0.593327 0.704257 0.594498 0.7121839999999999 0.59376 0.719428 0.591186
0 0.8247410000000001 0.592822 0.818951 0.596812 0.815078 0.601955 0.8135020000000001 0.6077480000000001 0.8143779999999999 0.613624 0.8176180000000001 0.6190070000000001 0.822907 0.623371 0.829726 0.626288 0.8374079999999999 0.6274740000000001 0.845201 0.626811 0.8523419999999999 0.624365 0.8581329999999999 0.620375 0.8620050000000001 0.615232 0.8635809999999999 0.609439 0.862706 0.603564 0.8594649999999999 0.5981799999999999 0.854176 0.593816 0.847357 0.5908990000000001 0.8396750000000001 0.5897140000000001 0.831882 0.590376 0.8247410000000001 0.592822
0 0.851824 0.561572 0.8460340000000001 0.565562 0.8421620000000001 0.570705 0.840586 0.5764980000000001 0.841461 0.582374 0.8447020000000001 0.5877570000000001 0.84999 0.592121 0.8568089999999999 0.595038 0.8644909999999999 0.5962240000000001 0.872284 0.595561 0.8794259999999999 0.593115 0.885216 0.589125 0.8890879999999999 0.583982 0.8906639999999999 0.578189 0.889789 0.572314 0.886548 0.5669299999999999 0.8812599999999999 0.562566 0.874441 0.5596490000000001 0.8667590000000001 0.5584640000000001 0.858966 0.559126 0.851824 0.561572
0 0.506949 0.534672 0.5015 0.539165 0.49814800000000004 0.54472 0.49722099999999997 0.550791 0.49880800000000003 0.5567840000000001 0.502756 0.562114 0.5086769999999999 0.566258 0.515992 0.56881 0.523984 0.569521 0.531873 0.568321 0.538884 0.5653279999999999 0.544333 0.560835 0.547685 0.55528 0.548613 0.5492090000000001 0.547025 0.5432159999999999 0.5430780000000001 0.5378860000000001 0.537157 0.5337419999999999 0.529842 0.5311899999999999 0.521849 0.5304789999999999 0.513961 0.531679 0.506949 0.534672
0 0.564241 0.529203 0.5587920000000001 0.533697 0.55544 0.5392509999999999 0.554512 0.545322 0.5561 0.551315 0.560047 0.556645 0.565968 0.560789 0.573283 0.563341 0.581276 0.564052 0.589164 0.5628529999999999 0.596176 0.559859 0.6016250000000001 0.555366 0.604977 0.549812 0.605904 0.543741 0.604317 0.537747 0.6003689999999999 0.5324169999999999 0.5944480000000001 0.528274 0.587133 0.525721 0.579141 0.52501 0.571252 0.5262100000000001 0.564241 0.529203
0 0.614241 0.5284220000000001 0.608792 0.532915 0.60544 0.53847 0.6045119999999999 0.5445409999999999 0.6061 0.5505340000000001 0.610047 0.5558639999999999 0.615968 0.5600080000000001 0.623283 0.5625600000000001 0.631276 0.5632710000000001 0.639164 0.562071 0.646176 0.559078 0.651625 0.554585 0.6549769999999999 0.54903 0.655904 0.542959 0.654317 0.5369659999999999 0.650369 0.531636 0.644448 0.527492 0.6371330000000001 0.52494 0.629141 0.524229 0.6212519999999999 0.525429 0.614241 0.5284220000000001
0 0.6950160000000001 0.5578339999999999 0.700483 0.553492 0.703864 0.548121 0.704827 0.5422450000000001 0.703278 0.53644 0.699369 0.531274 0.693482 0.527253 0.686195 0.52477 0.678219 0.524069 0.670336 0.525218 0.6633169999999999 0.528104 0.65785 0.532445 0.65447 0.537817 0.6535070000000001 0.543693 0.655055 0.549498 0.658964 0.554663 0.664851 0.558685 0.672139 0.561167 0.680114 0.561869 0.687997 0.56072 0.6950160000000001 0.5578339999999999
0 0.745016 0.55549 0.750483 0.551149 0.753864 0.545777 0.7548269999999999 0.539901 0.753278 0.534096 0.749369 0.52893 0.743482 0.524909 0.736195 0.5224260000000001 0.728219 0.521725 0.720336 0.5228740000000001 0.713317 0.52576 0.70785 0.5301009999999999 0.7044699999999999 0.535473 0.703507 0.5413490000000001 0.705055 0.547154 0.708964 0.55232 0.714851 0.556341 0.7221390000000001 0.558824 0.730114 0.559525 0.737997 0.558376 0.745016 0.55549
0 0.776055 0.523669 0.770519 0.528062 0.767053 0.533532 0.765997 0.539544 0.7674529999999999 0.545508 0.771279 0.550842 0.777101 0.555022 0.784349 0.5576399999999999 0.7923129999999999 0.5584399999999999 0.8002140000000001 0.557343 0.8072779999999999 0.554456 0.812814 0.550063 0.8162800000000001 0.544593 0.817337 0.538581 0.8158810000000001 0.532617 0.812054 0.527283 0.806233 0.523103 0.798985 0.5204850000000001 0.791021 0.5196850000000001 0.78312 0.520782 0.776055 0.523669
0 0.530907 0.5018589999999999 0.525459 0.506353 0.522107 0.511907 0.521179 0.517978 0.522767 0.523972 0.526714 0.529301 0.532635 0.5334450000000001 0.5399499999999999 0.535997 0.547943 0.536709 0.555831 0.535509 0.562843 0.532516 0.568291 0.528022 0.571643 0.522468 0.572571 0.516397 0.570983 0.5104029999999999 0.567036 0.505074 0.561115 0.50093 0.5538000000000001 0.49837800000000004 0.545807 0.497666 0.537919 0.49886600000000003 0.530907 0.5018589999999999
0 0.587157 0.49560899999999997 0.581709 0.500103 0.578357 0.505657 0.577429 0.511728 0.579017 0.517722 0.582964 0.5230509999999999 0.588885 0.5271950000000001 0.5962 0.529747 0.604193 0.530459 0.612081 0.5292589999999999 0.619093 0.526266 0.624541 0.521772 0.627893 0.5162180000000001 0.6288210000000001 0.510147 0.627233 0.504153 0.623286 0.49882400000000005 0.617365 0.49467999999999995 0.61005 0.492128 0.6020570000000001 0.49141599999999996 0.5941690000000001 0.49261600000000005 0.587157 0.49560899999999997
0 0.637157 0.49560899999999997 0.6317090000000001 0.500103 0.628357 0.505657 0.627429 0.511728 0.6290169999999999 0.517722 0.6329640000000001 0.5230509999999999 0.6388849999999999 0.5271950000000001 0.6462 0.529747 0.654193 0.530459 0.6620809999999999 0.5292589999999999 0.6690929999999999 0.526266 0.674541 0.521772 0.677893 0.5162180000000001 0.678821 0.510147 0.677233 0.504153 0.6732859999999999 0.49882400000000005 0.667365 0.49467999999999995 0.66005 0.492128 0.652057 0.49141599999999996 0.644169 0.49261600000000005 0.637157 0.49560899999999997
0 0.686116 0.494047 0.680667 0.49854000000000004 0.677315 0.504095 0.676387 0.510166 0.677975 0.516159 0.6819219999999999 0.521489 0.687843 0.525633 0.6951579999999999 0.528185 0.703151 0.528896 0.711039 0.5276959999999999 0.718051 0.5247029999999999 0.7235 0.52021 0.7268519999999999 0.5146550000000001 0.7277790000000001 0.508584 0.726192 0.502591 0.722244 0.49726100000000006 0.716323 0.49311699999999997 0.7090080000000001 0.490565 0.701016 0.48985399999999996 0.6931269999999999 0.491054 0.686116 0.494047
0 0.736116 0.492484 0.7306670000000001 0.49697800000000003 0.727315 0.502532 0.726387 0.508603 0.727975 0.514597 0.731922 0.519926 0.737843 0.52407 0.745158 0.5266219999999999 0.753151 0.527334 0.761039 0.526134 0.768051 0.5231410000000001 0.7735000000000001 0.518647 0.776852 0.513093 0.777779 0.507022 0.776192 0.501028 0.7722439999999999 0.495699 0.7663230000000001 0.49155499999999996 0.759008 0.489003 0.751016 0.488291 0.743127 0.489491 0.736116 0.492484
0 0.7832950000000001 0.487083 0.778014 0.49157900000000004 0.774783 0.497129 0.773919 0.503189 0.775506 0.5091669999999999 0.779389 0.5144770000000001 0.785187 0.518599 0.792333 0.52113 0.800128 0.521822 0.807808 0.520607 0.814622 0.517605 0.819903 0.513108 0.823133 0.507559 0.8239979999999999 0.501498 0.822411 0.49551999999999996 0.818528 0.49021100000000006 0.81273 0.48608900000000005 0.805584 0.48355800000000004 0.7977890000000001 0.482866 0.790109 0.48407999999999995 0.7832950000000001 0.487083
0 0.831211 0.478489 0.8259299999999999 0.48298500000000005 0.8227 0.488535 0.821836 0.49459600000000004 0.823423 0.5005729999999999 0.827305 0.5058830000000001 0.833103 0.510005 0.8402499999999999 0.512536 0.848044 0.513228 0.855725 0.5120129999999999 0.862539 0.509011 0.86782 0.5045149999999999 0.87105 0.498965 0.871914 0.49290399999999995 0.870327 0.486927 0.866445 0.48161699999999996 0.8606469999999999 0.47749499999999995 0.8535 0.47496400000000005 0.8457060000000001 0.474272 0.838025 0.47548700000000005 0.831211 0.478489
0 0.552562 0.467085 0.546957 0.471437 0.5433830000000001 0.47690299999999997 0.54219 0.482946 0.543496 0.48897700000000005 0.547171 0.494404 0.552857 0.49869700000000006 0.559996 0.5014350000000001 0.567891 0.5023500000000001 0.575767 0.501352 0.582855 0.49854000000000004 0.58846 0.494188 0.5920340000000001 0.488722 0.593226 0.48267899999999997 0.5919209999999999 0.47664799999999996 0.588246 0.471221 0.58256 0.46692799999999995 0.57542 0.46419 0.567526 0.463275 0.5596490000000001 0.46427300000000005 0.552562 0.467085
0 0.57027 0.43192899999999995 0.564665 0.436281 0.561091 0.441746 0.5598989999999999 0.44779 0.561204 0.45382100000000003 0.564879 0.459248 0.570565 0.46354100000000004 0.577705 0.46627799999999997 0.585599 0.46719299999999997 0.593476 0.46619599999999994 0.600563 0.463383 0.606168 0.45903099999999997 0.609742 0.453566 0.610935 0.44752200000000003 0.609629 0.44149200000000005 0.605954 0.436064 0.600268 0.43177199999999993 0.593129 0.42903399999999997 0.585234 0.42811899999999997 0.577358 0.429117 0.57027 0.43192899999999995
0 0.891229 0.448351 0.896329 0.443781 0.8993410000000001 0.438214 0.89997 0.43219399999999997 0.898155 0.42631199999999997 0.894073 0.421142 0.8881249999999999 0.417191 0.8808909999999999 0.414846 0.873081 0.41433600000000004 0.8654590000000001 0.41571100000000005 0.858771 0.41883600000000004 0.853671 0.42340600000000006 0.8506589999999999 0.428974 0.85003 0.43499299999999996 0.851845 0.440876 0.855927 0.44604600000000005 0.8618750000000001 0.44999599999999995 0.8691090000000001 0.45234199999999997 0.876919 0.45285200000000003 0.8845409999999999 0.451477 0.891229 0.448351
0 0.653603 0.46005399999999996 0.6479980000000001 0.464406 0.644424 0.46987100000000004 0.643232 0.475915 0.6445369999999999 0.48194600000000004 0.6482129999999999 0.487373 0.653898 0.49166600000000005 0.661038 0.494403 0.6689320000000001 0.495318 0.676809 0.49432099999999995 0.683897 0.49150799999999994 0.689502 0.487156 0.693076 0.481691 0.694268 0.47564700000000004 0.692963 0.46961700000000006 0.689287 0.464189 0.683602 0.45989699999999994 0.676462 0.457159 0.6685679999999999 0.456244 0.660691 0.45724200000000004 0.653603 0.46005399999999996
0 0.702562 0.458492 0.696957 0.46284400000000003 0.6933830000000001 0.468309 0.69219 0.47435299999999997 0.693496 0.48038299999999995 0.697171 0.485811 0.7028570000000001 0.49010300000000007 0.7099960000000001 0.49284100000000003 0.7178910000000001 0.49375600000000003 0.725767 0.492758 0.732855 0.48994600000000005 0.73846 0.485594 0.7420340000000001 0.480129 0.743226 0.474085 0.7419209999999999 0.46805399999999997 0.738246 0.462627 0.73256 0.45833399999999996 0.72542 0.45559700000000003 0.717526 0.45468200000000003 0.709649 0.45567900000000006 0.702562 0.458492
0 0.750478 0.45614800000000005 0.744873 0.4605 0.7412989999999999 0.465965 0.740107 0.472009 0.741412 0.47804 0.745088 0.483467 0.7507729999999999 0.48776 0.7579130000000001 0.49049699999999996 0.765807 0.49141199999999996 0.773684 0.490414 0.780772 0.487602 0.786377 0.48324999999999996 0.7899510000000001 0.477785 0.791143 0.471741 0.789838 0.46570999999999996 0.786162 0.460283 0.7804770000000001 0.45599 0.7733369999999999 0.453253 0.765443 0.452338 0.757566 0.453336 0.750478 0.45614800000000005
0 0.800478 0.45067899999999994 0.794873 0.45503099999999996 0.791299 0.460496 0.790107 0.46654 0.791412 0.472571 0.795088 0.47799800000000003 0.8007730000000001 0.482291 0.8079129999999999 0.48502799999999996 0.8158070000000001 0.48594299999999996 0.8236840000000001 0.484946 0.830772 0.482133 0.836377 0.47778099999999996 0.8399509999999999 0.472316 0.841143 0.466272 0.839838 0.46024200000000004 0.8361620000000001 0.454814 0.8304769999999999 0.450522 0.8233370000000001 0.44778399999999996 0.8154429999999999 0.44686899999999996 0.8075659999999999 0.447867 0.800478 0.45067899999999994
0 0.604645 0.45927300000000004 0.59904 0.46362500000000006 0.5954659999999999 0.46909 0.594274 0.475134 0.5955790000000001 0.481165 0.599254 0.486592 0.60494 0.490885 0.61208 0.49362199999999995 0.619974 0.49453699999999995 0.6278509999999999 0.493539 0.634938 0.49072699999999997 0.640543 0.48637499999999995 0.6441169999999999 0.48091 0.64531 0.474866 0.644004 0.468835 0.640329 0.463408 0.634643 0.459115 0.627504 0.45637800000000006 0.619609 0.45546300000000006 0.611733 0.456461 0.604645 0.45927300000000004
0 0.754645 0.349117 0.74904 0.353469 0.745466 0.358934 0.744274 0.36497799999999997 0.745579 0.371008 0.749254 0.376436 0.75494 0.380728 0.76208 0.383466 0.769974 0.384381 0.777851 0.383383 0.784938 0.380571 0.790543 0.37621899999999997 0.794117 0.370754 0.79531 0.36471 0.7940039999999999 0.358679 0.7903290000000001 0.353252 0.784643 0.348959 0.777504 0.346222 0.769609 0.345307 0.761733 0.346304 0.754645 0.349117
0 0.669228 0.42333499999999996 0.6636230000000001 0.427687 0.660049 0.433153 0.658857 0.43919600000000003 0.6601619999999999 0.44522700000000004 0.6638379999999999 0.450654 0.669523 0.45494700000000005 0.676663 0.457685 0.6845570000000001 0.4586 0.692434 0.45760199999999995 0.699522 0.45479 0.705127 0.450438 0.708701 0.44497200000000003 0.709893 0.438929 0.708588 0.43289799999999995 0.704912 0.427471 0.699227 0.42317799999999994 0.692087 0.42044 0.6841929999999999 0.419525 0.676316 0.42052300000000004 0.669228 0.42333499999999996
0 0.748304 0.453304 0.7536609999999999 0.44883300000000004 0.7569250000000001 0.44333 0.757779 0.43733199999999994 0.756138 0.43142800000000003 0.752162 0.426194 0.746242 0.422143 0.7389560000000001 0.419672 0.731017 0.419023 0.723204 0.420259 0.716279 0.423259 0.710923 0.42772899999999997 0.707658 0.433232 0.706804 0.43922999999999995 0.708446 0.44513499999999995 0.712421 0.45036899999999996 0.718342 0.454419 0.725628 0.45689 0.7335659999999999 0.45754 0.74138 0.456304 0.748304 0.453304
0 0.795179 0.45095999999999997 0.8005359999999999 0.44649 0.8038000000000001 0.440986 0.804654 0.434989 0.803013 0.429084 0.799037 0.42385 0.793117 0.41980000000000006 0.7858310000000001 0.41732899999999995 0.777892 0.41667899999999997 0.770079 0.417915 0.763154 0.42091500000000004 0.757798 0.425385 0.754533 0.43088899999999997 0.753679 0.436886 0.755321 0.442791 0.759296 0.448025 0.765217 0.45207499999999995 0.772503 0.454546 0.7804409999999999 0.45519600000000005 0.788255 0.45396000000000003 0.795179 0.45095999999999997
0 0.843939 0.444909 0.848973 0.44047099999999995 0.8519669999999999 0.43505399999999994 0.852627 0.429188 0.850888 0.423447 0.846922 0.418394 0.841115 0.414522 0.834037 0.41221199999999997 0.82638 0.41168899999999997 0.8188929999999999 0.41300400000000004 0.812311 0.416028 0.807277 0.42046599999999995 0.8042830000000001 0.42588400000000004 0.803623 0.43174999999999997 0.805362 0.43749000000000005 0.809328 0.442544 0.815135 0.446415 0.822213 0.448726 0.82987 0.449249 0.8373570000000001 0.44793399999999994 0.843939 0.444909
0 0.618187 0.42333499999999996 0.612582 0.427687 0.609008 0.433153 0.607815 0.43919600000000003 0.609121 0.44522700000000004 0.612796 0.450654 0.618482 0.45494700000000005 0.625621 0.457685 0.633516 0.4586 0.641392 0.45760199999999995 0.64848 0.45479 0.654085 0.450438 0.657659 0.44497200000000003 0.6588510000000001 0.438929 0.657546 0.43289799999999995 0.653871 0.427471 0.648185 0.42317799999999994 0.641045 0.42044 0.633151 0.419525 0.625274 0.42052300000000004 0.618187 0.42333499999999996
0 0.633812 0.388179 0.628207 0.392531 0.624633 0.397996 0.62344 0.40404 0.624746 0.410071 0.628421 0.41549800000000003 0.634107 0.419791 0.641246 0.42252799999999996 0.649141 0.42344299999999996 0.657017 0.422446 0.664105 0.419633 0.66971 0.41528099999999996 0.673284 0.409816 0.6744760000000001 0.403772 0.673171 0.397742 0.669496 0.392314 0.66381 0.388022 0.65667 0.385284 0.648776 0.384369 0.640899 0.385367 0.633812 0.388179
0 0.68277 0.38896000000000003 0.677165 0.393312 0.6735909999999999 0.39877799999999997 0.672399 0.404821 0.6737040000000001 0.41085200000000005 0.677379 0.416279 0.683065 0.42057200000000006 0.690205 0.42331 0.698099 0.424225 0.7059759999999999 0.42322699999999996 0.713063 0.42041500000000004 0.718668 0.416063 0.7222419999999999 0.410597 0.723435 0.40455399999999997 0.722129 0.398523 0.718454 0.393096 0.712768 0.388803 0.705629 0.386065 0.697734 0.38515 0.689858 0.386148 0.68277 0.38896000000000003
0 0.6019129999999999 0.32497 0.596417 0.329287 0.593006 0.334639 0.592013 0.340499 0.5935349999999999 0.346296 0.597423 0.35146099999999997 0.603297 0.355489 0.610581 0.357985 0.618564 0.358705 0.626462 0.35758 0.6335040000000001 0.354718 0.638999 0.3504 0.642411 0.345049 0.6434040000000001 0.339188 0.6418820000000001 0.333392 0.6379940000000001 0.328227 0.63212 0.324199 0.624835 0.32170299999999996 0.616853 0.320982 0.608954 0.322108 0.6019129999999999 0.32497
0 0.644621 0.303876 0.639126 0.30819399999999997 0.635714 0.313545 0.634721 0.319405 0.636243 0.325202 0.640131 0.33036699999999997 0.6460049999999999 0.334395 0.6532899999999999 0.336891 0.6612720000000001 0.33761199999999997 0.669171 0.336486 0.676212 0.33362400000000003 0.681708 0.329306 0.685119 0.323955 0.6861119999999999 0.318095 0.68459 0.312298 0.6807019999999999 0.307133 0.674828 0.303105 0.667544 0.300609 0.659561 0.29988800000000004 0.651663 0.301014 0.644621 0.303876
0 0.650478 0.352242 0.644873 0.35659399999999997 0.641299 0.362059 0.640107 0.36810299999999996 0.641412 0.374133 0.645088 0.379561 0.6507729999999999 0.383853 0.657913 0.386591 0.665807 0.387506 0.673684 0.38650799999999996 0.6807719999999999 0.383696 0.686377 0.379344 0.689951 0.37387899999999996 0.6911430000000001 0.367835 0.6898380000000001 0.361804 0.686162 0.356377 0.680477 0.352084 0.673337 0.34934699999999996 0.665443 0.34843199999999996 0.657566 0.349429 0.650478 0.352242
0 0.708812 0.355367 0.703207 0.359719 0.6996330000000001 0.365184 0.69844 0.371228 0.699746 0.377258 0.703421 0.38268599999999997 0.709107 0.386978 0.716246 0.389716 0.724141 0.390631 0.732017 0.389633 0.739105 0.38682099999999997 0.74471 0.382469 0.7482840000000001 0.377004 0.749476 0.37096 0.7481709999999999 0.364929 0.744496 0.359502 0.73881 0.355209 0.73167 0.352472 0.723776 0.351557 0.7158990000000001 0.352554 0.708812 0.355367
0 0.805439 0.352605 0.799902 0.35694499999999996 0.796413 0.362364 0.795315 0.368332 0.7967150000000001 0.37426499999999996 0.8004749999999999 0.379581 0.8062290000000001 0.38376 0.8134119999999999 0.386394 0.821321 0.387224 0.8291829999999999 0.386169 0.836227 0.38333300000000003 0.841765 0.378992 0.8452529999999999 0.37357300000000004 0.8463520000000001 0.367605 0.8449519999999999 0.361673 0.841191 0.356357 0.8354380000000001 0.352177 0.8282550000000001 0.34954399999999997 0.820345 0.348714 0.8124840000000001 0.34976799999999997 0.805439 0.352605
0 0.735895 0.386617 0.73029 0.390969 0.7267159999999999 0.396434 0.725524 0.402478 0.7268290000000001 0.408508 0.730504 0.41393599999999997 0.73619 0.41822800000000004 0.74333 0.42096600000000006 0.751224 0.42188100000000006 0.759101 0.420883 0.766188 0.418071 0.771793 0.41371900000000006 0.7753669999999999 0.408254 0.77656 0.40221 0.775254 0.396179 0.771579 0.390752 0.7658929999999999 0.386459 0.7587539999999999 0.383722 0.7508589999999999 0.382807 0.742983 0.383804 0.735895 0.386617
0 0.78277 0.385054 0.777165 0.38940600000000003 0.7735909999999999 0.394871 0.772399 0.400915 0.7737040000000001 0.40694600000000003 0.777379 0.412373 0.783065 0.41666600000000004 0.790205 0.41940299999999997 0.798099 0.42031799999999997 0.805976 0.41932099999999994 0.813063 0.416508 0.8186680000000001 0.41215599999999997 0.8222419999999999 0.406691 0.8234349999999999 0.40064700000000003 0.822129 0.394617 0.818454 0.389189 0.8127679999999999 0.384897 0.805629 0.382159 0.7977339999999999 0.381244 0.789858 0.382242 0.78277 0.385054
0 0.835863 0.385164 0.830571 0.389447 0.8272830000000001 0.394764 0.8263210000000001 0.40059300000000003 0.827778 0.406365 0.831513 0.41151299999999996 0.837159 0.41553399999999996 0.8441639999999999 0.418035 0.851843 0.41877000000000003 0.859443 0.41766800000000004 0.86622 0.41483600000000004 0.8715120000000001 0.410553 0.8747999999999999 0.40523600000000004 0.8757619999999999 0.39940699999999996 0.874305 0.393635 0.8705700000000001 0.38848699999999997 0.864924 0.38446600000000003 0.8579190000000001 0.381965 0.8502409999999999 0.38123 0.8426410000000001 0.382332 0.835863 0.385164