0 0.525741 0.252 0.51872 0.24723 0.510938 0.245586 0.503155 0.24723 0.49613399999999996 0.252 0.490562 0.259429 0.48698499999999995 0.26879 0.485752 0.279167 0.48698499999999995 0.28954399999999997 0.490562 0.29890500000000003 0.49613399999999996 0.306334 0.503155 0.311103 0.510938 0.312747 0.51872 0.311103 0.525741 0.306334 0.531313 0.29890500000000003 0.5348900000000001 0.28954399999999997 0.536123 0.279167 0.5348900000000001 0.26879 0.531313 0.259429 0.525741 0.252
0 0.43088899999999997 0.356105 0.42439099999999996 0.35169 0.41718700000000003 0.350169 0.409984 0.35169 0.403486 0.356105 0.39832900000000004 0.362981 0.395017 0.371645 0.393877 0.38125 0.395017 0.390855 0.39832900000000004 0.399519 0.403486 0.406395 0.409984 0.41081 0.41718700000000003 0.412331 0.42439099999999996 0.41081 0.43088899999999997 0.406395 0.436046 0.399519 0.439358 0.390855 0.440498 0.38125 0.439358 0.371645 0.436046 0.362981 0.43088899999999997 0.356105
0 0.47932699999999995 0.34985499999999997 0.47282799999999997 0.34544 0.465625 0.343919 0.458422 0.34544 0.451923 0.34985499999999997 0.44676600000000005 0.356731 0.443455 0.365395 0.442314 0.375 0.443455 0.384605 0.44676600000000005 0.393269 0.451923 0.40014500000000003 0.458422 0.40456000000000003 0.465625 0.406081 0.47282799999999997 0.40456000000000003 0.47932699999999995 0.40014500000000003 0.48448399999999997 0.393269 0.48779500000000003 0.384605 0.488936 0.375 0.48779500000000003 0.365395 0.48448399999999997 0.356731 0.47932699999999995 0.34985499999999997
0 0.5526869999999999 0.301689 0.545855 0.297047 0.538281 0.29544800000000004 0.530708 0.297047 0.523876 0.301689 0.518454 0.30891799999999997 0.514973 0.318027 0.513773 0.328125 0.514973 0.338223 0.518454 0.34733200000000003 0.523876 0.354561 0.530708 0.359203 0.538281 0.36080199999999996 0.545855 0.359203 0.5526869999999999 0.354561 0.558108 0.34733200000000003 0.56159 0.338223 0.562789 0.328125 0.56159 0.318027 0.558108 0.30891799999999997 0.5526869999999999 0.301689
0 0.57378 0.35377200000000003 0.566948 0.34913099999999997 0.559375 0.347531 0.551802 0.34913099999999997 0.54497 0.35377200000000003 0.539548 0.361001 0.536067 0.37011099999999997 0.534867 0.380208 0.536067 0.390306 0.539548 0.39941499999999996 0.54497 0.406645 0.551802 0.41128600000000004 0.559375 0.412885 0.566948 0.41128600000000004 0.57378 0.406645 0.579202 0.39941499999999996 0.5826830000000001 0.390306 0.5838829999999999 0.380208 0.5826830000000001 0.37011099999999997 0.579202 0.361001 0.57378 0.35377200000000003
0 0.604249 0.28814700000000004 0.597417 0.283506 0.589844 0.281906 0.5822700000000001 0.283506 0.575438 0.28814700000000004 0.570017 0.29537599999999997 0.566535 0.304486 0.5653360000000001 0.314583 0.566535 0.324681 0.570017 0.33379 0.575438 0.34102 0.5822700000000001 0.345661 0.589844 0.34726 0.597417 0.345661 0.604249 0.34102 0.609671 0.33379 0.613152 0.324681 0.614352 0.314583 0.613152 0.304486 0.609671 0.29537599999999997 0.604249 0.28814700000000004
0 0.479801 0.468518 0.47381900000000005 0.46445400000000003 0.467187 0.46305300000000005 0.46055599999999997 0.46445400000000003 0.45457400000000003 0.468518 0.449826 0.474848 0.446778 0.48282499999999995 0.44572700000000004 0.49166699999999997 0.446778 0.500509 0.449826 0.5084850000000001 0.45457400000000003 0.5148159999999999 0.46055599999999997 0.51888 0.467187 0.52028 0.47381900000000005 0.51888 0.479801 0.5148159999999999 0.484549 0.5084850000000001 0.48759699999999995 0.500509 0.48864799999999997 0.49166699999999997 0.48759699999999995 0.48282499999999995 0.484549 0.474848 0.479801 0.468518
0 0.46332399999999996 0.5155230000000001 0.45737500000000003 0.511482 0.450781 0.51009 0.444187 0.511482 0.438238 0.5155230000000001 0.433518 0.521818 0.430487 0.529749 0.429442 0.538542 0.430487 0.547334 0.433518 0.555265 0.438238 0.56156 0.444187 0.565601 0.450781 0.566994 0.45737500000000003 0.565601 0.46332399999999996 0.56156 0.46804500000000004 0.555265 0.47107599999999994 0.547334 0.47212 0.538542 0.47107599999999994 0.529749 0.46804500000000004 0.521818 0.46332399999999996 0.5155230000000001
0 0.428312 0.243642 0.421554 0.23905099999999999 0.41406200000000004 0.237469 0.406571 0.23905099999999999 0.39981300000000003 0.243642 0.39445 0.250793 0.391007 0.259803 0.38982 0.269792 0.391007 0.27978000000000003 0.39445 0.288791 0.39981300000000003 0.295941 0.406571 0.300533 0.41406200000000004 0.302115 0.421554 0.300533 0.428312 0.295941 0.43367500000000003 0.288791 0.437118 0.27978000000000003 0.438305 0.269792 0.437118 0.259803 0.43367500000000003 0.250793 0.428312 0.243642
0 0.47417800000000004 0.248875 0.46715799999999996 0.24410500000000002 0.459375 0.24246099999999998 0.45159200000000005 0.24410500000000002 0.44457199999999997 0.248875 0.43899999999999995 0.256304 0.435422 0.265665 0.43418999999999996 0.276042 0.435422 0.286419 0.43899999999999995 0.29578000000000004 0.44457199999999997 0.303209 0.45159200000000005 0.307978 0.459375 0.309622 0.46715799999999996 0.307978 0.47417800000000004 0.303209 0.47975 0.29578000000000004 0.48332800000000004 0.286419 0.48456 0.276042 0.48332800000000004 0.265665 0.47975 0.256304 0.47417800000000004 0.248875
0 0.375187 0.25718399999999997 0.368429 0.25259200000000004 0.360938 0.25101 0.35344600000000004 0.25259200000000004 0.346688 0.25718399999999997 0.341325 0.26433399999999996 0.337882 0.273345 0.336695 0.283333 0.337882 0.29332199999999997 0.341325 0.302332 0.346688 0.309483 0.35344600000000004 0.314074 0.360938 0.315656 0.368429 0.314074 0.375187 0.309483 0.38055 0.302332 0.383993 0.29332199999999997 0.38517999999999997 0.283333 0.383993 0.273345 0.38055 0.26433399999999996 0.375187 0.25718399999999997
0 0.309562 0.309267 0.30280399999999996 0.304676 0.295312 0.30309400000000003 0.287821 0.304676 0.281063 0.309267 0.2757 0.316418 0.272257 0.325428 0.27107000000000003 0.33541699999999997 0.272257 0.345405 0.2757 0.354416 0.281063 0.361566 0.287821 0.366158 0.295312 0.36774 0.30280399999999996 0.366158 0.309562 0.361566 0.314925 0.354416 0.318368 0.345405 0.319555 0.33541699999999997 0.318368 0.325428 0.314925 0.316418 0.309562 0.309267
0 0.25878 0.316559 0.252022 0.311967 0.244531 0.310385 0.23704 0.311967 0.23028200000000001 0.316559 0.224919 0.32370899999999997 0.221476 0.33272 0.220289 0.342708 0.221476 0.352697 0.224919 0.361707 0.23028200000000001 0.368858 0.23704 0.37344900000000003 0.244531 0.375031 0.252022 0.37344900000000003 0.25878 0.368858 0.264144 0.361707 0.267587 0.352697 0.26877300000000004 0.342708 0.267587 0.33272 0.264144 0.32370899999999997 0.25878 0.316559
0 0.264999 0.46533100000000005 0.26983799999999997 0.460295 0.273042 0.453538 0.274296 0.44572 0.273478 0.437608 0.270667 0.42999400000000004 0.266139 0.42362599999999995 0.260338 0.419125 0.25383 0.41693300000000005 0.247253 0.417264 0.24125100000000002 0.420085 0.236412 0.425121 0.233208 0.431879 0.231954 0.43969699999999995 0.23277199999999998 0.447809 0.23558300000000001 0.455422 0.24011100000000002 0.461791 0.245912 0.466292 0.25242 0.468484 0.25899700000000003 0.46815300000000004 0.264999 0.46533100000000005
0 0.338722 0.303396 0.331866 0.306241 0.326172 0.31183900000000003 0.3222 0.319644 0.320337 0.32889 0.320766 0.33867400000000003 0.323444 0.348036 0.328111 0.356061 0.334308 0.361964 0.341429 0.365166 0.348778 0.365354 0.355634 0.362509 0.361328 0.356911 0.3653 0.349106 0.367163 0.33986 0.366734 0.330076 0.364056 0.320714 0.359389 0.312689 0.353192 0.306786 0.346071 0.30358399999999996 0.338722 0.303396
0 0.385597 0.304438 0.378741 0.30728300000000003 0.373047 0.312881 0.369075 0.32068599999999997 0.367212 0.329932 0.367641 0.339715 0.370319 0.349078 0.374986 0.357103 0.381183 0.363006 0.388304 0.366207 0.395653 0.36639499999999997 0.40250899999999995 0.363551 0.408203 0.357952 0.41217499999999996 0.350148 0.414038 0.340901 0.413609 0.33111799999999997 0.410931 0.321755 0.406264 0.31373 0.40006700000000006 0.307828 0.392946 0.304626 0.385597 0.304438
0 0.44089600000000007 0.359821 0.448011 0.35731199999999996 0.454097 0.351946 0.458558 0.344248 0.46095800000000003 0.334972 0.46106199999999997 0.325025 0.45885999999999993 0.315382 0.45456599999999997 0.306986 0.448602 0.30066000000000004 0.441551 0.297022 0.43410399999999993 0.296429 0.426989 0.29893800000000004 0.420903 0.304304 0.416442 0.312002 0.41404199999999997 0.321278 0.41393800000000003 0.331225 0.41614000000000007 0.340868 0.42043400000000003 0.349264 0.426398 0.35558999999999996 0.433449 0.359228 0.44089600000000007 0.359821
0 0.488552 0.355655 0.49566699999999997 0.353146 0.501753 0.347779 0.506214 0.34008099999999997 0.508615 0.330805 0.508718 0.320858 0.506516 0.311215 0.502222 0.30282 0.496258 0.296493 0.489208 0.292855 0.48175999999999997 0.292262 0.474646 0.294771 0.46856 0.300137 0.464098 0.30783499999999997 0.461698 0.317112 0.461594 0.32705799999999996 0.463797 0.33670100000000003 0.46809 0.345097 0.47405400000000003 0.351423 0.481105 0.35506099999999996 0.488552 0.355655
0 0.617665 0.334569 0.620001 0.34366599999999997 0.624356 0.351243 0.630303 0.356556 0.637261 0.359086 0.644548 0.35858500000000004 0.651451 0.355103 0.657294 0.34897999999999996 0.6615059999999999 0.340816 0.663673 0.331409 0.663585 0.321681 0.661249 0.31258400000000003 0.656894 0.305007 0.650947 0.299694 0.643989 0.297164 0.636702 0.29766499999999996 0.629799 0.301147 0.623956 0.30727000000000004 0.6197440000000001 0.315434 0.617577 0.324841 0.617665 0.334569
0 0.712275 0.388318 0.712008 0.378913 0.7094940000000001 0.370247 0.704981 0.363168 0.698909 0.358368 0.691873 0.356319 0.684562 0.357219 0.677692 0.360982 0.6719350000000001 0.367239 0.667854 0.37537699999999996 0.66585 0.384599 0.6661170000000001 0.394004 0.668631 0.40267 0.673144 0.409749 0.679216 0.414548 0.686252 0.416598 0.6935629999999999 0.41569700000000004 0.7004330000000001 0.411935 0.70619 0.405678 0.710271 0.39754 0.712275 0.388318
0 0.688539 0.441812 0.6886059999999999 0.43268000000000006 0.6864239999999999 0.424224 0.682205 0.41727100000000006 0.676364 0.41250299999999995 0.6694720000000001 0.41038500000000006 0.662202 0.411125 0.655268 0.414651 0.649348 0.420617 0.6450210000000001 0.428441 0.642711 0.437354 0.642644 0.446486 0.644826 0.454943 0.649045 0.461895 0.6548860000000001 0.466664 0.661778 0.46878200000000003 0.669048 0.46804199999999996 0.6759820000000001 0.464516 0.681902 0.458549 0.686229 0.45072599999999996 0.688539 0.441812
0 0.646741 0.448208 0.646487 0.43868799999999997 0.6439779999999999 0.42986800000000003 0.6394580000000001 0.42261 0.633369 0.417626 0.626309 0.41540299999999997 0.6189669999999999 0.416158 0.612063 0.41981900000000005 0.6062730000000001 0.426025 0.6021620000000001 0.434171 0.600134 0.443459 0.6003879999999999 0.452979 0.602897 0.46179899999999996 0.607417 0.469057 0.613506 0.474041 0.620566 0.476264 0.627908 0.47550800000000004 0.6348119999999999 0.47184799999999993 0.640602 0.465641 0.644713 0.45749500000000004 0.646741 0.448208
0 0.557401 0.431884 0.55663 0.422467 0.553681 0.41391 0.5488419999999999 0.40705099999999994 0.5425869999999999 0.40256100000000006 0.535528 0.40087799999999996 0.5283559999999999 0.40216900000000005 0.521773 0.406306 0.516424 0.412885 0.5128320000000001 0.421262 0.5113489999999999 0.430616 0.51212 0.440033 0.515069 0.44859 0.519908 0.45544900000000005 0.526163 0.459939 0.5332220000000001 0.46162200000000003 0.540394 0.46033099999999993 0.5469769999999999 0.456194 0.552326 0.449615 0.5559179999999999 0.44123799999999996 0.557401 0.431884
0 0.511627 0.42333 0.510794 0.41439899999999996 0.5079100000000001 0.406302 0.503258 0.399831 0.497293 0.39561999999999997 0.490598 0.394081 0.48383000000000004 0.395365 0.47765 0.399345 0.472664 0.405633 0.46936 0.41361299999999995 0.46806099999999995 0.422503 0.468894 0.431434 0.471777 0.439531 0.47643 0.446002 0.482395 0.45021300000000003 0.489089 0.45175200000000004 0.495857 0.450469 0.502037 0.446488 0.507023 0.44020000000000004 0.510328 0.432221 0.511627 0.42333
0 0.466619 0.43209299999999995 0.465372 0.42295299999999997 0.46208499999999997 0.41472699999999996 0.45708000000000004 0.408221 0.450846 0.40407000000000004 0.443994 0.402682 0.437195 0.40419299999999997 0.431114 0.408454 0.426346 0.415048 0.42335900000000004 0.42333 0.42244400000000004 0.43249000000000004 0.423691 0.44162999999999997 0.42697799999999997 0.44985600000000003 0.43198299999999995 0.45636299999999996 0.438216 0.460513 0.445068 0.461901 0.451867 0.460391 0.457948 0.45613000000000004 0.462716 0.449535 0.465704 0.441253 0.466619 0.43209299999999995
0 0.40778600000000004 0.459596 0.413353 0.45383199999999996 0.41723 0.446061 0.419039 0.43704400000000004 0.41860099999999995 0.427665 0.41596099999999997 0.41884 0.41137499999999994 0.411433 0.40529400000000004 0.40617099999999995 0.398312 0.40356699999999995 0.391113 0.40387700000000004 0.384402 0.407071 0.378835 0.412835 0.374957 0.420606 0.373149 0.429622 0.37358600000000003 0.439002 0.376227 0.44782700000000003 0.38081200000000004 0.45523300000000005 0.38689300000000004 0.460496 0.39387500000000003 0.4631 0.40107400000000004 0.462789 0.40778600000000004 0.459596
0 0.359838 0.46775900000000004 0.365413 0.46240699999999996 0.369326 0.455024 0.37119399999999997 0.44633399999999995 0.37083499999999997 0.43718700000000005 0.368283 0.428479 0.36378900000000003 0.421061 0.357792 0.41566000000000003 0.35087999999999997 0.412805 0.343728 0.41277600000000003 0.337037 0.415574 0.33146200000000003 0.42092599999999997 0.327549 0.42830899999999994 0.325681 0.43699899999999997 0.32604 0.446146 0.328592 0.45485499999999995 0.333086 0.462272 0.33908299999999997 0.467673 0.345995 0.470528 0.353147 0.47055800000000003 0.359838 0.46775900000000004
0 0.3364 0.410468 0.34197500000000003 0.405115 0.34588800000000003 0.397733 0.347757 0.389042 0.347397 0.379895 0.344846 0.371187 0.340352 0.363769 0.334355 0.358369 0.327442 0.355514 0.32029 0.355484 0.3136 0.358282 0.308025 0.36363500000000004 0.304112 0.37101700000000004 0.302243 0.379708 0.302603 0.388855 0.30515400000000004 0.397563 0.30964800000000003 0.404981 0.315645 0.410381 0.322558 0.41323600000000005 0.32971 0.41326599999999997 0.3364 0.410468
0 0.356982 0.361639 0.351501 0.367499 0.347785 0.375316 0.346198 0.384326 0.346894 0.39364699999999997 0.349807 0.40236599999999995 0.354651 0.40963000000000005 0.360951 0.41472699999999996 0.368091 0.41716 0.375372 0.41668900000000003 0.382081 0.413361 0.387562 0.407501 0.391278 0.39968400000000004 0.392865 0.390674 0.39216799999999996 0.381353 0.389255 0.372634 0.38441200000000003 0.36537000000000003 0.378112 0.360273 0.37097199999999997 0.35784 0.363691 0.358311 0.356982 0.361639
0 0.26244999999999996 0.36580599999999996 0.256969 0.371666 0.253254 0.379483 0.251666 0.38849300000000003 0.252363 0.397814 0.255276 0.40653300000000003 0.260119 0.41379599999999994 0.266419 0.418894 0.273559 0.421326 0.28084 0.420855 0.28755000000000003 0.41752700000000004 0.293031 0.411668 0.296746 0.40385 0.298334 0.39483999999999997 0.29763700000000004 0.38552 0.294724 0.376801 0.289881 0.369537 0.28358099999999997 0.364439 0.276441 0.362007 0.26916 0.36247799999999997 0.26244999999999996 0.36580599999999996
0 0.234376 0.420829 0.24045299999999997 0.41604599999999997 0.24494 0.408978 0.247399 0.40031800000000006 0.247589 0.390913 0.245492 0.381683 0.24131200000000003 0.373533 0.235458 0.36726000000000003 0.228505 0.363478 0.22113200000000002 0.362557 0.214061 0.364587 0.207985 0.36937000000000003 0.20349699999999998 0.376438 0.201038 0.38509899999999997 0.200848 0.394504 0.202946 0.403733 0.207126 0.411884 0.21297899999999997 0.418157 0.219933 0.42193899999999995 0.227306 0.42286 0.234376 0.420829
0 0.307814 0.48020399999999996 0.31389 0.475421 0.318378 0.468353 0.320837 0.459693 0.321027 0.450288 0.318929 0.44105800000000006 0.314749 0.432908 0.308896 0.426635 0.30194200000000004 0.42285300000000003 0.29456899999999997 0.421932 0.287499 0.42396200000000006 0.281422 0.428745 0.27693500000000004 0.435813 0.274476 0.44447400000000004 0.274286 0.453879 0.276383 0.46310799999999996 0.280563 0.471259 0.28641700000000003 0.47753199999999996 0.29337 0.48131399999999996 0.300743 0.482235 0.307814 0.48020399999999996
0 0.202345 0.526038 0.20842200000000002 0.521255 0.21290900000000001 0.514187 0.215368 0.5055259999999999 0.215558 0.49612100000000003 0.21345999999999998 0.486892 0.20928 0.478741 0.20342699999999997 0.472468 0.19647399999999998 0.46868600000000005 0.18910100000000002 0.467765 0.18203 0.469796 0.175953 0.47457900000000003 0.171466 0.481647 0.169007 0.49030699999999994 0.168817 0.499712 0.17091499999999998 0.508942 0.175095 0.517092 0.180948 0.523365 0.187901 0.527147 0.195274 0.528068 0.202345 0.526038
0 0.202345 0.526038 0.20842200000000002 0.521255 0.21290900000000001 0.514187 0.215368 0.5055259999999999 0.215558 0.49612100000000003 0.21345999999999998 0.486892 0.20928 0.478741 0.20342699999999997 0.472468 0.19647399999999998 0.46868600000000005 0.18910100000000002 0.467765 0.18203 0.469796 0.175953 0.47457900000000003 0.171466 0.481647 0.169007 0.49030699999999994 0.168817 0.499712 0.17091499999999998 0.508942 0.175095 0.517092 0.180948 0.523365 0.187901 0.527147 0.195274 0.528068 0.202345 0.526038
0 0.270459 0.573088 0.27610999999999997 0.568166 0.280046 0.561161 0.281882 0.5527569999999999 0.281439 0.5437770000000001 0.278759 0.5351009999999999 0.274105 0.527577 0.26793300000000003 0.521942 0.260847 0.518748 0.25354 0.518307 0.246728 0.520662 0.241078 0.525584 0.23714200000000002 0.532589 0.23530500000000001 0.5409930000000001 0.235749 0.5499729999999999 0.238429 0.5586490000000001 0.24308200000000002 0.566173 0.249254 0.571808 0.25634 0.575002 0.263647 0.575443 0.270459 0.573088
0 0.719508 0.598858 0.71936 0.5914159999999999 0.717317 0.584813 0.713579 0.579697 0.708512 0.576569 0.702612 0.575734 0.696456 0.577274 0.690646 0.581039 0.685753 0.58666 0.682254 0.5935870000000001 0.680492 0.6011420000000001 0.68064 0.608584 0.682683 0.6151869999999999 0.686421 0.620303 0.691488 0.623431 0.697388 0.624266 0.7035440000000001 0.622726 0.709354 0.618961 0.7142470000000001 0.61334 0.717746 0.606413 0.719508 0.598858
0 0.296393 0.517601 0.291187 0.521469 0.287379 0.527314 0.285342 0.534564 0.285276 0.542509 0.287186 0.5503720000000001 0.290885 0.557383 0.296012 0.562855 0.302065 0.566253 0.308451 0.567245 0.31454499999999996 0.565733 0.31975 0.561865 0.323558 0.55602 0.32559499999999997 0.54877 0.325662 0.540824 0.323752 0.532961 0.320052 0.525951 0.314925 0.520478 0.308873 0.51708 0.302487 0.516088 0.296393 0.517601
0 0.22998599999999997 0.468642 0.22478099999999998 0.47251000000000004 0.220973 0.478355 0.21893600000000002 0.48560499999999995 0.21886899999999998 0.49355099999999996 0.220779 0.501414 0.224479 0.508424 0.22960600000000003 0.5138969999999999 0.235659 0.5172950000000001 0.242045 0.518287 0.24813900000000003 0.5167740000000001 0.253344 0.512906 0.257152 0.507061 0.259189 0.49981099999999995 0.25925600000000004 0.491866 0.25734599999999996 0.48400299999999996 0.253646 0.47699199999999997 0.248519 0.47152000000000005 0.242466 0.468122 0.23607999999999998 0.46712999999999993 0.22998599999999997 0.468642
0 0.20108 0.415517 0.195875 0.419385 0.19206700000000002 0.42523 0.19003 0.43248 0.189963 0.440426 0.19187300000000002 0.44828900000000005 0.195573 0.455299 0.20070000000000002 0.46077199999999996 0.206752 0.46417 0.213138 0.465162 0.219232 0.46364900000000003 0.224438 0.459781 0.228246 0.453936 0.23028300000000002 0.44668599999999997 0.230349 0.438741 0.228439 0.430878 0.22474 0.423867 0.219613 0.418395 0.21356000000000003 0.41499699999999995 0.20717400000000002 0.41400499999999996 0.20108 0.415517
0 0.31739700000000004 0.565106 0.314552 0.572054 0.31364800000000004 0.579697 0.314772 0.587289 0.317815 0.594086 0.322479 0.599422 0.328308 0.602776 0.33473 0.603818 0.341118 0.602448 0.346846 0.598798 0.35135299999999997 0.593227 0.354198 0.58628 0.355102 0.578636 0.353978 0.571044 0.350935 0.564247 0.346271 0.5589109999999999 0.340442 0.5555570000000001 0.33402 0.554515 0.32763200000000003 0.555886 0.321904 0.559535 0.31739700000000004 0.565106
0 0.380667 0.643284 0.382675 0.635779 0.382631 0.628035 0.380541 0.620809 0.376608 0.6148089999999999 0.371218 0.610622 0.364898 0.6086590000000001 0.35826600000000003 0.609111 0.351973 0.611934 0.346634 0.616851 0.342771 0.623382 0.34076300000000004 0.630888 0.340806 0.6386320000000001 0.342897 0.645858 0.346829 0.651858 0.35222000000000003 0.656045 0.35853999999999997 0.6580079999999999 0.365171 0.657556 0.371464 0.654733 0.37680400000000003 0.649815 0.380667 0.643284
0 0.38771 0.625523 0.384865 0.63247 0.38395999999999997 0.640114 0.385084 0.647706 0.388127 0.654503 0.392792 0.6598390000000001 0.39862000000000003 0.6631929999999999 0.40504300000000004 0.664235 0.41143 0.662864 0.417158 0.659215 0.42166499999999996 0.653644 0.42451 0.646696 0.425415 0.639053 0.42429100000000003 0.631461 0.421248 0.624664 0.416583 0.619328 0.410755 0.615974 0.40433199999999997 0.614932 0.397945 0.616302 0.392217 0.619952 0.38771 0.625523
0 0.40724099999999996 0.576565 0.40439600000000003 0.583512 0.403491 0.591156 0.40461600000000003 0.598748 0.40765900000000005 0.605544 0.41232300000000005 0.610881 0.41815100000000005 0.614234 0.42457399999999995 0.6152770000000001 0.43096199999999996 0.613906 0.436689 0.610257 0.441196 0.604685 0.444041 0.597738 0.444946 0.590094 0.44382200000000005 0.5825020000000001 0.44077900000000003 0.575706 0.43611500000000003 0.570369 0.430286 0.567016 0.423864 0.565973 0.417476 0.5673440000000001 0.41174799999999995 0.570993 0.40724099999999996 0.576565
0 0.368512 0.559789 0.36419 0.565202 0.361537 0.572084 0.360815 0.579761 0.36209199999999997 0.587482 0.365245 0.59449 0.369965 0.600101 0.37578900000000004 0.603765 0.38214800000000004 0.6051230000000001 0.38841899999999996 0.6040409999999999 0.393988 0.600627 0.39831 0.5952149999999999 0.40096299999999996 0.588333 0.40168499999999996 0.5806560000000001 0.400408 0.572935 0.397255 0.5659259999999999 0.39253499999999997 0.560315 0.38671099999999997 0.5566519999999999 0.38035199999999997 0.5552940000000001 0.374081 0.556375 0.368512 0.559789
0 0.33960599999999996 0.511873 0.335284 0.517285 0.332631 0.524167 0.331908 0.531844 0.333186 0.539565 0.336339 0.546574 0.341058 0.5521849999999999 0.346883 0.555848 0.353241 0.557206 0.359512 0.556125 0.365081 0.5527110000000001 0.369404 0.547298 0.372056 0.540416 0.372779 0.5327390000000001 0.371502 0.525018 0.368349 0.5180100000000001 0.363629 0.512399 0.35780500000000004 0.5087349999999999 0.35144600000000004 0.507377 0.345175 0.508459 0.33960599999999996 0.511873
0 0.361279 0.47248799999999996 0.356784 0.478293 0.35407099999999997 0.485611 0.353408 0.493726 0.354858 0.501843 0.358279 0.5091680000000001 0.363338 0.514984 0.36953800000000003 0.518721 0.376272 0.520014 0.382882 0.518736 0.388721 0.515012 0.393216 0.509207 0.39592900000000003 0.501889 0.396592 0.493774 0.395142 0.48565699999999995 0.391721 0.478332 0.386662 0.472516 0.38046199999999997 0.46877899999999995 0.373728 0.46748599999999996 0.367118 0.468764 0.361279 0.47248799999999996
0 0.441369 0.49336900000000006 0.44423899999999994 0.486343 0.44514899999999996 0.478614 0.44401 0.47093999999999997 0.44093400000000005 0.464071 0.436222 0.45867899999999995 0.430335 0.45529400000000003 0.423849 0.454244 0.41739899999999996 0.455635 0.411617 0.459329 0.40706800000000004 0.464965 0.40419900000000003 0.47199099999999994 0.403288 0.47971899999999995 0.404427 0.487394 0.407503 0.494263 0.412216 0.49965400000000004 0.418103 0.50304 0.424589 0.504089 0.431039 0.502698 0.436821 0.49900399999999995 0.441369 0.49336900000000006
0 0.527992 0.493011 0.530907 0.485793 0.531867 0.477824 0.530778 0.46988399999999997 0.527747 0.46275199999999994 0.5230710000000001 0.45712400000000003 0.517207 0.453552 0.510729 0.45238500000000004 0.504272 0.453738 0.49846700000000005 0.45747799999999994 0.493883 0.463239 0.49096799999999996 0.470457 0.490008 0.47842599999999996 0.491097 0.486366 0.494128 0.49349800000000005 0.49880399999999997 0.49912599999999996 0.504668 0.502698 0.511146 0.503865 0.517603 0.5025120000000001 0.523408 0.49877200000000005 0.527992 0.493011
0 0.5733050000000001 0.49509400000000003 0.576219 0.487876 0.577179 0.47990700000000003 0.57609 0.47196800000000005 0.57306 0.464835 0.5683830000000001 0.459207 0.562519 0.455635 0.5560419999999999 0.454468 0.5495840000000001 0.455821 0.543779 0.459561 0.539195 0.465322 0.536281 0.472541 0.5353209999999999 0.48051000000000005 0.5364099999999999 0.488449 0.53944 0.495582 0.544117 0.50121 0.549981 0.504782 0.556458 0.505948 0.562916 0.504596 0.568721 0.5008549999999999 0.5733050000000001 0.49509400000000003
0 0.617314 0.505484 0.619151 0.49753 0.6189600000000001 0.489308 0.61676 0.481623 0.6127659999999999 0.475226 0.60737 0.470746 0.6011 0.468619 0.594569 0.469053 0.5884159999999999 0.47200800000000004 0.583245 0.47719199999999995 0.579561 0.48410000000000003 0.577724 0.492054 0.577915 0.500276 0.5801149999999999 0.507961 0.584109 0.5143570000000001 0.5895050000000001 0.518838 0.5957749999999999 0.520965 0.602306 0.52053 0.6084590000000001 0.517575 0.61363 0.512391 0.617314 0.505484
0 0.598564 0.43673400000000007 0.600401 0.42878 0.60021 0.42055800000000004 0.59801 0.412873 0.594016 0.40647599999999995 0.5886199999999999 0.401996 0.58235 0.399869 0.575819 0.40030299999999996 0.569666 0.403258 0.564495 0.40844199999999997 0.560811 0.41535 0.558974 0.423304 0.5591649999999999 0.431526 0.561365 0.43921099999999996 0.5653590000000001 0.44560700000000003 0.570755 0.45008800000000004 0.577025 0.452215 0.583556 0.45178 0.589709 0.448825 0.5948800000000001 0.44364100000000006 0.598564 0.43673400000000007
0 0.661414 0.50347 0.662443 0.49563499999999994 0.6614899999999999 0.487922 0.658647 0.48108500000000004 0.654192 0.475793 0.648563 0.47256600000000004 0.6423099999999999 0.47171700000000005 0.636045 0.473332 0.6303810000000001 0.477251 0.625872 0.48309100000000005 0.622961 0.49028 0.6219319999999999 0.49811500000000003 0.622885 0.5058279999999999 0.625728 0.5126649999999999 0.6301829999999999 0.517957 0.635812 0.521184 0.642065 0.522033 0.64833 0.520418 0.653994 0.516499 0.658503 0.510659 0.661414 0.50347
0 0.7103379999999999 0.501135 0.710347 0.49247699999999994 0.7081959999999999 0.484556 0.704096 0.478147 0.698447 0.473877 0.6918040000000001 0.472163 0.684816 0.473175 0.678167 0.47681300000000004 0.672508 0.48272000000000004 0.668393 0.49031900000000006 0.6662250000000001 0.498865 0.666216 0.5075230000000001 0.668366 0.515444 0.6724669999999999 0.521853 0.678115 0.526123 0.684759 0.527837 0.691747 0.526825 0.698396 0.523187 0.704055 0.51728 0.70817 0.5096809999999999 0.7103379999999999 0.501135
0 0.757183 0.5007550000000001 0.756843 0.491802 0.7543040000000001 0.48375399999999996 0.749814 0.477397 0.7438130000000001 0.473356 0.736888 0.47202400000000005 0.7297170000000001 0.47353300000000004 0.7230019999999999 0.477734 0.7174 0.484217 0.71346 0.492347 0.711567 0.501328 0.711907 0.510281 0.7144459999999999 0.51833 0.718936 0.524686 0.7249369999999999 0.528728 0.731862 0.530059 0.7390329999999999 0.528551 0.7457480000000001 0.5243490000000001 0.75135 0.5178659999999999 0.75529 0.509736 0.757183 0.5007550000000001
0 0.745796 0.555212 0.746169 0.546655 0.744392 0.538629 0.740641 0.531921 0.735282 0.527185 0.728841 0.524887 0.721947 0.525251 0.715275 0.528242 0.709479 0.533566 0.705125 0.5407029999999999 0.7026410000000001 0.5489539999999999 0.702269 0.557511 0.704045 0.565537 0.707796 0.572246 0.713155 0.576981 0.719597 0.579279 0.726491 0.5789150000000001 0.733163 0.575925 0.738959 0.5706 0.743312 0.5634629999999999 0.745796 0.555212
0 0.70439 0.563546 0.704762 0.5549890000000001 0.702986 0.5469630000000001 0.699235 0.540254 0.693876 0.5355190000000001 0.687434 0.533221 0.6805399999999999 0.533585 0.673869 0.536575 0.6680729999999999 0.5418999999999999 0.6637190000000001 0.549037 0.661235 0.557288 0.660863 0.565845 0.662639 0.573871 0.66639 0.580579 0.6717489999999999 0.585315 0.678191 0.5876129999999999 0.685085 0.587249 0.691756 0.5842579999999999 0.6975520000000001 0.5789340000000001 0.7019059999999999 0.571797 0.70439 0.563546
0 0.615142 0.548365 0.614 0.556738 0.6150059999999999 0.564962 0.618061 0.57223 0.622865 0.577833 0.62895 0.58122 0.635718 0.582062 0.6425080000000001 0.580275 0.648654 0.576034 0.653556 0.569755 0.656733 0.562052 0.657875 0.553678 0.656869 0.545455 0.653814 0.538187 0.64901 0.5325840000000001 0.642925 0.529196 0.6361570000000001 0.528355 0.629367 0.530142 0.623221 0.5343829999999999 0.618319 0.540662 0.615142 0.548365
0 0.56699 0.5483 0.566354 0.557103 0.5678639999999999 0.565619 0.571373 0.573013 0.576538 0.578563 0.582851 0.581724 0.5896969999999999 0.582189 0.596403 0.57991 0.602315 0.5751109999999999 0.606853 0.568262 0.6095729999999999 0.560033 0.610209 0.55123 0.608698 0.5427150000000001 0.605189 0.53532 0.600025 0.52977 0.593711 0.526609 0.586866 0.526145 0.580159 0.528424 0.574247 0.5332220000000001 0.5697099999999999 0.540071 0.56699 0.5483
0 0.51931 0.523698 0.515634 0.5315380000000001 0.514021 0.5404709999999999 0.514631 0.549623 0.5174019999999999 0.558099 0.522065 0.565067 0.528162 0.569848 0.535096 0.571971 0.542189 0.57123 0.548747 0.567698 0.5541280000000001 0.561719 0.557804 0.553879 0.5594159999999999 0.544946 0.558807 0.535793 0.556035 0.527318 0.551373 0.5203490000000001 0.545276 0.5155689999999999 0.538341 0.513445 0.5312479999999999 0.514186 0.52469 0.517719 0.51931 0.523698
0 0.475706 0.530488 0.472303 0.5382939999999999 0.471 0.5470430000000001 0.471924 0.555877 0.47498399999999996 0.563932 0.47988099999999995 0.570419 0.486135 0.574704 0.493135 0.5763659999999999 0.5001960000000001 0.575244 0.506625 0.571446 0.511794 0.565346 0.515197 0.557539 0.5165 0.54879 0.515576 0.539956 0.512516 0.531901 0.507619 0.5254139999999999 0.5013650000000001 0.521129 0.494365 0.519467 0.48730399999999996 0.520589 0.480875 0.524387 0.475706 0.530488
0 0.484506 0.626027 0.48750799999999994 0.6180049999999999 0.48836700000000005 0.60924 0.48700099999999996 0.60059 0.483542 0.592902 0.478329 0.586929 0.471873 0.5832539999999999 0.46480499999999997 0.5822390000000001 0.45781700000000003 0.583982 0.45159399999999994 0.588312 0.446744 0.594806 0.443742 0.6028290000000001 0.44288299999999997 0.611594 0.444249 0.620243 0.447708 0.627931 0.452921 0.633905 0.45937700000000004 0.637579 0.46644500000000005 0.638594 0.473433 0.636852 0.479656 0.632521 0.484506 0.626027
0 0.49202399999999996 0.582403 0.488715 0.589194 0.487428 0.596839 0.48829 0.60459 0.49121499999999996 0.611687 0.49591900000000005 0.617436 0.5019389999999999 0.621275 0.508687 0.622827 0.515503 0.621941 0.521719 0.618703 0.526726 0.6134299999999999 0.530035 0.606639 0.5313220000000001 0.598994 0.5304599999999999 0.591244 0.5275350000000001 0.5841459999999999 0.5228309999999999 0.578397 0.516811 0.574559 0.5100629999999999 0.573006 0.503247 0.573893 0.49703099999999995 0.577131 0.49202399999999996 0.582403
0 0.533358 0.581923 0.5314650000000001 0.589538 0.531617 0.597361 0.5337970000000001 0.604627 0.537793 0.610624 0.543213 0.614765 0.549527 0.616646 0.556117 0.616081 0.5623370000000001 0.6131260000000001 0.5675790000000001 0.608071 0.57133 0.60141 0.573222 0.593795 0.573071 0.585972 0.57089 0.578707 0.5668949999999999 0.57271 0.561475 0.568568 0.555161 0.566688 0.548571 0.567252 0.542351 0.570207 0.537108 0.575262 0.533358 0.581923
0 0.592908 0.64492 0.594388 0.636987 0.593818 0.6290020000000001 0.591252 0.6217469999999999 0.586943 0.615932 0.581311 0.612127 0.574909 0.610703 0.568363 0.6118 0.562314 0.6153109999999999 0.557353 0.620892 0.553967 0.6279969999999999 0.552487 0.63593 0.553057 0.643914 0.555623 0.651169 0.559932 0.656984 0.565564 0.66079 0.571966 0.662214 0.578512 0.6611170000000001 0.584561 0.657606 0.589522 0.652025 0.592908 0.64492
0 0.628846 0.6074200000000001 0.6303259999999999 0.599487 0.6297550000000001 0.591502 0.6271899999999999 0.584247 0.62288 0.5784320000000001 0.6172489999999999 0.574627 0.6108469999999999 0.573203 0.604301 0.5743 0.5982510000000001 0.577811 0.59329 0.583392 0.589904 0.5904969999999999 0.5884240000000001 0.59843 0.5889949999999999 0.606414 0.5915600000000001 0.613669 0.59587 0.619484 0.6015010000000001 0.62329 0.6079030000000001 0.624714 0.614449 0.6236170000000001 0.6204989999999999 0.620106 0.62546 0.614525 0.628846 0.6074200000000001
0 0.204976 0.52488 0.20040200000000002 0.529269 0.197472 0.535279 0.196472 0.542322 0.197499 0.549709 0.200454 0.556717 0.205046 0.562659 0.21082800000000002 0.566954 0.217231 0.569182 0.223631 0.569124 0.229399 0.566786 0.233973 0.5623980000000001 0.236903 0.556388 0.23790300000000003 0.5493439999999999 0.236876 0.5419579999999999 0.233921 0.53495 0.22932899999999998 0.5290079999999999 0.223547 0.524713 0.217144 0.522485 0.210744 0.522543 0.204976 0.52488
0 0.676923 0.609638 0.677621 0.601953 0.676304 0.594688 0.6731 0.588556 0.6683239999999999 0.584155 0.662442 0.581917 0.65603 0.582061 0.649716 0.584573 0.644119 0.589207 0.639785 0.5955090000000001 0.63714 0.602862 0.636441 0.6105470000000001 0.637759 0.617812 0.640962 0.623944 0.6457390000000001 0.628345 0.651621 0.630583 0.6580320000000001 0.630439 0.664346 0.627927 0.669944 0.623293 0.674277 0.616991 0.676923 0.609638
0 0.647968 0.661194 0.6504209999999999 0.653693 0.6509210000000001 0.645626 0.649419 0.637784 0.6460619999999999 0.630934 0.641178 0.625746 0.635247 0.6227280000000001 0.628847 0.622176 0.622607 0.624144 0.617135 0.6284379999999999 0.612969 0.63464 0.610516 0.642141 0.610017 0.650207 0.611519 0.658049 0.614876 0.6649 0.619759 0.670088 0.625691 0.673105 0.63209 0.6736570000000001 0.638331 0.67169 0.643802 0.667395 0.647968 0.661194
0 0.572673 0.694442 0.573076 0.686754 0.571527 0.679547 0.568176 0.673527 0.563352 0.669282 0.557527 0.6672279999999999 0.5512710000000001 0.667567 0.545196 0.670264 0.539898 0.675057 0.535894 0.681475 0.533577 0.688892 0.533174 0.6965790000000001 0.534723 0.703786 0.538074 0.709807 0.542898 0.714051 0.5487230000000001 0.716105 0.554979 0.715767 0.561054 0.7130690000000001 0.566352 0.708276 0.5703560000000001 0.701858 0.572673 0.694442
0 0.5269619999999999 0.712225 0.529355 0.7052940000000001 0.529868 0.6978449999999999 0.5284519999999999 0.690607 0.525245 0.6842889999999999 0.520561 0.679508 0.514858 0.676733 0.508695 0.6762360000000001 0.502675 0.6780649999999999 0.49738800000000005 0.682041 0.49335000000000007 0.687775 0.490958 0.6947059999999999 0.490444 0.7021550000000001 0.491861 0.709393 0.495068 0.715711 0.499752 0.720492 0.505455 0.723267 0.511617 0.723764 0.517637 0.721935 0.5229250000000001 0.717959 0.5269619999999999 0.712225
0 0.485556 0.707017 0.48794899999999997 0.700086 0.488462 0.6926370000000001 0.487046 0.685399 0.483839 0.67908 0.479154 0.6743 0.473452 0.671525 0.46728899999999995 0.671028 0.461269 0.672857 0.455982 0.676833 0.451944 0.6825669999999999 0.44955100000000003 0.689497 0.449038 0.696946 0.450454 0.7041839999999999 0.453661 0.710503 0.458346 0.715284 0.464048 0.718058 0.47021100000000005 0.718556 0.476231 0.716727 0.481518 0.712751 0.485556 0.707017
0 0.5496000000000001 0.664548 0.5520579999999999 0.657355 0.5525559999999999 0.6496470000000001 0.551044 0.642177 0.547672 0.635677 0.5427679999999999 0.630783 0.536814 0.627973 0.5303910000000001 0.627524 0.5241290000000001 0.629479 0.518641 0.6336470000000001 0.514463 0.6396189999999999 0.512005 0.646811 0.511507 0.65452 0.513018 0.6619900000000001 0.5163909999999999 0.66849 0.5212939999999999 0.673384 0.5272490000000001 0.676193 0.533671 0.676642 0.539933 0.674688 0.5454220000000001 0.67052 0.5496000000000001 0.664548
0 0.432119 0.730491 0.429388 0.737061 0.42852300000000004 0.744287 0.429607 0.751459 0.432534 0.7578769999999999 0.437018 0.762912 0.442619 0.7660720000000001 0.44879100000000005 0.767046 0.45492699999999997 0.76574 0.460429 0.762282 0.46475600000000006 0.757009 0.46748700000000004 0.750439 0.468352 0.743213 0.46726799999999996 0.736041 0.464341 0.729623 0.45985699999999996 0.724588 0.454256 0.721428 0.448084 0.7204539999999999 0.441948 0.72176 0.436446 0.725218 0.432119 0.730491
0 0.395331 0.701128 0.393274 0.70773 0.393022 0.7146969999999999 0.394601 0.721347 0.39785499999999996 0.727029 0.402466 0.731187 0.40798300000000004 0.733413 0.41386599999999996 0.733491 0.419538 0.731412 0.42444499999999996 0.727379 0.42810699999999996 0.721788 0.430164 0.715186 0.430416 0.7082189999999999 0.42883699999999997 0.701569 0.42558299999999993 0.695888 0.42097100000000004 0.69173 0.415454 0.689503 0.409572 0.689426 0.403899 0.691505 0.398992 0.6955370000000001 0.395331 0.701128
0 0.383311 0.740094 0.385966 0.733271 0.386706 0.725843 0.385459 0.7185360000000001 0.382347 0.7120650000000001 0.377675 0.7070649999999999 0.3719 0.704024 0.365587 0.703241 0.359354 0.704791 0.353811 0.708523 0.349502 0.714072 0.346847 0.720895 0.34610599999999997 0.728324 0.34735299999999997 0.7356309999999999 0.35046499999999997 0.742101 0.355137 0.747102 0.360913 0.7501420000000001 0.367226 0.750926 0.373459 0.749376 0.37900100000000003 0.7456430000000001 0.383311 0.740094
0 0.34078200000000003 0.726746 0.344696 0.721286 0.346912 0.714558 0.347213 0.707221 0.345569 0.699993 0.34214 0.693581 0.337264 0.6886140000000001 0.33141600000000004 0.685576 0.325169 0.684766 0.319136 0.6862630000000001 0.313906 0.689921 0.309991 0.695381 0.307775 0.7021080000000001 0.30747399999999997 0.709445 0.30911900000000003 0.716674 0.312547 0.723085 0.31742400000000004 0.728053 0.323272 0.73109 0.32951800000000003 0.7319 0.33555199999999996 0.730403 0.34078200000000003 0.726746
0 0.308208 0.6933239999999999 0.31242899999999996 0.688859 0.315052 0.682934 0.31581899999999996 0.676131 0.314655 0.669116 0.311674 0.662574 0.307168 0.6571469999999999 0.301578 0.653365 0.295451 0.651599 0.289387 0.652022 0.28398 0.654592 0.279758 0.659058 0.277136 0.664982 0.276369 0.6717850000000001 0.277533 0.678801 0.280513 0.685343 0.285019 0.69077 0.290609 0.6945520000000001 0.296736 0.696317 0.3028 0.6958949999999999 0.308208 0.6933239999999999
0 0.325361 0.655133 0.329538 0.649486 0.331971 0.642462 0.332422 0.634748 0.33084600000000003 0.6271 0.32739799999999997 0.6202650000000001 0.322415 0.614914 0.316385 0.6115700000000001 0.309898 0.61056 0.303589 0.611983 0.29807700000000004 0.6157 0.293899 0.621347 0.291466 0.6283719999999999 0.291016 0.636085 0.292591 0.643734 0.29603999999999997 0.650568 0.301023 0.655919 0.307053 0.6592629999999999 0.313539 0.660273 0.319848 0.6588499999999999 0.325361 0.655133
0 0.29958 0.6093 0.303757 0.603653 0.30619 0.596628 0.306641 0.588915 0.30506500000000003 0.5812660000000001 0.30161699999999997 0.574432 0.296634 0.569081 0.290604 0.565737 0.284117 0.564727 0.277808 0.56615 0.272295 0.569867 0.26811799999999997 0.575514 0.265685 0.582538 0.265234 0.590252 0.26681 0.5979 0.270258 0.604735 0.27524099999999996 0.610086 0.281271 0.6134299999999999 0.287758 0.61444 0.29406699999999997 0.6130169999999999 0.29958 0.6093
0 0.393512 0.5097889999999999 0.38919000000000004 0.515202 0.386537 0.522084 0.385815 0.5297609999999999 0.387092 0.537482 0.390245 0.5444899999999999 0.394965 0.550101 0.40078899999999995 0.5537650000000001 0.407148 0.555123 0.41341900000000004 0.554041 0.41898799999999997 0.550627 0.42331 0.545215 0.425963 0.538333 0.426685 0.530656 0.425408 0.522935 0.422255 0.515926 0.417535 0.5103150000000001 0.41171100000000005 0.506652 0.405352 0.505294 0.399081 0.506375 0.393512 0.5097889999999999
0 0.611923 0.6982109999999999 0.614433 0.691039 0.614995 0.683317 0.6135539999999999 0.675801 0.61025 0.669226 0.605408 0.664235 0.599502 0.661318 0.593108 0.66076 0.586854 0.662616 0.581352 0.6667029999999999 0.5771390000000001 0.672623 0.5746290000000001 0.679794 0.574068 0.687516 0.575509 0.695033 0.578812 0.701608 0.583654 0.706598 0.589561 0.709515 0.595954 0.7100730000000001 0.602208 0.708217 0.607711 0.7041299999999999 0.611923 0.6982109999999999
0 0.5900380000000001 0.7481869999999999 0.5925480000000001 0.741449 0.593112 0.734222 0.591673 0.727215 0.588373 0.721112 0.583534 0.716512 0.577631 0.7138639999999999 0.57124 0.713427 0.5649879999999999 0.715245 0.5594870000000001 0.71914 0.555275 0.72473 0.552764 0.731468 0.5522009999999999 0.738694 0.553639 0.745702 0.55694 0.751805 0.561778 0.756405 0.567682 0.759053 0.5740719999999999 0.7594890000000001 0.580324 0.757671 0.585825 0.753777 0.5900380000000001 0.7481869999999999
0 0.6314029999999999 0.7329939999999999 0.633283 0.725864 0.633281 0.7184440000000001 0.631397 0.711463 0.6278170000000001 0.705603 0.622891 0.7014370000000001 0.6171 0.6993739999999999 0.611012 0.699616 0.605223 0.7021379999999999 0.6002989999999999 0.7066950000000001 0.596722 0.712839 0.594842 0.71997 0.5948439999999999 0.727389 0.5967279999999999 0.73437 0.600308 0.740231 0.605234 0.744396 0.6110249999999999 0.746459 0.617113 0.746218 0.6229020000000001 0.743695 0.627826 0.739139 0.6314029999999999 0.7329939999999999
0 0.669907 0.706358 0.67157 0.699078 0.671274 0.691685 0.669049 0.684902 0.6651119999999999 0.6793929999999999 0.659849 0.675698 0.653775 0.674177 0.6474840000000001 0.6749799999999999 0.6415919999999999 0.6780280000000001 0.6366769999999999 0.683023 0.6332180000000001 0.689476 0.631555 0.696755 0.6318509999999999 0.704148 0.6340760000000001 0.710931 0.638013 0.71644 0.643276 0.720136 0.64935 0.721657 0.6556409999999999 0.720854 0.661533 0.717806 0.666448 0.7128099999999999 0.669907 0.706358
0 0.623437 0.354167 0.621875 0.347917 0.619531 0.341667 0.615625 0.33645800000000003 0.611719 0.333333 0.607812 0.33125 0.602344 0.3375 0.596094 0.341667 0.588281 0.34375 0.582812 0.34375 0.579688 0.353125 0.578125 0.361458 0.580469 0.36770800000000003 0.58125 0.373958 0.58125 0.380208 0.585156 0.384375 0.589844 0.388542 0.594531 0.391667 0.601562 0.392708 0.607812 0.390625 0.613281 0.386458 0.619531 0.379167 0.621875 0.372917 0.623437 0.365625 0.623437 0.354167
0 0.655469 0.35208300000000003 0.653906 0.347917 0.649219 0.35208300000000003 0.642969 0.35625 0.635938 0.35625 0.63125 0.354167 0.627344 0.35 0.624219 0.345833 0.621094 0.35104199999999997 0.621094 0.360417 0.621094 0.36875 0.619531 0.373958 0.616406 0.379167 0.61875 0.38229199999999997 0.623437 0.386458 0.629687 0.389583 0.6375 0.388542 0.64375 0.385417 0.648438 0.38125 0.653125 0.375 0.655469 0.365625 0.65625 0.357292 0.655469 0.35208300000000003
0 0.705469 0.402083 0.698438 0.408333 0.69375 0.411458 0.686719 0.4125 0.680469 0.411458 0.678906 0.41875 0.683594 0.423958 0.685156 0.428125 0.685937 0.434375 0.685937 0.4375 0.692969 0.439583 0.703125 0.438542 0.708594 0.433333 0.714063 0.425 0.716406 0.415625 0.716406 0.405208 0.715625 0.401042 0.713281 0.395833 0.710156 0.392708 0.705469 0.402083
0 0.26875 0.507292 0.272656 0.5125 0.279687 0.516667 0.29218700000000003 0.51875 0.300781 0.514583 0.305469 0.50625 0.307031 0.497917 0.30625 0.490625 0.30468799999999996 0.484375 0.300781 0.47708300000000003 0.29375 0.47708300000000003 0.2875 0.472917 0.285156 0.469792 0.282813 0.465625 0.27656200000000003 0.467708 0.26875 0.475 0.265625 0.48125 0.264062 0.488542 0.265625 0.497917 0.26875 0.507292
0 0.33906200000000003 0.508333 0.346094 0.504167 0.350781 0.496875 0.353125 0.488542 0.353125 0.48125 0.35156200000000004 0.475 0.349219 0.467708 0.342187 0.465625 0.3375 0.4625 0.333594 0.457292 0.332031 0.455208 0.325 0.458333 0.31875 0.46145800000000003 0.315625 0.469792 0.3125 0.47604199999999997 0.31171899999999997 0.48125 0.3125 0.489583 0.316406 0.5 0.32031200000000004 0.504167 0.325 0.507292 0.33281299999999997 0.509375 0.33906200000000003 0.508333
0 0.2375 0.597917 0.242188 0.601042 0.248438 0.603125 0.25468799999999997 0.602083 0.260156 0.6 0.264062 0.594792 0.265625 0.588542 0.26640600000000003 0.58125 0.265625 0.577083 0.2625 0.570833 0.257031 0.570833 0.251563 0.56875 0.24765600000000002 0.566667 0.244531 0.561458 0.242188 0.558333 0.241406 0.557292 0.240625 0.55625 0.2375 0.559375 0.234375 0.561458 0.22968700000000003 0.567708 0.228906 0.573958 0.228125 0.58125 0.22968700000000003 0.588542 0.23203100000000002 0.59375 0.2375 0.597917
0 0.291406 0.63125 0.292969 0.625 0.29375 0.619792 0.292969 0.614583 0.28906200000000004 0.608333 0.28203100000000003 0.609375 0.277344 0.60625 0.27343799999999996 0.602083 0.271094 0.598958 0.269531 0.5958330000000001 0.2625 0.6 0.258594 0.604167 0.255469 0.6114580000000001 0.253906 0.61875 0.255469 0.626042 0.259375 0.633333 0.264062 0.6375 0.27031299999999997 0.640625 0.277344 0.641667 0.283594 0.640625 0.288281 0.636458 0.291406 0.63125
0 0.363281 0.66875 0.364844 0.663542 0.364844 0.655208 0.359375 0.655208 0.35468700000000003 0.653125 0.350781 0.651042 0.34843799999999997 0.647917 0.346094 0.64375 0.34375 0.639583 0.34375 0.635417 0.338281 0.6375 0.333594 0.640625 0.329688 0.646875 0.32734399999999997 0.655208 0.326562 0.660417 0.32734399999999997 0.665625 0.330469 0.671875 0.333594 0.676042 0.338281 0.678125 0.34296899999999997 0.680208 0.35 0.680208 0.355469 0.678125 0.36015600000000003 0.672917 0.363281 0.66875
0 0.402344 0.6854169999999999 0.40546899999999997 0.678125 0.40703100000000003 0.672917 0.40703100000000003 0.66875 0.40546899999999997 0.661458 0.400781 0.660417 0.396094 0.659375 0.392969 0.65625 0.390625 0.653125 0.389062 0.65 0.3875 0.646875 0.380469 0.648958 0.37421899999999997 0.653125 0.371094 0.657292 0.367969 0.664583 0.367969 0.672917 0.369531 0.678125 0.371875 0.684375 0.375 0.6875 0.380469 0.690625 0.38593700000000003 0.692708 0.39140600000000003 0.692708 0.397656 0.690625 0.402344 0.6854169999999999
0 0.428906 0.660417 0.433594 0.666667 0.439063 0.6697919999999999 0.447656 0.672917 0.45781299999999997 0.66875 0.46406200000000003 0.6625 0.466406 0.6541669999999999 0.467187 0.645833 0.465625 0.639583 0.461719 0.633333 0.457031 0.63125 0.45234399999999997 0.6270830000000001 0.45 0.6229169999999999 0.44218799999999997 0.625 0.43671899999999997 0.6270830000000001 0.432031 0.632292 0.428125 0.640625 0.42656299999999997 0.651042 0.428906 0.660417
0 0.447656 0.676042 0.44843700000000003 0.66875 0.44375 0.66875 0.439063 0.667708 0.435156 0.663542 0.433594 0.659375 0.430469 0.655208 0.42968799999999996 0.65 0.425 0.651042 0.41875 0.6541669999999999 0.415625 0.659375 0.4125 0.664583 0.410156 0.6697919999999999 0.41093799999999997 0.675 0.411719 0.68125 0.413281 0.6854169999999999 0.415625 0.688542 0.419531 0.690625 0.425 0.69375 0.42968799999999996 0.69375 0.4375 0.691667 0.44218799999999997 0.6875 0.44531200000000004 0.682292 0.447656 0.676042
0 0.507031 0.61875 0.502344 0.616667 0.498437 0.614583 0.49531200000000003 0.610417 0.49375 0.60625 0.49218799999999996 0.602083 0.48359399999999997 0.60625 0.48359399999999997 0.613542 0.48359399999999997 0.620833 0.48125 0.623958 0.478906 0.629167 0.48125 0.63125 0.4875 0.633333 0.49218799999999996 0.634375 0.497656 0.632292 0.502344 0.628125 0.505469 0.6229169999999999 0.507031 0.61875
0 0.502344 0.744792 0.50625 0.7375 0.508594 0.73125 0.509375 0.725 0.508594 0.719792 0.503906 0.71875 0.5 0.7166669999999999 0.496875 0.7125 0.494531 0.708333 0.49375 0.704167 0.488281 0.704167 0.48359399999999997 0.7052080000000001 0.480469 0.709375 0.47656200000000004 0.7125 0.47343799999999997 0.714583 0.471094 0.722917 0.470313 0.729167 0.471875 0.735417 0.475 0.740625 0.478125 0.744792 0.48359399999999997 0.7479169999999999 0.490625 0.748958 0.496875 0.7479169999999999 0.502344 0.744792
0 0.55 0.719792 0.548438 0.713542 0.546875 0.711458 0.541406 0.707292 0.538281 0.7052080000000001 0.533594 0.703125 0.527344 0.704167 0.525 0.709375 0.522656 0.714583 0.519531 0.7166669999999999 0.516406 0.71875 0.513281 0.7208330000000001 0.5125 0.728125 0.513281 0.734375 0.516406 0.739583 0.519531 0.744792 0.526563 0.746875 0.532031 0.7479169999999999 0.540625 0.74375 0.546875 0.735417 0.55 0.727083 0.55 0.719792
0 0.679688 0.615625 0.673438 0.614583 0.669531 0.61875 0.665625 0.623958 0.661719 0.626042 0.657813 0.6270830000000001 0.65625 0.6270830000000001 0.653125 0.634375 0.653125 0.641667 0.653906 0.647917 0.65625 0.6541669999999999 0.661719 0.659375 0.669531 0.6625 0.677344 0.6625 0.682813 0.659375 0.6875 0.655208 0.690625 0.65 0.691406 0.645833 0.692187 0.639583 0.692187 0.634375 0.692187 0.630208 0.689844 0.623958 0.686719 0.620833 0.682813 0.616667 0.679688 0.615625