0 0.48049600000000003 0.43582 0.466754 0.43456900000000004 0.453717 0.436587 0.442662 0.441677 0.43467 0.44934 0.430524 0.458827 0.430629 0.46920900000000004 0.434976 0.47946999999999995 0.44313900000000006 0.488605 0.45431800000000006 0.49571899999999997 0.46742 0.500118 0.481162 0.5013690000000001 0.49419899999999994 0.499351 0.505255 0.494261 0.513247 0.486597 0.517393 0.47711 0.517288 0.466728 0.512941 0.456468 0.5047780000000001 0.447333 0.493598 0.44021800000000005 0.48049600000000003 0.43582
0 0.478309 0.29586100000000004 0.47442799999999996 0.30786199999999997 0.475497 0.320623 0.481412 0.33289399999999997 0.491594 0.34347500000000003 0.505045 0.35133000000000003 0.5204500000000001 0.35569 0.5363 0.356128 0.551044 0.352601 0.563239 0.34545499999999996 0.5716910000000001 0.335389 0.575572 0.323388 0.574503 0.310627 0.568588 0.298356 0.558406 0.287775 0.5449550000000001 0.27992 0.52955 0.27555999999999997 0.5136999999999999 0.275122 0.498956 0.27864900000000004 0.486761 0.285795 0.478309 0.29586100000000004
0 0.685085 0.32838599999999996 0.690934 0.31647 0.691756 0.303478 0.687471 0.29068 0.678499 0.27932999999999997 0.665717 0.270539 0.650378 0.26516700000000004 0.633981 0.26374 0.618133 0.266397 0.604385 0.272879 0.594082 0.282552 0.588233 0.294467 0.587411 0.30746 0.591695 0.320257 0.600668 0.331607 0.613449 0.340398 0.628789 0.345771 0.645185 0.347198 0.661033 0.34453999999999996 0.674782 0.338058 0.685085 0.32838599999999996
0 0.794774 0.347277 0.801563 0.334938 0.8028959999999999 0.32170299999999996 0.798644 0.308867 0.789222 0.297687 0.775553 0.289257 0.758974 0.284402 0.74111 0.283597 0.723708 0.286922 0.7084710000000001 0.294051 0.696892 0.304285 0.690104 0.316624 0.688771 0.329859 0.693023 0.342695 0.702445 0.353875 0.7161139999999999 0.362306 0.732692 0.36716099999999996 0.7505569999999999 0.367965 0.7679590000000001 0.36463999999999996 0.783195 0.357512 0.794774 0.347277
0 0.7519180000000001 0.42602900000000005 0.759036 0.41510600000000003 0.761292 0.40308599999999994 0.758467 0.391147 0.750836 0.380457 0.739147 0.372062 0.7245429999999999 0.366784 0.7084550000000001 0.36514 0.692457 0.367291 0.678114 0.37302599999999997 0.666832 0.381784 0.6597139999999999 0.39270700000000003 0.657458 0.404726 0.660283 0.41666600000000004 0.667914 0.42735599999999996 0.679603 0.43575100000000005 0.694207 0.44102800000000003 0.710295 0.44267200000000007 0.726293 0.44052199999999997 0.7406360000000001 0.43478700000000003 0.7519180000000001 0.42602900000000005
0 0.85183 0.420819 0.8405509999999999 0.43041799999999997 0.834173 0.44177999999999995 0.8333220000000001 0.453794 0.8380789999999999 0.46528400000000003 0.84798 0.47512499999999996 0.8620559999999999 0.482353 0.8789279999999999 0.486261 0.896945 0.48646700000000004 0.914343 0.482951 0.92942 0.476056 0.9406990000000001 0.466457 0.947077 0.455095 0.9479279999999999 0.443081 0.9431710000000001 0.43159099999999995 0.93327 0.42175 0.9191940000000001 0.414522 0.9023220000000001 0.410614 0.884305 0.410408 0.866907 0.413924 0.85183 0.420819
0 0.885944 0.547047 0.898236 0.538866 0.906214 0.5284869999999999 0.909097 0.516925 0.9066029999999999 0.505312 0.898976 0.49478600000000006 0.8869630000000001 0.48637499999999995 0.87174 0.480905 0.854796 0.478909 0.837791 0.480584 0.822389 0.48576600000000003 0.8100970000000001 0.49394600000000005 0.80212 0.504326 0.799237 0.515887 0.801731 0.5275000000000001 0.809357 0.538027 0.8213699999999999 0.546437 0.8365940000000001 0.551908 0.853537 0.553903 0.870542 0.552228 0.885944 0.547047
0 0.7677780000000001 0.42731899999999995 0.7526010000000001 0.43061299999999997 0.7403310000000001 0.437028 0.7321679999999999 0.445937 0.728912 0.45646699999999996 0.730881 0.467587 0.737882 0.47820999999999997 0.7492300000000001 0.48729500000000003 0.763815 0.493952 0.780208 0.49753100000000006 0.796806 0.49768100000000004 0.8119820000000001 0.494387 0.8242520000000001 0.48797199999999996 0.8324149999999999 0.479063 0.835672 0.46853300000000003 0.8337030000000001 0.457413 0.8267010000000001 0.44679 0.815353 0.43770499999999996 0.800768 0.431048 0.784375 0.427469 0.7677780000000001 0.42731899999999995
0 0.7158960000000001 0.482639 0.701251 0.48579999999999995 0.689237 0.492035 0.681029 0.500731 0.677432 0.511038 0.678797 0.521947 0.68499 0.532391 0.6954049999999999 0.541346 0.709024 0.547936 0.724512 0.551516 0.740354 0.551736 0.754999 0.548575 0.7670130000000001 0.54234 0.7752209999999999 0.533644 0.778818 0.5233369999999999 0.7774530000000001 0.512428 0.7712600000000001 0.501984 0.760845 0.49302900000000005 0.7472260000000001 0.486439 0.731738 0.48285900000000004 0.7158960000000001 0.482639
0 0.782366 0.540195 0.767387 0.5427690000000001 0.754988 0.548497 0.746384 0.55682 0.742416 0.566923 0.743473 0.577816 0.749452 0.588433 0.759766 0.597736 0.773408 0.6048129999999999 0.78904 0.608972 0.805134 0.6098049999999999 0.8201129999999999 0.607231 0.832512 0.601503 0.8411160000000001 0.59318 0.845084 0.5830770000000001 0.844027 0.572184 0.838048 0.5615669999999999 0.8277340000000001 0.552264 0.8140919999999999 0.5451870000000001 0.7984600000000001 0.5410280000000001 0.782366 0.540195
0 0.7092259999999999 0.581701 0.694744 0.58282 0.6821010000000001 0.5871500000000001 0.672536 0.594267 0.666985 0.603475 0.665991 0.613872 0.6696519999999999 0.624441 0.677609 0.634147 0.689083 0.6420399999999999 0.702952 0.647347 0.717857 0.649549 0.73234 0.6484300000000001 0.744982 0.6441 0.754547 0.6369830000000001 0.7600979999999999 0.627775 0.761092 0.617378 0.757432 0.6068089999999999 0.749475 0.5971029999999999 0.738 0.58921 0.724132 0.5839030000000001 0.7092259999999999 0.581701
0 0.614748 0.5961839999999999 0.601251 0.598064 0.589976 0.602811 0.582028 0.609959 0.5781850000000001 0.6188089999999999 0.578822 0.628494 0.583877 0.638067 0.592855 0.64659 0.6048790000000001 0.653229 0.61877 0.657334 0.6331680000000001 0.658504 0.646666 0.656623 0.65794 0.651876 0.665888 0.644728 0.669732 0.635878 0.669095 0.626193 0.66404 0.61662 0.655061 0.608097 0.643038 0.6014579999999999 0.629147 0.597353 0.614748 0.5961839999999999
0 0.565631 0.6079760000000001 0.578911 0.60722 0.59038 0.6035389999999999 0.5989169999999999 0.597294 0.603685 0.589096 0.604218 0.579748 0.600463 0.570164 0.592788 0.561284 0.581944 0.553975 0.5689930000000001 0.5489539999999999 0.555203 0.5467120000000001 0.5419229999999999 0.5474680000000001 0.530453 0.551149 0.5219159999999999 0.5573940000000001 0.5171479999999999 0.565592 0.516616 0.57494 0.520371 0.584523 0.528046 0.593404 0.538889 0.600713 0.55184 0.605734 0.565631 0.6079760000000001
0 0.635232 0.529291 0.6214649999999999 0.531694 0.610186 0.536959 0.602498 0.544572 0.599154 0.553786 0.600481 0.563701 0.606349 0.573345 0.616185 0.581774 0.6290250000000001 0.588164 0.643612 0.591889 0.658518 0.592584 0.672285 0.5901810000000001 0.683564 0.584916 0.691252 0.577303 0.694596 0.568089 0.693269 0.558174 0.687401 0.54853 0.677565 0.540101 0.664725 0.533711 0.650138 0.529986 0.635232 0.529291
0 0.570497 0.547707 0.5846560000000001 0.5480400000000001 0.597361 0.545123 0.6073660000000001 0.539243 0.613694 0.530974 0.6157239999999999 0.521126 0.613258 0.510664 0.606538 0.50061 0.59622 0.49195 0.583315 0.48553100000000005 0.569087 0.48198100000000005 0.554927 0.481648 0.542223 0.48456400000000005 0.5322169999999999 0.49044499999999996 0.525889 0.49871299999999996 0.5238590000000001 0.508561 0.526325 0.519024 0.533046 0.529077 0.543363 0.537737 0.556268 0.544157 0.570497 0.547707
0 0.660799 0.503308 0.675889 0.501893 0.6889540000000001 0.49715600000000004 0.698716 0.489562 0.7042200000000001 0.479855 0.704925 0.468984 0.700764 0.45801400000000003 0.692144 0.44801799999999997 0.679908 0.439975 0.665254 0.43467200000000006 0.649617 0.43262900000000004 0.634528 0.43404499999999996 0.621462 0.438781 0.6117 0.446375 0.606197 0.456082 0.605491 0.466953 0.609652 0.47792399999999996 0.6182730000000001 0.48791900000000005 0.630509 0.495962 0.645162 0.501265 0.660799 0.503308
0 0.55138 0.41103300000000004 0.536742 0.413263 0.524115 0.41870700000000005 0.514736 0.42683099999999996 0.509522 0.43684200000000006 0.508985 0.447758 0.513176 0.458511 0.521685 0.468048 0.53368 0.475437 0.5479860000000001 0.47995299999999996 0.563203 0.48115500000000005 0.577841 0.478925 0.590468 0.47348100000000004 0.599847 0.465356 0.605061 0.45534600000000003 0.605599 0.44443 0.6014079999999999 0.433677 0.592898 0.424139 0.5809040000000001 0.416751 0.566597 0.412235 0.55138 0.41103300000000004
0 0.6116119999999999 0.422586 0.627651 0.42073900000000003 0.641696 0.41533300000000006 0.652374 0.406896 0.658639 0.39625499999999997 0.659878 0.384451 0.655969 0.37263999999999997 0.647295 0.361977 0.634706 0.353507 0.619433 0.348058 0.6029709999999999 0.346164 0.5869329999999999 0.34801099999999996 0.5728869999999999 0.353417 0.562209 0.361854 0.555944 0.372495 0.554705 0.384299 0.558614 0.39611 0.567288 0.406773 0.579877 0.415243 0.5951500000000001 0.420692 0.6116119999999999 0.422586
0 0.51534 0.346227 0.500649 0.343661 0.486201 0.344699 0.47341 0.349238 0.463527 0.356834 0.457521 0.366744 0.455978 0.377997 0.459051 0.389492 0.466437 0.40010399999999996 0.477416 0.408794 0.49090999999999996 0.41471099999999994 0.505601 0.41727600000000004 0.520049 0.416239 0.53284 0.4117 0.542723 0.404103 0.548729 0.39419400000000004 0.550272 0.38294100000000003 0.547199 0.37144499999999997 0.539813 0.360834 0.528834 0.352144 0.51534 0.346227
0 0.446814 0.287471 0.43282800000000005 0.28325999999999996 0.41858500000000004 0.282675 0.40548 0.285775 0.39479600000000004 0.29225599999999996 0.387579 0.301483 0.38453400000000004 0.31255299999999997 0.38595999999999997 0.324383 0.391717 0.335814 0.401242 0.345728 0.413603 0.353154 0.42758900000000005 0.35736500000000004 0.44183199999999995 0.35795 0.454936 0.35485 0.46562000000000003 0.34836900000000004 0.472838 0.339142 0.47588299999999994 0.32807200000000003 0.474457 0.316242 0.468699 0.304811 0.45917399999999997 0.294897 0.446814 0.287471
0 0.349743 0.295883 0.335672 0.29320599999999997 0.32218800000000003 0.294022 0.310611 0.298254 0.302073 0.30548600000000004 0.297411 0.31501100000000004 0.29708199999999996 0.325896 0.301116 0.337075 0.30912 0.34745499999999996 0.32031 0.356019 0.33359 0.361929 0.347661 0.364607 0.361145 0.36379 0.372723 0.359558 0.38126000000000004 0.35232600000000003 0.385922 0.342802 0.386252 0.331917 0.382217 0.320737 0.374213 0.310358 0.363024 0.301793 0.349743 0.295883
0 0.267681 0.307472 0.254865 0.303257 0.242185 0.302471 0.23088199999999998 0.30518999999999996 0.22206199999999998 0.311148 0.216588 0.319762 0.21499700000000002 0.330189 0.21744400000000003 0.34140899999999996 0.22369 0.35232199999999997 0.233122 0.36185999999999996 0.24481899999999998 0.369091 0.257635 0.373306 0.27031499999999997 0.374092 0.28161800000000003 0.371373 0.29043800000000003 0.365414 0.295912 0.3568 0.29750299999999996 0.346373 0.295056 0.335154 0.28881 0.324241 0.279378 0.314702 0.267681 0.307472
0 0.324333 0.364501 0.310887 0.361616 0.297802 0.362107 0.286361 0.365924 0.27768099999999996 0.37269399999999997 0.272615 0.381755 0.271656 0.39222 0.274899 0.40306300000000006 0.28202699999999997 0.413225 0.292342 0.421709 0.304834 0.427686 0.31828 0.43057100000000004 0.331364 0.43008100000000005 0.342806 0.42626400000000003 0.351485 0.419493 0.356552 0.410432 0.357511 0.399968 0.354267 0.38912399999999997 0.34714 0.378963 0.33682500000000004 0.370478 0.324333 0.364501
0 0.409408 0.35676399999999997 0.395276 0.354431 0.38170899999999996 0.355564 0.37003400000000003 0.360052 0.361395 0.36745700000000003 0.356636 0.37705299999999997 0.356224 0.387901 0.360199 0.39893900000000004 0.368172 0.409087 0.379363 0.417351 0.392675 0.42292300000000005 0.406807 0.42525700000000005 0.42037399999999997 0.42412400000000006 0.432049 0.419636 0.440688 0.41223099999999996 0.445447 0.40263499999999997 0.445859 0.391787 0.44188400000000005 0.380748 0.433911 0.3706 0.422721 0.362336 0.409408 0.35676399999999997
0 0.298719 0.42305200000000004 0.28614799999999996 0.421282 0.274524 0.422553 0.264987 0.426741 0.258469 0.433434 0.25560900000000003 0.441979 0.256686 0.45153800000000005 0.261595 0.46117600000000003 0.269855 0.469949 0.280659 0.476999 0.292948 0.48163600000000006 0.305519 0.48340500000000003 0.317142 0.482134 0.32667999999999997 0.477947 0.333198 0.47125300000000003 0.336058 0.462709 0.33498100000000003 0.45315000000000005 0.33007200000000003 0.443512 0.32181099999999996 0.434739 0.311008 0.427688 0.298719 0.42305200000000004
0 0.355009 0.47738899999999995 0.342391 0.47482100000000005 0.330211 0.475406 0.319663 0.479087 0.311778 0.485503 0.307329 0.494026 0.306751 0.503822 0.310101 0.513933 0.31705 0.5233679999999999 0.326919 0.531204 0.338741 0.536673 0.35135900000000003 0.539241 0.363539 0.5386569999999999 0.374087 0.534976 0.381972 0.5285599999999999 0.386421 0.5200370000000001 0.386999 0.51024 0.383649 0.50013 0.3767 0.490695 0.366831 0.48285900000000004 0.355009 0.47738899999999995
0 0.41535900000000003 0.584413 0.428012 0.584445 0.439045 0.5816399999999999 0.44737799999999994 0.576273 0.452194 0.56887 0.45302300000000006 0.560155 0.44978300000000004 0.5509809999999999 0.442792 0.5422469999999999 0.43273400000000006 0.534807 0.42059300000000005 0.529389 0.40755800000000003 0.526524 0.39490400000000003 0.526493 0.38387099999999996 0.529298 0.37553899999999996 0.5346650000000001 0.370723 0.542068 0.369894 0.550783 0.373133 0.559956 0.380125 0.5686910000000001 0.390183 0.576131 0.402324 0.581549 0.41535900000000003 0.584413
0 0.476714 0.566913 0.463725 0.5674870000000001 0.45245199999999997 0.570939 0.443997 0.576929 0.439189 0.5848709999999999 0.438499 0.593989 0.44199299999999997 0.6033890000000001 0.44932999999999995 0.612152 0.45979099999999995 0.6194189999999999 0.472353 0.624479 0.48578599999999994 0.626837 0.498775 0.626263 0.5100480000000001 0.622811 0.518503 0.6168210000000001 0.523311 0.6088790000000001 0.5240009999999999 0.599761 0.520507 0.5903609999999999 0.51317 0.581598 0.5027090000000001 0.574331 0.490147 0.569271 0.476714 0.566913
0 0.8603989999999999 0.41680799999999996 0.867188 0.40447 0.868521 0.391235 0.864269 0.37839900000000004 0.854847 0.367218 0.841178 0.358788 0.8245990000000001 0.353933 0.806735 0.35312899999999997 0.789333 0.356453 0.774096 0.36358199999999996 0.762517 0.373817 0.755729 0.38615499999999997 0.7543960000000001 0.39939 0.758648 0.412226 0.76807 0.423407 0.781739 0.43183699999999997 0.798317 0.436692 0.8161820000000001 0.437496 0.8335839999999999 0.43417199999999995 0.8488200000000001 0.427043 0.8603989999999999 0.41680799999999996
0 0.385417 0.47343799999999997 0.394792 0.474219 0.409375 0.474219 0.421875 0.46953100000000003 0.43020800000000003 0.460156 0.433333 0.449219 0.432292 0.439844 0.427083 0.430469 0.421875 0.424219 0.415625 0.420312 0.396875 0.420312 0.384375 0.415625 0.373958 0.408594 0.3625 0.41406200000000004 0.355208 0.419531 0.35104199999999997 0.427344 0.35 0.4375 0.35208300000000003 0.44843700000000003 0.35625 0.45625 0.364583 0.46406200000000003 0.375 0.46953100000000003 0.385417 0.47343799999999997
0 0.503125 0.557031 0.5135419999999999 0.554688 0.523958 0.55 0.532292 0.54375 0.536458 0.536719 0.536458 0.526563 0.5333330000000001 0.522656 0.5291669999999999 0.516406 0.528125 0.510156 0.519792 0.503125 0.509375 0.497656 0.498958 0.496094 0.49166699999999997 0.496875 0.488542 0.497656 0.483333 0.498437 0.47708300000000003 0.497656 0.471875 0.496875 0.467708 0.496875 0.45625 0.50625 0.452083 0.514062 0.453125 0.525 0.45625 0.533594 0.463542 0.542188 0.470833 0.547656 0.48125 0.552344 0.49375 0.555469 0.503125 0.557031