0 0.870137 0.353056 0.8645250000000001 0.368838 0.863226 0.38420200000000004 0.8663679999999999 0.397647 0.8736430000000001 0.40785499999999997 0.8843400000000001 0.41382700000000006 0.897411 0.41497900000000004 0.9115759999999999 0.41119700000000003 0.92545 0.402853 0.937673 0.390763 0.94705 0.37611 0.952663 0.360329 0.953962 0.344964 0.95082 0.33152 0.9435439999999999 0.321312 0.9328480000000001 0.31534 0.9197770000000001 0.314188 0.905611 0.317969 0.8917379999999999 0.32631299999999996 0.879514 0.33840400000000004 0.870137 0.353056
0 0.45928899999999995 0.243629 0.449174 0.255533 0.44265800000000005 0.270566 0.44037800000000005 0.287257 0.442557 0.303971 0.448984 0.31907399999999997 0.459027 0.33108499999999996 0.47170500000000004 0.33883 0.485775 0.341551 0.499862 0.33898 0.512586 0.33137099999999997 0.522701 0.319467 0.5292169999999999 0.304434 0.531497 0.28774299999999997 0.5293180000000001 0.271029 0.522891 0.255926 0.512848 0.24391500000000002 0.50017 0.23617 0.4861 0.23344900000000002 0.472013 0.23601999999999998 0.45928899999999995 0.243629
0 0.537454 0.195677 0.539358 0.174868 0.536339 0.154378 0.528692 0.136212 0.517166 0.122149 0.502888 0.113565 0.487258 0.11130100000000001 0.471804 0.115578 0.45804 0.12597799999999998 0.447312 0.141482 0.44067100000000003 0.16057300000000002 0.438767 0.181382 0.441786 0.201872 0.44943299999999997 0.220038 0.460959 0.23410099999999998 0.475237 0.24268499999999998 0.490867 0.244949 0.506321 0.240672 0.520085 0.23027199999999998 0.530813 0.214768 0.537454 0.195677
0 0.530877 0.19500599999999998 0.529898 0.21479499999999999 0.533563 0.23364600000000002 0.541514 0.249714 0.552972 0.261425 0.566815 0.267633 0.58169 0.26772999999999997 0.596139 0.261708 0.6087480000000001 0.250155 0.618283 0.23420200000000002 0.62381 0.21541100000000002 0.624789 0.19562200000000002 0.621124 0.17677 0.613174 0.16070299999999998 0.6017159999999999 0.14899199999999999 0.5878720000000001 0.142784 0.572998 0.142686 0.558549 0.148709 0.54594 0.160262 0.536405 0.176215 0.530877 0.19500599999999998
0 0.6130720000000001 0.12432499999999999 0.611309 0.145444 0.614556 0.165581 0.622497 0.182766 0.634354 0.195316 0.6489659999999999 0.20200200000000001 0.664902 0.20217100000000002 0.680604 0.195805 0.6945330000000001 0.183528 0.705327 0.166542 0.711928 0.146508 0.7136910000000001 0.125389 0.7104440000000001 0.10525199999999998 0.702503 0.08806699999999999 0.690646 0.075517 0.676034 0.068831 0.660098 0.068662 0.644396 0.075028 0.630467 0.087305 0.6196729999999999 0.10429200000000001 0.6130720000000001 0.12432499999999999
0 0.711908 0.195144 0.71062 0.215862 0.714182 0.234824 0.722244 0.250173 0.7340169999999999 0.260407 0.7483489999999999 0.264524 0.763836 0.262121 0.778964 0.253433 0.79225 0.239311 0.802395 0.221136 0.8084049999999999 0.20068899999999998 0.8096920000000001 0.179971 0.806131 0.161009 0.798069 0.14565999999999998 0.786296 0.135426 0.771964 0.131309 0.7564759999999999 0.133713 0.741349 0.1424 0.728062 0.156523 0.717918 0.174697 0.711908 0.195144
0 0.624957 0.245632 0.6224109999999999 0.26470899999999997 0.624477 0.283059 0.630954 0.298886 0.641207 0.310643 0.654232 0.317176 0.668755 0.317848 0.683354 0.312593 0.6966 0.30192399999999997 0.7071959999999999 0.28688600000000003 0.714106 0.268951 0.7166520000000001 0.24987499999999999 0.714585 0.23152499999999998 0.708109 0.21569699999999997 0.697856 0.203941 0.68483 0.197407 0.670307 0.196735 0.655708 0.20199099999999998 0.642462 0.21266 0.631866 0.227698 0.624957 0.245632
0 0.5516099999999999 0.288523 0.545681 0.304689 0.543999 0.321824 0.546727 0.338249 0.5536 0.352358 0.563944 0.36277 0.576747 0.368464 0.5907549999999999 0.368885 0.604598 0.36399 0.61692 0.354258 0.626515 0.340643 0.632444 0.324477 0.634126 0.30734300000000003 0.631398 0.290917 0.624525 0.276808 0.6141810000000001 0.266397 0.601378 0.260702 0.5873700000000001 0.260282 0.573527 0.265177 0.561205 0.27490800000000004 0.5516099999999999 0.288523
0 0.758813 0.36336 0.764993 0.347415 0.766875 0.330703 0.764276 0.31486000000000003 0.75745 0.301437 0.747065 0.291749 0.734138 0.286742 0.7199340000000001 0.28690899999999997 0.705844 0.292231 0.693246 0.302189 0.6833739999999999 0.315807 0.677195 0.331752 0.675312 0.348464 0.677911 0.364307 0.6847369999999999 0.377729 0.695122 0.387418 0.708049 0.392424 0.722253 0.392258 0.736344 0.386936 0.7489410000000001 0.376978 0.758813 0.36336
0 0.927623 0.27422599999999997 0.9315680000000001 0.256191 0.9309689999999999 0.239284 0.925887 0.22515900000000003 0.916817 0.215199 0.9046480000000001 0.210379 0.8905709999999999 0.211171 0.875964 0.217497 0.8622569999999999 0.22873899999999997 0.8507910000000001 0.243794 0.8426899999999999 0.261191 0.838745 0.27922600000000003 0.8393430000000001 0.296133 0.844426 0.31025800000000003 0.853496 0.32021700000000003 0.8656650000000001 0.325037 0.8797409999999999 0.324245 0.8943479999999999 0.317919 0.908056 0.306678 0.9195209999999999 0.291622 0.927623 0.27422599999999997
0 0.8618330000000001 0.36924100000000004 0.866492 0.352476 0.8667830000000001 0.336285 0.862679 0.322252 0.85458 0.311751 0.84328 0.30581 0.829885 0.30501 0.8157059999999999 0.30943 0.80213 0.31863600000000003 0.7904869999999999 0.331729 0.781917 0.347426 0.777258 0.36419 0.776967 0.38038099999999997 0.7810710000000001 0.394414 0.78917 0.40491599999999994 0.80047 0.410857 0.8138650000000001 0.41165700000000005 0.828044 0.407237 0.84162 0.39803 0.8532629999999999 0.384938 0.8618330000000001 0.36924100000000004
0 0.44067 0.204328 0.44181 0.183813 0.438169 0.163455 0.43010400000000004 0.14524600000000001 0.41840299999999997 0.13097 0.40421300000000004 0.122024 0.388922 0.119282 0.37402799999999997 0.12301500000000001 0.360987 0.132856 0.351077 0.147842 0.345267 0.166506 0.34412699999999996 0.187021 0.34776799999999997 0.20737899999999998 0.355834 0.22558699999999998 0.36753399999999997 0.239863 0.381724 0.24881000000000003 0.397015 0.25155099999999997 0.41191000000000005 0.247818 0.42495099999999997 0.23797799999999997 0.434861 0.222992 0.44067 0.204328
0 0.42056899999999997 0.637643 0.428329 0.646512 0.438364 0.652664 0.44969099999999995 0.655497 0.46120099999999997 0.654732 0.47176799999999997 0.650445 0.480356 0.643056 0.48612700000000003 0.6332869999999999 0.48851300000000003 0.6220950000000001 0.487283 0.610576 0.48255600000000004 0.599857 0.474796 0.5909880000000001 0.46476100000000004 0.5848359999999999 0.453434 0.582003 0.44192400000000004 0.582768 0.43135700000000005 0.587055 0.422769 0.594444 0.416998 0.604213 0.414612 0.615405 0.41584199999999993 0.626924 0.42056899999999997 0.637643
0 0.371029 0.252811 0.360172 0.264819 0.352832 0.280475 0.349726 0.298245 0.351159 0.316392 0.356991 0.333138 0.36665000000000003 0.34684400000000004 0.37919200000000003 0.356168 0.39338799999999996 0.360199 0.407849 0.35853999999999997 0.421159 0.351355 0.43201599999999996 0.339348 0.43935599999999997 0.323692 0.442462 0.305921 0.44102800000000003 0.287775 0.43519699999999994 0.271029 0.425537 0.257323 0.412996 0.247998 0.3988 0.24396800000000002 0.384339 0.24562599999999998 0.371029 0.252811
0 0.360763 0.253607 0.359279 0.233632 0.353215 0.214546 0.34316599999999997 0.198216 0.330115 0.186241 0.31534 0.179794 0.300287 0.179505 0.286429 0.185403 0.275123 0.19691 0.267476 0.212901 0.264237 0.23180900000000002 0.265721 0.251784 0.271785 0.270871 0.28183400000000003 0.287201 0.294885 0.299176 0.30966 0.305623 0.324713 0.305912 0.338571 0.300014 0.349877 0.28850600000000004 0.357524 0.272516 0.360763 0.253607
0 0.8783580000000001 0.453535 0.883554 0.439311 0.884854 0.425216 0.8821300000000001 0.412629 0.87565 0.402783 0.8660460000000001 0.39664 0.8542609999999999 0.39480400000000004 0.841446 0.397452 0.828857 0.404327 0.817725 0.414755 0.8091419999999999 0.42771499999999996 0.803946 0.44193899999999997 0.802646 0.456034 0.8053699999999999 0.468621 0.81185 0.47846700000000003 0.8214539999999999 0.48461 0.8332390000000001 0.48644600000000005 0.846054 0.483798 0.858643 0.47692300000000004 0.869775 0.466495 0.8783580000000001 0.453535
0 0.294394 0.305992 0.289157 0.288646 0.279935 0.27332900000000004 0.267629 0.26154099999999997 0.253444 0.254435 0.238769 0.252707 0.225041 0.256526 0.213603 0.26551800000000003 0.205575 0.278803 0.201742 0.29508100000000004 0.202481 0.312758 0.20771799999999999 0.330104 0.21694 0.345421 0.229246 0.357209 0.243431 0.364315 0.258106 0.366043 0.271834 0.362224 0.283272 0.353232 0.2913 0.339947 0.295133 0.323669 0.294394 0.305992
0 0.712229 0.685487 0.721552 0.6899379999999999 0.732588 0.691295 0.7442580000000001 0.689426 0.7554190000000001 0.684514 0.76498 0.677038 0.772003 0.667732 0.775802 0.657505 0.776004 0.64736 0.772591 0.638289 0.765896 0.63118 0.756573 0.626729 0.745537 0.625371 0.7338669999999999 0.62724 0.722706 0.632153 0.713145 0.639629 0.7061219999999999 0.648935 0.702323 0.659161 0.702121 0.669307 0.705534 0.678378 0.712229 0.685487
0 0.33943599999999996 0.433882 0.351606 0.42724599999999996 0.360942 0.41641300000000003 0.36652999999999997 0.402445 0.36782400000000004 0.386707 0.364696 0.370742 0.357453 0.35611000000000004 0.346804 0.344246 0.333791 0.33631 0.319689 0.333078 0.305876 0.334868 0.29370599999999997 0.341504 0.28437 0.352337 0.278782 0.366305 0.277489 0.382043 0.28061600000000003 0.39800800000000003 0.287859 0.41264 0.298508 0.42450400000000005 0.311521 0.43244 0.325624 0.435672 0.33943599999999996 0.433882
0 0.946998 0.478541 0.952994 0.465059 0.9551019999999999 0.45153 0.953117 0.439279 0.947233 0.42950499999999997 0.938025 0.423165 0.926395 0.42087899999999995 0.913481 0.422872 0.900548 0.42894699999999997 0.888861 0.43851000000000007 0.879565 0.450626 0.873569 0.46410799999999997 0.8714600000000001 0.477637 0.873445 0.48988699999999996 0.8793300000000001 0.499661 0.888537 0.506001 0.900167 0.5082869999999999 0.913081 0.5062949999999999 0.926014 0.50022 0.937701 0.490656 0.946998 0.478541
0 0.239237 0.389855 0.23359200000000002 0.374208 0.224277 0.360372 0.212203 0.349702 0.198552 0.343241 0.18466100000000002 0.341623 0.17188799999999999 0.345005 0.161485 0.353057 0.15447 0.36499000000000004 0.151529 0.379636 0.15295 0.395562 0.15859499999999999 0.41120900000000005 0.16791 0.42504400000000003 0.179984 0.43571499999999996 0.193635 0.44217500000000004 0.20752700000000002 0.443794 0.22029899999999997 0.44041199999999997 0.23070200000000002 0.43235999999999997 0.237718 0.420427 0.24065799999999998 0.40578000000000003 0.239237 0.389855
0 0.203324 0.541709 0.210025 0.554103 0.21972200000000003 0.56426 0.23146499999999998 0.571186 0.24410400000000002 0.574202 0.256403 0.5730139999999999 0.267158 0.5677380000000001 0.27531500000000003 0.558891 0.280077 0.547337 0.280976 0.5342089999999999 0.277926 0.520791 0.271225 0.508397 0.261528 0.49824 0.249785 0.49131400000000003 0.237146 0.488298 0.22484700000000002 0.48948600000000003 0.214092 0.494762 0.20593499999999998 0.503609 0.201173 0.515163 0.200274 0.5282910000000001 0.203324 0.541709
0 0.129721 0.571859 0.13711299999999998 0.583807 0.14752400000000002 0.593567 0.159937 0.6001839999999999 0.173136 0.60301 0.185829 0.601769 0.196774 0.596582 0.204899 0.5879570000000001 0.209409 0.576738 0.209863 0.5640240000000001 0.206216 0.551058 0.198825 0.53911 0.188413 0.52935 0.17600100000000002 0.522733 0.162802 0.519906 0.150108 0.521147 0.139164 0.5263340000000001 0.13103800000000002 0.534959 0.126528 0.546178 0.126074 0.5588930000000001 0.129721 0.571859
0 0.135661 0.645247 0.14307 0.655635 0.153221 0.663942 0.165123 0.669354 0.17760800000000002 0.671343 0.189456 0.669713 0.199507 0.664623 0.206776 0.6565730000000001 0.210553 0.64635 0.210466 0.6349549999999999 0.206526 0.623503 0.199118 0.613115 0.188966 0.604808 0.177065 0.599396 0.164579 0.597407 0.152731 0.599037 0.142681 0.604127 0.135411 0.612177 0.131635 0.6224000000000001 0.131721 0.633795 0.135661 0.645247
0 0.17213099999999998 0.707364 0.179658 0.7168650000000001 0.18978699999999998 0.724307 0.201528 0.728962 0.21373099999999998 0.7303740000000001 0.22520199999999999 0.728405 0.23481800000000003 0.723248 0.24163700000000002 0.715407 0.24499300000000002 0.70565 0.244555 0.694932 0.240369 0.684302 0.232842 0.674801 0.222713 0.667359 0.210972 0.662704 0.198769 0.661292 0.18729800000000002 0.663261 0.177682 0.668419 0.17086300000000001 0.67626 0.16750700000000002 0.686017 0.167945 0.696735 0.17213099999999998 0.707364
0 0.29473699999999997 0.724876 0.287527 0.716228 0.277944 0.709663 0.26692499999999997 0.705823 0.25555 0.705083 0.244932 0.707517 0.23611 0.712885 0.22994799999999999 0.7206629999999999 0.227048 0.73009 0.22769499999999998 0.7402409999999999 0.231826 0.750124 0.23903599999999997 0.758772 0.248619 0.7653369999999999 0.259637 0.769177 0.271012 0.769917 0.28163 0.767483 0.29045299999999996 0.762115 0.29661499999999996 0.754337 0.29951500000000003 0.74491 0.298867 0.734759 0.29473699999999997 0.724876
0 0.292905 0.786838 0.300139 0.794084 0.30950099999999997 0.7992589999999999 0.320074 0.801855 0.330823 0.801618 0.34069699999999997 0.798572 0.34872800000000004 0.793014 0.35413 0.78549 0.356375 0.776734 0.35524300000000003 0.767605 0.35084499999999996 0.758996 0.343611 0.751749 0.334249 0.746575 0.32367599999999996 0.7439790000000001 0.312927 0.744215 0.303053 0.747262 0.295022 0.752819 0.28962 0.760344 0.287375 0.769099 0.28850699999999996 0.778228 0.292905 0.786838
0 0.35642 0.799439 0.36362700000000003 0.806358 0.372865 0.811125 0.38323 0.813273 0.393707 0.812593 0.40327 0.809151 0.410984 0.8032830000000001 0.41609299999999994 0.7955650000000001 0.41809700000000005 0.786751 0.416801 0.777705 0.41233000000000003 0.769311 0.405123 0.762392 0.395885 0.757625 0.38552 0.7554770000000001 0.375043 0.756157 0.36547999999999997 0.7595989999999999 0.357766 0.765467 0.352657 0.773185 0.350653 0.781999 0.35194899999999996 0.791045 0.35642 0.799439
0 0.471925 0.775464 0.46459 0.769766 0.455443 0.766313 0.44538200000000006 0.765444 0.43539000000000005 0.767243 0.426446 0.771536 0.41942500000000005 0.7779010000000001 0.415015 0.7857149999999999 0.413647 0.794214 0.415455 0.802566 0.42026199999999997 0.8099529999999999 0.427598 0.8156510000000001 0.436744 0.8191039999999999 0.44680600000000004 0.8199730000000001 0.456797 0.818173 0.46574099999999996 0.813881 0.472762 0.807516 0.47717200000000004 0.799701 0.478541 0.791202 0.476732 0.782851 0.471925 0.775464
0 0.533174 0.783615 0.525693 0.778251 0.516461 0.77522 0.506383 0.774819 0.496445 0.7770859999999999 0.487619 0.7817999999999999 0.48077 0.7885 0.476569 0.796529 0.475425 0.805102 0.477452 0.8133800000000001 0.482451 0.820551 0.48993200000000003 0.825915 0.49916400000000005 0.828947 0.509242 0.8293480000000001 0.51918 0.8270810000000001 0.528006 0.822366 0.5348550000000001 0.815667 0.539056 0.807637 0.5402 0.799064 0.538173 0.790787 0.533174 0.783615
0 0.546118 0.8255990000000001 0.553714 0.8303990000000001 0.562859 0.832632 0.572657 0.8320779999999999 0.582148 0.828792 0.590405 0.8230959999999999 0.596619 0.815546 0.600181 0.806883 0.600742 0.797954 0.598249 0.789633 0.592945 0.782734 0.585348 0.777934 0.5762039999999999 0.775701 0.566406 0.776255 0.556914 0.779541 0.5486570000000001 0.785238 0.5424439999999999 0.792787 0.538882 0.80145 0.53832 0.81038 0.540814 0.8187010000000001 0.546118 0.8255990000000001
0 0.616432 0.719248 0.6252489999999999 0.7237750000000001 0.635648 0.72526 0.64661 0.72356 0.6570630000000001 0.718839 0.665983 0.711561 0.672497 0.702437 0.675969 0.692361 0.676057 0.682319 0.6727529999999999 0.6732940000000001 0.66638 0.666169 0.657563 0.661642 0.647165 0.660156 0.636203 0.661857 0.62575 0.666578 0.61683 0.673856 0.610315 0.6829799999999999 0.6068439999999999 0.693056 0.6067560000000001 0.703098 0.61006 0.712123 0.616432 0.719248
0 0.674132 0.8067740000000001 0.6823400000000001 0.810036 0.69197 0.8105819999999999 0.70208 0.8083600000000001 0.711681 0.803585 0.7198330000000001 0.7967259999999999 0.725737 0.788454 0.728816 0.779579 0.728769 0.7709699999999999 0.725599 0.763469 0.719618 0.75781 0.71141 0.754547 0.7017800000000001 0.7540009999999999 0.69167 0.756224 0.682069 0.7609980000000001 0.673917 0.767857 0.668013 0.776129 0.6649339999999999 0.785004 0.664981 0.793613 0.668151 0.801115 0.674132 0.8067740000000001
0 0.699632 0.7448750000000001 0.708318 0.748316 0.7184079999999999 0.748761 0.728914 0.746167 0.738807 0.7407860000000001 0.74712 0.733147 0.753037 0.723997 0.755981 0.7142310000000001 0.755663 0.704805 0.752114 0.696643 0.745681 0.690542 0.7369939999999999 0.687101 0.726904 0.6866559999999999 0.716398 0.68925 0.706505 0.69463 0.6981930000000001 0.702269 0.692275 0.71142 0.6893309999999999 0.721186 0.68965 0.730612 0.693199 0.738774 0.699632 0.7448750000000001
0 0.7656419999999999 0.6295740000000001 0.7754260000000001 0.633169 0.786775 0.633416 0.798578 0.63029 0.8096780000000001 0.624097 0.81899 0.615443 0.825601 0.6051759999999999 0.828866 0.594299 0.828464 0.583879 0.8244339999999999 0.574935 0.8171709999999999 0.568343 0.8073859999999999 0.564747 0.796037 0.5645 0.784235 0.567627 0.773135 0.57382 0.763823 0.582474 0.7572110000000001 0.592741 0.7539469999999999 0.6036170000000001 0.754349 0.6140369999999999 0.7583789999999999 0.622981 0.7656419999999999 0.6295740000000001
0 0.656204 0.791258 0.64836 0.786927 0.638918 0.785099 0.6288020000000001 0.785953 0.6190019999999999 0.7894059999999999 0.610477 0.795119 0.604063 0.802534 0.6003860000000001 0.8109249999999999 0.599806 0.819469 0.602381 0.827331 0.607859 0.833742 0.615702 0.838073 0.6251439999999999 0.839901 0.6352610000000001 0.8390470000000001 0.645061 0.8355940000000001 0.653585 0.829881 0.6599999999999999 0.822466 0.6636770000000001 0.8140750000000001 0.664256 0.805531 0.661681 0.797669 0.656204 0.791258
0 0.63689 0.767755 0.644772 0.772265 0.654235 0.774188 0.664355 0.773335 0.67414 0.769791 0.6826329999999999 0.7639009999999999 0.689002 0.7562420000000001 0.692624 0.747565 0.693144 0.738718 0.690512 0.730568 0.684985 0.723912 0.677103 0.719401 0.66764 0.7174780000000001 0.65752 0.7183309999999999 0.6477350000000001 0.721876 0.6392420000000001 0.727766 0.632873 0.735424 0.629251 0.744102 0.6287309999999999 0.752949 0.631363 0.761099 0.63689 0.767755
0 0.573609 0.771922 0.58149 0.776432 0.590954 0.778355 0.601074 0.7775019999999999 0.610859 0.773957 0.619352 0.768067 0.625721 0.760409 0.629343 0.751731 0.6298630000000001 0.742885 0.627231 0.734734 0.621703 0.728078 0.613822 0.723568 0.6043580000000001 0.721645 0.594239 0.7224980000000001 0.584453 0.726043 0.57596 0.731933 0.569591 0.739591 0.565969 0.748269 0.565449 0.757115 0.568082 0.765266 0.573609 0.771922
0 0.507848 0.772008 0.5153 0.777989 0.524543 0.7815369999999999 0.534671 0.782303 0.544695 0.780214 0.553631 0.7754719999999999 0.560606 0.768543 0.564937 0.760105 0.5662 0.750984 0.564271 0.7420720000000001 0.55934 0.734242 0.551888 0.728261 0.542645 0.724713 0.532516 0.723947 0.522493 0.726036 0.513556 0.730778 0.506581 0.737707 0.50225 0.7461450000000001 0.5009870000000001 0.755266 0.502916 0.764178 0.507848 0.772008
0 0.435907 0.762496 0.44351799999999997 0.768606 0.452987 0.772284 0.463388 0.773168 0.473701 0.771173 0.482918 0.766493 0.490137 0.759587 0.49465000000000003 0.751131 0.496016 0.7419520000000001 0.494101 0.73295 0.489093 0.725004 0.481482 0.7188939999999999 0.472013 0.7152160000000001 0.46161199999999997 0.714332 0.451299 0.7163269999999999 0.442082 0.721007 0.434863 0.727913 0.43034999999999995 0.736369 0.428984 0.745548 0.430899 0.7545499999999999 0.435907 0.762496
0 0.422611 0.706364 0.415276 0.6991970000000001 0.405911 0.6943520000000001 0.395432 0.692304 0.384864 0.693252 0.375243 0.697103 0.36751 0.7034819999999999 0.362422 0.711763 0.360477 0.721136 0.361865 0.730683 0.36645099999999997 0.7394700000000001 0.373786 0.746636 0.383151 0.751481 0.393631 0.75353 0.40419799999999995 0.7525820000000001 0.413819 0.74873 0.421552 0.742351 0.42664099999999994 0.73407 0.42858599999999997 0.724698 0.42719699999999994 0.715151 0.422611 0.706364
0 0.29954000000000003 0.731064 0.307359 0.738046 0.31721 0.742528 0.32813 0.74407 0.339049 0.742522 0.34889899999999996 0.738035 0.356715 0.731048 0.36173299999999997 0.7222459999999999 0.363461 0.7124900000000001 0.36173 0.702735 0.35670999999999997 0.693936 0.348891 0.686954 0.33904 0.682472 0.32812 0.68093 0.317201 0.6824779999999999 0.30735100000000004 0.686965 0.299535 0.693952 0.29451700000000003 0.702754 0.292789 0.71251 0.29452 0.7222649999999999 0.29954000000000003 0.731064
0 0.20395400000000002 0.6144510000000001 0.21084 0.625115 0.220411 0.633626 0.231732 0.6391519999999999 0.243694 0.641151 0.255126 0.639427 0.264909 0.634151 0.272086 0.625837 0.275954 0.6153 0.276134 0.603571 0.272608 0.591799 0.26572300000000004 0.581135 0.256151 0.572624 0.24483000000000002 0.567098 0.232868 0.565099 0.22143600000000002 0.5668230000000001 0.211653 0.5720989999999999 0.20447600000000002 0.580413 0.20060899999999998 0.5909500000000001 0.20042900000000002 0.602679 0.20395400000000002 0.6144510000000001
0 0.28060999999999997 0.636883 0.287963 0.646309 0.297795 0.6534449999999999 0.309143 0.657593 0.32089599999999996 0.658346 0.331903 0.655631 0.341088 0.649714 0.347551 0.641174 0.350659 0.6308469999999999 0.350108 0.6197429999999999 0.345953 0.60895 0.338599 0.599524 0.328767 0.5923879999999999 0.317419 0.58824 0.305667 0.587487 0.294659 0.590202 0.28547500000000003 0.5961190000000001 0.279012 0.6046590000000001 0.27590400000000004 0.614987 0.27645400000000003 0.62609 0.28060999999999997 0.636883
0 0.347135 0.682128 0.354912 0.6901889999999999 0.364809 0.69554 0.375856 0.697657 0.386972 0.6963320000000001 0.39707 0.6916960000000001 0.40515999999999996 0.684202 0.41045 0.6745829999999999 0.412424 0.663782 0.41088699999999995 0.652855 0.40598999999999996 0.642872 0.39821300000000004 0.634811 0.388316 0.62946 0.37726899999999997 0.627343 0.366153 0.628668 0.356055 0.633304 0.34796499999999997 0.640798 0.342675 0.650417 0.34070100000000003 0.6612180000000001 0.342238 0.672145 0.347135 0.682128
0 0.413636 0.7050150000000001 0.42145099999999996 0.712547 0.431372 0.717525 0.442429 0.719463 0.45353899999999997 0.71817 0.463614 0.713772 0.47166800000000003 0.706701 0.476912 0.697649 0.478834 0.6875009999999999 0.47724599999999995 0.6772509999999999 0.472302 0.667902 0.464487 0.66037 0.454565 0.6553910000000001 0.443508 0.653454 0.43239900000000003 0.654747 0.422324 0.6591440000000001 0.41426999999999997 0.666215 0.409025 0.675268 0.40710300000000005 0.685416 0.408692 0.695666 0.413636 0.7050150000000001
0 0.48129900000000003 0.718553 0.489025 0.7258009999999999 0.498744 0.730421 0.509504 0.731962 0.520251 0.730272 0.529933 0.725517 0.537603 0.718162 0.5425099999999999 0.708927 0.544173 0.698717 0.54243 0.68853 0.537451 0.679364 0.529725 0.672116 0.520006 0.667495 0.509246 0.6659550000000001 0.49849899999999997 0.667645 0.48881699999999995 0.6724 0.481147 0.679755 0.47624000000000005 0.6889890000000001 0.474577 0.6992 0.47632 0.709387 0.48129900000000003 0.718553
0 0.550381 0.7267629999999999 0.558643 0.732137 0.5685830000000001 0.734671 0.579228 0.734116 0.5895349999999999 0.730528 0.598496 0.7242580000000001 0.605233 0.715919 0.6090880000000001 0.706328 0.6096820000000001 0.696423 0.606957 0.687174 0.601182 0.6794870000000001 0.592919 0.674113 0.582979 0.671579 0.572335 0.672134 0.562028 0.675722 0.553067 0.6819919999999999 0.546329 0.690331 0.542475 0.699922 0.541881 0.709827 0.544605 0.719076 0.550381 0.7267629999999999
0 0.812788 0.662019 0.8035920000000001 0.658517 0.792821 0.658056 0.781529 0.660682 0.770822 0.6661360000000001 0.761747 0.673886 0.755193 0.683172 0.751802 0.693086 0.751905 0.7026570000000001 0.755492 0.7109479999999999 0.762212 0.717148 0.771408 0.72065 0.782179 0.72111 0.793471 0.718485 0.804178 0.71303 0.8132529999999999 0.705281 0.819807 0.695995 0.823198 0.6860809999999999 0.823095 0.6765100000000001 0.8195080000000001 0.668219 0.812788 0.662019
0 0.894758 0.65159 0.885084 0.649189 0.8740410000000001 0.65013 0.8627090000000001 0.654321 0.8521979999999999 0.661352 0.8435370000000001 0.670535 0.8375730000000001 0.6809700000000001 0.834891 0.691637 0.8357519999999999 0.7014910000000001 0.8400719999999999 0.709568 0.8474299999999999 0.715076 0.8571030000000001 0.7174780000000001 0.8681469999999999 0.716537 0.879478 0.7123459999999999 0.8899889999999999 0.7053149999999999 0.89865 0.696132 0.9046139999999999 0.685696 0.907297 0.67503 0.906436 0.665176 0.902115 0.657099 0.894758 0.65159
0 0.883188 0.638806 0.8930809999999999 0.641381 0.9042640000000001 0.640415 0.9156420000000001 0.636004 0.926099 0.628577 0.9346140000000001 0.6188629999999999 0.940353 0.6078129999999999 0.9427530000000001 0.596507 0.9415800000000001 0.5860540000000001 0.936949 0.577475 0.929312 0.571611 0.9194190000000001 0.569036 0.9082359999999999 0.570001 0.8968579999999999 0.5744130000000001 0.886401 0.581839 0.8778859999999999 0.591553 0.872147 0.602604 0.8697469999999999 0.613909 0.8709199999999999 0.624363 0.875551 0.632942 0.883188 0.638806
0 0.21102500000000002 0.46795200000000003 0.204257 0.45360500000000004 0.194013 0.441252 0.18129699999999999 0.432099 0.167352 0.427044 0.15354399999999999 0.42658199999999996 0.141224 0.430757 0.131599 0.439161 0.125611 0.450971 0.12384500000000001 0.465031 0.126475 0.479965 0.133243 0.494311 0.143487 0.506665 0.156203 0.515817 0.17014800000000002 0.520872 0.183956 0.521335 0.196276 0.51716 0.20590099999999997 0.508756 0.211889 0.496946 0.213655 0.482886 0.21102500000000002 0.46795200000000003
0 0.312729 0.44120799999999993 0.30594 0.42717799999999995 0.295815 0.415484 0.283347 0.407271 0.26975699999999997 0.403342 0.256373 0.404082 0.24450699999999997 0.40941900000000003 0.23532000000000003 0.41883100000000006 0.229712 0.43139500000000003 0.22823000000000002 0.445883 0.231021 0.460875 0.23781 0.474905 0.24793500000000002 0.486599 0.260403 0.49481200000000003 0.27399300000000004 0.498741 0.287377 0.498001 0.29924300000000004 0.492664 0.30843 0.48325300000000004 0.314038 0.470688 0.31551999999999997 0.45620099999999997 0.312729 0.44120799999999993
0 0.385612 0.555859 0.394463 0.565116 0.40561400000000003 0.5710580000000001 0.41797500000000004 0.5731029999999999 0.43033599999999994 0.571051 0.441485 0.565104 0.450333 0.555842 0.456013 0.544173 0.457969 0.531239 0.456009 0.518306 0.450326 0.506641 0.44147499999999995 0.497384 0.430323 0.491442 0.417962 0.489397 0.405602 0.49144899999999997 0.39445199999999997 0.497396 0.385604 0.506658 0.37992499999999996 0.518327 0.377969 0.531261 0.379928 0.544194 0.385612 0.555859
0 0.382237 0.36787000000000003 0.372376 0.378665 0.365984 0.39236499999999996 0.363687 0.407627 0.365709 0.422959 0.37185199999999996 0.436859 0.381516 0.44796699999999995 0.393753 0.45519499999999996 0.407367 0.457836 0.42102399999999995 0.455631 0.433388 0.448797 0.44324899999999995 0.43800100000000003 0.449641 0.42430199999999996 0.451938 0.40903900000000004 0.449916 0.393708 0.44377300000000003 0.37980800000000003 0.434109 0.36869999999999997 0.421872 0.361472 0.408258 0.358831 0.394601 0.361035 0.382237 0.36787000000000003
0 0.31803 0.493788 0.326274 0.505357 0.337299 0.513853 0.350027 0.518443 0.36321 0.518679 0.37556 0.514537 0.385866 0.5064230000000001 0.39312 0.495132 0.396612 0.48176699999999995 0.396001 0.46763899999999997 0.391345 0.45412800000000003 0.383101 0.442559 0.37207599999999996 0.43406399999999995 0.359348 0.429474 0.346165 0.42923799999999995 0.33381500000000003 0.43337899999999996 0.323509 0.441493 0.316255 0.452785 0.312763 0.466149 0.313374 0.48027800000000004 0.31803 0.493788
0 0.355294 0.52788 0.34737 0.517431 0.336797 0.50966 0.32461 0.505328 0.312003 0.5048600000000001 0.300209 0.5083 0.290383 0.515312 0.283487 0.5252100000000001 0.280195 0.537024 0.28083 0.549599 0.285331 0.561704 0.293255 0.5721529999999999 0.303828 0.579923 0.316015 0.584255 0.328622 0.584724 0.340416 0.5812839999999999 0.350242 0.574271 0.357138 0.564374 0.36043 0.552559 0.359795 0.539984 0.355294 0.52788
0 0.349369 0.611801 0.35719599999999996 0.620841 0.367378 0.6272300000000001 0.378917 0.630342 0.390685 0.629872 0.401529 0.625866 0.41038800000000003 0.618716 0.41639499999999996 0.6091219999999999 0.41896199999999995 0.598024 0.417837 0.586507 0.413131 0.575699 0.405304 0.566659 0.39512200000000003 0.5602699999999999 0.383583 0.557158 0.371815 0.557628 0.36097100000000004 0.561634 0.352112 0.568784 0.346105 0.5783780000000001 0.343538 0.589476 0.344663 0.600993 0.349369 0.611801
0 0.542284 0.5539240000000001 0.535476 0.5643670000000001 0.531924 0.576054 0.531978 0.587842 0.535631 0.598576 0.542526 0.607207 0.5519879999999999 0.612889 0.563091 0.615067 0.574747 0.613526 0.585817 0.608418 0.595216 0.6002419999999999 0.602024 0.5898 0.605576 0.578113 0.605522 0.566325 0.601869 0.55559 0.594974 0.546959 0.585512 0.541277 0.574409 0.5391 0.5627530000000001 0.540641 0.5516829999999999 0.545749 0.542284 0.5539240000000001
0 0.444175 0.43383900000000003 0.435222 0.44419700000000006 0.42970300000000006 0.456856 0.42816 0.470577 0.430743 0.484018 0.4372 0.49586199999999997 0.446897 0.50495 0.458887 0.510393 0.471995 0.511657 0.484938 0.50862 0.49645 0.5015780000000001 0.505403 0.49122000000000005 0.510922 0.478561 0.512465 0.464839 0.509882 0.451399 0.503425 0.43955500000000003 0.49372800000000006 0.430467 0.481738 0.42502399999999996 0.46863 0.423759 0.455687 0.426797 0.444175 0.43383900000000003
0 0.67469 0.606456 0.681845 0.596047 0.685654 0.584394 0.685744 0.5726370000000001 0.682105 0.5619270000000001 0.675094 0.553312 0.6653979999999999 0.547636 0.653964 0.545455 0.641914 0.5469809999999999 0.630425 0.5520660000000001 0.6206229999999999 0.560211 0.613467 0.57062 0.609658 0.582273 0.609569 0.59403 0.613207 0.6047399999999999 0.620218 0.613354 0.629915 0.61903 0.641348 0.621212 0.6533990000000001 0.619686 0.664888 0.6146010000000001 0.67469 0.606456
0 0.473197 0.532756 0.465078 0.541902 0.46007300000000007 0.5530649999999999 0.45867 0.565151 0.46100599999999997 0.576978 0.466854 0.587388 0.47564 0.595361 0.486505 0.6001179999999999 0.498385 0.601192 0.5101180000000001 0.598479 0.520553 0.592244 0.528672 0.583098 0.533677 0.5719350000000001 0.53508 0.559849 0.532744 0.548022 0.526896 0.537612 0.51811 0.529639 0.507245 0.5248820000000001 0.49536499999999994 0.523808 0.48363199999999995 0.526521 0.473197 0.532756
0 0.49848499999999996 0.6119519999999999 0.490759 0.6200330000000001 0.486003 0.6298250000000001 0.484681 0.6403679999999999 0.48692399999999997 0.65063 0.49251199999999995 0.659607 0.5008980000000001 0.66642 0.5112599999999999 0.6704019999999999 0.5225850000000001 0.6711630000000001 0.533764 0.6686289999999999 0.543703 0.6630480000000001 0.551429 0.654967 0.5561849999999999 0.6451749999999999 0.557506 0.6346320000000001 0.555263 0.62437 0.5496749999999999 0.615393 0.5412899999999999 0.60858 0.5309269999999999 0.604598 0.519602 0.603837 0.508423 0.606371 0.49848499999999996 0.6119519999999999
0 0.579272 0.6192 0.571895 0.62828 0.567651 0.638773 0.566956 0.649651 0.569879 0.6598499999999999 0.5761320000000001 0.66837 0.5851040000000001 0.674379 0.595916 0.677287 0.6075109999999999 0.676811 0.618752 0.672996 0.628541 0.666217 0.635918 0.657137 0.640161 0.646644 0.640856 0.635766 0.637934 0.625567 0.631681 0.617047 0.622709 0.611038 0.611896 0.608129 0.600302 0.608606 0.58906 0.61242 0.579272 0.6192
0 0.570236 0.519272 0.57812 0.508946 0.582716 0.49672400000000005 0.583574 0.483803 0.580611 0.47144700000000006 0.574115 0.46086799999999994 0.564724 0.45309900000000003 0.553357 0.44890100000000005 0.541125 0.44868600000000003 0.529227 0.45247400000000004 0.518827 0.45989399999999997 0.5109429999999999 0.470221 0.506347 0.48244300000000007 0.5054879999999999 0.495364 0.508452 0.507719 0.514947 0.5182990000000001 0.524338 0.526068 0.535706 0.530266 0.547937 0.530481 0.559836 0.5266930000000001 0.570236 0.519272
0 0.59382 0.473715 0.586633 0.48528099999999996 0.582972 0.498186 0.5831959999999999 0.511167 0.587282 0.522952 0.594831 0.532389 0.6051040000000001 0.5385530000000001 0.6170950000000001 0.540841 0.6296299999999999 0.53903 0.641482 0.533296 0.651492 0.5242009999999999 0.658679 0.5126350000000001 0.66234 0.499731 0.6621159999999999 0.48674999999999996 0.65803 0.47496499999999997 0.650481 0.46552800000000005 0.640209 0.459364 0.628218 0.457075 0.615683 0.458886 0.60383 0.46462000000000003 0.59382 0.473715
0 0.492393 0.35537 0.48253199999999996 0.36616499999999996 0.47614 0.379865 0.473843 0.395127 0.47586500000000004 0.410459 0.482008 0.42435900000000004 0.491672 0.43546699999999994 0.5039089999999999 0.44269499999999995 0.517523 0.445336 0.531181 0.443131 0.5435450000000001 0.436297 0.5534049999999999 0.425501 0.559797 0.41180199999999995 0.562094 0.39653900000000003 0.560072 0.381208 0.553929 0.367308 0.544266 0.35619999999999996 0.5320280000000001 0.348972 0.518414 0.346331 0.504757 0.348535 0.492393 0.35537
0 0.565345 0.40050800000000003 0.55842 0.413876 0.5553359999999999 0.428435 0.556395 0.442759 0.561492 0.45544700000000005 0.57013 0.465256 0.5814619999999999 0.471227 0.594379 0.47277500000000006 0.6076170000000001 0.469749 0.61988 0.46244399999999997 0.6299680000000001 0.45157499999999995 0.636892 0.43820699999999996 0.639976 0.423649 0.638918 0.40932399999999997 0.6338199999999999 0.396636 0.625183 0.386827 0.613851 0.380856 0.600933 0.379308 0.587695 0.382335 0.5754330000000001 0.38964 0.565345 0.40050800000000003
0 0.644539 0.40356699999999995 0.6383 0.41730900000000004 0.635883 0.43200700000000003 0.637525 0.446223 0.6430640000000001 0.458566 0.651959 0.46782700000000005 0.663339 0.47309900000000005 0.6760889999999999 0.47386799999999996 0.688963 0.47005600000000003 0.700699 0.46203900000000003 0.710149 0.45059899999999997 0.716387 0.43685799999999997 0.718804 0.42216 0.717163 0.407944 0.711623 0.395601 0.702728 0.38634 0.691349 0.381067 0.678598 0.380299 0.665725 0.38411 0.6539889999999999 0.392128 0.644539 0.40356699999999995
0 0.729938 0.42629799999999995 0.724467 0.440368 0.722872 0.454667 0.725309 0.467796 0.7315389999999999 0.47846900000000003 0.740953 0.48564100000000004 0.752629 0.488611 0.765424 0.487087 0.7780859999999999 0.48122 0.7893749999999999 0.471582 0.798187 0.45911799999999997 0.8036580000000001 0.445048 0.8052530000000001 0.43074899999999994 0.802816 0.417621 0.796586 0.40694800000000003 0.787172 0.399776 0.775496 0.396806 0.7627010000000001 0.39832999999999996 0.750039 0.40419700000000003 0.73875 0.413835 0.729938 0.42629799999999995
0 0.668187 0.484391 0.6619430000000001 0.49692400000000003 0.659347 0.510166 0.660654 0.5228200000000001 0.665736 0.533648 0.674095 0.541591 0.684914 0.5458700000000001 0.697133 0.5460670000000001 0.709556 0.5421630000000001 0.7209679999999999 0.534539 0.7302500000000001 0.523942 0.736495 0.511409 0.7390909999999999 0.498168 0.737784 0.485513 0.732702 0.474685 0.724342 0.466742 0.713523 0.46246299999999996 0.701304 0.46226599999999995 0.6888810000000001 0.466171 0.67747 0.47379499999999997 0.668187 0.484391
0 0.696945 0.5586909999999999 0.690794 0.570485 0.688145 0.582924 0.689256 0.5947910000000001 0.694019 0.6049249999999999 0.701968 0.6123339999999999 0.712324 0.616292 0.724074 0.616412 0.736067 0.6126820000000001 0.7471300000000001 0.605468 0.75618 0.595475 0.762331 0.583682 0.76498 0.5712430000000001 0.763869 0.559376 0.759106 0.549242 0.751157 0.541833 0.740801 0.537875 0.729051 0.537755 0.717058 0.541484 0.7059949999999999 0.5486989999999999 0.696945 0.5586909999999999
0 0.757507 0.49307 0.750936 0.5048670000000001 0.747944 0.517411 0.748824 0.5294749999999999 0.75349 0.5398769999999999 0.761485 0.5475990000000001 0.772027 0.551885 0.7840830000000001 0.552316 0.796474 0.5488500000000001 0.807986 0.541826 0.817493 0.53193 0.8240640000000001 0.520133 0.827056 0.5075890000000001 0.826176 0.49552500000000005 0.82151 0.485123 0.813515 0.47740099999999996 0.802973 0.47311500000000006 0.790917 0.472684 0.778526 0.47614999999999996 0.767014 0.483174 0.757507 0.49307
0 0.8867499999999999 0.557327 0.892389 0.545305 0.89449 0.533334 0.8928470000000001 0.5225869999999999 0.8876229999999999 0.514115 0.879327 0.508748 0.8687720000000001 0.507011 0.856992 0.509074 0.845139 0.514736 0.834373 0.523442 0.82575 0.534339 0.820111 0.546362 0.8180099999999999 0.558333 0.819653 0.56908 0.8248770000000001 0.5775520000000001 0.833173 0.582919 0.8437279999999999 0.5846560000000001 0.855508 0.582592 0.867361 0.576931 0.8781269999999999 0.568225 0.8867499999999999 0.557327
0 0.902337 0.5226409999999999 0.8958109999999999 0.534538 0.8929830000000001 0.54652 0.89413 0.557415 0.899141 0.5661579999999999 0.9075240000000001 0.57189 0.918458 0.5740529999999999 0.930875 0.572434 0.943557 0.567191 0.955264 0.558838 0.96485 0.548192 0.971376 0.536296 0.974204 0.524313 0.9730570000000001 0.5134179999999999 0.968047 0.504676 0.9596640000000001 0.49894299999999997 0.9487289999999999 0.49678000000000005 0.936313 0.49839900000000004 0.92363 0.5036419999999999 0.911923 0.511995 0.902337 0.5226409999999999
0 0.8152189999999999 0.666931 0.825113 0.6695059999999999 0.8362959999999999 0.6685399999999999 0.847673 0.664129 0.858131 0.656702 0.866646 0.646988 0.8723839999999999 0.635938 0.874784 0.624632 0.873611 0.614179 0.86898 0.6056 0.8613440000000001 0.5997359999999999 0.85145 0.597161 0.8402670000000001 0.5981259999999999 0.82889 0.602538 0.8184319999999999 0.609964 0.8099170000000001 0.6196780000000001 0.804178 0.630729 0.801778 0.642034 0.802951 0.652488 0.8075829999999999 0.661067 0.8152189999999999 0.666931
0 0.278125 0.697917 0.2875 0.695833 0.29375 0.692708 0.30468799999999996 0.682292 0.30781200000000003 0.672917 0.305469 0.657292 0.303125 0.652083 0.299219 0.651042 0.295312 0.648958 0.29218700000000003 0.646875 0.28906200000000004 0.64375 0.28593799999999997 0.641667 0.283594 0.636458 0.28203100000000003 0.634375 0.28125 0.63125 0.27656200000000003 0.630208 0.272656 0.629167 0.269531 0.629167 0.264062 0.629167 0.26093700000000003 0.63125 0.25781200000000004 0.633333 0.25468799999999997 0.635417 0.248438 0.6375 0.244531 0.6375 0.23906299999999997 0.6375 0.23671899999999998 0.641667 0.235156 0.647917 0.233594 0.659375 0.235937 0.6697919999999999 0.240625 0.677083 0.246875 0.684375 0.25468799999999997 0.691667 0.267188 0.695833 0.278125 0.697917
0 0.709375 0.610417 0.705469 0.608333 0.699219 0.604167 0.696094 0.601042 0.690625 0.6 0.683594 0.598958 0.678906 0.597917 0.674219 0.598958 0.670312 0.603125 0.667188 0.6072919999999999 0.664062 0.610417 0.660937 0.6125 0.65625 0.613542 0.653125 0.614583 0.649219 0.615625 0.646094 0.616667 0.642188 0.616667 0.639844 0.6270830000000001 0.6375 0.632292 0.6375 0.6385419999999999 0.638281 0.647917 0.639844 0.6541669999999999 0.644531 0.659375 0.652344 0.663542 0.658594 0.665625 0.667188 0.667708 0.673438 0.667708 0.679688 0.666667 0.6875 0.664583 0.696094 0.6583330000000001 0.7 0.655208 0.707031 0.644792 0.711719 0.636458 0.711719 0.626042 0.709375 0.610417
0 0.76875 0.251042 0.760938 0.253125 0.757812 0.261458 0.75625 0.270833 0.754687 0.279167 0.753906 0.28854199999999997 0.754687 0.297917 0.759375 0.309375 0.764844 0.31875 0.771094 0.326042 0.777344 0.329167 0.796875 0.330208 0.8132809999999999 0.32083300000000003 0.823438 0.314583 0.829688 0.308333 0.8375 0.296875 0.8445309999999999 0.28125 0.847656 0.266667 0.8492190000000001 0.25625 0.847656 0.24479199999999998 0.8445309999999999 0.2375 0.835938 0.221875 0.8273440000000001 0.216667 0.817187 0.21354199999999998 0.810937 0.21354199999999998 0.804688 0.21458300000000002 0.797656 0.217708 0.79375 0.225 0.790625 0.232292 0.785156 0.2375 0.78125 0.241667 0.775781 0.246875 0.76875 0.251042
0 0.808594 0.753125 0.8132809999999999 0.753125 0.8179690000000001 0.751042 0.825 0.748958 0.832031 0.745833 0.835938 0.741667 0.8429690000000001 0.734375 0.8492190000000001 0.728125 0.85 0.721875 0.8507809999999999 0.714583 0.8507809999999999 0.710417 0.8460940000000001 0.707292 0.8429690000000001 0.7052080000000001 0.840625 0.7 0.839844 0.695833 0.8351559999999999 0.694792 0.8304690000000001 0.69375 0.826562 0.69375 0.8226559999999999 0.694792 0.81875 0.695833 0.817187 0.696875 0.8132809999999999 0.7010419999999999 0.8101559999999999 0.7052080000000001 0.803125 0.710417 0.8 0.7125 0.795312 0.714583 0.792188 0.714583 0.789062 0.715625 0.785937 0.722917 0.784375 0.729167 0.783594 0.733333 0.785156 0.740625 0.788281 0.745833 0.791406 0.748958 0.796875 0.7520830000000001 0.803125 0.753125 0.808594 0.753125
0 0.788281 0.74375 0.786719 0.7364580000000001 0.784375 0.73125 0.778906 0.727083 0.772656 0.723958 0.765625 0.722917 0.760938 0.721875 0.755469 0.722917 0.749219 0.723958 0.746094 0.728125 0.742969 0.7322919999999999 0.738281 0.7364580000000001 0.732812 0.739583 0.728125 0.741667 0.723437 0.742708 0.722656 0.75 0.721875 0.758333 0.722656 0.7635419999999999 0.727344 0.770833 0.732812 0.776042 0.739844 0.7791669999999999 0.746875 0.7791669999999999 0.75625 0.778125 0.763281 0.775 0.775781 0.76875 0.782813 0.7625 0.788281 0.7520830000000001 0.788281 0.74375