0 0.759715 0.543798 0.748669 0.558526 0.741577 0.5770839999999999 0.739133 0.597656 0.741577 0.618228 0.748669 0.636787 0.759715 0.6515150000000001 0.773633 0.660971 0.789062 0.664229 0.804492 0.660971 0.8184100000000001 0.6515150000000001 0.8294560000000001 0.636787 0.836548 0.618228 0.838992 0.597656 0.836548 0.5770839999999999 0.8294560000000001 0.558526 0.8184100000000001 0.543798 0.804492 0.534342 0.789062 0.531083 0.773633 0.534342 0.759715 0.543798
0 0.688437 0.656777 0.67813 0.67052 0.671513 0.687836 0.6692319999999999 0.707031 0.671513 0.726227 0.67813 0.7435430000000001 0.688437 0.757285 0.701424 0.766108 0.71582 0.769148 0.730217 0.766108 0.743204 0.757285 0.753511 0.7435430000000001 0.760128 0.726227 0.762408 0.707031 0.760128 0.687836 0.753511 0.67052 0.743204 0.656777 0.730217 0.647954 0.71582 0.644914 0.701424 0.647954 0.688437 0.656777
0 0.608294 0.7123269999999999 0.598699 0.725122 0.592538 0.741244 0.5904149999999999 0.759115 0.592538 0.7769860000000001 0.598699 0.793107 0.608294 0.805902 0.620386 0.814116 0.6337889999999999 0.8169470000000001 0.647192 0.814116 0.659284 0.805902 0.668879 0.793107 0.67504 0.7769860000000001 0.677163 0.759115 0.67504 0.741244 0.668879 0.725122 0.659284 0.7123269999999999 0.647192 0.704113 0.6337889999999999 0.701283 0.620386 0.704113 0.608294 0.7123269999999999
0 0.521445 0.698613 0.5122410000000001 0.710885 0.506332 0.726348 0.504296 0.74349 0.506332 0.760631 0.5122410000000001 0.776094 0.521445 0.788366 0.5330429999999999 0.796245 0.545898 0.79896 0.558754 0.796245 0.570352 0.788366 0.579556 0.776094 0.585465 0.760631 0.5875009999999999 0.74349 0.585465 0.726348 0.579556 0.710885 0.570352 0.698613 0.558754 0.690734 0.545898 0.6880200000000001 0.5330429999999999 0.690734 0.521445 0.698613
0 0.43705999999999995 0.675253 0.42733800000000005 0.6882159999999999 0.421096 0.70455 0.418945 0.722656 0.421096 0.7407630000000001 0.42733800000000005 0.757097 0.43705999999999995 0.77006 0.44931099999999996 0.778382 0.46289100000000005 0.78125 0.47647000000000006 0.778382 0.48872099999999996 0.77006 0.49844299999999997 0.757097 0.504685 0.7407630000000001 0.5068360000000001 0.722656 0.504685 0.70455 0.49844299999999997 0.6882159999999999 0.48872099999999996 0.675253 0.47647000000000006 0.66693 0.46289100000000005 0.664062 0.44931099999999996 0.66693 0.43705999999999995 0.675253
0 0.465955 0.546098 0.45644799999999996 0.558773 0.450345 0.574744 0.44824200000000003 0.592448 0.450345 0.610152 0.45644799999999996 0.626123 0.465955 0.638798 0.477933 0.646936 0.491211 0.64974 0.504489 0.646936 0.516467 0.638798 0.525973 0.626123 0.532077 0.610152 0.53418 0.592448 0.532077 0.574744 0.525973 0.558773 0.516467 0.546098 0.504489 0.53796 0.491211 0.535156 0.477933 0.53796 0.465955 0.546098
0 0.377359 0.589888 0.36722 0.603406 0.360711 0.62044 0.358468 0.639323 0.360711 0.6582060000000001 0.36722 0.67524 0.377359 0.688758 0.390135 0.697438 0.404297 0.7004279999999999 0.418459 0.697438 0.43123500000000003 0.688758 0.441373 0.67524 0.44788300000000003 0.6582060000000001 0.450126 0.639323 0.44788300000000003 0.62044 0.441373 0.603406 0.43123500000000003 0.589888 0.418459 0.581208 0.404297 0.578217 0.390135 0.581208 0.377359 0.589888
0 0.630001 0.552088 0.6201209999999999 0.565261 0.613778 0.58186 0.611592 0.60026 0.613778 0.618661 0.6201209999999999 0.6352599999999999 0.630001 0.648433 0.64245 0.65689 0.65625 0.659805 0.67005 0.65689 0.682499 0.648433 0.6923790000000001 0.6352599999999999 0.698722 0.618661 0.700908 0.60026 0.698722 0.58186 0.6923790000000001 0.565261 0.682499 0.552088 0.67005 0.5436300000000001 0.65625 0.540716 0.64245 0.5436300000000001 0.630001 0.552088
0 0.679353 0.446111 0.668567 0.46049100000000004 0.661643 0.478611 0.659257 0.498698 0.661643 0.5187839999999999 0.668567 0.536905 0.679353 0.551285 0.692943 0.560518 0.708008 0.563699 0.7230730000000001 0.560518 0.736663 0.551285 0.747448 0.536905 0.754373 0.5187839999999999 0.756759 0.498698 0.754373 0.478611 0.747448 0.46049100000000004 0.736663 0.446111 0.7230730000000001 0.436878 0.708008 0.433697 0.692943 0.436878 0.679353 0.446111
0 0.600685 0.365688 0.589696 0.380341 0.5826399999999999 0.398804 0.580209 0.419271 0.5826399999999999 0.439738 0.589696 0.458201 0.600685 0.472853 0.614533 0.482261 0.629883 0.485503 0.645233 0.482261 0.65908 0.472853 0.67007 0.458201 0.677125 0.439738 0.679557 0.419271 0.677125 0.398804 0.67007 0.380341 0.65908 0.365688 0.645233 0.35628099999999996 0.629883 0.353039 0.614533 0.35628099999999996 0.600685 0.365688
0 0.46627 0.42509399999999997 0.456516 0.43810000000000004 0.450253 0.454489 0.448095 0.472656 0.450253 0.49082299999999995 0.456516 0.507212 0.46627 0.520219 0.478562 0.528569 0.49218799999999996 0.531447 0.5058130000000001 0.528569 0.518105 0.520219 0.5278590000000001 0.507212 0.534122 0.49082299999999995 0.53628 0.472656 0.534122 0.454489 0.5278590000000001 0.43810000000000004 0.518105 0.42509399999999997 0.5058130000000001 0.41674300000000003 0.49218799999999996 0.41386599999999996 0.478562 0.41674300000000003 0.46627 0.42509399999999997
0 0.552295 0.47733600000000004 0.542572 0.490299 0.536331 0.506633 0.53418 0.52474 0.536331 0.542846 0.542572 0.55918 0.552295 0.572143 0.5645450000000001 0.580466 0.578125 0.583333 0.5917049999999999 0.580466 0.603955 0.572143 0.613678 0.55918 0.619919 0.542846 0.62207 0.52474 0.619919 0.506633 0.613678 0.490299 0.603955 0.47733600000000004 0.5917049999999999 0.46901400000000004 0.578125 0.466146 0.5645450000000001 0.46901400000000004 0.552295 0.47733600000000004
0 0.542833 0.597685 0.5332250000000001 0.610496 0.527056 0.626638 0.524931 0.644531 0.527056 0.662425 0.5332250000000001 0.6785669999999999 0.542833 0.691377 0.554939 0.699602 0.568359 0.702436 0.58178 0.699602 0.593886 0.691377 0.603494 0.6785669999999999 0.6096630000000001 0.662425 0.611788 0.644531 0.6096630000000001 0.626638 0.603494 0.610496 0.593886 0.597685 0.58178 0.58946 0.568359 0.586626 0.554939 0.58946 0.542833 0.597685
0 0.38903699999999997 0.476532 0.37888299999999997 0.49006999999999995 0.37236400000000003 0.50713 0.370117 0.526042 0.37236400000000003 0.544953 0.37888299999999997 0.562013 0.38903699999999997 0.575552 0.401832 0.584244 0.41601600000000005 0.58724 0.430199 0.584244 0.442994 0.575552 0.453148 0.562013 0.459668 0.544953 0.461914 0.526042 0.459668 0.50713 0.453148 0.49006999999999995 0.442994 0.476532 0.430199 0.467839 0.41601600000000005 0.464844 0.401832 0.467839 0.38903699999999997 0.476532
0 0.30135900000000004 0.5268900000000001 0.29165199999999997 0.539833 0.28542 0.556141 0.283272 0.574219 0.28542 0.5922970000000001 0.29165199999999997 0.6086050000000001 0.30135900000000004 0.621547 0.31359 0.629857 0.327148 0.6327200000000001 0.340707 0.629857 0.35293800000000003 0.621547 0.362645 0.6086050000000001 0.368877 0.5922970000000001 0.371024 0.574219 0.368877 0.556141 0.362645 0.539833 0.35293800000000003 0.5268900000000001 0.340707 0.518581 0.327148 0.515717 0.31359 0.518581 0.30135900000000004 0.5268900000000001
0 0.248412 0.436167 0.238258 0.44970600000000005 0.231739 0.46676599999999996 0.22949199999999997 0.485677 0.231739 0.504588 0.238258 0.521648 0.248412 0.535187 0.261207 0.5438799999999999 0.275391 0.546875 0.289574 0.5438799999999999 0.302369 0.535187 0.312523 0.521648 0.319043 0.504588 0.321289 0.485677 0.319043 0.46676599999999996 0.312523 0.44970600000000005 0.302369 0.436167 0.289574 0.427474 0.275391 0.424479 0.261207 0.427474 0.248412 0.436167
0 0.34921 0.375849 0.339504 0.388791 0.333271 0.405099 0.33112400000000003 0.423177 0.333271 0.44125500000000006 0.339504 0.45756300000000005 0.34921 0.470506 0.361442 0.478815 0.375 0.48167799999999994 0.388558 0.478815 0.40079000000000004 0.470506 0.410496 0.45756300000000005 0.416729 0.44125500000000006 0.418876 0.423177 0.416729 0.405099 0.410496 0.388791 0.40079000000000004 0.375849 0.388558 0.367539 0.375 0.364676 0.361442 0.367539 0.34921 0.375849
0 0.427555 0.315865 0.417563 0.329188 0.411148 0.34597500000000003 0.408938 0.364583 0.411148 0.38319200000000003 0.417563 0.399979 0.427555 0.413301 0.44014499999999995 0.421855 0.45410199999999995 0.424802 0.468058 0.421855 0.48064799999999996 0.413301 0.49063999999999997 0.399979 0.497055 0.38319200000000003 0.499266 0.364583 0.497055 0.34597500000000003 0.49063999999999997 0.329188 0.48064799999999996 0.315865 0.468058 0.307312 0.45410199999999995 0.304365 0.44014499999999995 0.307312 0.427555 0.315865
0 0.468713 0.206752 0.458775 0.22000199999999998 0.45239399999999996 0.2367 0.450195 0.255208 0.45239399999999996 0.273717 0.458775 0.290414 0.468713 0.30366499999999996 0.481236 0.312173 0.49511700000000003 0.315104 0.508999 0.312173 0.521522 0.30366499999999996 0.53146 0.290414 0.53784 0.273717 0.5400389999999999 0.255208 0.53784 0.2367 0.53146 0.22000199999999998 0.521522 0.206752 0.508999 0.198244 0.49511700000000003 0.19531199999999999 0.481236 0.198244 0.468713 0.206752
0 0.40684 0.11756899999999999 0.396771 0.130995 0.390306 0.14791300000000002 0.38807800000000003 0.166667 0.390306 0.18542 0.396771 0.202338 0.40684 0.21576399999999998 0.419529 0.224384 0.433594 0.227354 0.447659 0.224384 0.46034699999999995 0.21576399999999998 0.47041700000000003 0.202338 0.476882 0.18542 0.47910899999999995 0.166667 0.476882 0.14791300000000002 0.47041700000000003 0.130995 0.46034699999999995 0.11756899999999999 0.447659 0.108949 0.433594 0.105979 0.419529 0.108949 0.40684 0.11756899999999999
0 0.323827 0.127977 0.31375600000000003 0.141405 0.30729 0.158326 0.305062 0.177083 0.30729 0.19584 0.31375600000000003 0.21276099999999998 0.323827 0.22618999999999997 0.336518 0.23481200000000002 0.350586 0.237783 0.364654 0.23481200000000002 0.377345 0.22618999999999997 0.387416 0.21276099999999998 0.393882 0.19584 0.39611 0.177083 0.393882 0.158326 0.387416 0.141405 0.377345 0.127977 0.364654 0.11935500000000002 0.350586 0.116384 0.336518 0.11935500000000002 0.323827 0.127977
0 0.240369 0.198442 0.23086299999999998 0.211116 0.22475900000000001 0.227088 0.22265600000000002 0.24479199999999998 0.22475900000000001 0.262496 0.23086299999999998 0.278467 0.240369 0.291142 0.252347 0.29927899999999996 0.265625 0.302083 0.278903 0.29927899999999996 0.290881 0.291142 0.300387 0.278467 0.30649099999999996 0.262496 0.308594 0.24479199999999998 0.30649099999999996 0.227088 0.300387 0.211116 0.290881 0.198442 0.278903 0.190304 0.265625 0.1875 0.252347 0.190304 0.240369 0.198442
0 0.31091199999999997 0.268198 0.30075799999999997 0.281737 0.29423900000000003 0.298797 0.291992 0.317708 0.29423900000000003 0.33662000000000003 0.30075799999999997 0.35368 0.31091199999999997 0.367218 0.323707 0.375911 0.337891 0.378906 0.352074 0.375911 0.364869 0.367218 0.375023 0.35368 0.381543 0.33662000000000003 0.383789 0.317708 0.381543 0.298797 0.375023 0.281737 0.364869 0.268198 0.352074 0.259506 0.337891 0.25651 0.323707 0.259506 0.31091199999999997 0.268198
0 0.235887 0.32238500000000003 0.22616399999999998 0.335349 0.21992099999999998 0.351684 0.217771 0.369792 0.21992099999999998 0.387899 0.22616399999999998 0.404235 0.235887 0.41719799999999996 0.24813800000000003 0.425521 0.261719 0.428389 0.2753 0.425521 0.287551 0.41719799999999996 0.297274 0.404235 0.303516 0.387899 0.305667 0.369792 0.303516 0.351684 0.297274 0.335349 0.287551 0.32238500000000003 0.2753 0.314062 0.261719 0.311194 0.24813800000000003 0.314062 0.235887 0.32238500000000003
0 0.5155879999999999 0.331752 0.5056499999999999 0.345002 0.49926899999999996 0.3617 0.49707 0.380208 0.49926899999999996 0.398717 0.5056499999999999 0.415414 0.5155879999999999 0.42866499999999996 0.528111 0.43717300000000003 0.541992 0.440104 0.555874 0.43717300000000003 0.568397 0.42866499999999996 0.578335 0.415414 0.584715 0.398717 0.5869139999999999 0.380208 0.584715 0.3617 0.578335 0.345002 0.568397 0.331752 0.555874 0.323244 0.541992 0.32031200000000004 0.528111 0.323244 0.5155879999999999 0.331752