0 0.395176 0.579641 0.385607 0.57314 0.375 0.5709 0.364393 0.57314 0.354824 0.579641 0.34723000000000004 0.589766 0.342355 0.6025240000000001 0.340675 0.616667 0.342355 0.630809 0.34723000000000004 0.6435679999999999 0.354824 0.653693 0.364393 0.660193 0.375 0.6624329999999999 0.385607 0.660193 0.395176 0.653693 0.40277 0.6435679999999999 0.40764500000000004 0.630809 0.40932500000000005 0.616667 0.40764500000000004 0.6025240000000001 0.40277 0.589766 0.395176 0.579641
0 0.27224400000000004 0.28535499999999997 0.262806 0.278943 0.252344 0.276733 0.241882 0.278943 0.232444 0.28535499999999997 0.22495300000000001 0.29534099999999996 0.22014499999999998 0.307925 0.21848800000000002 0.321875 0.22014499999999998 0.335825 0.22495300000000001 0.348409 0.232444 0.358395 0.241882 0.364807 0.252344 0.36701700000000004 0.262806 0.364807 0.27224400000000004 0.358395 0.27973400000000004 0.348409 0.284543 0.335825 0.2862 0.321875 0.284543 0.307925 0.27973400000000004 0.29534099999999996 0.27224400000000004 0.28535499999999997
0 0.337145 0.295275 0.32730899999999996 0.288593 0.316406 0.28629099999999996 0.305504 0.288593 0.295668 0.295275 0.287862 0.305682 0.282851 0.31879599999999997 0.28112400000000004 0.333333 0.282851 0.34787 0.287862 0.360984 0.295668 0.371392 0.305504 0.378074 0.316406 0.380376 0.32730899999999996 0.378074 0.337145 0.371392 0.34495 0.360984 0.349961 0.34787 0.351688 0.333333 0.349961 0.31879599999999997 0.34495 0.305682 0.337145 0.295275
0 0.369006 0.21954400000000002 0.359251 0.21291699999999997 0.34843799999999997 0.210633 0.33762400000000004 0.21291699999999997 0.327869 0.21954400000000002 0.320127 0.229867 0.315156 0.24287299999999998 0.313444 0.25729199999999997 0.315156 0.27171 0.320127 0.284717 0.327869 0.295039 0.33762400000000004 0.301666 0.34843799999999997 0.30395 0.359251 0.301666 0.369006 0.295039 0.37674799999999997 0.284717 0.38171900000000003 0.27171 0.38343099999999997 0.25729199999999997 0.38171900000000003 0.24287299999999998 0.37674799999999997 0.229867 0.369006 0.21954400000000002
0 0.333322 0.128062 0.32307600000000003 0.121102 0.31171899999999997 0.118703 0.300361 0.121102 0.290115 0.128062 0.281984 0.138904 0.276764 0.152565 0.274965 0.167708 0.276764 0.182852 0.281984 0.196513 0.290115 0.20735399999999998 0.300361 0.21431499999999998 0.31171899999999997 0.216714 0.32307600000000003 0.21431499999999998 0.333322 0.20735399999999998 0.341453 0.196513 0.34667400000000004 0.182852 0.348473 0.167708 0.34667400000000004 0.152565 0.341453 0.138904 0.333322 0.128062
0 0.380197 0.062437 0.36995100000000003 0.055477 0.35859399999999997 0.053078 0.347236 0.055477 0.33699 0.062437 0.328859 0.07327900000000001 0.323639 0.08693999999999999 0.32184 0.102083 0.323639 0.117227 0.328859 0.130888 0.33699 0.141729 0.347236 0.14869000000000002 0.35859399999999997 0.151089 0.36995100000000003 0.14869000000000002 0.380197 0.141729 0.388328 0.130888 0.39354900000000004 0.117227 0.395348 0.102083 0.39354900000000004 0.08693999999999999 0.388328 0.07327900000000001 0.380197 0.062437
0 0.44902800000000004 0.069973 0.439114 0.063238 0.428125 0.06091800000000001 0.417136 0.063238 0.407222 0.069973 0.399355 0.08046299999999999 0.394304 0.093681 0.392563 0.10833299999999998 0.394304 0.122986 0.399355 0.136204 0.407222 0.14669300000000002 0.417136 0.153428 0.428125 0.155749 0.439114 0.153428 0.44902800000000004 0.14669300000000002 0.456895 0.136204 0.461946 0.122986 0.463687 0.10833299999999998 0.461946 0.093681 0.456895 0.08046299999999999 0.44902800000000004 0.069973
0 0.516733 0.032563999999999996 0.506574 0.025663000000000002 0.49531200000000003 0.023284 0.484051 0.025663000000000002 0.47389200000000004 0.032563999999999996 0.46582999999999997 0.043314000000000005 0.46065300000000003 0.05686 0.45887 0.071875 0.46065300000000003 0.08689 0.46582999999999997 0.100436 0.47389200000000004 0.11118600000000001 0.484051 0.11808700000000001 0.49531200000000003 0.120466 0.506574 0.11808700000000001 0.516733 0.11118600000000001 0.524795 0.100436 0.529972 0.08689 0.531755 0.071875 0.529972 0.05686 0.524795 0.043314000000000005 0.516733 0.032563999999999996
0 0.537324 0.129713 0.527774 0.123225 0.517188 0.12099 0.5066010000000001 0.123225 0.497051 0.129713 0.489472 0.139818 0.484606 0.152552 0.48292999999999997 0.166667 0.484606 0.180782 0.489472 0.193515 0.497051 0.20362 0.5066010000000001 0.21010800000000002 0.517188 0.212344 0.527774 0.21010800000000002 0.537324 0.20362 0.5449029999999999 0.193515 0.5497690000000001 0.180782 0.551445 0.166667 0.5497690000000001 0.152552 0.5449029999999999 0.139818 0.537324 0.129713
0 0.476873 0.16215200000000002 0.46709199999999995 0.155507 0.45625 0.15321800000000002 0.445408 0.155507 0.43562700000000004 0.16215200000000002 0.427864 0.172502 0.422881 0.18554299999999999 0.42116300000000007 0.2 0.422881 0.21445699999999998 0.427864 0.22749799999999998 0.43562700000000004 0.237848 0.445408 0.244493 0.45625 0.246782 0.46709199999999995 0.244493 0.476873 0.237848 0.48463599999999996 0.22749799999999998 0.48961899999999997 0.21445699999999998 0.49133699999999997 0.2 0.48961899999999997 0.18554299999999999 0.48463599999999996 0.172502 0.476873 0.16215200000000002
0 0.408905 0.147569 0.399124 0.140924 0.388281 0.13863399999999998 0.37743899999999997 0.140924 0.367658 0.147569 0.35989499999999996 0.157919 0.354912 0.17096 0.35319500000000004 0.185417 0.354912 0.199873 0.35989499999999996 0.21291500000000002 0.367658 0.223264 0.37743899999999997 0.229909 0.388281 0.232199 0.399124 0.229909 0.408905 0.223264 0.416667 0.21291500000000002 0.42165100000000005 0.199873 0.42336799999999997 0.185417 0.42165100000000005 0.17096 0.416667 0.157919 0.408905 0.147569
0 0.43624799999999997 0.23402699999999999 0.426467 0.22738200000000003 0.415625 0.225093 0.404783 0.22738200000000003 0.39500199999999996 0.23402699999999999 0.387239 0.244377 0.38225600000000004 0.25741800000000004 0.380538 0.271875 0.38225600000000004 0.286332 0.387239 0.299373 0.39500199999999996 0.309723 0.404783 0.316368 0.415625 0.318657 0.426467 0.316368 0.43624799999999997 0.309723 0.444011 0.299373 0.448994 0.286332 0.45071199999999995 0.271875 0.448994 0.25741800000000004 0.444011 0.244377 0.43624799999999997 0.23402699999999999
0 0.515155 0.23506900000000003 0.505374 0.22842400000000002 0.494531 0.226134 0.48368900000000004 0.22842400000000002 0.47390800000000005 0.23506900000000003 0.46614500000000003 0.245419 0.461162 0.25846 0.459445 0.27291699999999997 0.461162 0.287373 0.46614500000000003 0.300415 0.47390800000000005 0.310764 0.48368900000000004 0.317409 0.494531 0.319699 0.505374 0.317409 0.515155 0.310764 0.522917 0.300415 0.5279010000000001 0.287373 0.5296179999999999 0.27291699999999997 0.5279010000000001 0.25846 0.522917 0.245419 0.515155 0.23506900000000003
0 0.6398360000000001 0.151928 0.629836 0.145134 0.61875 0.142793 0.607664 0.145134 0.597664 0.151928 0.589727 0.16251 0.584632 0.175844 0.582876 0.190625 0.584632 0.20540600000000003 0.589727 0.21874 0.597664 0.22932199999999997 0.607664 0.236116 0.61875 0.238457 0.629836 0.236116 0.6398360000000001 0.22932199999999997 0.647773 0.21874 0.652868 0.20540600000000003 0.654624 0.190625 0.652868 0.175844 0.647773 0.16251 0.6398360000000001 0.151928
0 0.599993 0.075886 0.589992 0.069092 0.578906 0.066751 0.567821 0.069092 0.55782 0.075886 0.549883 0.086468 0.5447879999999999 0.099802 0.543032 0.11458299999999999 0.5447879999999999 0.12936399999999998 0.549883 0.142698 0.55782 0.15328 0.567821 0.160075 0.578906 0.162416 0.589992 0.160075 0.599993 0.15328 0.607929 0.142698 0.613025 0.12936399999999998 0.61478 0.11458299999999999 0.613025 0.099802 0.607929 0.086468 0.599993 0.075886
0 0.728398 0.145556 0.718635 0.138923 0.707812 0.136637 0.69699 0.138923 0.687227 0.145556 0.6794789999999999 0.155886 0.674505 0.168904 0.6727909999999999 0.183333 0.674505 0.197763 0.6794789999999999 0.21078000000000002 0.687227 0.221111 0.69699 0.227744 0.707812 0.23002899999999998 0.718635 0.227744 0.728398 0.221111 0.736146 0.21078000000000002 0.74112 0.197763 0.742834 0.183333 0.74112 0.168904 0.736146 0.155886 0.728398 0.145556
0 0.67996 0.22055600000000003 0.670197 0.213923 0.659375 0.211638 0.6485529999999999 0.213923 0.63879 0.22055600000000003 0.631042 0.230886 0.626067 0.24390399999999998 0.6243529999999999 0.25833300000000003 0.626067 0.272763 0.631042 0.28578000000000003 0.63879 0.296111 0.6485529999999999 0.302744 0.659375 0.305029 0.670197 0.302744 0.67996 0.296111 0.687708 0.28578000000000003 0.6926829999999999 0.272763 0.694397 0.25833300000000003 0.6926829999999999 0.24390399999999998 0.687708 0.230886 0.67996 0.22055600000000003
0 0.6221479999999999 0.26430600000000004 0.612385 0.257673 0.601562 0.255387 0.59074 0.257673 0.5809770000000001 0.26430600000000004 0.573229 0.274636 0.568255 0.28765399999999997 0.566541 0.302083 0.568255 0.316513 0.573229 0.32953 0.5809770000000001 0.339861 0.59074 0.34649399999999997 0.601562 0.348779 0.612385 0.34649399999999997 0.6221479999999999 0.339861 0.629896 0.32953 0.63487 0.316513 0.636584 0.302083 0.63487 0.28765399999999997 0.629896 0.274636 0.6221479999999999 0.26430600000000004
0 0.573974 0.20484 0.5644560000000001 0.198374 0.553906 0.196146 0.543356 0.198374 0.5338390000000001 0.20484 0.526286 0.21491 0.5214369999999999 0.22759999999999997 0.519766 0.241667 0.5214369999999999 0.255733 0.526286 0.26842299999999997 0.5338390000000001 0.278494 0.543356 0.28496 0.553906 0.28718699999999997 0.5644560000000001 0.28496 0.573974 0.278494 0.581527 0.26842299999999997 0.586376 0.255733 0.588047 0.241667 0.586376 0.22759999999999997 0.581527 0.21491 0.573974 0.20484
0 0.542724 0.322548 0.5332060000000001 0.31608200000000003 0.522656 0.31385399999999997 0.512106 0.31608200000000003 0.5025890000000001 0.322548 0.495036 0.332619 0.490187 0.345308 0.488516 0.359375 0.490187 0.373442 0.495036 0.386131 0.5025890000000001 0.396202 0.512106 0.40266799999999997 0.522656 0.40489600000000003 0.5332060000000001 0.40266799999999997 0.542724 0.396202 0.550277 0.386131 0.555126 0.373442 0.556797 0.359375 0.555126 0.345308 0.550277 0.332619 0.542724 0.322548
0 0.6028800000000001 0.350673 0.593363 0.34420700000000004 0.582812 0.341979 0.572262 0.34420700000000004 0.5627449999999999 0.350673 0.555192 0.360744 0.550343 0.373433 0.548672 0.3875 0.550343 0.401567 0.555192 0.41425599999999996 0.5627449999999999 0.424327 0.572262 0.430793 0.582812 0.433021 0.593363 0.430793 0.6028800000000001 0.424327 0.610433 0.41425599999999996 0.615282 0.401567 0.616953 0.3875 0.615282 0.373433 0.610433 0.360744 0.6028800000000001 0.350673
0 0.6899879999999999 0.318316 0.679915 0.311474 0.66875 0.309116 0.657585 0.311474 0.6475120000000001 0.318316 0.6395190000000001 0.328974 0.634386 0.34240400000000004 0.632618 0.357292 0.634386 0.372179 0.6395190000000001 0.385609 0.6475120000000001 0.39626700000000004 0.657585 0.40311 0.66875 0.40546800000000005 0.679915 0.40311 0.6899879999999999 0.39626700000000004 0.697981 0.385609 0.703114 0.372179 0.704882 0.357292 0.703114 0.34240400000000004 0.697981 0.328974 0.6899879999999999 0.318316
0 0.779173 0.19765 0.769413 0.191019 0.758594 0.188734 0.7477750000000001 0.191019 0.738014 0.19765 0.7302690000000001 0.207978 0.7252959999999999 0.220991 0.7235820000000001 0.235417 0.7252959999999999 0.24984199999999998 0.7302690000000001 0.262856 0.738014 0.273183 0.7477750000000001 0.279814 0.758594 0.282099 0.769413 0.279814 0.779173 0.273183 0.7869189999999999 0.262856 0.791892 0.24984199999999998 0.793605 0.235417 0.791892 0.220991 0.7869189999999999 0.207978 0.779173 0.19765
0 0.838228 0.228446 0.828619 0.22191900000000003 0.8179690000000001 0.21966999999999998 0.8073180000000001 0.22191900000000003 0.79771 0.228446 0.790085 0.23861300000000002 0.785189 0.251424 0.783502 0.265625 0.785189 0.279826 0.790085 0.292637 0.79771 0.30280399999999996 0.8073180000000001 0.30933099999999997 0.8179690000000001 0.31158 0.828619 0.30933099999999997 0.838228 0.30280399999999996 0.845853 0.292637 0.850748 0.279826 0.852435 0.265625 0.850748 0.251424 0.845853 0.23861300000000002 0.838228 0.228446
0 0.9363170000000001 0.343669 0.926874 0.33725299999999997 0.9164059999999999 0.335043 0.905939 0.33725299999999997 0.896495 0.343669 0.889001 0.353661 0.88419 0.366251 0.882532 0.380208 0.88419 0.394165 0.889001 0.406756 0.896495 0.416748 0.905939 0.423163 0.9164059999999999 0.425374 0.926874 0.423163 0.9363170000000001 0.416748 0.943811 0.406756 0.9486230000000001 0.394165 0.95028 0.380208 0.9486230000000001 0.366251 0.943811 0.353661 0.9363170000000001 0.343669
0 0.8669990000000001 0.32726 0.8570840000000001 0.320524 0.8460940000000001 0.318203 0.8351029999999999 0.320524 0.825188 0.32726 0.8173199999999999 0.337751 0.8122680000000001 0.35097100000000003 0.8105270000000001 0.365625 0.8122680000000001 0.380279 0.8173199999999999 0.393499 0.825188 0.40399 0.8351029999999999 0.41072600000000004 0.8460940000000001 0.413047 0.8570840000000001 0.41072600000000004 0.8669990000000001 0.40399 0.874868 0.393499 0.8799189999999999 0.380279 0.8816599999999999 0.365625 0.8799189999999999 0.35097100000000003 0.874868 0.337751 0.8669990000000001 0.32726
0 0.8014849999999999 0.295158 0.7918879999999999 0.288638 0.78125 0.286392 0.7706120000000001 0.288638 0.761015 0.295158 0.7534 0.305312 0.74851 0.318108 0.7468250000000001 0.332292 0.74851 0.346476 0.7534 0.359271 0.761015 0.369426 0.7706120000000001 0.37594500000000003 0.78125 0.378192 0.7918879999999999 0.37594500000000003 0.8014849999999999 0.369426 0.8090999999999999 0.359271 0.8139900000000001 0.346476 0.815675 0.332292 0.8139900000000001 0.318108 0.8090999999999999 0.305312 0.8014849999999999 0.295158
0 0.802266 0.382658 0.792669 0.376138 0.782031 0.373892 0.771393 0.376138 0.761797 0.382658 0.754181 0.392812 0.749291 0.40560799999999997 0.747606 0.419792 0.749291 0.43397600000000003 0.754181 0.44677100000000003 0.761797 0.456926 0.771393 0.463445 0.782031 0.46569200000000005 0.792669 0.463445 0.802266 0.456926 0.809882 0.44677100000000003 0.814771 0.43397600000000003 0.816456 0.419792 0.814771 0.40560799999999997 0.809882 0.392812 0.802266 0.382658
0 0.7899930000000001 0.46635799999999994 0.78103 0.460269 0.771094 0.458171 0.761158 0.460269 0.7521950000000001 0.46635799999999994 0.745081 0.47584299999999996 0.740514 0.48779399999999995 0.738941 0.501042 0.740514 0.514289 0.745081 0.526241 0.7521950000000001 0.535725 0.761158 0.541814 0.771094 0.543912 0.78103 0.541814 0.7899930000000001 0.535725 0.797106 0.526241 0.8016730000000001 0.514289 0.803247 0.501042 0.8016730000000001 0.48779399999999995 0.797106 0.47584299999999996 0.7899930000000001 0.46635799999999994
0 0.873696 0.417457 0.86394 0.410829 0.853125 0.408545 0.84231 0.410829 0.832554 0.417457 0.8248110000000001 0.42778 0.8198399999999999 0.440789 0.8181269999999999 0.455208 0.8198399999999999 0.469628 0.8248110000000001 0.482636 0.832554 0.49295999999999995 0.84231 0.499588 0.853125 0.501872 0.86394 0.499588 0.873696 0.49295999999999995 0.881439 0.482636 0.88641 0.469628 0.888123 0.455208 0.88641 0.440789 0.881439 0.42778 0.873696 0.417457
0 0.8586280000000001 0.501593 0.8493489999999999 0.495289 0.839063 0.49311699999999997 0.8287760000000001 0.495289 0.8194969999999999 0.501593 0.8121320000000001 0.511412 0.807404 0.523785 0.805775 0.5375 0.807404 0.551215 0.8121320000000001 0.563588 0.8194969999999999 0.573407 0.8287760000000001 0.579711 0.839063 0.581883 0.8493489999999999 0.579711 0.8586280000000001 0.573407 0.8659929999999999 0.563588 0.870721 0.551215 0.87235 0.5375 0.870721 0.523785 0.8659929999999999 0.511412 0.8586280000000001 0.501593
0 0.919566 0.514093 0.9102859999999999 0.507789 0.9 0.505617 0.889714 0.507789 0.8804339999999999 0.514093 0.87307 0.5239119999999999 0.868342 0.536285 0.866712 0.55 0.868342 0.563715 0.87307 0.576088 0.8804339999999999 0.585907 0.889714 0.592211 0.9 0.594383 0.9102859999999999 0.592211 0.919566 0.585907 0.9269299999999999 0.576088 0.931658 0.563715 0.933287 0.55 0.931658 0.536285 0.9269299999999999 0.5239119999999999 0.919566 0.514093
0 0.874869 0.582105 0.865668 0.575854 0.855469 0.5737 0.845269 0.575854 0.836068 0.582105 0.8287660000000001 0.591841 0.8240780000000001 0.604109 0.822462 0.617708 0.8240780000000001 0.631308 0.8287660000000001 0.643576 0.836068 0.653312 0.845269 0.659563 0.855469 0.661717 0.865668 0.659563 0.874869 0.653312 0.8821709999999999 0.643576 0.8868600000000001 0.631308 0.888475 0.617708 0.8868600000000001 0.604109 0.8821709999999999 0.591841 0.874869 0.582105
0 0.832573 0.6423289999999999 0.823053 0.635862 0.8125 0.633633 0.801947 0.635862 0.792427 0.6423289999999999 0.784872 0.652403 0.780021 0.665096 0.77835 0.679167 0.780021 0.693237 0.784872 0.7059300000000001 0.792427 0.7160040000000001 0.801947 0.722471 0.8125 0.7247 0.823053 0.722471 0.832573 0.7160040000000001 0.840128 0.7059300000000001 0.844979 0.693237 0.84665 0.679167 0.844979 0.665096 0.840128 0.652403 0.832573 0.6423289999999999
0 0.810698 0.555871 0.801178 0.549404 0.790625 0.547175 0.780072 0.549404 0.770552 0.555871 0.762997 0.5659449999999999 0.758146 0.578638 0.756475 0.592708 0.758146 0.606779 0.762997 0.619472 0.770552 0.629546 0.780072 0.6360129999999999 0.790625 0.638242 0.801178 0.6360129999999999 0.810698 0.629546 0.818253 0.619472 0.8231040000000001 0.606779 0.824775 0.592708 0.8231040000000001 0.578638 0.818253 0.5659449999999999 0.810698 0.555871
0 0.748198 0.526704 0.738678 0.5202370000000001 0.728125 0.518008 0.717572 0.5202370000000001 0.708052 0.526704 0.700497 0.536778 0.695646 0.549471 0.693975 0.563542 0.695646 0.577612 0.700497 0.5903050000000001 0.708052 0.600379 0.717572 0.606846 0.728125 0.609075 0.738678 0.606846 0.748198 0.600379 0.755753 0.5903050000000001 0.7606040000000001 0.577612 0.762275 0.563542 0.7606040000000001 0.549471 0.755753 0.536778 0.748198 0.526704
0 0.689604 0.562121 0.680084 0.555654 0.669531 0.5534250000000001 0.6589780000000001 0.555654 0.649458 0.562121 0.641903 0.572195 0.637053 0.5848880000000001 0.635381 0.598958 0.637053 0.6130289999999999 0.641903 0.625722 0.649458 0.635796 0.6589780000000001 0.642263 0.669531 0.644492 0.680084 0.642263 0.689604 0.635796 0.697159 0.625722 0.70201 0.6130289999999999 0.703681 0.598958 0.70201 0.5848880000000001 0.697159 0.572195 0.689604 0.562121
0 0.6556759999999999 0.488776 0.646315 0.482416 0.635938 0.480225 0.62556 0.482416 0.616199 0.488776 0.60877 0.49868199999999996 0.604 0.5111640000000001 0.602356 0.525 0.604 0.538836 0.60877 0.551318 0.616199 0.561224 0.62556 0.567584 0.635938 0.569775 0.646315 0.567584 0.6556759999999999 0.561224 0.663105 0.551318 0.667875 0.538836 0.669519 0.525 0.667875 0.5111640000000001 0.663105 0.49868199999999996 0.6556759999999999 0.488776
0 0.675736 0.406555 0.666124 0.400025 0.655469 0.397775 0.644813 0.400025 0.635201 0.406555 0.627573 0.416727 0.622675 0.42954299999999995 0.620988 0.44375 0.622675 0.45795700000000006 0.627573 0.470773 0.635201 0.480945 0.644813 0.487475 0.655469 0.48972499999999997 0.666124 0.487475 0.675736 0.480945 0.683365 0.470773 0.688262 0.45795700000000006 0.68995 0.44375 0.688262 0.42954299999999995 0.683365 0.416727 0.675736 0.406555
0 0.7323000000000001 0.441788 0.7229099999999999 0.43540900000000005 0.7125 0.43321 0.70209 0.43540900000000005 0.6927 0.441788 0.685248 0.451725 0.680463 0.464246 0.678814 0.478125 0.680463 0.492004 0.685248 0.504525 0.6927 0.514462 0.70209 0.520841 0.7125 0.5230400000000001 0.7229099999999999 0.520841 0.7323000000000001 0.514462 0.739752 0.504525 0.744537 0.492004 0.746186 0.478125 0.744537 0.464246 0.739752 0.451725 0.7323000000000001 0.441788
0 0.603394 0.43658 0.5940030000000001 0.43019999999999997 0.583594 0.42800200000000005 0.573184 0.43019999999999997 0.563794 0.43658 0.556341 0.44651699999999994 0.5515570000000001 0.45903700000000003 0.5499080000000001 0.472917 0.5515570000000001 0.486796 0.556341 0.499317 0.563794 0.509253 0.573184 0.515633 0.583594 0.5178309999999999 0.5940030000000001 0.515633 0.603394 0.509253 0.610846 0.499317 0.615631 0.486796 0.6172799999999999 0.472917 0.615631 0.45903700000000003 0.610846 0.44651699999999994 0.603394 0.43658
0 0.541675 0.450122 0.532285 0.443742 0.521875 0.44154400000000005 0.5114650000000001 0.443742 0.5020749999999999 0.450122 0.494623 0.46005799999999997 0.48983800000000005 0.47257899999999997 0.48818900000000004 0.486458 0.48983800000000005 0.500338 0.494623 0.512858 0.5020749999999999 0.522795 0.5114650000000001 0.5291750000000001 0.521875 0.531373 0.532285 0.5291750000000001 0.541675 0.522795 0.549127 0.512858 0.553912 0.500338 0.555561 0.486458 0.553912 0.47257899999999997 0.549127 0.46005799999999997 0.541675 0.450122
0 0.58855 0.5209550000000001 0.57916 0.514575 0.56875 0.5123770000000001 0.5583400000000001 0.514575 0.5489499999999999 0.5209550000000001 0.541498 0.5308919999999999 0.536713 0.543412 0.535064 0.557292 0.536713 0.571171 0.541498 0.583692 0.5489499999999999 0.593628 0.5583400000000001 0.600008 0.56875 0.602206 0.57916 0.600008 0.58855 0.593628 0.596002 0.583692 0.600787 0.571171 0.602436 0.557292 0.600787 0.543412 0.596002 0.5308919999999999 0.58855 0.5209550000000001
0 0.523371 0.531987 0.51414 0.525715 0.503906 0.5235540000000001 0.493673 0.525715 0.484441 0.531987 0.47711499999999996 0.541755 0.47241099999999997 0.554064 0.470791 0.567708 0.47241099999999997 0.581353 0.47711499999999996 0.5936619999999999 0.484441 0.60343 0.493673 0.609701 0.503906 0.6118629999999999 0.51414 0.609701 0.523371 0.60343 0.530697 0.5936619999999999 0.535401 0.581353 0.537022 0.567708 0.535401 0.554064 0.530697 0.541755 0.523371 0.531987
0 0.479437 0.471516 0.46992200000000006 0.465052 0.459375 0.46282500000000004 0.44882799999999995 0.465052 0.439313 0.471516 0.431762 0.48158399999999996 0.426914 0.49427000000000004 0.425244 0.508333 0.426914 0.522396 0.431762 0.535082 0.439313 0.54515 0.44882799999999995 0.551614 0.459375 0.5538420000000001 0.46992200000000006 0.551614 0.479437 0.54515 0.48698800000000003 0.535082 0.491836 0.522396 0.493506 0.508333 0.491836 0.49427000000000004 0.48698800000000003 0.48158399999999996 0.479437 0.471516
0 0.49740599999999996 0.388183 0.487891 0.38171900000000003 0.477344 0.379492 0.466797 0.38171900000000003 0.457282 0.388183 0.449731 0.398251 0.44488300000000003 0.410937 0.44321299999999997 0.425 0.44488300000000003 0.439063 0.449731 0.45174899999999996 0.457282 0.46181700000000003 0.466797 0.468281 0.477344 0.470508 0.487891 0.468281 0.49740599999999996 0.46181700000000003 0.504957 0.45174899999999996 0.509804 0.439063 0.511475 0.425 0.509804 0.410937 0.504957 0.398251 0.49740599999999996 0.388183
0 0.47318699999999997 0.306933 0.46367200000000003 0.300469 0.453125 0.298242 0.44257799999999997 0.300469 0.43306300000000003 0.306933 0.425512 0.317001 0.42066400000000004 0.329687 0.418994 0.34375 0.42066400000000004 0.357813 0.425512 0.370499 0.43306300000000003 0.380567 0.44257799999999997 0.387031 0.453125 0.389258 0.46367200000000003 0.387031 0.47318699999999997 0.380567 0.480738 0.370499 0.48558599999999996 0.357813 0.487256 0.34375 0.48558599999999996 0.329687 0.480738 0.317001 0.47318699999999997 0.306933
0 0.41068699999999997 0.324641 0.40117200000000003 0.31817700000000004 0.390625 0.31595 0.380078 0.31817700000000004 0.37056300000000003 0.324641 0.363012 0.33470900000000003 0.35816400000000004 0.347395 0.356494 0.361458 0.35816400000000004 0.375521 0.363012 0.388207 0.37056300000000003 0.398275 0.380078 0.404739 0.390625 0.406967 0.40117200000000003 0.404739 0.41068699999999997 0.398275 0.418238 0.388207 0.42308599999999996 0.375521 0.424756 0.361458 0.42308599999999996 0.347395 0.418238 0.33470900000000003 0.41068699999999997 0.324641
0 0.42943699999999996 0.407975 0.419922 0.401511 0.409375 0.399283 0.398828 0.401511 0.389313 0.407975 0.381762 0.41804300000000005 0.376914 0.43072900000000003 0.375244 0.44479199999999997 0.376914 0.45885499999999996 0.381762 0.47154100000000004 0.389313 0.481609 0.398828 0.488073 0.409375 0.49029999999999996 0.419922 0.488073 0.42943699999999996 0.481609 0.43698800000000004 0.47154100000000004 0.441836 0.45885499999999996 0.443506 0.44479199999999997 0.441836 0.43072900000000003 0.43698800000000004 0.41804300000000005 0.42943699999999996 0.407975
0 0.367718 0.3861 0.358203 0.379636 0.347656 0.377408 0.337109 0.379636 0.327594 0.3861 0.32004299999999997 0.39616799999999996 0.315196 0.408854 0.313525 0.422917 0.315196 0.43698 0.32004299999999997 0.449666 0.327594 0.459734 0.337109 0.466198 0.347656 0.468425 0.358203 0.466198 0.367718 0.459734 0.37526899999999996 0.449666 0.380117 0.43698 0.381788 0.422917 0.380117 0.408854 0.37526899999999996 0.39616799999999996 0.367718 0.3861
0 0.316475 0.44528100000000004 0.307179 0.438966 0.296875 0.43678999999999996 0.286571 0.438966 0.277275 0.44528100000000004 0.269898 0.455117 0.265162 0.467511 0.26353 0.48125 0.265162 0.494989 0.269898 0.507383 0.277275 0.517219 0.286571 0.5235339999999999 0.296875 0.52571 0.307179 0.5235339999999999 0.316475 0.517219 0.323852 0.507383 0.328588 0.494989 0.33022 0.48125 0.328588 0.467511 0.323852 0.455117 0.316475 0.44528100000000004
0 0.297411 0.363173 0.287894 0.356707 0.277344 0.354479 0.26679400000000003 0.356707 0.257276 0.363173 0.249723 0.373244 0.24487399999999998 0.38593299999999997 0.243203 0.4 0.24487399999999998 0.414067 0.249723 0.42675599999999997 0.257276 0.43682699999999997 0.26679400000000003 0.443293 0.277344 0.445521 0.287894 0.443293 0.297411 0.43682699999999997 0.304964 0.42675599999999997 0.309813 0.414067 0.311484 0.4 0.309813 0.38593299999999997 0.304964 0.373244 0.297411 0.363173
0 0.208405 0.228302 0.198491 0.221566 0.1875 0.219245 0.176509 0.221566 0.166595 0.228302 0.15872599999999998 0.23879299999999998 0.153674 0.252013 0.15193399999999999 0.266667 0.153674 0.28132100000000004 0.15872599999999998 0.294541 0.166595 0.305032 0.176509 0.311768 0.1875 0.314089 0.198491 0.311768 0.208405 0.305032 0.216274 0.294541 0.221326 0.28132100000000004 0.223066 0.266667 0.221326 0.252013 0.216274 0.23879299999999998 0.208405 0.228302
0 0.24171900000000002 0.150298 0.231567 0.143401 0.220312 0.14102399999999998 0.20905800000000002 0.143401 0.198906 0.150298 0.190848 0.161041 0.18567499999999998 0.174578 0.183893 0.189583 0.18567499999999998 0.204589 0.190848 0.218126 0.198906 0.228869 0.20905800000000002 0.235766 0.220312 0.238143 0.231567 0.235766 0.24171900000000002 0.228869 0.249777 0.218126 0.25495 0.204589 0.256732 0.189583 0.25495 0.174578 0.249777 0.161041 0.24171900000000002 0.150298
0 0.13125 0.225873 0.121246 0.219076 0.110156 0.21673399999999998 0.099067 0.219076 0.089063 0.225873 0.081123 0.236458 0.07602600000000001 0.249797 0.07427 0.264583 0.07602600000000001 0.279369 0.081123 0.292708 0.089063 0.303294 0.099067 0.31009000000000003 0.110156 0.312432 0.121246 0.31009000000000003 0.13125 0.303294 0.139189 0.292708 0.144287 0.279369 0.14604299999999998 0.264583 0.144287 0.249797 0.139189 0.236458 0.13125 0.225873
0 0.16953100000000002 0.309206 0.159527 0.30240999999999996 0.14843800000000001 0.300068 0.137348 0.30240999999999996 0.12734399999999998 0.309206 0.11940500000000001 0.31979199999999997 0.114307 0.333131 0.112551 0.347917 0.114307 0.362703 0.11940500000000001 0.376042 0.12734399999999998 0.386627 0.137348 0.393424 0.14843800000000001 0.395766 0.159527 0.393424 0.16953100000000002 0.386627 0.17747 0.376042 0.182568 0.362703 0.184324 0.347917 0.182568 0.333131 0.17747 0.31979199999999997 0.16953100000000002 0.309206
0 0.09983800000000001 0.309503 0.08991099999999999 0.30275799999999997 0.078906 0.300434 0.06790199999999999 0.30275799999999997 0.057974000000000005 0.309503 0.050095999999999995 0.32000700000000004 0.045037 0.333244 0.043295 0.347917 0.045037 0.36259 0.050095999999999995 0.375826 0.057974000000000005 0.386331 0.06790199999999999 0.393075 0.078906 0.395399 0.08991099999999999 0.393075 0.09983800000000001 0.386331 0.107717 0.375826 0.112775 0.36259 0.11451800000000001 0.347917 0.112775 0.333244 0.107717 0.32000700000000004 0.09983800000000001 0.309503
0 0.097137 0.40390899999999996 0.087379 0.39727999999999997 0.07656199999999999 0.394996 0.065746 0.39727999999999997 0.055988 0.40390899999999996 0.048243999999999995 0.414234 0.043273 0.427245 0.041559 0.441667 0.043273 0.45608899999999997 0.048243999999999995 0.46909900000000004 0.055988 0.479424 0.065746 0.48605299999999996 0.076563 0.488337 0.087379 0.48605299999999996 0.097137 0.479424 0.104881 0.46909900000000004 0.10985199999999999 0.45608899999999997 0.11156600000000001 0.441667 0.10985199999999999 0.427245 0.104881 0.414234 0.097137 0.40390899999999996
0 0.226824 0.366409 0.21706699999999998 0.35978 0.20625 0.357496 0.195433 0.35978 0.185676 0.366409 0.177932 0.376734 0.17296 0.389745 0.17124699999999998 0.404167 0.17296 0.418589 0.177932 0.431599 0.185676 0.44192400000000004 0.195433 0.448553 0.20625 0.45083700000000004 0.21706699999999998 0.448553 0.226824 0.44192400000000004 0.23456800000000003 0.431599 0.23954 0.418589 0.241253 0.404167 0.23954 0.389745 0.23456800000000003 0.376734 0.226824 0.366409
0 0.249863 0.449432 0.240295 0.442932 0.22968700000000003 0.44069200000000003 0.21908 0.442932 0.209512 0.449432 0.201918 0.45955700000000005 0.197042 0.472316 0.19536199999999998 0.486458 0.197042 0.500601 0.201918 0.513359 0.209512 0.5234840000000001 0.21908 0.529985 0.22968700000000003 0.5322250000000001 0.240295 0.529985 0.249863 0.5234840000000001 0.257457 0.513359 0.26233300000000004 0.500601 0.264012 0.486458 0.26233300000000004 0.472316 0.257457 0.45955700000000005 0.249863 0.449432
0 0.277988 0.528599 0.26842 0.522098 0.25781200000000004 0.5198579999999999 0.24720499999999998 0.522098 0.23763700000000001 0.528599 0.230043 0.538724 0.22516699999999998 0.551482 0.223488 0.565625 0.22516699999999998 0.579768 0.230043 0.592526 0.23763700000000001 0.602651 0.24720499999999998 0.609152 0.25781200000000004 0.611392 0.26842 0.609152 0.277988 0.602651 0.285582 0.592526 0.290458 0.579768 0.292137 0.565625 0.290458 0.551482 0.285582 0.538724 0.277988 0.528599
0 0.404551 0.496307 0.394982 0.489807 0.384375 0.48756700000000003 0.373768 0.489807 0.364199 0.496307 0.356605 0.506432 0.35173 0.519191 0.35005000000000003 0.5333330000000001 0.35173 0.547476 0.356605 0.560234 0.364199 0.5703590000000001 0.373768 0.57686 0.384375 0.5791000000000001 0.394982 0.57686 0.404551 0.5703590000000001 0.41214500000000004 0.560234 0.41702000000000006 0.547476 0.4187 0.5333330000000001 0.41702000000000006 0.519191 0.41214500000000004 0.506432 0.404551 0.496307
0 0.404551 0.496307 0.394982 0.489807 0.384375 0.48756700000000003 0.373768 0.489807 0.364199 0.496307 0.356605 0.506432 0.35173 0.519191 0.35005000000000003 0.5333330000000001 0.35173 0.547476 0.356605 0.560234 0.364199 0.5703590000000001 0.373768 0.57686 0.384375 0.5791000000000001 0.394982 0.57686 0.404551 0.5703590000000001 0.41214500000000004 0.560234 0.41702000000000006 0.547476 0.4187 0.5333330000000001 0.41702000000000006 0.519191 0.41214500000000004 0.506432 0.404551 0.496307
0 0.201268 0.64178 0.192145 0.635582 0.182031 0.633446 0.171918 0.635582 0.162794 0.64178 0.155554 0.651434 0.150905 0.6635989999999999 0.14930300000000002 0.677083 0.150905 0.6905680000000001 0.155554 0.702733 0.162794 0.712387 0.171918 0.718585 0.182031 0.720721 0.192145 0.718585 0.201268 0.712387 0.208509 0.702733 0.21315800000000001 0.6905680000000001 0.214759 0.677083 0.21315800000000001 0.6635989999999999 0.208509 0.651434 0.201268 0.64178
0 0.436641 0.6482829999999999 0.427044 0.641763 0.416406 0.639517 0.405768 0.641763 0.396172 0.6482829999999999 0.388556 0.6584369999999999 0.383666 0.671233 0.381981 0.6854169999999999 0.383666 0.699601 0.388556 0.712396 0.396172 0.7225509999999999 0.405768 0.72907 0.416406 0.731317 0.427044 0.72907 0.436641 0.7225509999999999 0.444257 0.712396 0.449146 0.699601 0.450831 0.6854169999999999 0.449146 0.671233 0.444257 0.6584369999999999 0.436641 0.6482829999999999
0 0.489142 0.696303 0.47984099999999996 0.689985 0.46953100000000003 0.6878070000000001 0.459221 0.689985 0.44992099999999996 0.696303 0.44254 0.706144 0.437801 0.718545 0.436168 0.7322919999999999 0.437801 0.746038 0.44254 0.758439 0.44992099999999996 0.7682800000000001 0.459221 0.774599 0.46953100000000003 0.776776 0.47984099999999996 0.774599 0.489142 0.7682800000000001 0.496523 0.758439 0.501262 0.746038 0.502895 0.7322919999999999 0.501262 0.718545 0.496523 0.706144 0.489142 0.696303
0 0.529767 0.765053 0.520466 0.7587349999999999 0.510156 0.756557 0.49984599999999996 0.7587349999999999 0.490546 0.765053 0.48316499999999996 0.774894 0.47842599999999996 0.7872950000000001 0.47679299999999997 0.801042 0.47842599999999996 0.8147880000000001 0.48316499999999996 0.8271890000000001 0.490546 0.83703 0.49984599999999996 0.8433490000000001 0.510156 0.8455260000000001 0.520466 0.8433490000000001 0.529767 0.83703 0.537148 0.8271890000000001 0.541887 0.8147880000000001 0.54352 0.801042 0.541887 0.7872950000000001 0.537148 0.774894 0.529767 0.765053
0 0.471173 0.797345 0.46187199999999995 0.791026 0.451562 0.788849 0.441253 0.791026 0.431952 0.797345 0.424571 0.807186 0.419832 0.819587 0.418199 0.833333 0.419832 0.84708 0.424571 0.859481 0.431952 0.869322 0.441253 0.87564 0.451562 0.8778180000000001 0.46187199999999995 0.87564 0.471173 0.869322 0.47855400000000003 0.859481 0.48329300000000003 0.84708 0.484926 0.833333 0.48329300000000003 0.819587 0.47855400000000003 0.807186 0.471173 0.797345
0 0.351265 0.8105370000000001 0.342143 0.80434 0.332031 0.802204 0.32192 0.80434 0.312798 0.8105370000000001 0.305559 0.8201890000000001 0.30091100000000004 0.8323510000000001 0.299309 0.8458330000000001 0.30091100000000004 0.8593149999999999 0.305559 0.871478 0.312798 0.88113 0.32192 0.887327 0.332031 0.8894629999999999 0.342143 0.887327 0.351265 0.88113 0.358504 0.871478 0.36315200000000003 0.8593149999999999 0.364753 0.8458330000000001 0.36315200000000003 0.8323510000000001 0.358504 0.8201890000000001 0.351265 0.8105370000000001
0 0.776314 0.687529 0.767169 0.681316 0.757031 0.6791750000000001 0.746894 0.681316 0.7377480000000001 0.687529 0.73049 0.697206 0.725831 0.7094 0.724225 0.722917 0.725831 0.736434 0.73049 0.748627 0.7377480000000001 0.758304 0.746894 0.764517 0.757031 0.766658 0.767169 0.764517 0.776314 0.758304 0.783572 0.748627 0.788232 0.736434 0.789837 0.722917 0.788232 0.7094 0.783572 0.697206 0.776314 0.687529
0 0.238214 0.73368 0.22861199999999998 0.7271569999999999 0.217969 0.724909 0.20732499999999998 0.7271569999999999 0.197724 0.73368 0.190104 0.74384 0.185212 0.756642 0.183526 0.770833 0.185212 0.785025 0.190104 0.7978270000000001 0.197724 0.807987 0.20732499999999998 0.81451 0.217969 0.816757 0.22861199999999998 0.81451 0.238214 0.807987 0.24583400000000002 0.7978270000000001 0.250726 0.785025 0.25241199999999997 0.770833 0.250726 0.756642 0.24583400000000002 0.74384 0.238214 0.73368
0 0.238214 0.73368 0.22861199999999998 0.7271569999999999 0.217969 0.724909 0.20732499999999998 0.7271569999999999 0.197724 0.73368 0.190104 0.74384 0.185212 0.756642 0.183526 0.770833 0.185212 0.785025 0.190104 0.7978270000000001 0.197724 0.807987 0.20732499999999998 0.81451 0.217969 0.816757 0.22861199999999998 0.81451 0.238214 0.807987 0.24583400000000002 0.7978270000000001 0.250726 0.785025 0.25241199999999997 0.770833 0.250726 0.756642 0.24583400000000002 0.74384 0.238214 0.73368
0 0.223443 0.568314 0.214177 0.562019 0.203906 0.55985 0.193635 0.562019 0.18436999999999998 0.568314 0.177017 0.578118 0.172296 0.590472 0.17066900000000002 0.604167 0.172296 0.617861 0.177017 0.630215 0.18436999999999998 0.64002 0.193635 0.646314 0.203906 0.6484829999999999 0.214177 0.646314 0.223443 0.64002 0.230796 0.630215 0.23551700000000003 0.617861 0.23714400000000002 0.604167 0.23551700000000003 0.590472 0.230796 0.578118 0.223443 0.568314
0 0.312434 0.60451 0.302832 0.597986 0.29218700000000003 0.595739 0.281543 0.597986 0.271941 0.60451 0.26432 0.614671 0.25942699999999996 0.6274740000000001 0.257741 0.641667 0.25942699999999996 0.655859 0.26432 0.668663 0.271941 0.6788230000000001 0.281543 0.6853469999999999 0.29218700000000003 0.687595 0.302832 0.6853469999999999 0.312434 0.6788230000000001 0.320055 0.668663 0.324948 0.655859 0.326634 0.641667 0.324948 0.6274740000000001 0.320055 0.614671 0.312434 0.60451
0 0.18587199999999998 0.49305199999999993 0.176269 0.486528 0.165625 0.48428000000000004 0.15498099999999998 0.486528 0.145378 0.49305199999999993 0.137758 0.503212 0.132865 0.516016 0.131179 0.530208 0.132865 0.5444009999999999 0.137758 0.557204 0.145378 0.567365 0.15498099999999998 0.573889 0.165625 0.576136 0.176269 0.573889 0.18587199999999998 0.567365 0.193492 0.557204 0.19838499999999998 0.5444009999999999 0.20007100000000003 0.530208 0.19838499999999998 0.516016 0.193492 0.503212 0.18587199999999998 0.49305199999999993
0 0.11399699999999999 0.49200999999999995 0.10439400000000001 0.48548600000000003 0.09375 0.48323900000000003 0.083106 0.48548600000000003 0.073503 0.49200999999999995 0.065883 0.5021709999999999 0.06099 0.514974 0.059304 0.5291669999999999 0.06099 0.5433589999999999 0.065883 0.556163 0.073503 0.566323 0.083106 0.572847 0.09375 0.5750949999999999 0.10439400000000001 0.572847 0.11399699999999999 0.566323 0.121617 0.556163 0.12650999999999998 0.5433589999999999 0.128196 0.5291669999999999 0.12650999999999998 0.514974 0.121617 0.5021709999999999 0.11399699999999999 0.49200999999999995
0 0.29779 0.20687700000000003 0.287722 0.200038 0.27656200000000003 0.197681 0.265403 0.200038 0.255335 0.20687700000000003 0.247346 0.21753 0.242216 0.23095400000000002 0.240448 0.24583300000000002 0.242216 0.26071300000000003 0.247346 0.274136 0.255335 0.284789 0.265403 0.291629 0.27656200000000003 0.293985 0.287722 0.291629 0.29779 0.284789 0.30577899999999997 0.274136 0.310909 0.26071300000000003 0.312677 0.24583300000000002 0.310909 0.23095400000000002 0.30577899999999997 0.21753 0.29779 0.20687700000000003
0 0.30071400000000004 0.70868 0.291112 0.7021569999999999 0.28046899999999997 0.699909 0.269825 0.7021569999999999 0.260224 0.70868 0.252604 0.7188399999999999 0.24771200000000002 0.731642 0.246026 0.745833 0.24771200000000002 0.760025 0.252604 0.772827 0.260224 0.782987 0.269825 0.78951 0.28046899999999997 0.791757 0.291112 0.78951 0.30071400000000004 0.782987 0.308334 0.772827 0.313226 0.760025 0.31491199999999997 0.745833 0.313226 0.731642 0.308334 0.7188399999999999 0.30071400000000004 0.70868
0 0.36645099999999997 0.732824 0.357167 0.7265159999999999 0.346875 0.724343 0.33658299999999997 0.7265159999999999 0.327299 0.732824 0.31993 0.742648 0.31520000000000004 0.755027 0.31357 0.76875 0.31520000000000004 0.782473 0.31993 0.794852 0.327299 0.8046760000000001 0.33658299999999997 0.810984 0.346875 0.813157 0.357167 0.810984 0.36645099999999997 0.8046760000000001 0.37382 0.794852 0.37855 0.782473 0.38018 0.76875 0.37855 0.755027 0.37382 0.742648 0.36645099999999997 0.732824
0 0.551441 0.678964 0.542235 0.67271 0.532031 0.670555 0.521827 0.67271 0.512622 0.678964 0.505317 0.688704 0.500626 0.700978 0.49901 0.714583 0.500626 0.728189 0.505317 0.7404620000000001 0.512622 0.7502030000000001 0.521827 0.7564569999999999 0.532031 0.7586109999999999 0.542235 0.7564569999999999 0.551441 0.7502030000000001 0.558746 0.7404620000000001 0.563436 0.728189 0.565052 0.714583 0.563436 0.700978 0.558746 0.688704 0.551441 0.678964
0 0.613941 0.668547 0.604735 0.662293 0.594531 0.660139 0.584327 0.662293 0.575122 0.668547 0.567817 0.678288 0.563126 0.690561 0.56151 0.704167 0.563126 0.717772 0.567817 0.730046 0.575122 0.7397859999999999 0.584327 0.74604 0.594531 0.748195 0.604735 0.74604 0.613941 0.7397859999999999 0.621246 0.730046 0.625936 0.717772 0.627552 0.704167 0.625936 0.690561 0.621246 0.678288 0.613941 0.668547
0 0.628653 0.590271 0.619139 0.583808 0.608594 0.581581 0.598048 0.583808 0.588535 0.590271 0.580985 0.600338 0.576137 0.613022 0.5744670000000001 0.6270830000000001 0.576137 0.6411439999999999 0.580985 0.653829 0.588535 0.663895 0.598048 0.670358 0.608594 0.672585 0.619139 0.670358 0.628653 0.663895 0.636203 0.653829 0.64105 0.6411439999999999 0.64272 0.6270830000000001 0.64105 0.613022 0.636203 0.600338 0.628653 0.590271
0 0.6833400000000001 0.663188 0.673827 0.656725 0.663281 0.654498 0.652736 0.656725 0.643222 0.663188 0.635672 0.6732549999999999 0.630825 0.6859390000000001 0.629155 0.7 0.630825 0.714061 0.635672 0.726745 0.643222 0.736812 0.652736 0.743275 0.663281 0.745502 0.673827 0.743275 0.6833400000000001 0.736812 0.69089 0.726745 0.695738 0.714061 0.697408 0.7 0.695738 0.6859390000000001 0.69089 0.6732549999999999 0.6833400000000001 0.663188
0 0.748184 0.6142299999999999 0.738671 0.6077670000000001 0.728125 0.60554 0.717579 0.6077670000000001 0.708066 0.6142299999999999 0.700516 0.624296 0.695669 0.636981 0.693998 0.651042 0.695669 0.665103 0.700516 0.677787 0.708066 0.687854 0.717579 0.6943170000000001 0.728125 0.696544 0.738671 0.6943170000000001 0.748184 0.687854 0.755734 0.677787 0.760581 0.665103 0.7622519999999999 0.651042 0.760581 0.636981 0.755734 0.624296 0.748184 0.6142299999999999
0 0.928274 0.254765 0.9181990000000001 0.247921 0.9070309999999999 0.24556300000000003 0.895863 0.247921 0.885788 0.254765 0.8777929999999999 0.265426 0.872659 0.278859 0.870891 0.29375 0.872659 0.308641 0.8777929999999999 0.322074 0.885788 0.332735 0.895863 0.33957899999999996 0.9070309999999999 0.34193799999999996 0.9181990000000001 0.33957899999999996 0.928274 0.332735 0.93627 0.322074 0.941403 0.308641 0.943172 0.29375 0.941403 0.278859 0.93627 0.265426 0.928274 0.254765
0 0.11796899999999999 0.442708 0.120313 0.453125 0.12265600000000002 0.4625 0.12734399999999998 0.470833 0.13671899999999998 0.480208 0.14296899999999998 0.484375 0.151562 0.485417 0.161719 0.483333 0.171875 0.47708300000000003 0.176563 0.470833 0.18125 0.46145800000000003 0.184375 0.454167 0.18515600000000002 0.44583300000000003 0.185938 0.436458 0.182031 0.42916699999999997 0.178125 0.421875 0.17578100000000002 0.4125 0.17421899999999998 0.40625 0.166406 0.4 0.159375 0.395833 0.15234399999999998 0.394792 0.14375 0.395833 0.135156 0.39895800000000003 0.12734399999999998 0.407292 0.12265600000000002 0.415625 0.11953100000000001 0.425 0.11796899999999999 0.432292 0.11796899999999999 0.442708
0 0.30781200000000003 0.521875 0.300781 0.528125 0.29609399999999997 0.535417 0.29218700000000003 0.5447919999999999 0.291406 0.555208 0.291406 0.56875 0.294531 0.578125 0.298438 0.586458 0.30468799999999996 0.594792 0.317969 0.604167 0.328125 0.604167 0.3375 0.602083 0.34453100000000003 0.597917 0.350781 0.590625 0.35625 0.578125 0.357812 0.569792 0.357812 0.5604169999999999 0.357031 0.553125 0.35468700000000003 0.54375 0.352344 0.5333330000000001 0.34453100000000003 0.523958 0.33593799999999996 0.5177080000000001 0.329688 0.515625 0.321875 0.514583 0.314063 0.5177080000000001 0.30781200000000003 0.521875
0 0.31875 0.666667 0.314844 0.677083 0.314063 0.6895830000000001 0.315625 0.698958 0.31875 0.711458 0.32343700000000003 0.71875 0.328125 0.725 0.333594 0.729167 0.339844 0.7322919999999999 0.346875 0.733333 0.352344 0.7322919999999999 0.35859399999999997 0.730208 0.366406 0.723958 0.372656 0.7166669999999999 0.375 0.708333 0.378125 0.7 0.378906 0.691667 0.378906 0.683333 0.378125 0.676042 0.375 0.666667 0.371094 0.6583330000000001 0.367969 0.65625 0.360938 0.653125 0.357812 0.651042 0.35156200000000004 0.644792 0.34296899999999997 0.644792 0.334375 0.648958 0.328125 0.652083 0.32343700000000003 0.657292 0.31875 0.666667
0 0.377344 0.761458 0.378906 0.769792 0.382031 0.780208 0.388281 0.788542 0.39375 0.795833 0.402344 0.801042 0.4125 0.801042 0.421875 0.7989580000000001 0.42968799999999996 0.791667 0.4375 0.782292 0.441406 0.771875 0.44218799999999997 0.761458 0.441406 0.753125 0.439844 0.745833 0.4375 0.7364580000000001 0.435156 0.73125 0.43281200000000003 0.727083 0.428906 0.723958 0.423438 0.726042 0.415625 0.726042 0.407813 0.725 0.403125 0.722917 0.396875 0.71875 0.39140600000000003 0.722917 0.386719 0.729167 0.382031 0.738542 0.37968799999999997 0.745833 0.377344 0.754167 0.377344 0.761458
0 0.364844 0.8375 0.3625 0.847917 0.360938 0.8614580000000001 0.3625 0.8729169999999999 0.36718799999999996 0.884375 0.37421899999999997 0.8927080000000001 0.38281200000000004 0.898958 0.392969 0.901042 0.403906 0.898958 0.411719 0.89375 0.41718700000000003 0.8875 0.42109399999999997 0.880208 0.424219 0.8729169999999999 0.425781 0.865625 0.42656299999999997 0.8572919999999999 0.423438 0.847917 0.421875 0.838542 0.42109399999999997 0.83125 0.415625 0.825 0.409375 0.819792 0.4 0.815625 0.389062 0.815625 0.383594 0.816667 0.377344 0.821875 0.37031200000000003 0.828125 0.364844 0.8375
0 0.599219 0.754167 0.59375 0.744792 0.585938 0.741667 0.58125 0.739583 0.577344 0.7364580000000001 0.571094 0.730208 0.564844 0.730208 0.560156 0.7322919999999999 0.557031 0.733333 0.552344 0.739583 0.549219 0.745833 0.545312 0.7479169999999999 0.542188 0.75 0.539844 0.759375 0.538281 0.769792 0.538281 0.780208 0.542188 0.790625 0.547656 0.801042 0.553906 0.808333 0.561719 0.8125 0.571875 0.813542 0.582031 0.8104169999999999 0.589844 0.805208 0.596094 0.7947919999999999 0.599219 0.7875 0.601562 0.775 0.601562 0.7625 0.599219 0.754167
0 0.665625 0.759375 0.664844 0.751042 0.6625 0.74375 0.660937 0.740625 0.654687 0.740625 0.647656 0.7364580000000001 0.640625 0.729167 0.6375 0.722917 0.632031 0.722917 0.626563 0.722917 0.620313 0.725 0.614844 0.733333 0.610938 0.738542 0.60625 0.742708 0.603906 0.75 0.601562 0.757292 0.601562 0.76875 0.602344 0.777083 0.60625 0.786458 0.610938 0.7947919999999999 0.617969 0.802083 0.626563 0.80625 0.635156 0.807292 0.644531 0.804167 0.653125 0.796875 0.658594 0.788542 0.6625 0.782292 0.664844 0.771875 0.665625 0.759375
0 0.692187 0.708333 0.689063 0.719792 0.682813 0.730208 0.674219 0.7375 0.667188 0.739583 0.661719 0.740625 0.658594 0.740625 0.660937 0.748958 0.6625 0.75625 0.664062 0.765625 0.6625 0.769792 0.667969 0.777083 0.674219 0.784375 0.680469 0.788542 0.691406 0.792708 0.702344 0.789583 0.7125 0.78125 0.717969 0.771875 0.721875 0.7625 0.723437 0.75 0.721875 0.738542 0.717969 0.729167 0.715625 0.722917 0.707812 0.713542 0.702344 0.711458 0.696094 0.708333 0.692187 0.708333
0 0.910156 0.422917 0.902344 0.420833 0.8914059999999999 0.427083 0.886719 0.43020800000000003 0.88125 0.436458 0.8835940000000001 0.44583300000000003 0.8835940000000001 0.457292 0.8820309999999999 0.464583 0.878906 0.473958 0.875 0.483333 0.878906 0.49270800000000003 0.885938 0.5020830000000001 0.892188 0.507292 0.9007809999999999 0.510417 0.9125 0.509375 0.921875 0.505208 0.93125 0.494792 0.9375 0.480208 0.9398440000000001 0.46875 0.939063 0.455208 0.935937 0.442708 0.9320309999999999 0.434375 0.928125 0.42916699999999997 0.9242190000000001 0.426042 0.917188 0.422917 0.910156 0.422917
0 0.685156 0.290625 0.684375 0.302083 0.684375 0.314583 0.688281 0.32083300000000003 0.692187 0.326042 0.696094 0.332292 0.698438 0.340625 0.704688 0.345833 0.710938 0.35 0.719531 0.35 0.728125 0.348958 0.739844 0.340625 0.746875 0.332292 0.750781 0.323958 0.752344 0.314583 0.753906 0.303125 0.753125 0.291667 0.751563 0.284375 0.748437 0.276042 0.742188 0.271875 0.7375 0.265625 0.732031 0.260417 0.724219 0.25625 0.716406 0.25729199999999997 0.707812 0.259375 0.700781 0.263542 0.695312 0.270833 0.689844 0.279167 0.685156 0.290625
0 0.714063 0.347917 0.707031 0.35208300000000003 0.700781 0.357292 0.699219 0.36875 0.697656 0.376042 0.69375 0.38333300000000003 0.6875 0.391667 0.6875 0.402083 0.690625 0.411458 0.694531 0.419792 0.701562 0.42916699999999997 0.708594 0.434375 0.717969 0.4375 0.730469 0.436458 0.738281 0.432292 0.746094 0.423958 0.751563 0.41354199999999997 0.755469 0.401042 0.75625 0.389583 0.754687 0.378125 0.750781 0.365625 0.74375 0.35625 0.7375 0.35104199999999997 0.73125 0.348958 0.722656 0.346875 0.714063 0.347917
0 0.113281 0.6125 0.121094 0.626042 0.13125 0.636458 0.14453100000000002 0.640625 0.154688 0.636458 0.16406199999999999 0.63125 0.170313 0.6229169999999999 0.175 0.6125 0.173437 0.602083 0.173437 0.594792 0.17578100000000002 0.585417 0.173437 0.577083 0.16953100000000002 0.570833 0.161719 0.570833 0.15 0.565625 0.14453100000000002 0.559375 0.139063 0.552083 0.132031 0.554167 0.124219 0.559375 0.11640600000000001 0.570833 0.11171899999999998 0.583333 0.110937 0.5958330000000001 0.113281 0.6125
0 0.21406200000000003 0.651042 0.211719 0.665625 0.2125 0.678125 0.21484399999999998 0.690625 0.221875 0.703125 0.233594 0.711458 0.24531200000000003 0.715625 0.25468799999999997 0.7125 0.264062 0.707292 0.27031299999999997 0.697917 0.275781 0.6895830000000001 0.278125 0.677083 0.271094 0.670833 0.26484399999999997 0.6625 0.2625 0.653125 0.26093700000000003 0.640625 0.261719 0.63125 0.251563 0.628125 0.23906299999999997 0.628125 0.22968700000000003 0.632292 0.22109399999999998 0.639583 0.21406200000000003 0.651042
0 0.299219 0.842708 0.303906 0.8302080000000001 0.30468799999999996 0.813542 0.300781 0.7989580000000001 0.29609399999999997 0.789583 0.289844 0.7833330000000001 0.28125 0.786458 0.27031299999999997 0.7833330000000001 0.261719 0.778125 0.253125 0.782292 0.246875 0.788542 0.242188 0.8 0.23906299999999997 0.8125 0.23906299999999997 0.828125 0.24375 0.8416669999999999 0.251563 0.854167 0.259375 0.858333 0.267188 0.8614580000000001 0.277344 0.8614580000000001 0.28593799999999997 0.8572919999999999 0.29375 0.851042 0.299219 0.842708
0 0.101562 0.628125 0.104688 0.632292 0.110156 0.634375 0.11640600000000001 0.634375 0.11953100000000001 0.630208 0.121875 0.625 0.120313 0.619792 0.11640600000000001 0.613542 0.11484399999999999 0.608333 0.113281 0.603125 0.108594 0.603125 0.105469 0.604167 0.101562 0.609375 0.1 0.615625 0.099219 0.621875 0.101562 0.628125
0 0.124219 0.66875 0.128125 0.670833 0.13281199999999999 0.671875 0.139063 0.667708 0.141406 0.6625 0.142187 0.655208 0.141406 0.648958 0.13828100000000002 0.64375 0.132031 0.640625 0.125781 0.641667 0.121875 0.646875 0.11953100000000001 0.655208 0.120313 0.6625 0.124219 0.66875
0 0.105469 0.7520830000000001 0.110937 0.757292 0.11796899999999999 0.75625 0.12265600000000002 0.753125 0.125 0.745833 0.125781 0.738542 0.121875 0.73125 0.11484399999999999 0.726042 0.108594 0.729167 0.104688 0.735417 0.103125 0.744792 0.105469 0.7520830000000001
0 0.096875 0.7166669999999999 0.101562 0.723958 0.10703100000000002 0.728125 0.1125 0.728125 0.11796899999999999 0.723958 0.11953100000000001 0.7166669999999999 0.120313 0.710417 0.11875 0.703125 0.11484399999999999 0.7 0.109375 0.697917 0.10390600000000001 0.697917 0.1 0.703125 0.09765599999999999 0.709375 0.096875 0.7166669999999999
0 0.151562 0.733333 0.153125 0.738542 0.15625 0.744792 0.161719 0.748958 0.167187 0.7479169999999999 0.172656 0.74375 0.175 0.7375 0.175 0.7322919999999999 0.171094 0.726042 0.166406 0.7208330000000001 0.16015600000000002 0.719792 0.155469 0.719792 0.15234399999999998 0.725 0.151562 0.733333