0 0.33512 0.32660300000000003 0.33010799999999996 0.333286 0.32689 0.341707 0.325781 0.35104199999999997 0.32689 0.360377 0.33010799999999996 0.368798 0.33512 0.375481 0.34143599999999996 0.37977099999999997 0.34843799999999997 0.38125 0.355439 0.37977099999999997 0.361755 0.375481 0.366767 0.368798 0.369985 0.360377 0.371094 0.35104199999999997 0.369985 0.341707 0.366767 0.333286 0.361755 0.32660300000000003 0.355439 0.32231200000000004 0.34843799999999997 0.32083300000000003 0.34143599999999996 0.32231200000000004 0.33512 0.32660300000000003
0 0.37919 0.395419 0.375283 0.400181 0.37272500000000003 0.406251 0.371766 0.413034 0.3725 0.419867 0.37485599999999997 0.42608100000000004 0.378602 0.43106799999999995 0.383372 0.43433900000000003 0.388699 0.435574 0.394062 0.434652 0.398935 0.43166399999999994 0.402842 0.426902 0.40540000000000004 0.420833 0.40635899999999997 0.414049 0.405625 0.407216 0.403269 0.40100199999999997 0.39952299999999996 0.39601600000000003 0.394753 0.392745 0.389426 0.391509 0.384063 0.39243100000000003 0.37919 0.395419
0 0.299663 0.382808 0.295099 0.389192 0.29223699999999997 0.397144 0.29135900000000003 0.40588499999999994 0.292551 0.41456 0.295695 0.422319 0.30048400000000003 0.428404 0.30645 0.43221800000000005 0.313007 0.433388 0.319515 0.431799 0.325337 0.42760800000000004 0.329901 0.42122400000000004 0.33276300000000003 0.41327299999999995 0.33364099999999997 0.404532 0.332449 0.395857 0.329305 0.388097 0.32451599999999997 0.382013 0.31855 0.378199 0.311993 0.377029 0.305485 0.378617 0.299663 0.382808
0 0.31974800000000003 0.433817 0.315326 0.43986400000000003 0.312539 0.44741299999999995 0.31166 0.455724 0.31277499999999997 0.46398599999999995 0.31577500000000003 0.471388 0.32036600000000004 0.47720599999999996 0.3261 0.48087099999999994 0.33241299999999996 0.482024 0.33869 0.480552 0.344314 0.4766 0.34873699999999996 0.47055300000000005 0.351524 0.463004 0.352403 0.454692 0.351287 0.446431 0.348287 0.439029 0.343696 0.43321 0.337963 0.42954499999999995 0.33164899999999997 0.428392 0.325373 0.42986399999999997 0.31974800000000003 0.433817
0 0.325196 0.483159 0.320859 0.48890399999999995 0.318075 0.496143 0.317116 0.504167 0.318075 0.512191 0.320859 0.5194289999999999 0.325196 0.525174 0.330661 0.5288619999999999 0.336719 0.530133 0.342776 0.5288619999999999 0.34824099999999997 0.525174 0.352578 0.5194289999999999 0.355362 0.512191 0.35632199999999997 0.504167 0.355362 0.496143 0.352578 0.48890399999999995 0.34824099999999997 0.483159 0.342776 0.47947100000000004 0.336719 0.4782 0.330661 0.47947100000000004 0.325196 0.483159
0 0.503545 0.406749 0.499016 0.413727 0.496265 0.42231699999999994 0.49556300000000003 0.43167999999999995 0.49697699999999995 0.44089900000000004 0.500369 0.449071 0.505408 0.45539699999999994 0.5115999999999999 0.459258 0.518339 0.46027399999999996 0.524965 0.458348 0.53083 0.453667 0.5353589999999999 0.44669 0.53811 0.43810000000000004 0.538812 0.42873700000000003 0.537398 0.41951799999999995 0.534006 0.411345 0.528967 0.40501899999999996 0.522775 0.401159 0.5160359999999999 0.40014200000000005 0.50941 0.402069 0.503545 0.406749
0 0.30102 0.52789 0.296699 0.533651 0.293925 0.540911 0.292969 0.5489580000000001 0.293925 0.557006 0.296699 0.564265 0.30102 0.570026 0.306465 0.573725 0.3125 0.575 0.318535 0.573725 0.32398 0.570026 0.328301 0.564265 0.331075 0.557006 0.332031 0.5489580000000001 0.331075 0.540911 0.328301 0.533651 0.32398 0.52789 0.318535 0.524191 0.3125 0.522917 0.306465 0.524191 0.30102 0.52789
0 0.32367599999999996 0.568316 0.319355 0.573847 0.316581 0.580816 0.315625 0.588542 0.316581 0.596267 0.319355 0.603236 0.32367599999999996 0.6087670000000001 0.329121 0.6123179999999999 0.335156 0.613542 0.341192 0.6123179999999999 0.346636 0.6087670000000001 0.350957 0.603236 0.353732 0.596267 0.35468700000000003 0.588542 0.353732 0.580816 0.350957 0.573847 0.346636 0.568316 0.341192 0.564765 0.335156 0.563542 0.329121 0.564765 0.32367599999999996 0.568316
0 0.275478 0.423974 0.270886 0.43017399999999995 0.26792099999999996 0.43800800000000006 0.266872 0.44671000000000005 0.267843 0.45542800000000006 0.270737 0.463309 0.275273 0.46958200000000005 0.281005 0.47363099999999997 0.287373 0.475062 0.29375399999999996 0.473733 0.299522 0.46977599999999997 0.304114 0.46357600000000004 0.307079 0.455742 0.308128 0.44704 0.307157 0.438322 0.304263 0.43044099999999996 0.29972699999999997 0.424168 0.293995 0.420119 0.28762699999999997 0.41868800000000006 0.281246 0.420017 0.275478 0.423974
0 0.482201 0.357441 0.487104 0.350978 0.49028700000000003 0.342788 0.491439 0.333672 0.49044600000000005 0.324523 0.487406 0.316236 0.482616 0.309623 0.476546 0.305331 0.469788 0.30378 0.46300600000000003 0.305122 0.456862 0.30922499999999997 0.451958 0.315688 0.44877500000000003 0.323879 0.447623 0.33299500000000004 0.448616 0.342144 0.451656 0.35043 0.456446 0.357043 0.46251699999999996 0.361335 0.46927399999999997 0.362887 0.47605700000000006 0.361545 0.482201 0.357441
0 0.5474 0.31688700000000003 0.542778 0.322704 0.539704 0.330173 0.5384789999999999 0.338564 0.539222 0.34705400000000003 0.541862 0.354813 0.5461400000000001 0.361081 0.551637 0.365245 0.557815 0.366897 0.564069 0.365875 0.569787 0.36228 0.574409 0.35646300000000003 0.577484 0.348993 0.578709 0.340603 0.5779650000000001 0.332113 0.5753250000000001 0.324354 0.571047 0.318086 0.56555 0.313922 0.559373 0.31227 0.5531189999999999 0.313291 0.5474 0.31688700000000003
0 0.48573500000000003 0.35630799999999996 0.481116 0.362433 0.478116 0.370196 0.47702799999999995 0.378837 0.47796000000000005 0.38751 0.480819 0.395366 0.485327 0.401637 0.49104200000000003 0.405708 0.49740399999999996 0.407181 0.503791 0.405912 0.509577 0.40202499999999997 0.514197 0.39590000000000003 0.517197 0.388138 0.518284 0.37949700000000003 0.5173530000000001 0.370824 0.514493 0.362967 0.509985 0.356696 0.5042709999999999 0.352625 0.49790799999999996 0.351152 0.49152199999999996 0.352421 0.48573500000000003 0.35630799999999996
0 0.565026 0.5402319999999999 0.560515 0.546162 0.557652 0.55359 0.556716 0.5617880000000001 0.5577989999999999 0.569954 0.5607949999999999 0.577288 0.565412 0.583073 0.571196 0.586742 0.577582 0.587936 0.583945 0.586538 0.589661 0.582685 0.594172 0.576754 0.597036 0.569326 0.5979720000000001 0.561128 0.596889 0.5529620000000001 0.5938920000000001 0.545628 0.589276 0.539844 0.583492 0.536175 0.577105 0.5349809999999999 0.570743 0.5363789999999999 0.565026 0.5402319999999999
0 0.44369899999999995 0.36398600000000003 0.44828900000000005 0.35778 0.45128700000000005 0.34989499999999996 0.4524 0.341103 0.45151899999999995 0.332264 0.448731 0.324243 0.44430800000000004 0.31782499999999997 0.438684 0.31364000000000003 0.432408 0.31209600000000004 0.426095 0.313345 0.42036300000000004 0.317264 0.41577400000000003 0.32347000000000004 0.41277600000000003 0.331355 0.411663 0.34014700000000003 0.412543 0.348986 0.415331 0.35700699999999996 0.419754 0.363425 0.42537900000000006 0.36761 0.431655 0.369154 0.437967 0.36790500000000004 0.44369899999999995 0.36398600000000003
0 0.5244570000000001 0.366432 0.520136 0.372193 0.517362 0.379453 0.516406 0.3875 0.517362 0.395547 0.520136 0.40280699999999997 0.5244570000000001 0.408568 0.529902 0.41226700000000005 0.535937 0.41354199999999997 0.541973 0.41226700000000005 0.547418 0.408568 0.551739 0.40280699999999997 0.554513 0.395547 0.555469 0.3875 0.554513 0.379453 0.551739 0.372193 0.547418 0.366432 0.541973 0.362733 0.535937 0.361458 0.529902 0.362733 0.5244570000000001 0.366432
0 0.5915429999999999 0.403557 0.586524 0.41020599999999996 0.583284 0.41861 0.582138 0.42794499999999996 0.5831999999999999 0.43729699999999994 0.586365 0.445752 0.591323 0.452481 0.5975900000000001 0.45682600000000007 0.6045510000000001 0.458362 0.611526 0.45693799999999996 0.617832 0.452693 0.622851 0.446044 0.626091 0.43764000000000003 0.6272369999999999 0.42830500000000005 0.626175 0.418953 0.6230100000000001 0.41049800000000003 0.6180519999999999 0.40376899999999993 0.611785 0.399424 0.604824 0.397888 0.597849 0.399312 0.5915429999999999 0.403557
0 0.7305699999999999 0.44371400000000005 0.725904 0.44970600000000005 0.722907 0.457256 0.721875 0.465625 0.722907 0.47399399999999997 0.725904 0.48154399999999997 0.7305699999999999 0.48753599999999997 0.7364499999999999 0.491383 0.742969 0.49270800000000003 0.749487 0.491383 0.755367 0.48753599999999997 0.760034 0.48154399999999997 0.76303 0.47399399999999997 0.764062 0.465625 0.76303 0.457256 0.760034 0.44970600000000005 0.755367 0.44371400000000005 0.749487 0.439867 0.742969 0.438542 0.7364499999999999 0.439867 0.7305699999999999 0.44371400000000005
0 0.65226 0.487066 0.648112 0.49259700000000006 0.6454489999999999 0.499566 0.644531 0.507292 0.6454489999999999 0.5150170000000001 0.648112 0.521986 0.65226 0.527517 0.6574869999999999 0.531068 0.663281 0.532292 0.6690750000000001 0.531068 0.674302 0.527517 0.67845 0.521986 0.681114 0.5150170000000001 0.682031 0.507292 0.681114 0.499566 0.67845 0.49259700000000006 0.674302 0.487066 0.6690750000000001 0.483515 0.663281 0.482292 0.6574869999999999 0.483515 0.65226 0.487066
0 0.7158640000000001 0.531015 0.711543 0.5367759999999999 0.708768 0.544036 0.707812 0.552083 0.708768 0.5601309999999999 0.711543 0.56739 0.7158640000000001 0.573151 0.721308 0.5768500000000001 0.727344 0.578125 0.733379 0.5768500000000001 0.7388239999999999 0.573151 0.743145 0.56739 0.745919 0.5601309999999999 0.746875 0.552083 0.745919 0.544036 0.743145 0.5367759999999999 0.7388239999999999 0.531015 0.733379 0.527316 0.727344 0.526042 0.721308 0.527316 0.7158640000000001 0.531015
0 0.6944480000000001 0.48915 0.6902999999999999 0.49467999999999995 0.687636 0.5016499999999999 0.686719 0.509375 0.687636 0.5171 0.6902999999999999 0.52407 0.6944480000000001 0.5296000000000001 0.6996749999999999 0.5331509999999999 0.705469 0.534375 0.711263 0.5331509999999999 0.7164900000000001 0.5296000000000001 0.720638 0.52407 0.723301 0.5171 0.724219 0.509375 0.723301 0.5016499999999999 0.720638 0.49467999999999995 0.7164900000000001 0.48915 0.711263 0.485599 0.705469 0.484375 0.6996749999999999 0.485599 0.6944480000000001 0.48915
0 0.361498 0.439547 0.357004 0.445539 0.35411899999999996 0.453089 0.353125 0.46145800000000003 0.35411899999999996 0.46982799999999997 0.357004 0.477378 0.361498 0.483369 0.36716099999999996 0.487216 0.373437 0.488542 0.379714 0.487216 0.38537699999999997 0.483369 0.38987099999999997 0.477378 0.392756 0.46982799999999997 0.39375 0.46145800000000003 0.392756 0.453089 0.38987099999999997 0.445539 0.38537699999999997 0.439547 0.379714 0.435701 0.373437 0.434375 0.36716099999999996 0.435701 0.361498 0.439547
0 0.431111 0.43298800000000004 0.427065 0.439475 0.42472899999999997 0.447298 0.424331 0.455691 0.425911 0.463834 0.42931299999999994 0.47092799999999996 0.43420500000000006 0.476279 0.44010800000000005 0.479364 0.44644300000000003 0.47988099999999995 0.452592 0.477778 0.457951 0.47326199999999996 0.46199700000000005 0.466775 0.464333 0.458952 0.464731 0.450559 0.463152 0.442416 0.45974899999999996 0.43532200000000004 0.45485800000000004 0.429971 0.44895500000000005 0.426886 0.442619 0.42636900000000005 0.43647099999999994 0.428472 0.431111 0.43298800000000004
0 0.361637 0.5801179999999999 0.357359 0.5857129999999999 0.35457700000000003 0.592809 0.353566 0.600711 0.35442300000000004 0.608645 0.357065 0.615835 0.361233 0.621576 0.366519 0.625308 0.372406 0.626665 0.37831800000000004 0.625513 0.383675 0.621965 0.387954 0.6163700000000001 0.390735 0.609274 0.39174699999999996 0.6013729999999999 0.39089 0.5934389999999999 0.38824800000000004 0.586249 0.38408000000000003 0.580507 0.378793 0.576775 0.372906 0.575419 0.366995 0.5765710000000001 0.361637 0.5801179999999999
0 0.5431269999999999 0.409537 0.53901 0.414861 0.5362739999999999 0.42168700000000003 0.535188 0.42934700000000003 0.535858 0.437092 0.538218 0.44416200000000006 0.542037 0.44986699999999996 0.546942 0.453648 0.5524519999999999 0.455134 0.5580269999999999 0.45418000000000003 0.563123 0.45088 0.56724 0.445556 0.569976 0.43872999999999995 0.571062 0.43106999999999995 0.570392 0.423325 0.568032 0.416254 0.564213 0.41054899999999994 0.5593079999999999 0.406769 0.553798 0.405283 0.548223 0.40623699999999996 0.5431269999999999 0.409537
0 0.458476 0.622657 0.462643 0.6168389999999999 0.465267 0.609577 0.46609 0.601581 0.465032 0.593635 0.462197 0.586515 0.457863 0.58092 0.45245199999999997 0.577396 0.44649599999999995 0.576288 0.44057700000000005 0.5777059999999999 0.435274 0.58151 0.431107 0.5873280000000001 0.42848300000000006 0.59459 0.42766000000000004 0.602585 0.42871800000000004 0.610532 0.43155299999999996 0.6176510000000001 0.43588699999999997 0.623247 0.441298 0.626771 0.44725400000000004 0.627878 0.45317299999999994 0.626461 0.458476 0.622657
0 0.467371 0.40344100000000005 0.46269499999999997 0.409298 0.45960599999999996 0.416793 0.45840699999999995 0.425194 0.45921399999999996 0.433678 0.461948 0.441414 0.466343 0.44764600000000004 0.47196699999999997 0.45176299999999997 0.478271 0.453362 0.48463700000000004 0.452287 0.490442 0.448642 0.49511700000000003 0.442786 0.498206 0.43529 0.499406 0.42688899999999996 0.498599 0.418405 0.49586399999999997 0.41066900000000006 0.49146999999999996 0.404437 0.485845 0.40032100000000004 0.479542 0.398721 0.47317600000000004 0.399797 0.467371 0.40344100000000005
0 0.532695 0.620574 0.536862 0.6147560000000001 0.539486 0.607494 0.5403089999999999 0.599498 0.5392509999999999 0.591551 0.536416 0.584432 0.532081 0.578836 0.526671 0.575312 0.520715 0.574205 0.514795 0.575623 0.509493 0.579426 0.5053259999999999 0.585244 0.502702 0.592506 0.501879 0.600502 0.5029359999999999 0.608449 0.505771 0.615568 0.5101060000000001 0.621164 0.515517 0.624688 0.5214730000000001 0.625795 0.5273920000000001 0.624377 0.532695 0.620574
0 0.49591700000000005 0.613445 0.499826 0.607926 0.502299 0.601019 0.503093 0.593401 0.502132 0.585817 0.49950900000000004 0.57901 0.495482 0.573645 0.49044299999999996 0.570249 0.48488699999999996 0.569153 0.479357 0.5704640000000001 0.474395 0.574055 0.470487 0.579574 0.468014 0.586481 0.46721899999999994 0.594099 0.46818 0.601683 0.47080299999999997 0.60849 0.474831 0.613855 0.479869 0.617251 0.48542500000000005 0.618347 0.49095500000000003 0.6170359999999999 0.49591700000000005 0.613445
0 0.526703 0.5339229999999999 0.522679 0.539775 0.5201819999999999 0.5470360000000001 0.519457 0.554995 0.520574 0.562873 0.523425 0.569899 0.52773 0.575384 0.533068 0.578793 0.5389160000000001 0.579791 0.544702 0.5782809999999999 0.549859 0.5744100000000001 0.553883 0.568558 0.55638 0.5612969999999999 0.557105 0.553338 0.5559879999999999 0.5454600000000001 0.553137 0.538435 0.548833 0.532949 0.543495 0.52954 0.537647 0.5285420000000001 0.5318609999999999 0.530052 0.526703 0.5339229999999999
0 0.6874170000000001 0.5641499999999999 0.683268 0.56968 0.680605 0.57665 0.679688 0.584375 0.680605 0.5921000000000001 0.683268 0.59907 0.6874170000000001 0.6046 0.692643 0.608151 0.698438 0.609375 0.704232 0.608151 0.7094579999999999 0.6046 0.713607 0.59907 0.71627 0.5921000000000001 0.717187 0.584375 0.71627 0.57665 0.713607 0.56968 0.7094579999999999 0.5641499999999999 0.704232 0.5605990000000001 0.698438 0.559375 0.692643 0.5605990000000001 0.6874170000000001 0.5641499999999999
0 0.6717920000000001 0.52665 0.667643 0.53218 0.66498 0.53915 0.664062 0.546875 0.66498 0.5546 0.667643 0.56157 0.6717920000000001 0.5671 0.677018 0.570651 0.682813 0.571875 0.688607 0.570651 0.6938329999999999 0.5671 0.697982 0.56157 0.700645 0.5546 0.701562 0.546875 0.700645 0.53915 0.697982 0.53218 0.6938329999999999 0.52665 0.688607 0.523099 0.682813 0.521875 0.677018 0.523099 0.6717920000000001 0.52665
0 0.673171 0.605275 0.6772509999999999 0.599906 0.679887 0.593119 0.680821 0.585578 0.679962 0.578021 0.677393 0.571188 0.673367 0.5657479999999999 0.668277 0.562233 0.662621 0.560988 0.656953 0.562134 0.651829 0.565559 0.647749 0.570928 0.645113 0.577715 0.6441790000000001 0.585256 0.645038 0.592812 0.647607 0.599645 0.651633 0.605085 0.6567230000000001 0.6086 0.6623789999999999 0.609845 0.668047 0.608699 0.673171 0.605275
0 0.681021 0.359757 0.67635 0.36546599999999996 0.673229 0.372822 0.6719630000000001 0.381104 0.672678 0.38950300000000004 0.6753020000000001 0.397196 0.679579 0.40343 0.68509 0.407595 0.691296 0.409283 0.697589 0.408329 0.703354 0.404826 0.708025 0.399117 0.7111460000000001 0.391762 0.7124119999999999 0.383479 0.711697 0.37507999999999997 0.709073 0.367387 0.704796 0.361153 0.6992849999999999 0.35698799999999997 0.693079 0.3553 0.686786 0.35625399999999996 0.681021 0.359757
0 0.703649 0.398902 0.6989110000000001 0.404404 0.6956559999999999 0.411616 0.694203 0.419832 0.6946939999999999 0.42824799999999996 0.6970799999999999 0.43604000000000004 0.701129 0.442446 0.7064440000000001 0.44683799999999996 0.7125049999999999 0.448787 0.718718 0.448101 0.724476 0.444848 0.729214 0.439346 0.732469 0.432134 0.733922 0.423918 0.733431 0.41550200000000004 0.7310450000000001 0.40770999999999996 0.726996 0.401304 0.721681 0.39691200000000004 0.71562 0.394963 0.709407 0.39564900000000003 0.703649 0.398902
0 0.658819 0.406431 0.6632629999999999 0.400901 0.666255 0.393753 0.667503 0.385688 0.666884 0.377494 0.6644599999999999 0.369973 0.660468 0.363862 0.6552979999999999 0.35975999999999997 0.649456 0.358066 0.6435150000000001 0.358948 0.638056 0.362319 0.6336120000000001 0.367849 0.63062 0.37499699999999997 0.629372 0.383062 0.629991 0.391256 0.6324150000000001 0.398777 0.636407 0.40488799999999997 0.6415770000000001 0.40899 0.647419 0.410684 0.6533599999999999 0.409802 0.658819 0.406431
0 0.66693 0.408277 0.662192 0.413779 0.658937 0.420991 0.657484 0.429207 0.657975 0.437623 0.660362 0.445415 0.6644110000000001 0.451821 0.669726 0.456213 0.6757869999999999 0.458162 0.682 0.45747600000000005 0.6877570000000001 0.454223 0.692495 0.44872100000000004 0.69575 0.44150900000000004 0.697203 0.43329300000000004 0.696713 0.42487700000000006 0.694326 0.417085 0.690277 0.410679 0.684962 0.406287 0.678901 0.404338 0.6726880000000001 0.40502399999999994 0.66693 0.408277
0 0.63351 0.527691 0.629362 0.5332220000000001 0.626699 0.540191 0.625781 0.547917 0.626699 0.555642 0.629362 0.562611 0.63351 0.568142 0.638737 0.571693 0.644531 0.572917 0.650325 0.571693 0.6555519999999999 0.568142 0.6597000000000001 0.562611 0.662364 0.555642 0.663281 0.547917 0.662364 0.540191 0.6597000000000001 0.5332220000000001 0.6555519999999999 0.527691 0.650325 0.5241399999999999 0.644531 0.522917 0.638737 0.5241399999999999 0.63351 0.527691
0 0.6148 0.568566 0.610805 0.5741590000000001 0.608275 0.58116 0.60746 0.588884 0.608437 0.596574 0.611113 0.603477 0.615224 0.608919 0.620369 0.612366 0.626043 0.6134809999999999 0.6316919999999999 0.612155 0.6367619999999999 0.608517 0.640758 0.602924 0.643287 0.595923 0.644103 0.5882 0.6431250000000001 0.5805100000000001 0.64045 0.5736060000000001 0.636339 0.568164 0.631194 0.564717 0.6255189999999999 0.563602 0.6198699999999999 0.564929 0.6148 0.568566
0 0.3992 0.577238 0.39483799999999997 0.582368 0.39189799999999997 0.58902 0.39066900000000004 0.596544 0.39127100000000004 0.604201 0.39364499999999997 0.611243 0.397559 0.616981 0.40263 0.620853 0.40836100000000003 0.622479 0.41419100000000003 0.621702 0.41955 0.6185959999999999 0.42391199999999996 0.6134649999999999 0.42685199999999995 0.606813 0.428081 0.59929 0.42747900000000005 0.5916319999999999 0.425105 0.58459 0.421191 0.578852 0.41612 0.5749799999999999 0.410389 0.5733539999999999 0.404559 0.574132 0.3992 0.577238
0 0.452763 0.538544 0.44820099999999996 0.54394 0.44511500000000004 0.550948 0.44380699999999995 0.558883 0.444405 0.5669679999999999 0.446851 0.5744119999999999 0.450905 0.580486 0.456171 0.584595 0.462133 0.586338 0.46820700000000004 0.585543 0.47379899999999997 0.5822890000000001 0.478362 0.576894 0.481448 0.569886 0.482756 0.5619500000000001 0.482158 0.5538649999999999 0.47971199999999997 0.5464209999999999 0.475657 0.540347 0.47039099999999995 0.536238 0.46443 0.5344949999999999 0.45835499999999996 0.53529 0.452763 0.538544
0 0.49053800000000003 0.5331870000000001 0.486456 0.538706 0.483854 0.545635 0.48298500000000005 0.5532980000000001 0.483934 0.560944 0.48660899999999996 0.567825 0.49074799999999996 0.573266 0.495945 0.576736 0.5016930000000001 0.577895 0.5074270000000001 0.576629 0.512587 0.573063 0.516669 0.567544 0.519271 0.5606150000000001 0.5201399999999999 0.552952 0.519191 0.545306 0.516516 0.5384249999999999 0.5123770000000001 0.532984 0.50718 0.529514 0.501432 0.528355 0.49569799999999997 0.529621 0.49053800000000003 0.5331870000000001
0 0.471788 0.49464600000000003 0.467706 0.500164 0.465104 0.507094 0.46423500000000006 0.514757 0.465184 0.522403 0.46785899999999997 0.5292830000000001 0.471998 0.534725 0.47719500000000004 0.538195 0.482943 0.539354 0.48867700000000003 0.538088 0.49383699999999997 0.534521 0.497919 0.529003 0.500521 0.522073 0.50139 0.51441 0.500441 0.506764 0.49776600000000004 0.49988299999999997 0.49362700000000004 0.494442 0.48843 0.490972 0.48268199999999994 0.489813 0.476948 0.49107900000000004 0.471788 0.49464600000000003
0 0.577256 0.488396 0.573175 0.493914 0.570573 0.5008440000000001 0.569704 0.508507 0.570653 0.516153 0.573328 0.5230330000000001 0.5774670000000001 0.528475 0.5826640000000001 0.531945 0.588411 0.533104 0.5941460000000001 0.531838 0.599306 0.5282709999999999 0.603387 0.522753 0.60599 0.5158229999999999 0.606859 0.50816 0.605909 0.500514 0.6032339999999999 0.493633 0.5990960000000001 0.488192 0.593898 0.484722 0.588151 0.483563 0.582417 0.48482900000000007 0.577256 0.488396
0 0.525272 0.45218600000000003 0.520963 0.457855 0.518197 0.464998 0.517244 0.472917 0.518197 0.480835 0.520963 0.487979 0.525272 0.49364800000000003 0.530701 0.49728700000000003 0.536719 0.49854200000000004 0.542737 0.49728700000000003 0.5481659999999999 0.49364800000000003 0.552474 0.487979 0.555241 0.480835 0.556194 0.472917 0.555241 0.464998 0.552474 0.457855 0.5481659999999999 0.45218600000000003 0.542737 0.448546 0.536719 0.447292 0.530701 0.448546 0.525272 0.45218600000000003
0 0.559543 0.369405 0.55549 0.374923 0.552887 0.381876 0.551991 0.389583 0.552887 0.397291 0.55549 0.404244 0.559543 0.409762 0.564651 0.413304 0.570312 0.414525 0.575974 0.413304 0.581082 0.409762 0.585135 0.404244 0.587738 0.397291 0.588634 0.389583 0.587738 0.381876 0.585135 0.374923 0.581082 0.369405 0.575974 0.365862 0.570312 0.364642 0.564651 0.365862 0.559543 0.369405
0 0.5069440000000001 0.49256200000000006 0.502863 0.498081 0.50026 0.50501 0.499391 0.512673 0.5003409999999999 0.520319 0.503016 0.5272 0.507154 0.532641 0.512352 0.536111 0.5180990000000001 0.53727 0.523833 0.5360039999999999 0.528994 0.532438 0.533075 0.526919 0.535677 0.5199900000000001 0.536546 0.512327 0.535597 0.5046809999999999 0.532922 0.49779999999999996 0.528783 0.492359 0.523586 0.488889 0.517839 0.48773 0.512104 0.48899600000000004 0.5069440000000001 0.49256200000000006
0 0.37933 0.341186 0.37449 0.347869 0.371383 0.35629 0.37031200000000003 0.365625 0.371383 0.37496 0.37449 0.383381 0.37933 0.390064 0.385428 0.394355 0.392188 0.395833 0.398947 0.394355 0.405045 0.390064 0.40988499999999994 0.383381 0.412992 0.37496 0.41406200000000004 0.365625 0.412992 0.35629 0.40988499999999994 0.347869 0.405045 0.341186 0.398947 0.336895 0.392188 0.33541699999999997 0.385428 0.336895 0.37933 0.341186
0 0.4375 0.580615 0.44185800000000003 0.575317 0.44479499999999994 0.568459 0.446023 0.560711 0.445423 0.552833 0.44305399999999995 0.5455949999999999 0.43914600000000004 0.539706 0.43408300000000005 0.535742 0.42836100000000005 0.534092 0.422539 0.5349160000000001 0.41718700000000003 0.538135 0.41283000000000003 0.543433 0.409893 0.550291 0.408664 0.5580390000000001 0.409264 0.565917 0.411634 0.5731550000000001 0.415541 0.579044 0.420604 0.583008 0.426327 0.584658 0.432149 0.583834 0.4375 0.580615
0 0.295312 0.511458 0.3 0.515625 0.30468799999999996 0.5177080000000001 0.30781200000000003 0.516667 0.31171899999999997 0.516667 0.315625 0.514583 0.31875 0.5135419999999999 0.321094 0.511458 0.32031200000000004 0.50625 0.32031200000000004 0.5020830000000001 0.321094 0.498958 0.321875 0.494792 0.32343700000000003 0.49166699999999997 0.325 0.489583 0.326562 0.4875 0.325 0.482292 0.322656 0.47708300000000003 0.31875 0.473958 0.314844 0.469792 0.310937 0.467708 0.30468799999999996 0.467708 0.3 0.470833 0.29218700000000003 0.47604199999999997 0.289844 0.482292 0.289844 0.49166699999999997 0.289844 0.501042 0.29218700000000003 0.50625 0.295312 0.511458
0 0.38281200000000004 0.527083 0.38593700000000003 0.527083 0.390625 0.526042 0.39375 0.523958 0.399219 0.5177080000000001 0.400781 0.511458 0.40156200000000003 0.504167 0.40156200000000003 0.497917 0.4 0.49166699999999997 0.392969 0.482292 0.388281 0.480208 0.383594 0.479167 0.378125 0.482292 0.373437 0.482292 0.367969 0.489583 0.365625 0.494792 0.364844 0.5 0.365625 0.507292 0.36718799999999996 0.514583 0.37031200000000003 0.520833 0.373437 0.523958 0.378125 0.526042 0.38281200000000004 0.527083
0 0.371875 0.551042 0.375 0.553125 0.377344 0.553125 0.380469 0.552083 0.38125 0.547917 0.382031 0.54375 0.383594 0.540625 0.385156 0.538542 0.3875 0.536458 0.390625 0.534375 0.392969 0.5333330000000001 0.394531 0.532292 0.39375 0.5291669999999999 0.392969 0.526042 0.392188 0.522917 0.390625 0.520833 0.388281 0.521875 0.38593700000000003 0.523958 0.38281200000000004 0.523958 0.378906 0.521875 0.37578100000000003 0.519792 0.371875 0.514583 0.37031200000000003 0.511458 0.369531 0.510417 0.365625 0.5135419999999999 0.3625 0.51875 0.360938 0.523958 0.36015600000000003 0.530208 0.360938 0.536458 0.361719 0.539583 0.365625 0.545833 0.367969 0.5489580000000001 0.371875 0.551042
0 0.382031 0.536458 0.378906 0.541667 0.378125 0.546875 0.377344 0.553125 0.378125 0.558333 0.37968799999999997 0.5645830000000001 0.382031 0.56875 0.384375 0.572917 0.389062 0.5760419999999999 0.392969 0.577083 0.397656 0.578125 0.40156200000000003 0.5760419999999999 0.407813 0.572917 0.410156 0.569792 0.411719 0.565625 0.41093799999999997 0.561458 0.411719 0.557292 0.411719 0.555208 0.4125 0.551042 0.41406200000000004 0.546875 0.4125 0.540625 0.410156 0.5375 0.407813 0.534375 0.404687 0.53125 0.4 0.5291669999999999 0.394531 0.5291669999999999 0.39140600000000003 0.5291669999999999 0.386719 0.53125 0.382031 0.536458
0 0.403906 0.471875 0.40625 0.478125 0.410156 0.484375 0.414844 0.488542 0.42109399999999997 0.489583 0.42656299999999997 0.488542 0.42968799999999996 0.488542 0.432031 0.485417 0.435156 0.482292 0.43671899999999997 0.478125 0.43828100000000003 0.473958 0.43281200000000003 0.470833 0.42968799999999996 0.467708 0.427344 0.46145800000000003 0.427344 0.45625 0.427344 0.451042 0.427344 0.446875 0.428125 0.442708 0.42265600000000003 0.441667 0.41875 0.441667 0.414844 0.442708 0.411719 0.44479199999999997 0.408594 0.447917 0.40625 0.453125 0.403906 0.458333 0.403906 0.465625 0.403906 0.471875
0 0.449219 0.527083 0.45234399999999997 0.526042 0.458594 0.522917 0.4625 0.5177080000000001 0.46406200000000003 0.5135419999999999 0.464844 0.509375 0.467187 0.5020830000000001 0.465625 0.49270800000000003 0.4625 0.484375 0.459375 0.48125 0.45625 0.478125 0.45234399999999997 0.475 0.446875 0.47604199999999997 0.44375 0.47604199999999997 0.440625 0.47604199999999997 0.4375 0.478125 0.433594 0.483333 0.430469 0.488542 0.428125 0.494792 0.428125 0.5 0.428906 0.50625 0.42968799999999996 0.511458 0.43281200000000003 0.516667 0.43671899999999997 0.521875 0.44218799999999997 0.525 0.44531200000000004 0.527083 0.449219 0.527083
0 0.413281 0.530208 0.416406 0.532292 0.420312 0.532292 0.424219 0.532292 0.427344 0.53125 0.430469 0.530208 0.432031 0.528125 0.434375 0.525 0.435937 0.521875 0.43671899999999997 0.516667 0.434375 0.5135419999999999 0.43281200000000003 0.510417 0.432031 0.507292 0.43125 0.503125 0.43125 0.497917 0.43125 0.49375 0.43281200000000003 0.49166699999999997 0.42968799999999996 0.488542 0.42656299999999997 0.4875 0.423438 0.4875 0.419531 0.486458 0.416406 0.4875 0.411719 0.488542 0.408594 0.49166699999999997 0.40546899999999997 0.497917 0.403906 0.504167 0.403906 0.511458 0.404687 0.5177080000000001 0.40625 0.521875 0.409375 0.527083 0.413281 0.530208
0 0.42109399999999997 0.439583 0.424219 0.441667 0.42656299999999997 0.442708 0.42968799999999996 0.442708 0.430469 0.439583 0.432031 0.436458 0.433594 0.434375 0.435937 0.432292 0.43828100000000003 0.43125 0.440625 0.43020800000000003 0.442969 0.43020800000000003 0.447656 0.43020800000000003 0.44843700000000003 0.426042 0.44843700000000003 0.419792 0.44843700000000003 0.415625 0.446875 0.410417 0.44375 0.405208 0.441406 0.402083 0.43828100000000003 0.39895800000000003 0.435156 0.39791699999999997 0.43125 0.396875 0.427344 0.39791699999999997 0.42265600000000003 0.4 0.419531 0.402083 0.417969 0.404167 0.415625 0.408333 0.41406200000000004 0.41354199999999997 0.41406200000000004 0.419792 0.41406200000000004 0.425 0.415625 0.43125 0.417969 0.435417 0.42109399999999997 0.439583
0 0.45390600000000003 0.371875 0.449219 0.373958 0.446094 0.376042 0.442969 0.380208 0.441406 0.386458 0.439844 0.391667 0.439844 0.396875 0.440625 0.403125 0.44218799999999997 0.409375 0.444531 0.41354199999999997 0.447656 0.415625 0.450781 0.41875 0.45390600000000003 0.419792 0.45781299999999997 0.420833 0.4625 0.419792 0.463281 0.415625 0.464844 0.4125 0.467187 0.409375 0.46953100000000003 0.407292 0.471875 0.405208 0.475781 0.403125 0.475781 0.395833 0.475781 0.389583 0.474219 0.385417 0.471875 0.379167 0.46875 0.376042 0.466406 0.373958 0.4625 0.371875 0.45781299999999997 0.370833 0.45390600000000003 0.371875
0 0.484375 0.486458 0.485938 0.489583 0.490625 0.49270800000000003 0.49375 0.495833 0.497656 0.496875 0.501563 0.496875 0.505469 0.495833 0.509375 0.49270800000000003 0.5125 0.490625 0.515625 0.486458 0.517188 0.483333 0.517969 0.47708300000000003 0.51875 0.472917 0.51875 0.46875 0.51875 0.464583 0.517969 0.46145800000000003 0.514062 0.454167 0.510156 0.453125 0.507031 0.451042 0.504687 0.448958 0.503125 0.446875 0.502344 0.44583300000000003 0.496094 0.446875 0.49375 0.447917 0.48906299999999997 0.451042 0.48515600000000003 0.455208 0.482812 0.46041699999999997 0.482031 0.464583 0.48125 0.472917 0.482031 0.480208 0.484375 0.486458
0 0.552344 0.457292 0.550781 0.46145800000000003 0.550781 0.463542 0.551562 0.466667 0.552344 0.469792 0.552344 0.475 0.552344 0.478125 0.555469 0.483333 0.557813 0.486458 0.560937 0.488542 0.564844 0.490625 0.56875 0.49166699999999997 0.574219 0.490625 0.577344 0.4875 0.582031 0.482292 0.585156 0.47708300000000003 0.585938 0.472917 0.586719 0.467708 0.585938 0.4625 0.584375 0.455208 0.58125 0.451042 0.576562 0.446875 0.571875 0.44479199999999997 0.56875 0.44375 0.564844 0.442708 0.564063 0.44479199999999997 0.560937 0.446875 0.559375 0.448958 0.555469 0.45 0.553906 0.454167 0.552344 0.457292
0 0.570312 0.5 0.569531 0.495833 0.567187 0.49166699999999997 0.564844 0.489583 0.560156 0.485417 0.557031 0.483333 0.555469 0.483333 0.553125 0.483333 0.550781 0.483333 0.548438 0.4875 0.546875 0.489583 0.54375 0.49166699999999997 0.541406 0.49270800000000003 0.538281 0.49270800000000003 0.536719 0.497917 0.535937 0.503125 0.535937 0.508333 0.535937 0.514583 0.5375 0.51875 0.539844 0.522917 0.54375 0.527083 0.546875 0.5291669999999999 0.550781 0.530208 0.553906 0.530208 0.557813 0.530208 0.560937 0.528125 0.567187 0.522917 0.56875 0.51875 0.570312 0.515625 0.570312 0.510417 0.571094 0.50625 0.570312 0.5
0 0.566406 0.613542 0.56875 0.6114580000000001 0.570312 0.608333 0.571875 0.605208 0.573438 0.602083 0.573438 0.598958 0.574219 0.594792 0.574219 0.5916669999999999 0.574219 0.5875 0.573438 0.582292 0.569531 0.58125 0.567969 0.579167 0.565625 0.5760419999999999 0.564063 0.572917 0.5625 0.571875 0.561719 0.56875 0.561719 0.567708 0.558594 0.566667 0.555469 0.566667 0.553125 0.566667 0.550781 0.567708 0.549219 0.569792 0.546875 0.571875 0.545312 0.572917 0.54375 0.573958 0.542188 0.575 0.540625 0.5760419999999999 0.539062 0.579167 0.538281 0.584375 0.538281 0.589583 0.538281 0.594792 0.538281 0.598958 0.540625 0.6072919999999999 0.542969 0.610417 0.545312 0.6125 0.549219 0.614583 0.553906 0.616667 0.557031 0.616667 0.559375 0.616667 0.563281 0.615625 0.566406 0.613542
0 0.602344 0.6072919999999999 0.603906 0.605208 0.60625 0.602083 0.607031 0.597917 0.607812 0.594792 0.608594 0.588542 0.607812 0.58125 0.607031 0.575 0.603125 0.570833 0.600781 0.567708 0.597656 0.566667 0.594531 0.565625 0.592969 0.569792 0.591406 0.573958 0.589063 0.577083 0.585938 0.579167 0.582812 0.582292 0.579688 0.583333 0.578125 0.582292 0.575781 0.582292 0.573438 0.582292 0.571875 0.582292 0.571875 0.590625 0.572656 0.5958330000000001 0.574219 0.601042 0.576562 0.604167 0.580469 0.609375 0.584375 0.6114580000000001 0.589063 0.6125 0.592969 0.6125 0.596094 0.6114580000000001 0.599219 0.609375 0.602344 0.6072919999999999
0 0.604688 0.494792 0.607812 0.497917 0.610938 0.498958 0.614062 0.498958 0.617969 0.498958 0.620313 0.497917 0.623437 0.496875 0.625 0.495833 0.627344 0.49375 0.63125 0.488542 0.632812 0.484375 0.634375 0.480208 0.634375 0.475 0.634375 0.469792 0.634375 0.466667 0.633594 0.46145800000000003 0.632031 0.458333 0.63125 0.45625 0.629687 0.454167 0.627344 0.451042 0.625 0.447917 0.621875 0.447917 0.617969 0.44479199999999997 0.615625 0.447917 0.613281 0.45 0.608594 0.451042 0.605469 0.452083 0.603125 0.451042 0.600781 0.451042 0.596875 0.458333 0.595313 0.4625 0.59375 0.466667 0.59375 0.472917 0.594531 0.479167 0.595313 0.482292 0.597656 0.4875 0.600781 0.490625 0.604688 0.494792
0 0.591406 0.546875 0.592969 0.554167 0.59375 0.557292 0.594531 0.559375 0.594531 0.561458 0.59375 0.5645830000000001 0.592969 0.569792 0.59375 0.569792 0.596094 0.569792 0.598437 0.570833 0.599219 0.572917 0.601562 0.573958 0.604688 0.575 0.607812 0.575 0.610938 0.575 0.613281 0.575 0.614062 0.572917 0.617188 0.570833 0.619531 0.56875 0.621875 0.567708 0.624219 0.566667 0.625 0.5645830000000001 0.626563 0.5604169999999999 0.627344 0.55625 0.627344 0.5489580000000001 0.627344 0.541667 0.626563 0.536458 0.622656 0.53125 0.61875 0.5291669999999999 0.614062 0.526042 0.610156 0.525 0.607031 0.525 0.603125 0.527083 0.6 0.5291669999999999 0.596875 0.532292 0.596094 0.5333330000000001 0.592969 0.538542 0.589844 0.5447919999999999 0.591406 0.546875
0 0.613281 0.49375 0.610156 0.49375 0.607812 0.49270800000000003 0.60625 0.496875 0.60625 0.501042 0.60625 0.504167 0.605469 0.510417 0.605469 0.5135419999999999 0.607031 0.51875 0.608594 0.521875 0.610156 0.523958 0.6125 0.526042 0.617969 0.5291669999999999 0.619531 0.530208 0.623437 0.53125 0.627344 0.530208 0.632031 0.528125 0.635938 0.523958 0.639062 0.519792 0.640625 0.514583 0.641406 0.509375 0.641406 0.5020830000000001 0.639844 0.495833 0.638281 0.49166699999999997 0.635156 0.488542 0.628125 0.483333 0.628125 0.484375 0.626563 0.485417 0.625 0.488542 0.621875 0.49166699999999997 0.617188 0.49375 0.613281 0.49375
0 0.63125 0.47604199999999997 0.629687 0.480208 0.628125 0.484375 0.63125 0.486458 0.633594 0.488542 0.635938 0.490625 0.639062 0.49166699999999997 0.641406 0.49270800000000003 0.647656 0.49166699999999997 0.65 0.49166699999999997 0.653125 0.488542 0.65625 0.485417 0.658594 0.48125 0.660937 0.47604199999999997 0.661719 0.471875 0.661719 0.465625 0.661719 0.46041699999999997 0.660937 0.457292 0.659375 0.454167 0.657031 0.45 0.654687 0.446875 0.651563 0.44479199999999997 0.648438 0.44375 0.644531 0.442708 0.641406 0.442708 0.635938 0.44479199999999997 0.63125 0.447917 0.628906 0.451042 0.625781 0.454167 0.627344 0.45625 0.629687 0.46041699999999997 0.630469 0.464583 0.630469 0.466667 0.63125 0.471875 0.63125 0.47604199999999997
0 0.615625 0.40625 0.617969 0.410417 0.623437 0.40625 0.625781 0.404167 0.628125 0.4 0.630469 0.396875 0.63125 0.392708 0.632031 0.385417 0.632031 0.379167 0.630469 0.372917 0.628906 0.36875 0.627344 0.365625 0.623437 0.360417 0.620313 0.358333 0.615625 0.35625 0.6125 0.35625 0.608594 0.35625 0.60625 0.357292 0.602344 0.359375 0.600781 0.361458 0.597656 0.364583 0.595313 0.370833 0.59375 0.377083 0.592969 0.384375 0.59375 0.391667 0.595313 0.39791699999999997 0.598437 0.404167 0.6 0.403125 0.603125 0.402083 0.60625 0.402083 0.609375 0.404167 0.613281 0.405208 0.615625 0.40625
0 0.625781 0.40625 0.623437 0.405208 0.621094 0.405208 0.617969 0.405208 0.615625 0.407292 0.617188 0.409375 0.619531 0.4125 0.621875 0.416667 0.622656 0.421875 0.622656 0.425 0.622656 0.432292 0.621875 0.4375 0.620313 0.439583 0.61875 0.441667 0.617188 0.44479199999999997 0.619531 0.446875 0.622656 0.447917 0.625781 0.446875 0.628906 0.44375 0.63125 0.440625 0.633594 0.435417 0.634375 0.43125 0.635156 0.425 0.632812 0.416667 0.63125 0.411458 0.628906 0.409375 0.625781 0.40625
0 0.682813 0.489583 0.6875 0.488542 0.689844 0.4875 0.692969 0.486458 0.695312 0.484375 0.7 0.478125 0.701562 0.472917 0.701562 0.469792 0.702344 0.464583 0.702344 0.46041699999999997 0.701562 0.45625 0.700781 0.452083 0.698438 0.447917 0.696875 0.44583300000000003 0.694531 0.44375 0.691406 0.442708 0.689844 0.44479199999999997 0.6875 0.447917 0.684375 0.45 0.682813 0.452083 0.679688 0.453125 0.677344 0.453125 0.674219 0.452083 0.671094 0.451042 0.669531 0.45 0.667188 0.45625 0.666406 0.46041699999999997 0.666406 0.465625 0.667188 0.471875 0.667969 0.47604199999999997 0.669531 0.479167 0.671094 0.482292 0.678125 0.488542 0.682813 0.489583
0 0.73125 0.526042 0.733594 0.5291669999999999 0.736719 0.53125 0.740625 0.534375 0.745313 0.535417 0.748437 0.535417 0.753125 0.5333330000000001 0.759375 0.530208 0.760938 0.527083 0.7625 0.525 0.763281 0.522917 0.764844 0.5177080000000001 0.765625 0.515625 0.765625 0.5125 0.765625 0.509375 0.765625 0.505208 0.765625 0.503125 0.764062 0.5 0.7625 0.495833 0.760938 0.49375 0.760156 0.49166699999999997 0.757031 0.488542 0.755469 0.4875 0.752344 0.484375 0.75 0.486458 0.747656 0.4875 0.744531 0.4875 0.742969 0.488542 0.739844 0.4875 0.7375 0.486458 0.732812 0.490625 0.73125 0.494792 0.728906 0.498958 0.728125 0.504167 0.727344 0.508333 0.727344 0.5125 0.727344 0.516667 0.728125 0.520833 0.73125 0.526042