0 0.528656 0.764862 0.515806 0.7561329999999999 0.501563 0.753125 0.487319 0.7561329999999999 0.47446900000000003 0.764862 0.46427199999999996 0.778459 0.45772500000000005 0.795592 0.455469 0.8145830000000001 0.45772500000000005 0.8335750000000001 0.46427199999999996 0.850708 0.47446900000000003 0.864304 0.487319 0.873034 0.501563 0.876042 0.515806 0.873034 0.528656 0.864304 0.538853 0.850708 0.5454 0.8335750000000001 0.547656 0.8145830000000001 0.5454 0.795592 0.538853 0.778459 0.528656 0.764862
0 0.476771 0.85777 0.463704 0.848892 0.449219 0.8458330000000001 0.434734 0.848892 0.421666 0.85777 0.411296 0.8715970000000001 0.404638 0.88902 0.402344 0.9083330000000001 0.404638 0.927647 0.411296 0.94507 0.421666 0.958897 0.434734 0.967774 0.449219 0.9708330000000001 0.463704 0.967774 0.476771 0.958897 0.487141 0.94507 0.49379999999999996 0.927647 0.496094 0.9083330000000001 0.49379999999999996 0.88902 0.487141 0.8715970000000001 0.476771 0.85777
0 0.7144079999999999 0.762334 0.700906 0.753161 0.685937 0.75 0.670969 0.753161 0.657467 0.762334 0.646751 0.7766219999999999 0.6398710000000001 0.7946259999999999 0.6375 0.8145830000000001 0.6398710000000001 0.834541 0.646751 0.852544 0.657467 0.8668319999999999 0.670969 0.876006 0.685937 0.879167 0.700906 0.876006 0.7144079999999999 0.8668319999999999 0.725124 0.852544 0.732004 0.834541 0.734375 0.8145830000000001 0.732004 0.7946259999999999 0.725124 0.7766219999999999 0.7144079999999999 0.762334
0 0.661605 0.8663019999999999 0.64832 0.8572770000000001 0.633594 0.854167 0.6188670000000001 0.8572770000000001 0.605582 0.8663019999999999 0.595039 0.880359 0.58827 0.8980729999999999 0.585938 0.917708 0.58827 0.9373440000000001 0.595039 0.955057 0.605582 0.9691150000000001 0.6188670000000001 0.97814 0.633594 0.98125 0.64832 0.97814 0.661605 0.9691150000000001 0.672148 0.955057 0.678918 0.9373440000000001 0.68125 0.917708 0.678918 0.8980729999999999 0.672148 0.880359 0.661605 0.8663019999999999
0 0.567718 0.8721539999999999 0.554869 0.863425 0.540625 0.860417 0.526381 0.863425 0.513532 0.8721539999999999 0.503334 0.885751 0.496787 0.9028829999999999 0.494531 0.921875 0.496787 0.9408670000000001 0.503334 0.957999 0.513532 0.9715960000000001 0.526381 0.980325 0.540625 0.983333 0.554869 0.980325 0.567718 0.9715960000000001 0.577916 0.957999 0.5844630000000001 0.9408670000000001 0.586719 0.921875 0.5844630000000001 0.9028829999999999 0.577916 0.885751 0.567718 0.8721539999999999
0 0.8450900000000001 0.878353 0.8322269999999999 0.869614 0.8179690000000001 0.8666029999999999 0.80371 0.869614 0.790848 0.878353 0.78064 0.891963 0.7740859999999999 0.909114 0.771827 0.928125 0.7740859999999999 0.9471360000000001 0.78064 0.964287 0.790848 0.9778969999999999 0.80371 0.9866360000000001 0.8179690000000001 0.989647 0.8322269999999999 0.9866360000000001 0.8450900000000001 0.9778969999999999 0.855298 0.964287 0.8618520000000001 0.9471360000000001 0.8641099999999999 0.928125 0.8618520000000001 0.909114 0.855298 0.891963 0.8450900000000001 0.878353
0 0.613436 0.5829799999999999 0.5955779999999999 0.570847 0.575781 0.566667 0.555985 0.570847 0.538126 0.5829799999999999 0.523954 0.601877 0.5148539999999999 0.625688 0.511719 0.652083 0.5148539999999999 0.678479 0.523954 0.70229 0.538126 0.721187 0.555985 0.733319 0.575781 0.7375 0.5955779999999999 0.733319 0.613436 0.721187 0.627609 0.70229 0.6367079999999999 0.678479 0.639844 0.652083 0.6367079999999999 0.625688 0.627609 0.601877 0.613436 0.5829799999999999
0 0.422144 0.40907099999999996 0.40349 0.396398 0.38281200000000004 0.392031 0.362135 0.396398 0.34348100000000004 0.40907099999999996 0.32867799999999997 0.42880900000000005 0.31917300000000004 0.45368 0.315898 0.48125 0.31917300000000004 0.5088199999999999 0.32867799999999997 0.5336909999999999 0.34348100000000004 0.5534290000000001 0.362135 0.566102 0.38281200000000004 0.570469 0.40349 0.566102 0.422144 0.5534290000000001 0.436947 0.5336909999999999 0.446452 0.5088199999999999 0.44972700000000004 0.48125 0.446452 0.45368 0.436947 0.42880900000000005 0.422144 0.40907099999999996
0 0.364595 0.237495 0.34655800000000003 0.22524000000000002 0.326562 0.221018 0.306567 0.22524000000000002 0.28853 0.237495 0.274215 0.256581 0.26502400000000004 0.280632 0.261857 0.307292 0.26502400000000004 0.33395199999999997 0.274215 0.35800200000000004 0.28853 0.377089 0.306567 0.389343 0.326562 0.39356599999999997 0.34655800000000003 0.389343 0.364595 0.377089 0.37890999999999997 0.35800200000000004 0.388101 0.33395199999999997 0.391268 0.307292 0.388101 0.280632 0.37890999999999997 0.256581 0.364595 0.237495
0 0.501457 0.267699 0.48261000000000004 0.254895 0.461719 0.250483 0.44082699999999997 0.254895 0.421981 0.267699 0.407024 0.287641 0.39742099999999997 0.31277 0.394112 0.340625 0.39742099999999997 0.36848000000000003 0.407024 0.393609 0.421981 0.413551 0.44082699999999997 0.42635500000000004 0.461719 0.430767 0.48261000000000004 0.42635500000000004 0.501457 0.413551 0.516413 0.393609 0.526016 0.36848000000000003 0.5293249999999999 0.340625 0.526016 0.31277 0.516413 0.287641 0.501457 0.267699
0 0.57436 0.093545 0.554655 0.08015900000000001 0.532813 0.075546 0.51097 0.08015900000000001 0.491265 0.093545 0.47562800000000005 0.114395 0.465588 0.140668 0.462128 0.169792 0.465588 0.198915 0.47562800000000005 0.225188 0.491265 0.24603799999999998 0.51097 0.259425 0.532813 0.26403699999999997 0.554655 0.259425 0.57436 0.24603799999999998 0.589997 0.225188 0.600037 0.198915 0.6034970000000001 0.169792 0.600037 0.140668 0.589997 0.114395 0.57436 0.093545
0 0.633749 0.27048 0.61589 0.258347 0.596094 0.254167 0.5762970000000001 0.258347 0.558439 0.27048 0.544266 0.289377 0.5351670000000001 0.313188 0.532031 0.339583 0.5351670000000001 0.365979 0.544266 0.38978999999999997 0.558439 0.408687 0.5762970000000001 0.420819 0.596094 0.425 0.61589 0.420819 0.633749 0.408687 0.647921 0.38978999999999997 0.6570210000000001 0.365979 0.660156 0.339583 0.6570210000000001 0.313188 0.647921 0.289377 0.633749 0.27048
0 0.805682 0.444601 0.790019 0.43396 0.772656 0.43029400000000007 0.755294 0.43396 0.7396309999999999 0.444601 0.727201 0.461175 0.71922 0.482058 0.7164699999999999 0.505208 0.71922 0.528358 0.727201 0.549242 0.7396309999999999 0.565816 0.755294 0.5764560000000001 0.772656 0.580123 0.790019 0.5764560000000001 0.805682 0.565816 0.818112 0.549242 0.826092 0.528358 0.8288420000000001 0.505208 0.826092 0.482058 0.818112 0.461175 0.805682 0.444601
0 0.8785640000000001 0.304602 0.8627940000000001 0.29388899999999996 0.845313 0.290197 0.827831 0.29388899999999996 0.8120609999999999 0.304602 0.799546 0.321289 0.7915099999999999 0.342316 0.788741 0.365625 0.7915099999999999 0.388934 0.799546 0.409961 0.8120609999999999 0.42664799999999997 0.827831 0.437361 0.845313 0.441053 0.8627940000000001 0.437361 0.8785640000000001 0.42664799999999997 0.8910790000000001 0.409961 0.8991149999999999 0.388934 0.9018840000000001 0.365625 0.8991149999999999 0.342316 0.8910790000000001 0.321289 0.8785640000000001 0.304602
0 0.755809 0.30634100000000003 0.738603 0.294653 0.719531 0.290625 0.700459 0.294653 0.683254 0.30634100000000003 0.6696 0.32454700000000003 0.660833 0.347487 0.657813 0.372917 0.660833 0.398346 0.6696 0.421286 0.683254 0.439492 0.700459 0.45118099999999994 0.719531 0.455208 0.738603 0.45118099999999994 0.755809 0.439492 0.769463 0.421286 0.778229 0.398346 0.78125 0.372917 0.778229 0.347487 0.769463 0.32454700000000003 0.755809 0.30634100000000003
0 0.697505 0.44981600000000005 0.6794209999999999 0.43753000000000003 0.659375 0.43329700000000004 0.639329 0.43753000000000003 0.6212449999999999 0.44981600000000005 0.606893 0.468951 0.5976790000000001 0.493063 0.5945039999999999 0.519792 0.5976790000000001 0.54652 0.606893 0.570632 0.6212449999999999 0.5897669999999999 0.639329 0.602053 0.659375 0.606286 0.6794209999999999 0.602053 0.697505 0.5897669999999999 0.711857 0.570632 0.721071 0.54652 0.7242460000000001 0.519792 0.721071 0.493063 0.711857 0.468951 0.697505 0.44981600000000005
0 0.566427 0.42086100000000004 0.549743 0.40952700000000003 0.53125 0.405622 0.512757 0.40952700000000003 0.496073 0.42086100000000004 0.482833 0.43851399999999996 0.474333 0.46075900000000003 0.471404 0.485417 0.474333 0.510075 0.482833 0.532319 0.496073 0.549972 0.512757 0.561306 0.53125 0.565211 0.549743 0.561306 0.566427 0.549972 0.5796669999999999 0.532319 0.588167 0.510075 0.5910960000000001 0.485417 0.588167 0.46075900000000003 0.5796669999999999 0.43851399999999996 0.566427 0.42086100000000004
0 0.7041769999999999 0.156602 0.6881160000000001 0.145691 0.670312 0.141931 0.652509 0.145691 0.636448 0.156602 0.623702 0.173597 0.615518 0.19501200000000002 0.612698 0.21875 0.615518 0.24248799999999998 0.623702 0.263903 0.636448 0.280898 0.652509 0.291809 0.670312 0.295569 0.6881160000000001 0.291809 0.7041769999999999 0.280898 0.716923 0.263903 0.7251070000000001 0.24248799999999998 0.727927 0.21875 0.7251070000000001 0.19501200000000002 0.716923 0.173597 0.7041769999999999 0.156602
0 0.491102 0.546323 0.473461 0.534338 0.45390600000000003 0.530208 0.43435100000000004 0.534338 0.41670999999999997 0.546323 0.40271100000000004 0.564989 0.393722 0.5885100000000001 0.390625 0.614583 0.393722 0.640657 0.40271100000000004 0.6641779999999999 0.41670999999999997 0.682844 0.43435100000000004 0.694829 0.45390600000000003 0.698958 0.473461 0.694829 0.491102 0.682844 0.505102 0.6641779999999999 0.51409 0.640657 0.517188 0.614583 0.51409 0.5885100000000001 0.505102 0.564989 0.491102 0.546323
0 0.614062 0.859375 0.63125 0.8416669999999999 0.641406 0.821875 0.641406 0.788542 0.630469 0.761458 0.603906 0.7479169999999999 0.561719 0.751042 0.546094 0.795833 0.55 0.83125 0.56875 0.853125 0.576562 0.863542 0.588281 0.866667 0.614062 0.859375
0 0.717187 0.7677080000000001 0.735156 0.7635419999999999 0.755469 0.754167 0.766406 0.7322919999999999 0.771875 0.709375 0.770312 0.692708 0.721094 0.6427080000000001 0.710156 0.64375 0.689844 0.659375 0.679688 0.683333 0.676562 0.7052080000000001 0.678906 0.7364580000000001 0.698438 0.758333 0.717187 0.7677080000000001
0 0.671094 0.657292 0.652344 0.632292 0.639062 0.629167 0.642188 0.6583330000000001 0.635156 0.682292 0.621094 0.711458 0.596094 0.7322919999999999 0.610156 0.7479169999999999 0.63125 0.755208 0.646875 0.755208 0.663281 0.740625 0.673438 0.7208330000000001 0.678906 0.6854169999999999 0.671094 0.657292
0 0.551562 0.759375 0.573438 0.735417 0.549219 0.725 0.527344 0.70625 0.5125 0.6541669999999999 0.503125 0.671875 0.488281 0.682292 0.48359399999999997 0.697917 0.488281 0.710417 0.49375 0.7375 0.50625 0.753125 0.532031 0.7635419999999999 0.551562 0.759375
0 0.742188 0.86875 0.714844 0.865625 0.688281 0.879167 0.677344 0.91875 0.68125 0.95 0.69375 0.96875 0.711719 0.977083 0.741406 0.971875 0.7625 0.947917 0.753906 0.8770830000000001 0.742188 0.86875
0 0.742969 0.859375 0.755469 0.8729169999999999 0.772656 0.882292 0.784375 0.879167 0.8117190000000001 0.865625 0.8210940000000001 0.853125 0.8289059999999999 0.83125 0.826562 0.797917 0.8148440000000001 0.777083 0.791406 0.765625 0.764062 0.769792 0.74375 0.786458 0.736719 0.808333 0.735938 0.834375 0.742969 0.859375
0 0.984375 0.885417 0.982812 0.840625 0.9625 0.808333 0.923438 0.811458 0.901563 0.829167 0.890625 0.854167 0.886719 0.865625 0.9476559999999999 0.921875 0.984375 0.885417
0 0.9914059999999999 0.7322919999999999 0.988281 0.698958 0.978125 0.678125 0.95625 0.666667 0.929688 0.672917 0.9054690000000001 0.7010419999999999 0.898438 0.744792 0.9007809999999999 0.755208 0.98125 0.758333 0.9914059999999999 0.7322919999999999