0 0.455853 0.25238499999999997 0.446778 0.24622000000000002 0.43671899999999997 0.244096 0.426659 0.24622000000000002 0.417585 0.25238499999999997 0.41038300000000005 0.261988 0.40575900000000004 0.274087 0.404166 0.2875 0.40575900000000004 0.300913 0.41038300000000005 0.31301199999999996 0.417585 0.322615 0.426659 0.32877999999999996 0.43671899999999997 0.330904 0.446778 0.32877999999999996 0.455853 0.322615 0.46305500000000005 0.31301199999999996 0.46767899999999996 0.300913 0.46927199999999997 0.2875 0.46767899999999996 0.274087 0.46305500000000005 0.261988 0.455853 0.25238499999999997
0 0.68826 0.355605 0.679748 0.34982199999999997 0.670312 0.347829 0.6608769999999999 0.34982199999999997 0.652365 0.355605 0.64561 0.364611 0.641273 0.375961 0.639778 0.388542 0.641273 0.401123 0.64561 0.412472 0.652365 0.421479 0.6608769999999999 0.427262 0.670312 0.42925399999999997 0.679748 0.427262 0.68826 0.421479 0.6950149999999999 0.412472 0.699352 0.401123 0.700847 0.388542 0.699352 0.375961 0.6950149999999999 0.364611 0.68826 0.355605
0 0.641115 0.15323199999999998 0.6319899999999999 0.147033 0.621875 0.144897 0.6117600000000001 0.147033 0.602635 0.15323199999999998 0.595393 0.162888 0.590744 0.17505500000000002 0.5891409999999999 0.18854200000000002 0.590744 0.20202900000000001 0.595393 0.214195 0.602635 0.22385100000000002 0.6117600000000001 0.23005 0.621875 0.232186 0.6319899999999999 0.23005 0.641115 0.22385100000000002 0.6483570000000001 0.214195 0.653006 0.20202900000000001 0.654609 0.18854200000000002 0.653006 0.17505500000000002 0.6483570000000001 0.162888 0.641115 0.15323199999999998
0 0.5163439999999999 0.156329 0.5074810000000001 0.150308 0.497656 0.148233 0.487831 0.150308 0.47896799999999995 0.156329 0.47193500000000005 0.16570800000000002 0.46741900000000003 0.177525 0.465862 0.190625 0.46741900000000003 0.203725 0.47193500000000005 0.21554199999999998 0.47896799999999995 0.224921 0.487831 0.23094199999999998 0.497656 0.23301699999999997 0.5074810000000001 0.23094199999999998 0.5163439999999999 0.224921 0.523378 0.21554199999999998 0.5278940000000001 0.203725 0.52945 0.190625 0.5278940000000001 0.177525 0.523378 0.16570800000000002 0.5163439999999999 0.156329
0 0.455307 0.169011 0.44649099999999997 0.163022 0.43671899999999997 0.160958 0.42694599999999994 0.163022 0.41813 0.169011 0.411134 0.17834 0.406642 0.190095 0.40509399999999995 0.203125 0.406642 0.216155 0.411134 0.22791 0.41813 0.23723900000000003 0.42694599999999994 0.243228 0.43671899999999997 0.245292 0.44649099999999997 0.243228 0.455307 0.23723900000000003 0.46230399999999994 0.22791 0.466796 0.216155 0.468344 0.203125 0.466796 0.190095 0.46230399999999994 0.17834 0.455307 0.169011
0 0.6266339999999999 0.233168 0.617708 0.227103 0.607812 0.225014 0.597917 0.227103 0.588991 0.233168 0.581907 0.24261300000000002 0.5773590000000001 0.254515 0.5757909999999999 0.267708 0.5773590000000001 0.280902 0.581907 0.292804 0.588991 0.302249 0.597917 0.308313 0.607812 0.310403 0.617708 0.308313 0.6266339999999999 0.302249 0.633718 0.292804 0.638266 0.280902 0.639834 0.267708 0.638266 0.254515 0.633718 0.24261300000000002 0.6266339999999999 0.233168
0 0.572225 0.195807 0.562796 0.18940099999999999 0.552344 0.187194 0.541892 0.18940099999999999 0.532463 0.195807 0.52498 0.20578400000000002 0.520176 0.218356 0.51852 0.232292 0.520176 0.24622799999999997 0.52498 0.25880000000000003 0.532463 0.268777 0.541892 0.275182 0.552344 0.27738999999999997 0.562796 0.275182 0.572225 0.268777 0.579707 0.25880000000000003 0.5845119999999999 0.24622799999999997 0.586167 0.232292 0.5845119999999999 0.218356 0.579707 0.20578400000000002 0.572225 0.195807
0 0.455307 0.169011 0.44649099999999997 0.163022 0.43671899999999997 0.160958 0.42694599999999994 0.163022 0.41813 0.169011 0.411134 0.17834 0.406642 0.190095 0.40509399999999995 0.203125 0.406642 0.216155 0.411134 0.22791 0.41813 0.23723900000000003 0.42694599999999994 0.243228 0.43671899999999997 0.245292 0.44649099999999997 0.243228 0.455307 0.23723900000000003 0.46230399999999994 0.22791 0.466796 0.216155 0.468344 0.203125 0.466796 0.190095 0.46230399999999994 0.17834 0.455307 0.169011
0 0.40052199999999993 0.120882 0.391382 0.114672 0.38125 0.11253200000000001 0.371118 0.114672 0.361978 0.120882 0.354724 0.130553 0.350066 0.14274 0.348462 0.15625 0.350066 0.16976 0.354724 0.181947 0.361978 0.191618 0.371118 0.197828 0.38125 0.19996799999999998 0.391382 0.197828 0.40052199999999993 0.191618 0.40777599999999997 0.181947 0.412434 0.16976 0.414038 0.15625 0.412434 0.14274 0.40777599999999997 0.130553 0.40052199999999993 0.120882
0 0.688407 0.261843 0.679084 0.255509 0.66875 0.25332699999999997 0.658416 0.255509 0.6490929999999999 0.261843 0.641695 0.271708 0.636945 0.284138 0.635308 0.297917 0.636945 0.31169600000000003 0.641695 0.324126 0.6490929999999999 0.33399 0.658416 0.34032399999999996 0.66875 0.34250600000000003 0.679084 0.34032399999999996 0.688407 0.33399 0.695805 0.324126 0.700555 0.31169600000000003 0.7021919999999999 0.297917 0.700555 0.284138 0.695805 0.271708 0.688407 0.261843
0 0.489844 0.14791700000000002 0.492969 0.13229200000000002 0.490625 0.11979200000000001 0.486719 0.109375 0.478906 0.101042 0.472656 0.094792 0.461719 0.091667 0.45234399999999997 0.091667 0.442969 0.101042 0.435156 0.1125 0.43281200000000003 0.128125 0.434375 0.13958299999999998 0.435937 0.145833 0.439844 0.15625 0.44375 0.160417 0.45234399999999997 0.16458299999999998 0.458594 0.169792 0.467187 0.171875 0.460156 0.16875 0.46093799999999996 0.167708 0.46875 0.171875 0.477344 0.159375 0.489844 0.14791700000000002
0 0.300781 0.14791700000000002 0.30781200000000003 0.15729200000000002 0.314063 0.16458299999999998 0.322656 0.167708 0.33281299999999997 0.167708 0.342187 0.1625 0.347656 0.15729200000000002 0.34843799999999997 0.145833 0.350781 0.136458 0.35468700000000003 0.129167 0.35625 0.12395799999999998 0.353906 0.11145799999999999 0.35156200000000004 0.10729200000000001 0.34843799999999997 0.098958 0.34375 0.094792 0.338281 0.090625 0.33281299999999997 0.0875 0.324219 0.088542 0.317969 0.090625 0.308594 0.096875 0.303125 0.10625 0.29765600000000003 0.11979200000000001 0.296875 0.135417 0.300781 0.14791700000000002
0 0.568099 0.11014399999999999 0.5591440000000001 0.104061 0.549219 0.101965 0.539293 0.104061 0.530339 0.11014399999999999 0.5232330000000001 0.119619 0.518671 0.13155699999999998 0.5170980000000001 0.144792 0.518671 0.158026 0.5232330000000001 0.169965 0.530339 0.17944 0.539293 0.185523 0.549219 0.187619 0.5591440000000001 0.185523 0.568099 0.17944 0.575205 0.169965 0.579767 0.158026 0.581339 0.144792 0.579767 0.13155699999999998 0.575205 0.119619 0.568099 0.11014399999999999
0 0.653125 0.23020800000000002 0.65625 0.242708 0.661719 0.254167 0.667188 0.253125 0.676562 0.254167 0.685937 0.261458 0.692187 0.265625 0.697656 0.264583 0.703906 0.259375 0.710156 0.25 0.7125 0.247917 0.715625 0.228125 0.714063 0.216667 0.710156 0.204167 0.703125 0.19375 0.69375 0.18645799999999998 0.686719 0.1875 0.672656 0.18854200000000002 0.660937 0.203125 0.655469 0.2125 0.655469 0.21354199999999998 0.653125 0.23020800000000002
0 0.342265 0.174823 0.33333599999999997 0.168757 0.32343700000000003 0.166667 0.313539 0.168757 0.30461 0.174823 0.297524 0.184272 0.29297399999999996 0.196177 0.291406 0.209375 0.29297399999999996 0.222573 0.297524 0.23447800000000002 0.30461 0.243927 0.313539 0.249993 0.32343700000000003 0.252083 0.33333599999999997 0.249993 0.342265 0.243927 0.349351 0.23447800000000002 0.353901 0.222573 0.355469 0.209375 0.353901 0.196177 0.349351 0.184272 0.342265 0.174823
0 0.568099 0.11014399999999999 0.5591440000000001 0.104061 0.549219 0.101965 0.539293 0.104061 0.530339 0.11014399999999999 0.5232330000000001 0.119619 0.518671 0.13155699999999998 0.5170980000000001 0.144792 0.518671 0.158026 0.5232330000000001 0.169965 0.530339 0.17944 0.539293 0.185523 0.549219 0.187619 0.5591440000000001 0.185523 0.568099 0.17944 0.575205 0.169965 0.579767 0.158026 0.581339 0.144792 0.579767 0.13155699999999998 0.575205 0.119619 0.568099 0.11014399999999999
0 0.285607 0.217238 0.276871 0.21130300000000002 0.267188 0.209258 0.257504 0.21130300000000002 0.24876800000000002 0.217238 0.24183500000000002 0.226482 0.23738399999999998 0.23813 0.23584999999999998 0.251042 0.23738399999999998 0.263953 0.24183500000000002 0.275601 0.24876800000000002 0.284845 0.257504 0.29078 0.267188 0.292825 0.276871 0.29078 0.285607 0.284845 0.29253999999999997 0.275601 0.296991 0.263953 0.29852500000000004 0.251042 0.296991 0.23813 0.29253999999999997 0.226482 0.285607 0.217238
0 0.568099 0.11014399999999999 0.5591440000000001 0.104061 0.549219 0.101965 0.539293 0.104061 0.530339 0.11014399999999999 0.5232330000000001 0.119619 0.518671 0.13155699999999998 0.5170980000000001 0.144792 0.518671 0.158026 0.5232330000000001 0.169965 0.530339 0.17944 0.539293 0.185523 0.549219 0.187619 0.5591440000000001 0.185523 0.568099 0.17944 0.575205 0.169965 0.579767 0.158026 0.581339 0.144792 0.579767 0.13155699999999998 0.575205 0.119619 0.568099 0.11014399999999999
0 0.402013 0.214113 0.393278 0.20817800000000003 0.383594 0.20613299999999998 0.37391 0.20817800000000003 0.365174 0.214113 0.358241 0.22335699999999997 0.35379 0.235005 0.352256 0.247917 0.35379 0.260828 0.358241 0.272476 0.365174 0.28172 0.37391 0.287655 0.383594 0.28969999999999996 0.393278 0.287655 0.402013 0.28172 0.408946 0.272476 0.41339699999999996 0.260828 0.414931 0.247917 0.41339699999999996 0.235005 0.408946 0.22335699999999997 0.402013 0.214113
0 0.342992 0.256173 0.334088 0.250124 0.324219 0.24803999999999998 0.314349 0.250124 0.305445 0.256173 0.29838 0.265594 0.29384299999999997 0.27746499999999996 0.29228 0.290625 0.29384299999999997 0.303785 0.29838 0.315656 0.305445 0.325077 0.314349 0.331126 0.324219 0.33321 0.334088 0.331126 0.342992 0.325077 0.350058 0.315656 0.354595 0.303785 0.35615800000000003 0.290625 0.354595 0.27746499999999996 0.350058 0.265594 0.342992 0.256173
0 0.518026 0.329027 0.509106 0.322967 0.49921899999999997 0.320879 0.48933099999999996 0.322967 0.480411 0.329027 0.47333299999999995 0.338465 0.468788 0.350358 0.467222 0.363542 0.468788 0.37672500000000003 0.47333299999999995 0.388618 0.480411 0.398056 0.48933099999999996 0.404116 0.49921899999999997 0.40620399999999995 0.509106 0.404116 0.518026 0.398056 0.525105 0.388618 0.52965 0.37672500000000003 0.531216 0.363542 0.52965 0.350358 0.525105 0.338465 0.518026 0.329027
0 0.343453 0.25532699999999997 0.334331 0.249129 0.324219 0.246994 0.314107 0.249129 0.30498400000000003 0.25532699999999997 0.29774500000000004 0.26497899999999996 0.293097 0.277142 0.291495 0.290625 0.293097 0.304108 0.29774500000000004 0.316271 0.30498400000000003 0.325923 0.314107 0.332121 0.324219 0.334256 0.334331 0.332121 0.343453 0.325923 0.35069300000000003 0.316271 0.355341 0.304108 0.356942 0.290625 0.355341 0.277142 0.35069300000000003 0.26497899999999996 0.343453 0.25532699999999997
0 0.343453 0.25532699999999997 0.334331 0.249129 0.324219 0.246994 0.314107 0.249129 0.30498400000000003 0.25532699999999997 0.29774500000000004 0.26497899999999996 0.293097 0.277142 0.291495 0.290625 0.293097 0.304108 0.29774500000000004 0.316271 0.30498400000000003 0.325923 0.314107 0.332121 0.324219 0.334256 0.334331 0.332121 0.343453 0.325923 0.35069300000000003 0.316271 0.355341 0.304108 0.356942 0.290625 0.355341 0.277142 0.35069300000000003 0.26497899999999996 0.343453 0.25532699999999997
0 0.24599000000000001 0.27763 0.23751699999999998 0.271874 0.228125 0.269891 0.218733 0.271874 0.21025999999999997 0.27763 0.20353500000000002 0.28659599999999996 0.199218 0.297893 0.19773000000000002 0.310417 0.199218 0.32294 0.20353500000000002 0.334237 0.21025999999999997 0.34320300000000004 0.218733 0.348959 0.228125 0.350943 0.23751699999999998 0.348959 0.24599000000000001 0.34320300000000004 0.25271499999999997 0.334237 0.25703200000000004 0.32294 0.25851999999999997 0.310417 0.25703200000000004 0.297893 0.25271499999999997 0.28659599999999996 0.24599000000000001 0.27763
0 0.518026 0.245694 0.509106 0.23963399999999999 0.49921899999999997 0.23754599999999998 0.48933099999999996 0.23963399999999999 0.480411 0.245694 0.47333299999999995 0.255132 0.468788 0.26702499999999996 0.467222 0.280208 0.468788 0.293392 0.47333299999999995 0.305285 0.480411 0.314723 0.48933099999999996 0.320783 0.49921899999999997 0.322871 0.509106 0.320783 0.518026 0.314723 0.525105 0.305285 0.52965 0.293392 0.531216 0.280208 0.52965 0.26702499999999996 0.525105 0.255132 0.518026 0.245694
0 0.799662 0.456444 0.790559 0.45026 0.780469 0.44812900000000006 0.770378 0.45026 0.761276 0.456444 0.754052 0.466076 0.749414 0.47821300000000005 0.747816 0.49166699999999997 0.749414 0.50512 0.754052 0.5172570000000001 0.761276 0.5268889999999999 0.770378 0.533073 0.780469 0.535204 0.790559 0.533073 0.799662 0.5268889999999999 0.8068860000000001 0.5172570000000001 0.811524 0.50512 0.8131220000000001 0.49166699999999997 0.811524 0.47821300000000005 0.8068860000000001 0.466076 0.799662 0.456444
0 0.518026 0.329027 0.509106 0.322967 0.49921899999999997 0.320879 0.48933099999999996 0.322967 0.480411 0.329027 0.47333299999999995 0.338465 0.468788 0.350358 0.467222 0.363542 0.468788 0.37672500000000003 0.47333299999999995 0.388618 0.480411 0.398056 0.48933099999999996 0.404116 0.49921899999999997 0.40620399999999995 0.509106 0.404116 0.518026 0.398056 0.525105 0.388618 0.52965 0.37672500000000003 0.531216 0.363542 0.52965 0.350358 0.525105 0.338465 0.518026 0.329027
0 0.570651 0.293879 0.5623389999999999 0.288232 0.553125 0.286286 0.543911 0.288232 0.535599 0.293879 0.529003 0.302674 0.524768 0.313757 0.523309 0.326042 0.524768 0.338327 0.529003 0.34940899999999997 0.535599 0.358204 0.543911 0.36385100000000004 0.553125 0.36579700000000004 0.5623389999999999 0.36385100000000004 0.570651 0.358204 0.5772470000000001 0.34940899999999997 0.581482 0.338327 0.582941 0.326042 0.581482 0.313757 0.5772470000000001 0.302674 0.570651 0.293879
0 0.6265620000000001 0.328484 0.6180399999999999 0.322695 0.608594 0.3207 0.599147 0.322695 0.590626 0.328484 0.583863 0.337501 0.579521 0.34886300000000003 0.578025 0.361458 0.579521 0.374053 0.583863 0.385415 0.590626 0.394433 0.599147 0.400222 0.608594 0.402217 0.6180399999999999 0.400222 0.6265620000000001 0.394433 0.633324 0.385415 0.6376660000000001 0.374053 0.639163 0.361458 0.6376660000000001 0.34886300000000003 0.633324 0.337501 0.6265620000000001 0.328484
0 0.45390499999999995 0.33681700000000003 0.44538399999999995 0.331028 0.435937 0.329033 0.42649100000000006 0.331028 0.41797000000000006 0.33681700000000003 0.411207 0.345835 0.406865 0.357197 0.405369 0.369792 0.406865 0.382387 0.411207 0.393749 0.41797000000000006 0.402766 0.42649100000000006 0.40855499999999995 0.435937 0.41055 0.44538399999999995 0.40855499999999995 0.45390499999999995 0.402766 0.46066799999999997 0.393749 0.46501000000000003 0.382387 0.46650600000000003 0.369792 0.46501000000000003 0.357197 0.46066799999999997 0.345835 0.45390499999999995 0.33681700000000003
0 0.399877 0.29225 0.391413 0.28650000000000003 0.382031 0.284519 0.372649 0.28650000000000003 0.364186 0.29225 0.357469 0.301206 0.35315599999999997 0.31249099999999996 0.35167000000000004 0.325 0.35315599999999997 0.337509 0.357469 0.348794 0.364186 0.35775 0.372649 0.3635 0.382031 0.365481 0.391413 0.3635 0.399877 0.35775 0.406594 0.348794 0.41090600000000005 0.337509 0.412392 0.325 0.41090600000000005 0.31249099999999996 0.406594 0.301206 0.399877 0.29225
0 0.299639 0.319378 0.290918 0.313453 0.28125 0.311411 0.271582 0.313453 0.262861 0.319378 0.25594 0.328606 0.251496 0.340235 0.249965 0.353125 0.251496 0.366015 0.25594 0.377644 0.262861 0.386872 0.271582 0.392797 0.28125 0.394839 0.290918 0.392797 0.299639 0.386872 0.30656 0.377644 0.311004 0.366015 0.312535 0.353125 0.311004 0.340235 0.30656 0.328606 0.299639 0.319378
0 0.238707 0.356867 0.229983 0.35094 0.220312 0.34889800000000004 0.210642 0.35094 0.201918 0.356867 0.194994 0.366098 0.190549 0.377731 0.189017 0.390625 0.190549 0.403519 0.194994 0.41515199999999997 0.201918 0.424383 0.210642 0.43030999999999997 0.220312 0.432352 0.229983 0.43030999999999997 0.238707 0.424383 0.24563100000000002 0.41515199999999997 0.250076 0.403519 0.251608 0.390625 0.250076 0.377731 0.24563100000000002 0.366098 0.238707 0.356867
0 0.25403600000000004 0.437876 0.24471199999999999 0.431541 0.234375 0.429358 0.22403800000000001 0.431541 0.214714 0.437876 0.207313 0.447743 0.202562 0.460176 0.20092500000000002 0.473958 0.202562 0.48773999999999995 0.207313 0.500174 0.214714 0.5100399999999999 0.22403800000000001 0.516375 0.234375 0.518558 0.24471199999999999 0.516375 0.25403600000000004 0.5100399999999999 0.26143700000000003 0.500174 0.266188 0.48773999999999995 0.267825 0.473958 0.266188 0.460176 0.26143700000000003 0.447743 0.25403600000000004 0.437876
0 0.311422 0.40636799999999995 0.3023 0.400171 0.29218700000000003 0.398035 0.28207499999999996 0.400171 0.272953 0.40636799999999995 0.265714 0.41602100000000003 0.261066 0.428184 0.25946400000000003 0.441667 0.261066 0.455149 0.265714 0.467312 0.272953 0.47696500000000003 0.28207499999999996 0.483162 0.29218700000000003 0.48529799999999995 0.3023 0.483162 0.311422 0.47696500000000003 0.31866099999999997 0.467312 0.32330899999999996 0.455149 0.324911 0.441667 0.32330899999999996 0.428184 0.31866099999999997 0.41602100000000003 0.311422 0.40636799999999995
0 0.411224 0.39670700000000003 0.40256600000000003 0.390825 0.392969 0.38879800000000003 0.383371 0.390825 0.37471299999999996 0.39670700000000003 0.367842 0.405868 0.363431 0.417412 0.361911 0.43020800000000003 0.363431 0.443005 0.367842 0.454549 0.37471299999999996 0.46371 0.383371 0.469592 0.392969 0.471619 0.40256600000000003 0.469592 0.411224 0.46371 0.418095 0.454549 0.422506 0.443005 0.424027 0.43020800000000003 0.422506 0.417412 0.418095 0.405868 0.411224 0.39670700000000003
0 0.362203 0.458452 0.353081 0.45225400000000004 0.34296899999999997 0.45011900000000005 0.332857 0.45225400000000004 0.323734 0.458452 0.316495 0.468104 0.311847 0.480267 0.310245 0.49375 0.311847 0.507233 0.316495 0.519396 0.323734 0.529048 0.332857 0.535246 0.34296899999999997 0.537381 0.353081 0.535246 0.362203 0.529048 0.369443 0.519396 0.374091 0.507233 0.375692 0.49375 0.374091 0.480267 0.369443 0.468104 0.362203 0.458452
0 0.303536 0.49127 0.294819 0.485348 0.285156 0.48330700000000004 0.275493 0.485348 0.266776 0.49127 0.259859 0.500494 0.255417 0.512116 0.25388700000000003 0.525 0.255417 0.537884 0.259859 0.5495059999999999 0.266776 0.55873 0.275493 0.5646519999999999 0.285156 0.566693 0.294819 0.5646519999999999 0.303536 0.55873 0.310454 0.5495059999999999 0.31489500000000004 0.537884 0.316426 0.525 0.31489500000000004 0.512116 0.310454 0.500494 0.303536 0.49127
0 0.490255 0.40064500000000003 0.481538 0.394723 0.471875 0.39268200000000003 0.46221199999999996 0.394723 0.45349500000000004 0.40064500000000003 0.446577 0.40986900000000004 0.442136 0.42149099999999995 0.44060499999999997 0.434375 0.442136 0.447259 0.446577 0.458881 0.45349500000000004 0.468105 0.46221199999999996 0.474027 0.471875 0.476068 0.481538 0.474027 0.490255 0.468105 0.497173 0.458881 0.501614 0.447259 0.5031450000000001 0.434375 0.501614 0.42149099999999995 0.497173 0.40986900000000004 0.490255 0.40064500000000003
0 0.449121 0.46199500000000004 0.44064500000000006 0.45623699999999995 0.43125 0.454253 0.421855 0.45623699999999995 0.41337900000000005 0.46199500000000004 0.40665300000000004 0.47096400000000005 0.402334 0.48226500000000005 0.40084600000000004 0.494792 0.402334 0.5073190000000001 0.40665300000000004 0.5186200000000001 0.41337900000000005 0.527588 0.421855 0.533346 0.43125 0.53533 0.44064500000000006 0.533346 0.449121 0.527588 0.455847 0.5186200000000001 0.46016599999999996 0.5073190000000001 0.46165399999999995 0.494792 0.46016599999999996 0.48226500000000005 0.455847 0.47096400000000005 0.449121 0.46199500000000004
0 0.549128 0.40429899999999996 0.540278 0.398287 0.530469 0.396216 0.520659 0.398287 0.51181 0.40429899999999996 0.504787 0.413663 0.500278 0.425462 0.498724 0.438542 0.500278 0.451621 0.504787 0.46342 0.51181 0.472784 0.520659 0.478796 0.530469 0.48086799999999996 0.540278 0.478796 0.549128 0.472784 0.5561510000000001 0.46342 0.56066 0.451621 0.5622130000000001 0.438542 0.56066 0.425462 0.5561510000000001 0.413663 0.549128 0.40429899999999996
0 0.628463 0.41158700000000004 0.620151 0.405941 0.610938 0.403995 0.601724 0.405941 0.593412 0.41158700000000004 0.586816 0.42038200000000003 0.58258 0.43146500000000004 0.581121 0.44375 0.58258 0.45603499999999997 0.586816 0.467118 0.593412 0.475913 0.601724 0.481559 0.610938 0.48350499999999996 0.620151 0.481559 0.628463 0.475913 0.635059 0.467118 0.639295 0.45603499999999997 0.640754 0.44375 0.639295 0.43146500000000004 0.635059 0.42038200000000003 0.628463 0.41158700000000004
0 0.689469 0.43502799999999997 0.6807540000000001 0.429108 0.671094 0.42706799999999995 0.6614329999999999 0.429108 0.652719 0.43502799999999997 0.645802 0.44425 0.641362 0.455869 0.639832 0.46875 0.641362 0.481631 0.645802 0.49325 0.652719 0.502472 0.6614329999999999 0.508392 0.671094 0.510432 0.6807540000000001 0.508392 0.689469 0.502472 0.696385 0.49325 0.700825 0.481631 0.7023550000000001 0.46875 0.700825 0.455869 0.696385 0.44425 0.689469 0.43502799999999997
0 0.748155 0.29905 0.739026 0.292849 0.728906 0.290711 0.7187870000000001 0.292849 0.709658 0.29905 0.7024130000000001 0.30871 0.6977610000000001 0.320882 0.696159 0.334375 0.6977610000000001 0.347868 0.7024130000000001 0.36004 0.709658 0.36970000000000003 0.7187870000000001 0.375901 0.728906 0.378039 0.739026 0.375901 0.748155 0.36970000000000003 0.7554000000000001 0.36004 0.760051 0.347868 0.7616539999999999 0.334375 0.760051 0.320882 0.7554000000000001 0.30871 0.748155 0.29905
0 0.776729 0.374661 0.767757 0.368566 0.757812 0.366466 0.747868 0.368566 0.738896 0.374661 0.731777 0.384154 0.727206 0.396115 0.72563 0.409375 0.727206 0.422635 0.731777 0.434596 0.738896 0.44408899999999996 0.747868 0.450184 0.757812 0.452284 0.767757 0.450184 0.776729 0.44408899999999996 0.783848 0.434596 0.788419 0.422635 0.789995 0.409375 0.788419 0.396115 0.783848 0.384154 0.776729 0.374661
0 0.30625 0.38125 0.308594 0.4 0.314063 0.409375 0.32343700000000003 0.416667 0.329688 0.419792 0.338281 0.422917 0.346875 0.420833 0.35859399999999997 0.4125 0.364844 0.402083 0.367969 0.3875 0.36875 0.373958 0.366406 0.364583 0.363281 0.357292 0.357812 0.347917 0.349219 0.342708 0.34296899999999997 0.340625 0.335156 0.340625 0.326562 0.342708 0.319531 0.347917 0.314063 0.354167 0.31328100000000003 0.354167 0.3125 0.354167 0.308594 0.372917 0.30625 0.38125
0 0.728125 0.290625 0.739844 0.292708 0.748437 0.3 0.753906 0.296875 0.7625 0.28958300000000003 0.766406 0.280208 0.770312 0.27291699999999997 0.771094 0.260417 0.769531 0.24479199999999998 0.764062 0.233333 0.757031 0.226042 0.744531 0.220833 0.73125 0.22395800000000002 0.723437 0.22916699999999998 0.7170888578125 0.236785259375 0.714063 0.246875 0.710156 0.260417 0.710938 0.27395800000000003 0.714844 0.283333 0.721094 0.291667 0.728125 0.290625
0 0.761719 0.340625 0.758594 0.355208 0.764062 0.36875 0.772656 0.372917 0.777344 0.378125 0.783594 0.378125 0.797656 0.378125 0.808594 0.371875 0.815625 0.35625 0.8195309999999999 0.338542 0.816406 0.326042 0.8117190000000001 0.311458 0.797656 0.3 0.783594 0.295833 0.76875 0.302083 0.760156 0.315625 0.758594 0.316667 0.760938 0.330208 0.761719 0.340625
0 0.789844 0.402083 0.788281 0.420833 0.785156 0.435417 0.789844 0.45 0.797656 0.454167 0.801562 0.458333 0.807813 0.46041699999999997 0.8210940000000001 0.459375 0.832031 0.451042 0.8414059999999999 0.436458 0.8445309999999999 0.422917 0.842187 0.40625 0.8367190000000001 0.392708 0.826562 0.38333300000000003 0.814063 0.38125 0.799219 0.385417 0.789062 0.391667 0.8 0.38333300000000003 0.788281 0.390625 0.789844 0.402083
0 0.586621 0.467204 0.578145 0.461446 0.56875 0.459461 0.5593549999999999 0.461446 0.550879 0.467204 0.544153 0.47617200000000004 0.539834 0.48747299999999993 0.538346 0.5 0.539834 0.5125270000000001 0.544153 0.523828 0.550879 0.532796 0.5593549999999999 0.538554 0.56875 0.540539 0.578145 0.538554 0.586621 0.532796 0.593347 0.523828 0.597666 0.5125270000000001 0.599154 0.5 0.597666 0.48747299999999993 0.593347 0.47617200000000004 0.586621 0.467204
0 0.43299899999999997 0.7158979999999999 0.423648 0.709544 0.413281 0.707355 0.40291499999999997 0.709544 0.393563 0.7158979999999999 0.386142 0.725793 0.38137699999999997 0.738262 0.379735 0.7520830000000001 0.38137699999999997 0.765905 0.386142 0.778374 0.393563 0.788269 0.40291499999999997 0.794622 0.413281 0.796811 0.423648 0.794622 0.43299899999999997 0.788269 0.440421 0.778374 0.44518500000000005 0.765905 0.44682700000000003 0.7520830000000001 0.44518500000000005 0.738262 0.440421 0.725793 0.43299899999999997 0.7158979999999999
0 0.51084 0.476579 0.502364 0.47082100000000005 0.492969 0.46883600000000003 0.483573 0.47082100000000005 0.475098 0.476579 0.468371 0.48554700000000006 0.464053 0.49684799999999996 0.462565 0.509375 0.464053 0.5219020000000001 0.468371 0.533203 0.475098 0.542171 0.483573 0.547929 0.492969 0.549914 0.502364 0.547929 0.51084 0.542171 0.517566 0.533203 0.5218849999999999 0.5219020000000001 0.5233730000000001 0.509375 0.5218849999999999 0.49684799999999996 0.517566 0.48554700000000006 0.51084 0.476579
0 0.555372 0.534518 0.546525 0.5285070000000001 0.536719 0.526436 0.526912 0.5285070000000001 0.518065 0.534518 0.5110439999999999 0.543879 0.506537 0.555674 0.504984 0.56875 0.506537 0.5818260000000001 0.5110439999999999 0.593621 0.518065 0.602982 0.526912 0.608993 0.536719 0.611064 0.546525 0.608993 0.555372 0.602982 0.5623929999999999 0.593621 0.566901 0.5818260000000001 0.568454 0.56875 0.566901 0.555674 0.5623929999999999 0.543879 0.555372 0.534518
0 0.470216 0.537643 0.46136900000000003 0.531632 0.451562 0.529561 0.441756 0.531632 0.432909 0.537643 0.42588800000000004 0.547004 0.42138099999999995 0.5587989999999999 0.419827 0.571875 0.42138099999999995 0.584951 0.42588800000000004 0.596746 0.432909 0.606107 0.441756 0.6121179999999999 0.451562 0.614189 0.46136900000000003 0.6121179999999999 0.470216 0.606107 0.47723699999999997 0.596746 0.48174400000000006 0.584951 0.483298 0.571875 0.48174400000000006 0.5587989999999999 0.47723699999999997 0.547004 0.470216 0.537643
0 0.40615300000000004 0.519934 0.39730699999999997 0.513924 0.3875 0.511853 0.377693 0.513924 0.36884700000000004 0.519934 0.361826 0.5292950000000001 0.35731799999999997 0.541091 0.355765 0.554167 0.35731799999999997 0.567242 0.361826 0.5790379999999999 0.36884700000000004 0.588399 0.377693 0.594409 0.3875 0.59648 0.39730699999999997 0.594409 0.40615300000000004 0.588399 0.413174 0.5790379999999999 0.417682 0.567242 0.419235 0.554167 0.417682 0.541091 0.413174 0.5292950000000001 0.40615300000000004 0.519934
0 0.345997 0.550143 0.33715 0.5441320000000001 0.32734399999999997 0.542061 0.317537 0.5441320000000001 0.30869 0.550143 0.301669 0.559504 0.29716200000000004 0.571299 0.295609 0.584375 0.29716200000000004 0.5974510000000001 0.301669 0.609246 0.30869 0.618607 0.317537 0.624618 0.32734399999999997 0.626689 0.33715 0.624618 0.345997 0.618607 0.353018 0.609246 0.357526 0.5974510000000001 0.35907900000000004 0.584375 0.357526 0.571299 0.353018 0.559504 0.345997 0.550143
0 0.285841 0.568893 0.276994 0.562882 0.267188 0.560811 0.25738099999999997 0.562882 0.24853399999999998 0.568893 0.241513 0.578254 0.237006 0.5900489999999999 0.235452 0.603125 0.237006 0.616201 0.241513 0.627996 0.24853399999999998 0.637357 0.25738099999999997 0.6433679999999999 0.267188 0.645439 0.276994 0.6433679999999999 0.285841 0.637357 0.292862 0.627996 0.297369 0.616201 0.298923 0.603125 0.297369 0.5900489999999999 0.292862 0.578254 0.285841 0.568893
0 0.604606 0.5876159999999999 0.595752 0.581601 0.585938 0.579528 0.576123 0.581601 0.567269 0.5876159999999999 0.560243 0.596984 0.555732 0.608789 0.5541769999999999 0.621875 0.555732 0.634961 0.560243 0.6467660000000001 0.567269 0.656134 0.576123 0.662149 0.585938 0.664222 0.595752 0.662149 0.604606 0.656134 0.611632 0.6467660000000001 0.616143 0.634961 0.6176980000000001 0.621875 0.616143 0.608789 0.611632 0.596984 0.604606 0.5876159999999999
0 0.6395419999999999 0.506768 0.6307929999999999 0.5008239999999999 0.621094 0.498776 0.611395 0.5008239999999999 0.602645 0.506768 0.595701 0.516027 0.591243 0.527693 0.589707 0.540625 0.591243 0.553557 0.595701 0.565223 0.602645 0.5744819999999999 0.611395 0.580426 0.621094 0.582474 0.6307929999999999 0.580426 0.6395419999999999 0.5744819999999999 0.646486 0.565223 0.650944 0.553557 0.65248 0.540625 0.650944 0.527693 0.646486 0.516027 0.6395419999999999 0.506768
0 0.733247 0.595002 0.724148 0.588821 0.714063 0.586691 0.703977 0.588821 0.694878 0.595002 0.687658 0.604629 0.683022 0.616761 0.681424 0.630208 0.683022 0.643656 0.687658 0.655787 0.694878 0.665415 0.703977 0.671596 0.714063 0.673726 0.724148 0.671596 0.733247 0.665415 0.740467 0.655787 0.7451030000000001 0.643656 0.7467010000000001 0.630208 0.7451030000000001 0.616761 0.740467 0.604629 0.733247 0.595002
0 0.6701889999999999 0.587301 0.660984 0.581047 0.650781 0.578893 0.640578 0.581047 0.631374 0.587301 0.624069 0.59704 0.619379 0.609313 0.617763 0.6229169999999999 0.619379 0.636521 0.624069 0.6487930000000001 0.631374 0.658533 0.640578 0.664786 0.650781 0.666941 0.660984 0.664786 0.6701889999999999 0.658533 0.677493 0.6487930000000001 0.682183 0.636521 0.6837989999999999 0.6229169999999999 0.682183 0.609313 0.677493 0.59704 0.6701889999999999 0.587301
0 0.5176149999999999 0.599573 0.50889 0.593646 0.49921899999999997 0.591603 0.48954700000000007 0.593646 0.480822 0.599573 0.473898 0.608805 0.469453 0.6204379999999999 0.46792100000000003 0.633333 0.469453 0.646229 0.473898 0.657862 0.480822 0.667094 0.48954700000000007 0.673021 0.49921899999999997 0.675064 0.50889 0.673021 0.5176149999999999 0.667094 0.5245390000000001 0.657862 0.528985 0.646229 0.530516 0.633333 0.528985 0.6204379999999999 0.5245390000000001 0.608805 0.5176149999999999 0.599573
0 0.327831 0.633837 0.31907800000000003 0.627891 0.309375 0.625842 0.299672 0.627891 0.29091900000000004 0.633837 0.283972 0.6431 0.279512 0.654771 0.27797499999999997 0.667708 0.279512 0.6806460000000001 0.283972 0.692317 0.29091900000000004 0.701579 0.299672 0.707526 0.309375 0.709575 0.31907800000000003 0.707526 0.327831 0.701579 0.334778 0.692317 0.33923800000000004 0.6806460000000001 0.340775 0.667708 0.33923800000000004 0.654771 0.334778 0.6431 0.327831 0.633837
0 0.392879 0.604947 0.383658 0.5986819999999999 0.373437 0.5965239999999999 0.363217 0.5986819999999999 0.35399600000000003 0.604947 0.346679 0.614703 0.341981 0.626997 0.340362 0.640625 0.341981 0.654253 0.346679 0.666547 0.35399600000000003 0.676303 0.363217 0.6825680000000001 0.373437 0.6847260000000001 0.383658 0.6825680000000001 0.392879 0.676303 0.40019600000000005 0.666547 0.404894 0.654253 0.406513 0.640625 0.404894 0.626997 0.40019600000000005 0.614703 0.392879 0.604947
0 0.365054 0.702569 0.35495 0.695705 0.34375 0.69334 0.33255 0.695705 0.322446 0.702569 0.314427 0.7132609999999999 0.30927899999999997 0.7267330000000001 0.30750500000000003 0.741667 0.30927899999999997 0.7566010000000001 0.314427 0.770073 0.322446 0.780764 0.33255 0.787628 0.34375 0.789994 0.35495 0.787628 0.365054 0.780764 0.373073 0.770073 0.37822100000000003 0.7566010000000001 0.37999499999999997 0.741667 0.37822100000000003 0.7267330000000001 0.373073 0.7132609999999999 0.365054 0.702569
0 0.496827 0.687161 0.487587 0.680883 0.477344 0.67872 0.467101 0.680883 0.45786 0.687161 0.450527 0.6969380000000001 0.44581799999999994 0.7092590000000001 0.444196 0.722917 0.44581799999999994 0.736574 0.450527 0.748895 0.45786 0.758673 0.467101 0.76495 0.477344 0.7671140000000001 0.487587 0.76495 0.496827 0.758673 0.5041610000000001 0.748895 0.508869 0.736574 0.510491 0.722917 0.508869 0.7092590000000001 0.5041610000000001 0.6969380000000001 0.496827 0.687161
0 0.566047 0.650625 0.557325 0.644699 0.547656 0.642657 0.537988 0.644699 0.529265 0.650625 0.522343 0.6598539999999999 0.517899 0.671484 0.516368 0.684375 0.517899 0.697266 0.522343 0.708896 0.529265 0.718125 0.537988 0.724051 0.547656 0.726093 0.557325 0.724051 0.566047 0.718125 0.572969 0.708896 0.5774130000000001 0.697266 0.578945 0.684375 0.5774130000000001 0.671484 0.572969 0.6598539999999999 0.566047 0.650625
0 0.776473 0.533072 0.7672519999999999 0.526807 0.757031 0.5246489999999999 0.74681 0.526807 0.73759 0.533072 0.730272 0.542828 0.725574 0.555122 0.723955 0.56875 0.725574 0.5823780000000001 0.730272 0.594672 0.73759 0.604428 0.74681 0.610693 0.757031 0.612851 0.7672519999999999 0.610693 0.776473 0.604428 0.78379 0.594672 0.788488 0.5823780000000001 0.790107 0.56875 0.788488 0.555122 0.78379 0.542828 0.776473 0.533072
0 0.863446 0.465289 0.8544750000000001 0.45919499999999996 0.8445309999999999 0.457095 0.834587 0.45919499999999996 0.8256169999999999 0.465289 0.818498 0.474781 0.813927 0.486742 0.812352 0.5 0.813927 0.513258 0.818498 0.525219 0.8256169999999999 0.5347109999999999 0.834587 0.540805 0.8445309999999999 0.542905 0.8544750000000001 0.540805 0.863446 0.5347109999999999 0.870565 0.525219 0.875135 0.513258 0.8767099999999999 0.5 0.875135 0.486742 0.870565 0.474781 0.863446 0.465289
0 0.420312 0.684375 0.427344 0.688542 0.43671899999999997 0.690625 0.447656 0.688542 0.454688 0.683333 0.460156 0.676042 0.464844 0.667708 0.467187 0.657292 0.467187 0.645833 0.465625 0.633333 0.46093799999999996 0.621875 0.453125 0.614583 0.449219 0.614583 0.44218799999999997 0.6125 0.435156 0.609375 0.430469 0.6125 0.42265600000000003 0.616667 0.41406200000000004 0.623958 0.4098075546875 0.6320630765625 0.40703100000000003 0.6385419999999999 0.40703100000000003 0.647917 0.407813 0.6583330000000001 0.410156 0.6697919999999999 0.41406200000000004 0.676042 0.420312 0.684375
0 0.652344 0.55 0.65 0.559375 0.65 0.5604169999999999 0.651563 0.567708 0.659375 0.575 0.667969 0.5802080000000001 0.674219 0.58125 0.682813 0.582292 0.691406 0.578125 0.698438 0.56875 0.703125 0.559375 0.705469 0.54375 0.703125 0.530208 0.7 0.520833 0.692969 0.511458 0.684375 0.507292 0.678125 0.509375 0.667969 0.509375 0.658594 0.5125 0.650781 0.520833 0.65 0.520833 0.65 0.521875 0.653125 0.539583 0.652344 0.55
0 0.789062 0.58125 0.785937 0.592708 0.792969 0.605208 0.8039059999999999 0.615625 0.817187 0.616667 0.826562 0.610417 0.835938 0.602083 0.8429690000000001 0.592708 0.8445309999999999 0.578125 0.842187 0.563542 0.839063 0.553125 0.832031 0.542708 0.8226559999999999 0.536458 0.809375 0.534375 0.801562 0.538542 0.794531 0.5447919999999999 0.788281 0.551042 0.7875 0.552083 0.790625 0.5645830000000001 0.789062 0.58125
0 0.785156 0.676042 0.794531 0.665625 0.800781 0.651042 0.801562 0.632292 0.794531 0.616667 0.786719 0.608333 0.778125 0.603125 0.769531 0.610417 0.757031 0.613542 0.751563 0.6125 0.746875 0.623958 0.746875 0.635417 0.742969 0.65 0.742969 0.652083 0.748437 0.665625 0.758594 0.676042 0.771094 0.680208 0.785156 0.676042
0 0.705469 0.70625 0.70625 0.71875 0.710938 0.73125 0.717969 0.739583 0.728125 0.745833 0.739062 0.745833 0.749219 0.740625 0.757031 0.733333 0.763281 0.71875 0.765625 0.709375 0.766406 0.692708 0.760156 0.677083 0.748437 0.665625 0.7366419750000001 0.6646416875 0.73125 0.66875 0.721875 0.675 0.714063 0.675 0.707031 0.6854169999999999 0.705469 0.695833 0.705469 0.70625
0 0.644531 0.665625 0.639844 0.680208 0.639844 0.696875 0.642969 0.7052080000000001 0.647656 0.7166669999999999 0.655469 0.725 0.664844 0.729167 0.678125 0.726042 0.689063 0.717708 0.696094 0.70625 0.699219 0.690625 0.696875 0.676042 0.691406 0.660417 0.685937 0.65625 0.677344 0.65 0.669531 0.6583330000000001 0.658594 0.665625 0.644531 0.665625
0 0.586719 0.719792 0.595313 0.727083 0.60625 0.73125 0.620313 0.730208 0.630469 0.7208330000000001 0.6375 0.710417 0.640625 0.696875 0.640625 0.679167 0.635156 0.666667 0.630469 0.6583330000000001 0.619531 0.6541669999999999 0.608594 0.652083 0.597656 0.6625 0.585156 0.664583 0.580469 0.679167 0.578125 0.694792 0.582031 0.708333 0.586719 0.719792