0 0.631559 0.540374 0.624031 0.550413 0.619197 0.5630620000000001 0.6175309999999999 0.577083 0.619197 0.591105 0.624031 0.603754 0.631559 0.613792 0.641046 0.620238 0.651563 0.622458 0.6620790000000001 0.620238 0.671566 0.613792 0.679094 0.603754 0.683928 0.591105 0.685594 0.577083 0.683928 0.5630620000000001 0.679094 0.550413 0.671566 0.540374 0.6620790000000001 0.533929 0.651563 0.531708 0.641046 0.533929 0.631559 0.540374
0 0.40175799999999995 0.309956 0.39418600000000004 0.320052 0.389324 0.332773 0.387649 0.346875 0.389324 0.360977 0.39418600000000004 0.373698 0.40175799999999995 0.383794 0.41129899999999997 0.39027599999999996 0.421875 0.392509 0.43245100000000003 0.39027599999999996 0.44199200000000005 0.383794 0.44956399999999996 0.373698 0.45442600000000005 0.360977 0.456101 0.346875 0.45442600000000005 0.332773 0.44956399999999996 0.320052 0.44199200000000005 0.309956 0.43245100000000003 0.303474 0.421875 0.301241 0.41129899999999997 0.303474 0.40175799999999995 0.309956
0 0.46582 0.304748 0.45824800000000004 0.314843 0.45338700000000004 0.327565 0.451712 0.341667 0.45338700000000004 0.355768 0.45824800000000004 0.36849 0.46582 0.378586 0.47536100000000003 0.385068 0.485938 0.387301 0.496514 0.385068 0.506055 0.378586 0.513627 0.36849 0.518488 0.355768 0.5201629999999999 0.341667 0.518488 0.327565 0.513627 0.314843 0.506055 0.304748 0.496514 0.29826600000000003 0.485938 0.29603199999999996 0.47536100000000003 0.29826600000000003 0.46582 0.304748
0 0.485351 0.219331 0.47778 0.229427 0.47291800000000006 0.24214799999999997 0.471243 0.25625 0.47291800000000006 0.27035200000000004 0.47778 0.283073 0.485351 0.293169 0.494892 0.299651 0.505469 0.301884 0.516045 0.299651 0.525586 0.293169 0.533158 0.283073 0.538019 0.27035200000000004 0.539695 0.25625 0.538019 0.24214799999999997 0.533158 0.229427 0.525586 0.219331 0.516045 0.212849 0.505469 0.210616 0.494892 0.212849 0.485351 0.219331
0 0.420508 0.224539 0.412936 0.234635 0.40807399999999994 0.247357 0.40639900000000007 0.261458 0.40807399999999994 0.27555999999999997 0.412936 0.28828200000000004 0.420508 0.298377 0.430049 0.304859 0.440625 0.307093 0.451201 0.304859 0.46074200000000004 0.298377 0.468314 0.28828200000000004 0.47317600000000004 0.27555999999999997 0.47485099999999997 0.261458 0.47317600000000004 0.247357 0.468314 0.234635 0.46074200000000004 0.224539 0.451201 0.218057 0.440625 0.21582400000000002 0.430049 0.218057 0.420508 0.224539
0 0.5486329999999999 0.24224800000000002 0.541061 0.252343 0.536199 0.265065 0.534524 0.279167 0.536199 0.293268 0.541061 0.30599 0.5486329999999999 0.316086 0.558174 0.322568 0.56875 0.324801 0.579326 0.322568 0.588867 0.316086 0.5964389999999999 0.30599 0.6013010000000001 0.293268 0.602976 0.279167 0.6013010000000001 0.265065 0.5964389999999999 0.252343 0.588867 0.24224800000000002 0.579326 0.235766 0.56875 0.233532 0.558174 0.235766 0.5486329999999999 0.24224800000000002
0 0.59485 0.178542 0.587031 0.188967 0.582011 0.202104 0.580281 0.216667 0.582011 0.231229 0.587031 0.244366 0.59485 0.254792 0.604703 0.261485 0.615625 0.26379199999999997 0.626547 0.261485 0.6364 0.254792 0.644219 0.244366 0.649239 0.231229 0.650969 0.216667 0.649239 0.202104 0.644219 0.188967 0.6364 0.178542 0.626547 0.171848 0.615625 0.169542 0.604703 0.171848 0.59485 0.178542
0 0.610719 0.26688 0.603285 0.27679200000000004 0.598513 0.289281 0.596868 0.303125 0.598513 0.316969 0.603285 0.329458 0.610719 0.33937 0.6200859999999999 0.34573299999999996 0.630469 0.347926 0.640852 0.34573299999999996 0.650219 0.33937 0.657652 0.329458 0.662425 0.316969 0.6640699999999999 0.303125 0.662425 0.289281 0.657652 0.27679200000000004 0.650219 0.26688 0.640852 0.260517 0.630469 0.258324 0.6200859999999999 0.260517 0.610719 0.26688
0 0.612608 0.354197 0.6047100000000001 0.364728 0.599639 0.377998 0.597891 0.392708 0.599639 0.407419 0.6047100000000001 0.420689 0.612608 0.43122 0.6225609999999999 0.437982 0.633594 0.440311 0.6446259999999999 0.437982 0.654579 0.43122 0.662478 0.420689 0.667549 0.407419 0.669296 0.392708 0.667549 0.377998 0.662478 0.364728 0.654579 0.354197 0.6446259999999999 0.347435 0.633594 0.345105 0.6225609999999999 0.347435 0.612608 0.354197
0 0.530672 0.32768 0.523103 0.337771 0.5182439999999999 0.350487 0.51657 0.364583 0.5182439999999999 0.378679 0.523103 0.39139599999999997 0.530672 0.40148700000000004 0.540209 0.40796599999999994 0.550781 0.410199 0.561353 0.40796599999999994 0.57089 0.40148700000000004 0.578459 0.39139599999999997 0.583319 0.378679 0.584993 0.364583 0.583319 0.350487 0.578459 0.337771 0.57089 0.32768 0.561353 0.32120000000000004 0.550781 0.31896800000000003 0.540209 0.32120000000000004 0.530672 0.32768
0 0.557655 0.40930900000000003 0.54995 0.419582 0.545004 0.432526 0.543299 0.446875 0.545004 0.46122399999999997 0.54995 0.474168 0.557655 0.484441 0.5673630000000001 0.49103700000000006 0.578125 0.493309 0.5888869999999999 0.49103700000000006 0.598595 0.484441 0.6063 0.474168 0.611246 0.46122399999999997 0.612951 0.446875 0.611246 0.432526 0.6063 0.419582 0.598595 0.40930900000000003 0.5888869999999999 0.402713 0.578125 0.400441 0.5673630000000001 0.402713 0.557655 0.40930900000000003
0 0.43872 0.461444 0.431239 0.471418 0.42643700000000007 0.483985 0.424782 0.497917 0.42643700000000007 0.511848 0.431239 0.5244150000000001 0.43872 0.534389 0.44814499999999996 0.5407919999999999 0.458594 0.542999 0.46904199999999996 0.5407919999999999 0.478468 0.534389 0.48594799999999994 0.5244150000000001 0.49075100000000005 0.511848 0.49240500000000004 0.497917 0.49075100000000005 0.483985 0.48594799999999994 0.471418 0.478468 0.461444 0.46904199999999996 0.45504100000000003 0.458594 0.452834 0.44814499999999996 0.45504100000000003 0.43872 0.461444
0 0.473876 0.533319 0.46639600000000003 0.543293 0.461593 0.55586 0.459938 0.569792 0.461593 0.583723 0.46639600000000003 0.59629 0.473876 0.606264 0.483302 0.612667 0.49375 0.614874 0.5041979999999999 0.612667 0.513624 0.606264 0.521104 0.59629 0.525907 0.583723 0.527562 0.569792 0.525907 0.55586 0.521104 0.543293 0.513624 0.533319 0.5041979999999999 0.526916 0.49375 0.524709 0.483302 0.526916 0.473876 0.533319
0 0.427782 0.592694 0.42030200000000006 0.602668 0.41549899999999995 0.615235 0.41384499999999996 0.629167 0.41549899999999995 0.643098 0.42030200000000006 0.655665 0.427782 0.665639 0.43720800000000004 0.672042 0.447656 0.674249 0.45810500000000004 0.672042 0.46753 0.665639 0.475011 0.655665 0.47981299999999993 0.643098 0.481468 0.629167 0.47981299999999993 0.615235 0.475011 0.602668 0.46753 0.592694 0.45810500000000004 0.586291 0.447656 0.584084 0.43720800000000004 0.586291 0.427782 0.592694
0 0.360595 0.564569 0.35311400000000004 0.574543 0.348312 0.58711 0.346657 0.601042 0.348312 0.614973 0.35311400000000004 0.62754 0.360595 0.637514 0.37002 0.643917 0.380469 0.646124 0.390917 0.643917 0.400343 0.637514 0.40782299999999994 0.62754 0.41262600000000005 0.614973 0.41428000000000004 0.601042 0.41262600000000005 0.58711 0.40782299999999994 0.574543 0.400343 0.564569 0.390917 0.558166 0.380469 0.555959 0.37002 0.558166 0.360595 0.564569
0 0.312938 0.507278 0.305458 0.517251 0.300656 0.529819 0.29900099999999996 0.54375 0.300656 0.557681 0.305458 0.570249 0.312938 0.580222 0.322364 0.586626 0.33281299999999997 0.588832 0.343261 0.586626 0.35268700000000003 0.580222 0.360167 0.570249 0.364969 0.557681 0.366624 0.54375 0.364969 0.529819 0.360167 0.517251 0.35268700000000003 0.507278 0.343261 0.500874 0.33281299999999997 0.498668 0.322364 0.500874 0.312938 0.507278
0 0.248095 0.506236 0.24061400000000002 0.51621 0.235812 0.528777 0.234157 0.542708 0.235812 0.55664 0.24061400000000002 0.569207 0.248095 0.579181 0.25752 0.585584 0.267969 0.587791 0.278417 0.585584 0.28784299999999996 0.579181 0.295323 0.569207 0.300126 0.55664 0.30178 0.542708 0.300126 0.528777 0.295323 0.51621 0.28784299999999996 0.506236 0.278417 0.499833 0.267969 0.497626 0.25752 0.499833 0.248095 0.506236
0 0.280126 0.581236 0.272646 0.59121 0.267843 0.603777 0.266188 0.617708 0.267843 0.63164 0.272646 0.644207 0.280126 0.654181 0.289552 0.660584 0.3 0.662791 0.310448 0.660584 0.319874 0.654181 0.32735400000000003 0.644207 0.332157 0.63164 0.333812 0.617708 0.332157 0.603777 0.32735400000000003 0.59121 0.319874 0.581236 0.310448 0.574833 0.3 0.572626 0.289552 0.574833 0.280126 0.581236
0 0.32622 0.418736 0.318739 0.42871 0.313937 0.44127700000000003 0.312282 0.455208 0.313937 0.46914 0.318739 0.481707 0.32622 0.491681 0.335645 0.49808399999999997 0.346094 0.500291 0.356542 0.49808399999999997 0.36596799999999996 0.491681 0.373448 0.481707 0.378251 0.46914 0.379905 0.455208 0.378251 0.44127700000000003 0.373448 0.42871 0.36596799999999996 0.418736 0.356542 0.412333 0.346094 0.410126 0.335645 0.412333 0.32622 0.418736
0 0.258251 0.417694 0.25077099999999997 0.427668 0.24596800000000002 0.44023500000000004 0.244313 0.454167 0.24596800000000002 0.468098 0.25077099999999997 0.480665 0.258251 0.490639 0.267677 0.497042 0.278125 0.499249 0.288573 0.497042 0.297999 0.490639 0.305479 0.480665 0.310282 0.468098 0.311937 0.454167 0.310282 0.44023500000000004 0.305479 0.427668 0.297999 0.417694 0.288573 0.411291 0.278125 0.409084 0.267677 0.411291 0.258251 0.417694
0 0.379146 0.473972 0.371885 0.483653 0.367224 0.495852 0.36561699999999997 0.509375 0.367224 0.522898 0.371885 0.535097 0.379146 0.544778 0.388295 0.550994 0.39843799999999996 0.5531349999999999 0.40858 0.550994 0.417729 0.544778 0.42499000000000003 0.535097 0.42965099999999995 0.522898 0.431258 0.509375 0.42965099999999995 0.495852 0.42499000000000003 0.483653 0.417729 0.473972 0.40858 0.46775599999999995 0.39843799999999996 0.465615 0.388295 0.46775599999999995 0.379146 0.473972
0 0.286177 0.338555 0.27891699999999997 0.348237 0.274255 0.360436 0.272648 0.373958 0.274255 0.387481 0.27891699999999997 0.39968 0.286177 0.409361 0.295327 0.41557700000000003 0.305469 0.41771900000000006 0.315611 0.41557700000000003 0.32476 0.409361 0.332021 0.39968 0.336683 0.387481 0.338289 0.373958 0.336683 0.360436 0.332021 0.348237 0.32476 0.338555 0.315611 0.33233999999999997 0.305469 0.330198 0.295327 0.33233999999999997 0.286177 0.338555
0 0.22077300000000002 0.31148600000000004 0.21330200000000002 0.321448 0.208505 0.334001 0.20685199999999998 0.347917 0.208505 0.36183200000000004 0.21330200000000002 0.374385 0.22077300000000002 0.384348 0.230188 0.390744 0.240625 0.39294799999999996 0.251062 0.390744 0.26047699999999996 0.384348 0.26794799999999996 0.374385 0.272745 0.36183200000000004 0.27439800000000003 0.347917 0.272745 0.334001 0.26794799999999996 0.321448 0.26047699999999996 0.31148600000000004 0.251062 0.305089 0.240625 0.30288499999999996 0.230188 0.305089 0.22077300000000002 0.31148600000000004
0 0.352805 0.254194 0.345333 0.264156 0.340536 0.27671 0.338883 0.290625 0.340536 0.30454 0.345333 0.317094 0.352805 0.327056 0.36222 0.33345199999999997 0.372656 0.335656 0.383093 0.33345199999999997 0.39250799999999997 0.327056 0.39998 0.317094 0.404777 0.30454 0.40643 0.290625 0.404777 0.27671 0.39998 0.264156 0.39250799999999997 0.254194 0.383093 0.24779800000000002 0.372656 0.245594 0.36222 0.24779800000000002 0.352805 0.254194
0 0.194211 0.391694 0.18673900000000002 0.401656 0.181942 0.41421 0.180289 0.428125 0.181942 0.44204 0.18673900000000002 0.454594 0.194211 0.46455599999999997 0.203626 0.47095200000000004 0.21406200000000003 0.473156 0.224499 0.47095200000000004 0.233914 0.46455599999999997 0.24138600000000002 0.454594 0.24618299999999999 0.44204 0.247836 0.428125 0.24618299999999999 0.41421 0.24138600000000002 0.401656 0.233914 0.391694 0.224499 0.38529800000000003 0.21406200000000003 0.383094 0.203626 0.38529800000000003 0.194211 0.391694
0 0.186398 0.552111 0.178927 0.562073 0.17413 0.5746260000000001 0.172477 0.588542 0.17413 0.602457 0.178927 0.6150100000000001 0.186398 0.624973 0.195813 0.6313690000000001 0.20625 0.6335729999999999 0.216687 0.6313690000000001 0.22610199999999997 0.624973 0.23357299999999998 0.6150100000000001 0.23837000000000003 0.602457 0.24002300000000001 0.588542 0.23837000000000003 0.5746260000000001 0.23357299999999998 0.562073 0.22610199999999997 0.552111 0.216687 0.545714 0.20625 0.54351 0.195813 0.545714 0.186398 0.552111
0 0.215648 0.629432 0.208011 0.639614 0.203108 0.652444 0.20141900000000001 0.666667 0.203108 0.680889 0.208011 0.693719 0.215648 0.703902 0.225271 0.710439 0.235937 0.712692 0.246604 0.710439 0.256227 0.703902 0.263864 0.693719 0.268767 0.680889 0.270456 0.666667 0.268767 0.652444 0.263864 0.639614 0.256227 0.629432 0.246604 0.622894 0.235937 0.6206419999999999 0.225271 0.622894 0.215648 0.629432
0 0.28969999999999996 0.686025 0.281706 0.6966829999999999 0.276574 0.710113 0.274805 0.725 0.276574 0.739887 0.281706 0.753317 0.28969999999999996 0.7639750000000001 0.29977200000000004 0.770818 0.310937 0.7731760000000001 0.322103 0.770818 0.332175 0.7639750000000001 0.340169 0.753317 0.34530099999999997 0.739887 0.34707 0.725 0.34530099999999997 0.710113 0.340169 0.6966829999999999 0.332175 0.686025 0.322103 0.6791820000000001 0.310937 0.676824 0.29977200000000004 0.6791820000000001 0.28969999999999996 0.686025
0 0.372884 0.652724 0.365324 0.6628040000000001 0.360471 0.675504 0.358798 0.6895830000000001 0.360471 0.703662 0.365324 0.7163630000000001 0.372884 0.726442 0.38241 0.732914 0.392969 0.735144 0.403528 0.732914 0.413054 0.726442 0.420613 0.7163630000000001 0.425467 0.703662 0.42713900000000005 0.6895830000000001 0.425467 0.675504 0.420613 0.6628040000000001 0.413054 0.652724 0.403528 0.646253 0.392969 0.644023 0.38241 0.646253 0.372884 0.652724
0 0.426326 0.702914 0.418592 0.7132259999999999 0.413626 0.726221 0.41191500000000003 0.740625 0.413626 0.7550290000000001 0.418592 0.768024 0.426326 0.778336 0.43607199999999996 0.784957 0.446875 0.787239 0.45767800000000003 0.784957 0.467424 0.778336 0.47515799999999997 0.768024 0.480124 0.7550290000000001 0.48183499999999996 0.740625 0.480124 0.726221 0.47515799999999997 0.7132259999999999 0.467424 0.702914 0.45767800000000003 0.696293 0.446875 0.6940109999999999 0.43607199999999996 0.696293 0.426326 0.702914
0 0.48491999999999996 0.633122 0.47718499999999997 0.643435 0.47222 0.6564289999999999 0.470509 0.670833 0.47222 0.685238 0.47718499999999997 0.698232 0.48491999999999996 0.7085440000000001 0.494665 0.715165 0.505469 0.7174470000000001 0.5162720000000001 0.715165 0.526018 0.7085440000000001 0.533752 0.698232 0.538718 0.685238 0.5404289999999999 0.670833 0.538718 0.6564289999999999 0.533752 0.643435 0.526018 0.633122 0.5162720000000001 0.626501 0.505469 0.62422 0.494665 0.626501 0.48491999999999996 0.633122
0 0.5482009999999999 0.5883309999999999 0.540467 0.598643 0.535501 0.611637 0.53379 0.626042 0.535501 0.6404460000000001 0.540467 0.65344 0.5482009999999999 0.663753 0.557947 0.670374 0.56875 0.672655 0.579553 0.670374 0.589299 0.663753 0.5970329999999999 0.65344 0.601999 0.6404460000000001 0.60371 0.626042 0.601999 0.611637 0.5970329999999999 0.598643 0.589299 0.5883309999999999 0.579553 0.58171 0.56875 0.5794279999999999 0.557947 0.58171 0.5482009999999999 0.5883309999999999
0 0.573502 0.504508 0.565881 0.51467 0.560988 0.527473 0.559302 0.541667 0.560988 0.55586 0.565881 0.568664 0.573502 0.5788249999999999 0.583105 0.585349 0.59375 0.5875969999999999 0.604395 0.585349 0.613998 0.5788249999999999 0.621619 0.568664 0.626512 0.55586 0.628198 0.541667 0.626512 0.527473 0.621619 0.51467 0.613998 0.504508 0.604395 0.49798400000000004 0.59375 0.49573600000000007 0.583105 0.49798400000000004 0.573502 0.504508
0 0.6758460000000001 0.47742500000000004 0.668225 0.487586 0.663332 0.50039 0.661646 0.514583 0.663332 0.528777 0.668225 0.54158 0.6758460000000001 0.5517420000000001 0.685449 0.5582659999999999 0.696094 0.560514 0.706739 0.5582659999999999 0.716342 0.5517420000000001 0.723962 0.54158 0.728855 0.528777 0.730541 0.514583 0.728855 0.50039 0.723962 0.487586 0.716342 0.47742500000000004 0.706739 0.470901 0.696094 0.46865300000000004 0.685449 0.470901 0.6758460000000001 0.47742500000000004
0 0.672721 0.392008 0.6651 0.40217 0.660207 0.414973 0.658521 0.42916699999999997 0.660207 0.44336000000000003 0.6651 0.45616399999999996 0.672721 0.466325 0.682324 0.47284899999999996 0.692969 0.475097 0.703614 0.47284899999999996 0.713217 0.466325 0.7208370000000001 0.45616399999999996 0.72573 0.44336000000000003 0.7274160000000001 0.42916699999999997 0.72573 0.414973 0.7208370000000001 0.40217 0.713217 0.392008 0.703614 0.385484 0.692969 0.383236 0.682324 0.385484 0.672721 0.392008
0 0.669875 0.303587 0.662065 0.314 0.6570509999999999 0.327122 0.655323 0.341667 0.6570509999999999 0.35621200000000003 0.662065 0.369333 0.669875 0.37974600000000003 0.679716 0.386432 0.690625 0.388735 0.701534 0.386432 0.711375 0.37974600000000003 0.719185 0.369333 0.724199 0.35621200000000003 0.725927 0.341667 0.724199 0.327122 0.719185 0.314 0.711375 0.303587 0.701534 0.296902 0.690625 0.294598 0.679716 0.296902 0.669875 0.303587
0 0.685911 0.217882 0.6782549999999999 0.228089 0.6733399999999999 0.240951 0.671647 0.255208 0.6733399999999999 0.269466 0.6782549999999999 0.282327 0.685911 0.29253399999999996 0.695557 0.299088 0.70625 0.301346 0.716943 0.299088 0.7265889999999999 0.29253399999999996 0.734245 0.282327 0.73916 0.269466 0.740853 0.255208 0.73916 0.240951 0.734245 0.228089 0.7265889999999999 0.217882 0.716943 0.21132900000000002 0.70625 0.209071 0.695557 0.21132900000000002 0.685911 0.217882
0 0.747227 0.254644 0.739421 0.265053 0.734408 0.278169 0.732681 0.292708 0.734408 0.307248 0.739421 0.320364 0.747227 0.330773 0.757064 0.337456 0.767969 0.339758 0.778873 0.337456 0.78871 0.330773 0.7965169999999999 0.320364 0.801529 0.307248 0.803256 0.292708 0.801529 0.278169 0.7965169999999999 0.265053 0.78871 0.254644 0.778873 0.24796100000000001 0.767969 0.24565800000000002 0.757064 0.24796100000000001 0.747227 0.254644
0 0.7323839999999999 0.342144 0.724577 0.352553 0.719565 0.365669 0.717838 0.380208 0.719565 0.394748 0.724577 0.407864 0.7323839999999999 0.418273 0.742221 0.424956 0.753125 0.42725799999999997 0.7640290000000001 0.424956 0.773866 0.418273 0.781673 0.407864 0.7866850000000001 0.394748 0.788412 0.380208 0.7866850000000001 0.365669 0.781673 0.352553 0.773866 0.342144 0.7640290000000001 0.335461 0.753125 0.333158 0.742221 0.335461 0.7323839999999999 0.342144
0 0.824911 0.236518 0.817232 0.24675600000000003 0.8123020000000001 0.25965699999999997 0.8106030000000001 0.27395800000000003 0.8123020000000001 0.288259 0.817232 0.301161 0.824911 0.311399 0.834587 0.31797200000000003 0.845313 0.32023799999999997 0.8560380000000001 0.31797200000000003 0.865714 0.311399 0.8733930000000001 0.301161 0.878323 0.288259 0.880022 0.27395800000000003 0.878323 0.25965699999999997 0.8733930000000001 0.24675600000000003 0.865714 0.236518 0.8560380000000001 0.229944 0.845313 0.22767900000000002 0.834587 0.229944 0.824911 0.236518
0 0.796005 0.40526799999999996 0.788326 0.415506 0.783396 0.428407 0.7816970000000001 0.442708 0.783396 0.45700900000000005 0.788326 0.469911 0.796005 0.48014900000000005 0.8056800000000001 0.486722 0.816406 0.488988 0.827132 0.486722 0.8368080000000001 0.48014900000000005 0.844487 0.469911 0.8494170000000001 0.45700900000000005 0.851116 0.442708 0.8494170000000001 0.428407 0.844487 0.415506 0.8368080000000001 0.40526799999999996 0.827132 0.398694 0.816406 0.39642900000000003 0.8056800000000001 0.398694 0.796005 0.40526799999999996
0 0.766819 0.49368999999999996 0.7593300000000001 0.503676 0.754521 0.516259 0.752864 0.530208 0.754521 0.544157 0.7593300000000001 0.5567409999999999 0.766819 0.566727 0.776257 0.5731390000000001 0.786719 0.575348 0.79718 0.5731390000000001 0.806618 0.566727 0.814108 0.5567409999999999 0.818916 0.544157 0.8205730000000001 0.530208 0.818916 0.516259 0.814108 0.503676 0.806618 0.49368999999999996 0.79718 0.487278 0.786719 0.48506900000000003 0.776257 0.487278 0.766819 0.49368999999999996
0 0.717808 0.55097 0.7101029999999999 0.561245 0.705156 0.574191 0.703451 0.588542 0.705156 0.602893 0.7101029999999999 0.615839 0.717808 0.6261129999999999 0.727518 0.632709 0.738281 0.634982 0.749044 0.632709 0.7587539999999999 0.6261129999999999 0.76646 0.615839 0.7714070000000001 0.602893 0.773112 0.588542 0.7714070000000001 0.574191 0.76646 0.561245 0.7587539999999999 0.55097 0.749044 0.544374 0.738281 0.5421009999999999 0.727518 0.544374 0.717808 0.55097
0 0.6740579999999999 0.617637 0.666353 0.627911 0.661406 0.640857 0.659701 0.655208 0.661406 0.669559 0.666353 0.682505 0.6740579999999999 0.6927800000000001 0.6837679999999999 0.699376 0.694531 0.701649 0.7052940000000001 0.699376 0.715004 0.6927800000000001 0.72271 0.682505 0.727657 0.669559 0.729362 0.655208 0.727657 0.640857 0.72271 0.627911 0.715004 0.617637 0.7052940000000001 0.611041 0.694531 0.608768 0.6837679999999999 0.611041 0.6740579999999999 0.617637
0 0.739683 0.643679 0.731978 0.653953 0.727031 0.666899 0.725326 0.68125 0.727031 0.695601 0.731978 0.708547 0.739683 0.7188209999999999 0.749393 0.725418 0.760156 0.727691 0.770919 0.725418 0.780629 0.7188209999999999 0.788335 0.708547 0.793282 0.695601 0.794987 0.68125 0.793282 0.666899 0.788335 0.653953 0.780629 0.643679 0.770919 0.637082 0.760156 0.634809 0.749393 0.637082 0.739683 0.643679
0 0.6474960000000001 0.7030540000000001 0.63979 0.713328 0.6348429999999999 0.726274 0.633138 0.740625 0.6348429999999999 0.754976 0.63979 0.767922 0.6474960000000001 0.778196 0.657206 0.784793 0.667969 0.787066 0.678732 0.784793 0.688442 0.778196 0.6961470000000001 0.767922 0.701094 0.754976 0.702799 0.740625 0.701094 0.726274 0.6961470000000001 0.713328 0.688442 0.7030540000000001 0.678732 0.696457 0.667969 0.694184 0.657206 0.696457 0.6474960000000001 0.7030540000000001
0 0.7099960000000001 0.720762 0.70229 0.731036 0.6973429999999999 0.743982 0.695638 0.758333 0.6973429999999999 0.772684 0.70229 0.78563 0.7099960000000001 0.7959050000000001 0.719706 0.802501 0.730469 0.8047739999999999 0.741232 0.802501 0.750942 0.7959050000000001 0.7586470000000001 0.78563 0.763594 0.772684 0.765299 0.758333 0.763594 0.743982 0.7586470000000001 0.731036 0.750942 0.720762 0.741232 0.714166 0.730469 0.711893 0.719706 0.714166 0.7099960000000001 0.720762
0 0.655308 0.79472 0.6476029999999999 0.8049950000000001 0.642656 0.817941 0.640951 0.832292 0.642656 0.846643 0.6476029999999999 0.859589 0.655308 0.8698629999999999 0.665018 0.876459 0.675781 0.878732 0.686544 0.876459 0.6962539999999999 0.8698629999999999 0.70396 0.859589 0.7089070000000001 0.846643 0.710612 0.832292 0.7089070000000001 0.817941 0.70396 0.8049950000000001 0.6962539999999999 0.79472 0.686544 0.788124 0.675781 0.785851 0.665018 0.788124 0.655308 0.79472
0 0.6021829999999999 0.852012 0.594478 0.8622859999999999 0.589531 0.8752319999999999 0.587826 0.889583 0.589531 0.9039339999999999 0.594478 0.9168799999999999 0.6021829999999999 0.927155 0.611893 0.933751 0.622656 0.936024 0.6334190000000001 0.933751 0.643129 0.927155 0.650835 0.9168799999999999 0.6557820000000001 0.9039339999999999 0.6574869999999999 0.889583 0.6557820000000001 0.8752319999999999 0.650835 0.8622859999999999 0.643129 0.852012 0.6334190000000001 0.845416 0.622656 0.8431430000000001 0.611893 0.845416 0.6021829999999999 0.852012
0 0.532652 0.79472 0.5249469999999999 0.8049950000000001 0.519999 0.817941 0.518295 0.832292 0.519999 0.846643 0.5249469999999999 0.859589 0.532652 0.8698629999999999 0.542362 0.876459 0.553125 0.878732 0.5638880000000001 0.876459 0.5735979999999999 0.8698629999999999 0.581303 0.859589 0.5862510000000001 0.846643 0.587955 0.832292 0.5862510000000001 0.817941 0.581303 0.8049950000000001 0.5735979999999999 0.79472 0.5638880000000001 0.788124 0.553125 0.785851 0.542362 0.788124 0.532652 0.79472
0 0.400756 0.7824679999999999 0.39310100000000003 0.792675 0.38818600000000003 0.8055350000000001 0.38649300000000003 0.819792 0.38818600000000003 0.8340479999999999 0.39310100000000003 0.8469089999999999 0.400756 0.857115 0.41040200000000004 0.863668 0.42109399999999997 0.865926 0.43178599999999995 0.863668 0.441432 0.857115 0.449086 0.8469089999999999 0.454001 0.8340479999999999 0.45569499999999996 0.819792 0.454001 0.8055350000000001 0.449086 0.792675 0.441432 0.7824679999999999 0.43178599999999995 0.775915 0.42109399999999997 0.773657 0.41040200000000004 0.775915 0.400756 0.7824679999999999
0 0.592497 0.742458 0.584968 0.752496 0.5801339999999999 0.765145 0.578469 0.7791669999999999 0.5801339999999999 0.793188 0.584968 0.805837 0.592497 0.8158759999999999 0.6019840000000001 0.822321 0.6125 0.8245419999999999 0.623016 0.822321 0.632503 0.8158759999999999 0.6400319999999999 0.805837 0.644866 0.793188 0.646531 0.7791669999999999 0.644866 0.765145 0.6400319999999999 0.752496 0.632503 0.742458 0.623016 0.736012 0.6125 0.733792 0.6019840000000001 0.736012 0.592497 0.742458
0 0.609684 0.627874 0.602156 0.637913 0.597322 0.6505620000000001 0.595656 0.664583 0.597322 0.678605 0.602156 0.691254 0.609684 0.701292 0.6191709999999999 0.707738 0.629687 0.709958 0.640204 0.707738 0.649691 0.701292 0.657219 0.691254 0.662053 0.678605 0.6637190000000001 0.664583 0.662053 0.6505620000000001 0.657219 0.637913 0.649691 0.627874 0.640204 0.621429 0.629687 0.619208 0.6191709999999999 0.621429 0.609684 0.627874
0 0.631559 0.540374 0.624031 0.550413 0.619197 0.5630620000000001 0.6175309999999999 0.577083 0.619197 0.591105 0.624031 0.603754 0.631559 0.613792 0.641046 0.620238 0.651563 0.622458 0.6620790000000001 0.620238 0.671566 0.613792 0.679094 0.603754 0.683928 0.591105 0.685594 0.577083 0.683928 0.5630620000000001 0.679094 0.550413 0.671566 0.540374 0.6620790000000001 0.533929 0.651563 0.531708 0.641046 0.533929 0.631559 0.540374
0 0.46624600000000005 0.79472 0.45854 0.8049950000000001 0.45359299999999997 0.817941 0.451888 0.832292 0.45359299999999997 0.846643 0.45854 0.859589 0.46624600000000005 0.8698629999999999 0.47595599999999993 0.876459 0.486719 0.878732 0.49748200000000004 0.876459 0.5071920000000001 0.8698629999999999 0.514897 0.859589 0.519844 0.846643 0.521549 0.832292 0.519844 0.817941 0.514897 0.8049950000000001 0.5071920000000001 0.79472 0.49748200000000004 0.788124 0.486719 0.785851 0.47595599999999993 0.788124 0.46624600000000005 0.79472
0 0.474058 0.884304 0.46635299999999996 0.8945779999999999 0.46140600000000004 0.9075240000000001 0.459701 0.921875 0.46140600000000004 0.9362259999999999 0.46635299999999996 0.9491720000000001 0.474058 0.959446 0.483768 0.966043 0.494531 0.9683160000000001 0.505294 0.966043 0.515004 0.959446 0.52271 0.9491720000000001 0.527657 0.9362259999999999 0.529362 0.921875 0.527657 0.9075240000000001 0.52271 0.8945779999999999 0.515004 0.884304 0.505294 0.877707 0.494531 0.8754339999999999 0.483768 0.877707 0.474058 0.884304
0 0.40687100000000004 0.8749290000000001 0.399165 0.885203 0.394218 0.8981490000000001 0.392513 0.9125 0.394218 0.9268509999999999 0.399165 0.9397970000000001 0.40687100000000004 0.950071 0.416581 0.956668 0.427344 0.958941 0.438107 0.956668 0.447817 0.950071 0.45552200000000004 0.9397970000000001 0.46046899999999996 0.9268509999999999 0.462174 0.9125 0.46046899999999996 0.8981490000000001 0.45552200000000004 0.885203 0.447817 0.8749290000000001 0.438107 0.868332 0.427344 0.8660589999999999 0.416581 0.868332 0.40687100000000004 0.8749290000000001
0 0.345933 0.837429 0.33822800000000003 0.8477029999999999 0.333281 0.8606490000000001 0.331576 0.875 0.333281 0.8893509999999999 0.33822800000000003 0.9022970000000001 0.345933 0.912571 0.35564300000000004 0.919168 0.366406 0.9214410000000001 0.377169 0.919168 0.38687900000000003 0.912571 0.394585 0.9022970000000001 0.399532 0.8893509999999999 0.40123699999999995 0.875 0.399532 0.8606490000000001 0.394585 0.8477029999999999 0.38687900000000003 0.837429 0.377169 0.830832 0.366406 0.8285589999999999 0.35564300000000004 0.830832 0.345933 0.837429
0 0.27844 0.792076 0.270619 0.802503 0.265598 0.815643 0.263868 0.8302080000000001 0.265598 0.8447739999999999 0.270619 0.8579129999999999 0.27844 0.868341 0.288295 0.875036 0.299219 0.877343 0.310143 0.875036 0.319997 0.868341 0.327818 0.8579129999999999 0.332839 0.8447739999999999 0.33457 0.8302080000000001 0.332839 0.815643 0.327818 0.802503 0.319997 0.792076 0.310143 0.785381 0.299219 0.7830739999999999 0.288295 0.785381 0.27844 0.792076
0 0.346532 0.735403 0.339052 0.745376 0.334249 0.757944 0.33259500000000003 0.771875 0.334249 0.785806 0.339052 0.798374 0.346532 0.808347 0.355958 0.814751 0.366406 0.816957 0.376855 0.814751 0.38628 0.808347 0.39376099999999997 0.798374 0.398563 0.785806 0.400218 0.771875 0.398563 0.757944 0.39376099999999997 0.745376 0.38628 0.735403 0.376855 0.7289990000000001 0.366406 0.726793 0.355958 0.7289990000000001 0.346532 0.735403
0 0.283594 0.30520800000000003 0.28593799999999997 0.313542 0.29218700000000003 0.322917 0.298438 0.329167 0.305469 0.332292 0.315625 0.33541699999999997 0.32734399999999997 0.332292 0.336719 0.323958 0.341406 0.316667 0.345313 0.30625 0.34296899999999997 0.296875 0.342187 0.28854199999999997 0.34375 0.277083 0.34453100000000003 0.27291699999999997 0.340625 0.263542 0.33281299999999997 0.254167 0.321094 0.246875 0.310156 0.24583300000000002 0.30156299999999997 0.248958 0.291406 0.255208 0.285156 0.266667 0.28125 0.28125 0.28125 0.29375 0.283594 0.30520800000000003
0 0.357812 0.41458300000000003 0.36718799999999996 0.417708 0.378125 0.416667 0.3875 0.410417 0.392969 0.403125 0.397656 0.39375 0.4 0.386458 0.400781 0.378125 0.394531 0.36666699999999997 0.390625 0.354167 0.38984399999999997 0.342708 0.390625 0.340625 0.386719 0.33645800000000003 0.376563 0.332292 0.371875 0.332292 0.366406 0.33125 0.361719 0.329167 0.355469 0.332292 0.349219 0.33645800000000003 0.34453100000000003 0.341667 0.340625 0.348958 0.3375 0.357292 0.33593799999999996 0.36770800000000003 0.335156 0.378125 0.33906200000000003 0.39375 0.34453100000000003 0.405208 0.350781 0.411458 0.357812 0.41458300000000003
0 0.40156200000000003 0.390625 0.39531299999999997 0.396875 0.390625 0.405208 0.3875 0.416667 0.38593700000000003 0.42916699999999997 0.3875 0.442708 0.39140600000000003 0.452083 0.396094 0.459375 0.403125 0.466667 0.411719 0.470833 0.42109399999999997 0.471875 0.43125 0.467708 0.439063 0.4625 0.446094 0.451042 0.45 0.439583 0.451562 0.426042 0.45 0.4125 0.446094 0.405208 0.44218799999999997 0.396875 0.4375 0.392708 0.43125 0.3875 0.425 0.388542 0.41875 0.388542 0.413281 0.3875 0.409375 0.385417 0.40156200000000003 0.390625
0 0.494531 0.469792 0.503125 0.467708 0.5125 0.4625 0.521875 0.451042 0.528125 0.4375 0.528125 0.419792 0.524219 0.403125 0.516406 0.389583 0.508594 0.384375 0.49921899999999997 0.380208 0.49218799999999996 0.384375 0.485938 0.384375 0.48125 0.384375 0.474219 0.389583 0.46875 0.396875 0.46406200000000003 0.410417 0.4625 0.420833 0.463281 0.433333 0.465625 0.442708 0.46953100000000003 0.453125 0.475781 0.46041699999999997 0.48515600000000003 0.466667 0.494531 0.469792
0 0.538281 0.538542 0.547656 0.5333330000000001 0.557813 0.520833 0.5625 0.508333 0.564063 0.494792 0.5625 0.483333 0.557031 0.478125 0.551562 0.470833 0.548438 0.4625 0.546875 0.457292 0.539844 0.452083 0.528906 0.451042 0.521875 0.452083 0.514844 0.45625 0.509375 0.46145800000000003 0.504687 0.46875 0.500781 0.479167 0.498437 0.489583 0.498437 0.501042 0.500781 0.511458 0.504687 0.520833 0.510156 0.528125 0.517188 0.5333330000000001 0.525 0.5375 0.538281 0.538542
0 0.670312 0.467708 0.66875 0.459375 0.664844 0.45 0.659375 0.439583 0.655469 0.435417 0.649219 0.43125 0.641406 0.435417 0.635938 0.436458 0.629687 0.435417 0.622656 0.434375 0.615625 0.438542 0.610938 0.44583300000000003 0.608594 0.45 0.607031 0.459375 0.605469 0.466667 0.603125 0.470833 0.603906 0.48125 0.605469 0.489583 0.610156 0.5 0.61875 0.510417 0.628125 0.515625 0.635938 0.5177080000000001 0.64375 0.516667 0.651563 0.5135419999999999 0.65625 0.509375 0.660937 0.503125 0.664844 0.495833 0.667969 0.489583 0.670312 0.478125 0.670312 0.467708
0 0.772656 0.43125 0.767188 0.425 0.7625 0.420833 0.753906 0.423958 0.745313 0.421875 0.7375 0.41875 0.73125 0.421875 0.725781 0.425 0.725 0.435417 0.722656 0.447917 0.717969 0.457292 0.713281 0.4625 0.714844 0.471875 0.717969 0.482292 0.721875 0.489583 0.730469 0.498958 0.740625 0.504167 0.750781 0.505208 0.757812 0.5020830000000001 0.766406 0.495833 0.774219 0.484375 0.779687 0.470833 0.780469 0.458333 0.777344 0.441667 0.772656 0.43125
0 0.594531 0.738542 0.603125 0.728125 0.607031 0.7166669999999999 0.609375 0.704167 0.60625 0.69375 0.600781 0.683333 0.597656 0.6739580000000001 0.597656 0.66875 0.592187 0.664583 0.585156 0.661458 0.575781 0.665625 0.567187 0.667708 0.559375 0.665625 0.55625 0.664583 0.547656 0.675 0.54375 0.686458 0.541406 0.698958 0.541406 0.708333 0.542969 0.71875 0.548438 0.730208 0.55625 0.738542 0.567187 0.745833 0.582031 0.746875 0.594531 0.738542
0 0.533594 0.702083 0.528906 0.7 0.519531 0.709375 0.510156 0.713542 0.49921899999999997 0.7125 0.490625 0.708333 0.48515600000000003 0.722917 0.482031 0.734375 0.482031 0.7479169999999999 0.48515600000000003 0.760417 0.49218799999999996 0.775 0.505469 0.7833330000000001 0.51875 0.785417 0.529687 0.782292 0.539062 0.772917 0.544531 0.7635419999999999 0.549219 0.75 0.548438 0.734375 0.544531 0.71875 0.539062 0.708333 0.533594 0.702083
0 0.580469 0.867708 0.575 0.864583 0.564844 0.8729169999999999 0.555469 0.875 0.548438 0.873958 0.540625 0.870833 0.532031 0.879167 0.527344 0.894792 0.528125 0.911458 0.53125 0.928125 0.5375 0.938542 0.548438 0.947917 0.564063 0.95 0.578125 0.944792 0.586719 0.9354169999999999 0.591406 0.9239580000000001 0.594531 0.909375 0.591406 0.897917 0.590625 0.885417 0.585938 0.873958 0.580469 0.867708
0 0.202344 0.541667 0.21406200000000003 0.535417 0.22265600000000002 0.523958 0.227344 0.50625 0.226562 0.488542 0.22265600000000002 0.47708300000000003 0.217969 0.469792 0.20625 0.46875 0.19531199999999999 0.46145800000000003 0.190625 0.455208 0.178906 0.46041699999999997 0.16953100000000002 0.469792 0.16406199999999999 0.483333 0.161719 0.497917 0.163281 0.510417 0.16796899999999998 0.523958 0.176563 0.535417 0.19140600000000002 0.541667 0.202344 0.541667
0 0.232813 0.770833 0.23906299999999997 0.7833330000000001 0.24609399999999998 0.790625 0.258594 0.796875 0.271094 0.795833 0.279687 0.790625 0.2875 0.784375 0.29218700000000003 0.776042 0.296875 0.764583 0.2875 0.757292 0.28203100000000003 0.746875 0.277344 0.734375 0.277344 0.7208330000000001 0.279687 0.710417 0.272656 0.70625 0.265625 0.704167 0.25625 0.7052080000000001 0.24765600000000002 0.710417 0.23906299999999997 0.7166669999999999 0.23203100000000002 0.728125 0.228125 0.742708 0.228906 0.758333 0.232813 0.770833
0 0.79375 0.317708 0.785937 0.328125 0.780469 0.339583 0.778906 0.347917 0.779687 0.354167 0.783594 0.3625 0.785156 0.372917 0.785937 0.38125 0.792188 0.389583 0.799219 0.394792 0.8054690000000001 0.39895800000000003 0.8148440000000001 0.39895800000000003 0.825 0.395833 0.8367190000000001 0.3875 0.8445309999999999 0.373958 0.847656 0.3625 0.848437 0.35 0.846875 0.3375 0.842187 0.326042 0.835938 0.317708 0.8257809999999999 0.309375 0.815625 0.30625 0.8054690000000001 0.308333 0.798438 0.311458 0.79375 0.317708