0 0.652785 0.30874 0.6460359999999999 0.30680399999999997 0.638554 0.306137 0.631072 0.30680399999999997 0.624323 0.30874 0.6189669999999999 0.311755 0.6155280000000001 0.315555 0.6143430000000001 0.319767 0.6155280000000001 0.32398 0.6189669999999999 0.327779 0.624323 0.330795 0.631072 0.332731 0.638554 0.33339799999999997 0.6460359999999999 0.332731 0.652785 0.330795 0.658142 0.327779 0.661581 0.32398 0.662766 0.319767 0.661581 0.315555 0.658142 0.311755 0.652785 0.30874
0 0.569708 0.263555 0.563177 0.261681 0.555938 0.261036 0.5486989999999999 0.261681 0.542168 0.263555 0.5369849999999999 0.266473 0.533658 0.27014900000000003 0.532511 0.274225 0.533658 0.2783 0.5369849999999999 0.28197700000000003 0.542168 0.284895 0.5486989999999999 0.286768 0.555938 0.287414 0.563177 0.286768 0.569708 0.284895 0.574891 0.28197700000000003 0.578218 0.2783 0.579365 0.274225 0.578218 0.27014900000000003 0.574891 0.266473 0.569708 0.263555
0 0.523236 0.260648 0.516706 0.258774 0.509466 0.258129 0.502227 0.258774 0.49569599999999997 0.260648 0.490514 0.263566 0.487186 0.267242 0.48604 0.271318 0.487186 0.275393 0.490514 0.27907000000000004 0.49569599999999997 0.281988 0.502227 0.28386100000000003 0.509466 0.284507 0.516706 0.28386100000000003 0.523236 0.281988 0.528419 0.27907000000000004 0.531747 0.275393 0.532893 0.271318 0.531747 0.267242 0.528419 0.263566 0.523236 0.260648
0 0.48881300000000005 0.27809 0.482282 0.276216 0.475043 0.275571 0.467804 0.276216 0.461273 0.27809 0.45609 0.281007 0.452763 0.284684 0.451616 0.28876 0.452763 0.292835 0.45609 0.296512 0.461273 0.29943 0.467804 0.301303 0.475043 0.30194899999999997 0.482282 0.301303 0.48881300000000005 0.29943 0.493996 0.296512 0.497323 0.292835 0.49847 0.28876 0.497323 0.284684 0.493996 0.281007 0.48881300000000005 0.27809
0 0.540448 0.28874900000000003 0.533917 0.286875 0.526678 0.28623 0.519439 0.286875 0.512908 0.28874900000000003 0.507725 0.291666 0.504398 0.295343 0.503251 0.299419 0.504398 0.30349400000000004 0.507725 0.30717099999999997 0.512908 0.310089 0.519439 0.31196199999999996 0.526678 0.312608 0.533917 0.31196199999999996 0.540448 0.310089 0.545631 0.30717099999999997 0.5489580000000001 0.30349400000000004 0.5501050000000001 0.299419 0.5489580000000001 0.295343 0.545631 0.291666 0.540448 0.28874900000000003
0 0.591678 0.291605 0.584523 0.289552 0.576592 0.288845 0.568661 0.289552 0.561506 0.291605 0.555828 0.294801 0.552182 0.298829 0.550926 0.303295 0.552182 0.30776 0.555828 0.311788 0.561506 0.31498499999999996 0.568661 0.317037 0.576592 0.31774399999999997 0.584523 0.317037 0.591678 0.31498499999999996 0.597356 0.311788 0.601002 0.30776 0.602258 0.303295 0.601002 0.298829 0.597356 0.294801 0.591678 0.291605
0 0.616796 0.267922 0.609973 0.265965 0.60241 0.265291 0.594846 0.265965 0.588024 0.267922 0.5826089999999999 0.27097099999999996 0.579132 0.274812 0.577935 0.27907000000000004 0.579132 0.28332799999999997 0.5826089999999999 0.287169 0.588024 0.290217 0.594846 0.292174 0.60241 0.292849 0.609973 0.292174 0.616796 0.290217 0.62221 0.287169 0.625687 0.28332799999999997 0.6268849999999999 0.27907000000000004 0.625687 0.274812 0.62221 0.27097099999999996 0.616796 0.267922
0 0.6047480000000001 0.242728 0.597925 0.24077099999999999 0.5903609999999999 0.240097 0.582798 0.24077099999999999 0.575975 0.242728 0.570561 0.245777 0.567084 0.24961799999999998 0.565886 0.253876 0.567084 0.258134 0.570561 0.26197499999999996 0.575975 0.265023 0.582798 0.266981 0.5903609999999999 0.26765500000000003 0.597925 0.266981 0.6047480000000001 0.265023 0.610162 0.26197499999999996 0.6136389999999999 0.258134 0.614836 0.253876 0.6136389999999999 0.24961799999999998 0.610162 0.245777 0.6047480000000001 0.242728
0 0.652651 0.22648000000000001 0.645965 0.224562 0.638554 0.223901 0.631143 0.224562 0.624457 0.22648000000000001 0.6191519999999999 0.229467 0.615745 0.23323100000000002 0.614571 0.23740299999999998 0.615745 0.241575 0.6191519999999999 0.24533900000000003 0.624457 0.248326 0.631143 0.250244 0.638554 0.250905 0.645965 0.250244 0.652651 0.248326 0.657957 0.24533900000000003 0.6613629999999999 0.241575 0.662537 0.23740299999999998 0.6613629999999999 0.23323100000000002 0.657957 0.229467 0.652651 0.22648000000000001
0 0.656093 0.251674 0.649408 0.249756 0.641997 0.249095 0.6345850000000001 0.249756 0.6279 0.251674 0.622594 0.25466099999999997 0.6191880000000001 0.258425 0.618014 0.262597 0.6191880000000001 0.266769 0.622594 0.270533 0.6279 0.27352 0.6345850000000001 0.27543799999999996 0.641997 0.276099 0.649408 0.27543799999999996 0.656093 0.27352 0.6613990000000001 0.270533 0.664806 0.266769 0.665979 0.262597 0.664806 0.258425 0.6613990000000001 0.25466099999999997 0.656093 0.251674
0 0.606179 0.313689 0.599494 0.311771 0.5920829999999999 0.31111 0.5846720000000001 0.311771 0.577986 0.313689 0.57268 0.316676 0.569274 0.32044 0.5681 0.324612 0.569274 0.328785 0.57268 0.332549 0.577986 0.335536 0.5846720000000001 0.33745400000000003 0.5920829999999999 0.33811399999999997 0.599494 0.33745400000000003 0.606179 0.335536 0.611485 0.332549 0.614892 0.328785 0.6160650000000001 0.324612 0.614892 0.32044 0.611485 0.316676 0.606179 0.313689
0 0.700844 0.268146 0.694158 0.266229 0.686747 0.26556799999999997 0.6793359999999999 0.266229 0.67265 0.268146 0.667345 0.271134 0.663938 0.274897 0.662764 0.27907000000000004 0.663938 0.283242 0.667345 0.287006 0.67265 0.289993 0.6793359999999999 0.291911 0.686747 0.292572 0.694158 0.291911 0.700844 0.289993 0.706149 0.287006 0.709556 0.283242 0.7107300000000001 0.27907000000000004 0.709556 0.274897 0.706149 0.271134 0.700844 0.268146
0 0.7283820000000001 0.24682900000000002 0.721697 0.24491100000000002 0.714286 0.24425 0.7068749999999999 0.24491100000000002 0.7001890000000001 0.24682900000000002 0.694883 0.24981599999999998 0.691477 0.25358 0.690303 0.257752 0.691477 0.261924 0.694883 0.26568800000000004 0.7001890000000001 0.268675 0.7068749999999999 0.270593 0.714286 0.271254 0.721697 0.270593 0.7283820000000001 0.268675 0.733688 0.26568800000000004 0.737095 0.261924 0.7382690000000001 0.257752 0.737095 0.25358 0.733688 0.24981599999999998 0.7283820000000001 0.24682900000000002
0 0.7301040000000001 0.21969699999999998 0.723418 0.217779 0.7160070000000001 0.217118 0.708596 0.217779 0.70191 0.21969699999999998 0.696604 0.22268400000000002 0.693198 0.22644799999999998 0.692024 0.23062 0.693198 0.23479199999999997 0.696604 0.238556 0.70191 0.241543 0.708596 0.243461 0.7160070000000001 0.244122 0.723418 0.243461 0.7301040000000001 0.241543 0.735409 0.238556 0.738816 0.23479199999999997 0.7399899999999999 0.23062 0.738816 0.22644799999999998 0.735409 0.22268400000000002 0.7301040000000001 0.21969699999999998
0 0.793787 0.24198400000000003 0.787101 0.24006599999999997 0.77969 0.239405 0.7722789999999999 0.24006599999999997 0.765593 0.24198400000000003 0.760288 0.244971 0.756881 0.248735 0.755707 0.252907 0.756881 0.257079 0.760288 0.260843 0.765593 0.26383 0.7722789999999999 0.265748 0.77969 0.266409 0.787101 0.265748 0.793787 0.26383 0.7990929999999999 0.260843 0.8024990000000001 0.257079 0.8036730000000001 0.252907 0.8024990000000001 0.248735 0.7990929999999999 0.244971 0.793787 0.24198400000000003
0 0.831653 0.251674 0.824967 0.249756 0.8175560000000001 0.249095 0.810145 0.249756 0.8034589999999999 0.251674 0.798153 0.25466099999999997 0.794747 0.258425 0.7935730000000001 0.262597 0.794747 0.266769 0.798153 0.270533 0.8034589999999999 0.27352 0.810145 0.27543799999999996 0.8175560000000001 0.276099 0.824967 0.27543799999999996 0.831653 0.27352 0.8369579999999999 0.270533 0.840365 0.266769 0.841539 0.262597 0.840365 0.258425 0.8369579999999999 0.25466099999999997 0.831653 0.251674
0 0.810999 0.27686700000000003 0.804313 0.27494999999999997 0.796902 0.274289 0.789491 0.27494999999999997 0.782805 0.27686700000000003 0.7774989999999999 0.279854 0.7740929999999999 0.28361800000000004 0.772919 0.287791 0.7740929999999999 0.29196300000000003 0.7774989999999999 0.29572699999999996 0.782805 0.29871400000000004 0.789491 0.300632 0.796902 0.301293 0.804313 0.300632 0.810999 0.29871400000000004 0.816304 0.29572699999999996 0.8197110000000001 0.29196300000000003 0.820885 0.287791 0.8197110000000001 0.28361800000000004 0.816304 0.279854 0.810999 0.27686700000000003
0 0.743873 0.288495 0.737187 0.28657699999999997 0.729776 0.28591700000000003 0.722365 0.28657699999999997 0.71568 0.288495 0.7103740000000001 0.291482 0.706967 0.295246 0.705793 0.299419 0.706967 0.303591 0.7103740000000001 0.307355 0.71568 0.310342 0.722365 0.31226 0.729776 0.312921 0.737187 0.31226 0.743873 0.310342 0.749179 0.307355 0.7525850000000001 0.303591 0.753759 0.299419 0.7525850000000001 0.295246 0.749179 0.291482 0.743873 0.288495
0 0.762392 0.26265299999999997 0.755903 0.260792 0.7487090000000001 0.26015 0.7415160000000001 0.260792 0.735026 0.26265299999999997 0.729876 0.26555300000000004 0.7265699999999999 0.269206 0.72543 0.273256 0.7265699999999999 0.277306 0.729876 0.280959 0.735026 0.283858 0.7415160000000001 0.28572000000000003 0.7487090000000001 0.286361 0.755903 0.28572000000000003 0.762392 0.283858 0.767542 0.280959 0.770849 0.277306 0.771988 0.273256 0.770849 0.269206 0.767542 0.26555300000000004 0.762392 0.26265299999999997
0 0.700978 0.300988 0.694229 0.299052 0.686747 0.298385 0.679265 0.299052 0.672516 0.300988 0.6671590000000001 0.304004 0.66372 0.307803 0.662535 0.31201599999999996 0.66372 0.316228 0.6671590000000001 0.320027 0.672516 0.323043 0.679265 0.324979 0.686747 0.325646 0.694229 0.324979 0.700978 0.323043 0.7063349999999999 0.320027 0.709774 0.316228 0.710959 0.31201599999999996 0.709774 0.307803 0.7063349999999999 0.304004 0.700978 0.300988
0 0.700978 0.300988 0.694229 0.299052 0.686747 0.298385 0.679265 0.299052 0.672516 0.300988 0.6671590000000001 0.304004 0.66372 0.307803 0.662535 0.31201599999999996 0.66372 0.316228 0.6671590000000001 0.320027 0.672516 0.323043 0.679265 0.324979 0.686747 0.325646 0.694229 0.324979 0.700978 0.323043 0.7063349999999999 0.320027 0.709774 0.316228 0.710959 0.31201599999999996 0.709774 0.307803 0.7063349999999999 0.304004 0.700978 0.300988
0 0.652785 0.30874 0.6460359999999999 0.30680399999999997 0.638554 0.306137 0.631072 0.30680399999999997 0.624323 0.30874 0.6189669999999999 0.311755 0.6155280000000001 0.315555 0.6143430000000001 0.319767 0.6155280000000001 0.32398 0.6189669999999999 0.327779 0.624323 0.330795 0.631072 0.332731 0.638554 0.33339799999999997 0.6460359999999999 0.332731 0.652785 0.330795 0.658142 0.327779 0.661581 0.32398 0.662766 0.319767 0.661581 0.315555 0.658142 0.311755 0.652785 0.30874
0 0.42891700000000005 0.287512 0.42222299999999996 0.28559199999999996 0.414802 0.28493 0.407381 0.28559199999999996 0.400687 0.287512 0.395375 0.290503 0.391964 0.294272 0.390788 0.29845 0.391964 0.302627 0.395375 0.306396 0.400687 0.30938699999999997 0.407381 0.311307 0.414802 0.311969 0.42222299999999996 0.311307 0.42891700000000005 0.30938699999999997 0.43423 0.306396 0.437641 0.302627 0.438816 0.29845 0.437641 0.294272 0.43423 0.290503 0.42891700000000005 0.287512
0 0.561429 0.315627 0.554743 0.313709 0.547332 0.313048 0.539921 0.313709 0.533235 0.315627 0.52793 0.318614 0.5245230000000001 0.322378 0.523349 0.32655 0.5245230000000001 0.330723 0.52793 0.334487 0.533235 0.337474 0.539921 0.339391 0.547332 0.340052 0.554743 0.339391 0.561429 0.337474 0.566735 0.334487 0.570141 0.330723 0.571315 0.32655 0.570141 0.322378 0.566735 0.318614 0.561429 0.315627
0 0.6629780000000001 0.282681 0.656292 0.280764 0.648881 0.280103 0.64147 0.280764 0.634785 0.282681 0.629479 0.285668 0.626072 0.289432 0.6248980000000001 0.293605 0.626072 0.297777 0.629479 0.301541 0.634785 0.304528 0.64147 0.306446 0.648881 0.307107 0.656292 0.306446 0.6629780000000001 0.304528 0.668284 0.301541 0.67169 0.297777 0.672864 0.293605 0.67169 0.289432 0.668284 0.285668 0.6629780000000001 0.282681
0 0.513236 0.310782 0.506551 0.30886399999999997 0.499139 0.308203 0.491728 0.30886399999999997 0.485043 0.310782 0.47973699999999997 0.313769 0.47633000000000003 0.317533 0.475157 0.321705 0.47633000000000003 0.325878 0.47973699999999997 0.329642 0.485043 0.332629 0.491728 0.33454700000000004 0.499139 0.335207 0.506551 0.33454700000000004 0.513236 0.332629 0.518542 0.329642 0.521948 0.325878 0.5231220000000001 0.321705 0.521948 0.317533 0.518542 0.313769 0.513236 0.310782
0 0.395866 0.30813100000000004 0.389337 0.306259 0.3821 0.305613 0.374863 0.306259 0.368334 0.30813100000000004 0.363153 0.311048 0.359826 0.314724 0.35868 0.318798 0.359826 0.322873 0.363153 0.326548 0.368334 0.329465 0.374863 0.331338 0.3821 0.331984 0.389337 0.331338 0.395866 0.329465 0.401047 0.326548 0.40437399999999996 0.322873 0.40552 0.318798 0.40437399999999996 0.314724 0.401047 0.311048 0.395866 0.30813100000000004
0 0.469876 0.30425599999999997 0.463347 0.30238299999999996 0.45610999999999996 0.30173700000000003 0.448873 0.30238299999999996 0.442344 0.30425599999999997 0.43716299999999997 0.307172 0.433836 0.310848 0.43269 0.31492200000000004 0.433836 0.31899700000000003 0.43716299999999997 0.32267199999999996 0.442344 0.325589 0.448873 0.32746200000000003 0.45610999999999996 0.328108 0.463347 0.32746200000000003 0.469876 0.325589 0.47505699999999995 0.32267199999999996 0.478384 0.31899700000000003 0.47953 0.31492200000000004 0.478384 0.310848 0.47505699999999995 0.307172 0.469876 0.30425599999999997
0 0.354339 0.283107 0.347914 0.281264 0.340792 0.280629 0.333669 0.281264 0.327244 0.283107 0.322145 0.285978 0.318872 0.289595 0.31774399999999997 0.293605 0.318872 0.297614 0.322145 0.301232 0.327244 0.304102 0.333669 0.305945 0.340792 0.30657999999999996 0.347914 0.305945 0.354339 0.304102 0.35943800000000004 0.301232 0.36271200000000003 0.297614 0.36384 0.293605 0.36271200000000003 0.289595 0.35943800000000004 0.285978 0.354339 0.283107
0 0.5161290000000001 0.335433 0.5097039999999999 0.33359 0.5025820000000001 0.332954 0.495459 0.33359 0.489034 0.335433 0.48393499999999995 0.338303 0.480662 0.34192 0.479534 0.34592999999999996 0.480662 0.34994000000000003 0.48393499999999995 0.353557 0.489034 0.356428 0.495459 0.358271 0.5025820000000001 0.358906 0.5097039999999999 0.358271 0.5161290000000001 0.356428 0.521228 0.353557 0.524502 0.34994000000000003 0.52563 0.34592999999999996 0.524502 0.34192 0.521228 0.338303 0.5161290000000001 0.335433
0 0.6107940000000001 0.34027799999999997 0.604368 0.338434 0.5972459999999999 0.337799 0.590124 0.338434 0.583699 0.34027799999999997 0.5786 0.343148 0.575326 0.346765 0.574198 0.350775 0.575326 0.354785 0.5786 0.358402 0.583699 0.361273 0.590124 0.363116 0.5972459999999999 0.363751 0.604368 0.363116 0.6107940000000001 0.361273 0.615893 0.358402 0.619166 0.354785 0.620294 0.350775 0.619166 0.346765 0.615893 0.343148 0.6107940000000001 0.34027799999999997
0 0.402754 0.322674 0.401033 0.324612 0.399312 0.32655 0.39586899999999997 0.328488 0.39242699999999997 0.329457 0.39242699999999997 0.333333 0.39586899999999997 0.337209 0.401033 0.340116 0.40791700000000003 0.34205399999999997 0.414802 0.34302299999999997 0.42340799999999995 0.34205399999999997 0.430293 0.339147 0.435456 0.33624 0.438898 0.331395 0.438898 0.327519 0.437177 0.323643 0.433735 0.319767 0.42685000000000006 0.31589100000000003 0.41824399999999995 0.31492200000000004 0.40963900000000003 0.31492200000000004 0.406196 0.31589100000000003 0.404475 0.319767 0.402754 0.322674
0 0.48020699999999994 0.339147 0.48020699999999994 0.335271 0.47848499999999994 0.332364 0.476764 0.329457 0.473322 0.327519 0.46988 0.325581 0.46127399999999996 0.327519 0.45610999999999996 0.327519 0.44922500000000004 0.327519 0.44578300000000004 0.32655 0.442341 0.324612 0.44062 0.32655 0.438898 0.328488 0.437177 0.330426 0.435456 0.333333 0.433735 0.33624 0.430293 0.338178 0.432014 0.34108499999999997 0.435456 0.34399199999999996 0.44062 0.34689899999999996 0.444062 0.348837 0.45266799999999996 0.349806 0.457831 0.349806 0.464716 0.348837 0.46988 0.34689899999999996 0.475043 0.34496099999999996 0.47848499999999994 0.34205399999999997 0.48020699999999994 0.339147
0 0.526678 0.35562 0.5301199999999999 0.358527 0.535284 0.360465 0.542169 0.362403 0.552496 0.362403 0.55938 0.360465 0.566265 0.357558 0.571429 0.354651 0.5731499999999999 0.350775 0.5731499999999999 0.34592999999999996 0.569707 0.34205399999999997 0.567986 0.340116 0.5645439999999999 0.338178 0.561102 0.33624 0.555938 0.338178 0.549053 0.339147 0.54389 0.338178 0.540448 0.338178 0.535284 0.33624 0.5301199999999999 0.340116 0.526678 0.34302299999999997 0.524957 0.34592999999999996 0.524957 0.351744 0.526678 0.35562
0 0.659208 0.335271 0.6557660000000001 0.331395 0.652324 0.329457 0.64716 0.330426 0.641997 0.331395 0.636833 0.331395 0.63167 0.331395 0.628227 0.330426 0.6230640000000001 0.328488 0.619621 0.330426 0.616179 0.333333 0.6144580000000001 0.335271 0.612737 0.338178 0.612737 0.340116 0.6144580000000001 0.34302299999999997 0.6179 0.34496099999999996 0.619621 0.348837 0.621343 0.350775 0.626506 0.352713 0.636833 0.353682 0.64716 0.351744 0.652324 0.348837 0.6557660000000001 0.34689899999999996 0.659208 0.34205399999999997 0.660929 0.339147 0.659208 0.335271
0 0.662651 0.34108499999999997 0.6660929999999999 0.34302299999999997 0.672978 0.34689899999999996 0.679862 0.347868 0.6884680000000001 0.347868 0.697074 0.34592999999999996 0.703959 0.34205399999999997 0.7074010000000001 0.338178 0.709122 0.334302 0.709122 0.330426 0.7074010000000001 0.32655 0.703959 0.324612 0.6987949999999999 0.322674 0.697074 0.322674 0.69191 0.323643 0.686747 0.324612 0.679862 0.323643 0.674699 0.322674 0.672978 0.322674 0.6660929999999999 0.325581 0.662651 0.329457 0.660929 0.333333 0.660929 0.337209 0.662651 0.34108499999999997
0 0.743546 0.31298400000000004 0.738382 0.31104699999999996 0.733219 0.31201599999999996 0.728055 0.31201599999999996 0.722892 0.31201599999999996 0.7177279999999999 0.31104699999999996 0.714286 0.31007799999999996 0.710843 0.31104699999999996 0.709122 0.31298400000000004 0.703959 0.31686000000000003 0.702238 0.319767 0.702238 0.324612 0.703959 0.327519 0.709122 0.330426 0.714286 0.334302 0.726334 0.335271 0.733219 0.334302 0.741824 0.331395 0.745267 0.328488 0.7487090000000001 0.323643 0.7487090000000001 0.320736 0.7487090000000001 0.31782900000000003 0.745267 0.31492200000000004 0.743546 0.31298400000000004
0 0.7504299999999999 0.296512 0.7504299999999999 0.301357 0.7504299999999999 0.304264 0.746988 0.30717099999999997 0.743546 0.30813999999999997 0.741824 0.31007799999999996 0.7401030000000001 0.31104699999999996 0.741824 0.31395300000000004 0.7487090000000001 0.31686000000000003 0.757315 0.31782900000000003 0.765921 0.31782900000000003 0.772806 0.31589100000000003 0.77969 0.31298400000000004 0.7848539999999999 0.30717099999999997 0.7848539999999999 0.303295 0.7831330000000001 0.300388 0.7814110000000001 0.29845 0.776248 0.295543 0.771084 0.292636 0.7642 0.290698 0.759036 0.290698 0.753873 0.291667 0.7487090000000001 0.293605 0.7504299999999999 0.296512