0 0.360534 0.23304299999999997 0.352517 0.24373300000000003 0.347369 0.257204 0.345596 0.272135 0.347369 0.287067 0.352517 0.300537 0.360534 0.31122700000000003 0.370637 0.318091 0.381836 0.32045599999999996 0.39303499999999997 0.318091 0.40313699999999997 0.31122700000000003 0.41115500000000005 0.300537 0.41630200000000006 0.287067 0.418076 0.272135 0.41630200000000006 0.257204 0.41115500000000005 0.24373300000000003 0.40313699999999997 0.23304299999999997 0.39303499999999997 0.22618 0.381836 0.22381500000000001 0.370637 0.22618 0.360534 0.23304299999999997
0 0.427561 0.23548399999999997 0.419777 0.245863 0.41478000000000004 0.258941 0.41305800000000004 0.27343799999999996 0.41478000000000004 0.287934 0.419777 0.301012 0.427561 0.31139100000000003 0.43737000000000004 0.318054 0.44824200000000003 0.32035 0.459115 0.318054 0.46892300000000003 0.31139100000000003 0.47670700000000005 0.301012 0.481705 0.287934 0.483427 0.27343799999999996 0.481705 0.258941 0.47670700000000005 0.245863 0.46892300000000003 0.23548399999999997 0.459115 0.228821 0.44824200000000003 0.226525 0.43737000000000004 0.228821 0.427561 0.23548399999999997
0 0.49592099999999995 0.239391 0.48813700000000004 0.249769 0.483139 0.262847 0.481417 0.277344 0.483139 0.291841 0.48813700000000004 0.30491799999999997 0.49592099999999995 0.315297 0.505729 0.32195999999999997 0.516602 0.324257 0.527474 0.32195999999999997 0.5372830000000001 0.315297 0.545066 0.30491799999999997 0.550064 0.291841 0.551786 0.277344 0.550064 0.262847 0.545066 0.249769 0.5372830000000001 0.239391 0.527474 0.232727 0.516602 0.230431 0.505729 0.232727 0.49592099999999995 0.239391
0 0.56428 0.243297 0.556496 0.253675 0.551498 0.266753 0.549776 0.28125 0.551498 0.295747 0.556496 0.308825 0.56428 0.319203 0.5740879999999999 0.325867 0.5849610000000001 0.328163 0.595834 0.325867 0.605642 0.319203 0.613426 0.308825 0.6184230000000001 0.295747 0.620146 0.28125 0.6184230000000001 0.266753 0.613426 0.253675 0.605642 0.243297 0.595834 0.236633 0.5849610000000001 0.23433700000000002 0.5740879999999999 0.236633 0.56428 0.243297
0 0.460729 0.31403400000000004 0.453299 0.32394 0.44852800000000004 0.336423 0.446885 0.35026 0.44852800000000004 0.364098 0.453299 0.376581 0.460729 0.38648699999999997 0.47009100000000004 0.392847 0.480469 0.39503900000000003 0.49084700000000003 0.392847 0.500209 0.38648699999999997 0.507639 0.376581 0.512409 0.364098 0.514053 0.35026 0.512409 0.336423 0.507639 0.32394 0.500209 0.31403400000000004 0.49084700000000003 0.307673 0.480469 0.305482 0.47009100000000004 0.307673 0.460729 0.31403400000000004
0 0.395964 0.312161 0.388417 0.32222300000000004 0.38357199999999997 0.334903 0.381902 0.348958 0.38357199999999997 0.363014 0.388417 0.375693 0.395964 0.385756 0.405474 0.392217 0.41601600000000005 0.394443 0.426557 0.392217 0.436067 0.385756 0.443614 0.375693 0.448459 0.363014 0.450129 0.348958 0.448459 0.334903 0.443614 0.32222300000000004 0.436067 0.312161 0.426557 0.30569999999999997 0.41601600000000005 0.303474 0.405474 0.30569999999999997 0.395964 0.312161
0 0.329451 0.310663 0.32186400000000004 0.32077900000000004 0.31699299999999997 0.333526 0.315314 0.347656 0.31699299999999997 0.36178699999999997 0.32186400000000004 0.37453400000000003 0.329451 0.38465 0.339012 0.39114499999999996 0.349609 0.393383 0.360207 0.39114499999999996 0.369767 0.38465 0.377355 0.37453400000000003 0.382226 0.36178699999999997 0.38390399999999997 0.347656 0.382226 0.333526 0.377355 0.32077900000000004 0.369767 0.310663 0.360207 0.304168 0.349609 0.30193 0.339012 0.304168 0.329451 0.310663
0 0.527962 0.316363 0.520475 0.326345 0.515669 0.338922 0.514013 0.352865 0.515669 0.366807 0.520475 0.379385 0.527962 0.389366 0.537395 0.395775 0.547852 0.39798300000000003 0.558308 0.395775 0.567742 0.389366 0.575228 0.379385 0.580034 0.366807 0.58169 0.352865 0.580034 0.338922 0.575228 0.326345 0.567742 0.316363 0.558308 0.309954 0.547852 0.30774599999999996 0.537395 0.309954 0.527962 0.316363
0 0.592415 0.322873 0.584928 0.332855 0.580122 0.345433 0.5784659999999999 0.359375 0.580122 0.373317 0.584928 0.385895 0.592415 0.395877 0.601848 0.402285 0.612305 0.404493 0.622761 0.402285 0.6321950000000001 0.395877 0.639681 0.385895 0.644487 0.373317 0.6461439999999999 0.359375 0.644487 0.345433 0.639681 0.332855 0.6321950000000001 0.322873 0.622761 0.316465 0.612305 0.314257 0.601848 0.316465 0.592415 0.322873
0 0.628895 0.246198 0.621172 0.25649500000000003 0.616213 0.269471 0.6145050000000001 0.283854 0.616213 0.298238 0.621172 0.311213 0.628895 0.32151 0.638627 0.32812199999999997 0.6494139999999999 0.33039999999999997 0.6602020000000001 0.32812199999999997 0.669933 0.32151 0.677656 0.311213 0.682615 0.298238 0.684323 0.283854 0.682615 0.269471 0.677656 0.25649500000000003 0.669933 0.246198 0.6602020000000001 0.239587 0.6494139999999999 0.237309 0.638627 0.239587 0.628895 0.246198
0 0.5898380000000001 0.195467 0.5869449999999999 0.180973 0.580894 0.168649 0.5722780000000001 0.15969899999999998 0.56194 0.154999 0.5508919999999999 0.155011 0.540216 0.159732 0.530956 0.168701 0.524019 0.18104 0.520084 0.19554100000000002 0.5195369999999999 0.210783 0.5224300000000001 0.225277 0.528481 0.237601 0.5370969999999999 0.24655100000000002 0.547435 0.251251 0.5584830000000001 0.251239 0.569159 0.24651800000000001 0.578419 0.237549 0.585356 0.22521 0.589291 0.21070899999999998 0.5898380000000001 0.195467
0 0.467532 0.15654600000000002 0.45949 0.16728400000000002 0.45426700000000003 0.180892 0.45237299999999997 0.19604 0.45399399999999995 0.211244 0.458971 0.22501600000000002 0.466817 0.236007 0.476765 0.24314300000000003 0.48783899999999997 0.245724 0.498957 0.243498 0.50903 0.23668300000000003 0.517072 0.225945 0.522296 0.212337 0.52419 0.197189 0.5225690000000001 0.181985 0.5175919999999999 0.168213 0.509745 0.157222 0.499798 0.150086 0.48872299999999996 0.147505 0.47760499999999995 0.149731 0.467532 0.15654600000000002
0 0.436087 0.232072 0.444133 0.22107100000000002 0.449235 0.207295 0.45089499999999993 0.19209 0.448949 0.176946 0.443588 0.16334500000000002 0.435337 0.152618 0.42500299999999996 0.145815 0.41359899999999994 0.14360299999999998 0.40224000000000004 0.146197 0.392038 0.153345 0.383992 0.16434500000000002 0.37889 0.178122 0.37723 0.193327 0.379176 0.208471 0.384537 0.222072 0.392788 0.23279899999999998 0.40312200000000004 0.239602 0.41452600000000006 0.24181400000000003 0.42588499999999996 0.239219 0.436087 0.232072
0 0.40204399999999996 0.149204 0.409342 0.137023 0.413566 0.122264 0.41430100000000003 0.106369 0.41147600000000006 0.09089699999999999 0.40536700000000003 0.077361 0.396573 0.067086 0.385954 0.061078 0.374549 0.05992499999999999 0.363475 0.06373999999999999 0.353816 0.07215 0.346517 0.084331 0.342294 0.099091 0.341558 0.114985 0.344383 0.130457 0.35049199999999997 0.14399299999999998 0.359286 0.15426800000000002 0.36990599999999996 0.160276 0.381311 0.161429 0.392385 0.157614 0.40204399999999996 0.149204
0 0.340902 0.13039499999999998 0.344195 0.115025 0.343812 0.09884699999999999 0.33979 0.083445 0.332523 0.070326 0.322723 0.060775 0.311348 0.055726 0.29951300000000003 0.055674 0.288375 0.060623 0.27902499999999997 0.07009 0.27237900000000004 0.083147 0.269086 0.098517 0.269469 0.114694 0.27349100000000004 0.130097 0.280758 0.143215 0.290558 0.15276700000000001 0.301933 0.157816 0.313768 0.157868 0.32490600000000003 0.152918 0.334256 0.143452 0.340902 0.13039499999999998
0 0.378433 0.21590199999999998 0.38143699999999997 0.20075099999999999 0.38084799999999996 0.184812 0.37672300000000003 0.16964600000000002 0.36946500000000004 0.156737 0.359786 0.14735 0.348633 0.142403 0.337098 0.14238 0.326309 0.147283 0.317323 0.156633 0.31101999999999996 0.169514 0.30801599999999996 0.184666 0.308605 0.200605 0.312731 0.215771 0.319988 0.228679 0.32966700000000004 0.23806699999999997 0.34082 0.243014 0.35235500000000003 0.243037 0.363144 0.23813399999999998 0.37212999999999996 0.22878400000000002 0.378433 0.21590199999999998
0 0.31126 0.208168 0.3128 0.192794 0.310774 0.17703 0.30537899999999996 0.162418 0.297145 0.15038800000000002 0.286877 0.142119 0.27558 0.13841900000000001 0.26436000000000004 0.139651 0.254316 0.145695 0.24643 0.15595799999999999 0.24147400000000002 0.169436 0.239934 0.18481 0.241961 0.20057399999999997 0.247355 0.21518700000000002 0.255589 0.227216 0.26585800000000004 0.235485 0.277154 0.23918499999999998 0.288374 0.237953 0.298419 0.231909 0.306305 0.221646 0.31126 0.208168
0 0.175481 0.171508 0.174488 0.186937 0.177064 0.202548 0.182955 0.216814 0.191585 0.228337 0.20211 0.235991 0.21349900000000002 0.23902600000000002 0.22463700000000003 0.23714400000000002 0.23443399999999998 0.23052999999999998 0.24193099999999998 0.21983199999999997 0.246394 0.206096 0.24738699999999997 0.190667 0.24481099999999997 0.175056 0.23892000000000002 0.16079000000000002 0.23029000000000002 0.14926699999999998 0.219765 0.14161300000000002 0.20837599999999998 0.138579 0.197238 0.14046 0.187441 0.14707399999999998 0.179944 0.157772 0.175481 0.171508
0 0.209762 0.118554 0.209775 0.10242500000000002 0.20607899999999998 0.086466 0.199034 0.072239 0.189331 0.061138000000000005 0.177919 0.054249000000000006 0.165916 0.052246 0.15449600000000002 0.055326 0.144777 0.06318599999999999 0.13771 0.075058 0.133988 0.089779 0.133975 0.105909 0.13767100000000002 0.121868 0.144716 0.136094 0.154419 0.14719500000000002 0.165831 0.154084 0.177834 0.156087 0.18925399999999998 0.153008 0.198973 0.145147 0.20604 0.133276 0.209762 0.118554
0 0.175939 0.198568 0.176404 0.182588 0.173176 0.166707 0.16657 0.152478 0.157234 0.141296 0.146081 0.134253 0.134202 0.13204100000000002 0.12276100000000001 0.134875 0.112877 0.142478 0.105519 0.154105 0.101405 0.16861900000000002 0.10094 0.184599 0.104168 0.200481 0.11077300000000001 0.21470899999999998 0.12011000000000001 0.22589199999999998 0.131263 0.23293400000000003 0.143142 0.235147 0.154583 0.232313 0.164467 0.22471000000000002 0.171825 0.213082 0.175939 0.198568
0 0.14349099999999998 0.251564 0.142825 0.266754 0.145672 0.281962 0.151753 0.295698 0.160473 0.30661700000000003 0.17097800000000002 0.313652 0.18224 0.316112 0.193157 0.313758 0.20266 0.30682 0.209818 0.295977 0.213931 0.28229099999999996 0.214597 0.2671 0.21175000000000002 0.251892 0.20566900000000002 0.238157 0.19694899999999999 0.227237 0.186444 0.220203 0.175182 0.21774200000000002 0.164265 0.22009599999999999 0.154762 0.227034 0.147604 0.23787699999999998 0.14349099999999998 0.251564
0 0.20892 0.25547 0.208254 0.27066 0.21110099999999998 0.285868 0.217183 0.299604 0.22590300000000002 0.310523 0.236408 0.317558 0.24767 0.320019 0.258587 0.317665 0.268089 0.31072700000000003 0.275248 0.299884 0.279361 0.286197 0.28002699999999997 0.27100599999999997 0.27718 0.255799 0.271099 0.242063 0.26237900000000003 0.23114300000000002 0.251873 0.22410899999999997 0.240611 0.22164799999999998 0.22969499999999998 0.22400199999999998 0.220192 0.23094 0.213034 0.241783 0.20892 0.25547
0 0.276303 0.258074 0.275637 0.273265 0.278484 0.288472 0.284565 0.302208 0.293285 0.31312799999999996 0.30379100000000003 0.320162 0.31505299999999997 0.322623 0.32597 0.320269 0.335472 0.31333099999999997 0.34263 0.302488 0.346744 0.288801 0.34741 0.27361 0.344563 0.258403 0.338481 0.24466700000000002 0.329761 0.233747 0.319256 0.226713 0.307994 0.22425199999999998 0.297077 0.226606 0.287575 0.23354400000000003 0.280416 0.244387 0.276303 0.258074
0 0.316811 0.358485 0.316535 0.343924 0.312901 0.329855 0.306264 0.317656 0.297274 0.308522 0.28681100000000004 0.30334500000000003 0.2759 0.30263399999999996 0.26560700000000004 0.306457 0.256942 0.31444 0.250752 0.32580200000000004 0.247642 0.339431 0.247918 0.353993 0.251552 0.368061 0.258189 0.38026 0.267179 0.389395 0.277642 0.394571 0.288553 0.395283 0.298846 0.39146000000000003 0.307511 0.38347699999999996 0.31370200000000004 0.372114 0.316811 0.358485
0 0.250405 0.35457900000000003 0.250129 0.34001800000000004 0.246495 0.325949 0.239858 0.31375000000000003 0.230868 0.304616 0.22040500000000002 0.299439 0.209493 0.298727 0.19920100000000002 0.30255 0.19053599999999998 0.310534 0.184345 0.321896 0.181236 0.33552499999999996 0.181512 0.350086 0.185146 0.364155 0.19178299999999998 0.37635399999999997 0.200773 0.385489 0.21123599999999998 0.390665 0.222147 0.391377 0.232439 0.387554 0.24110499999999999 0.37957 0.247295 0.368208 0.250405 0.35457900000000003
0 0.185079 0.35345499999999996 0.185142 0.33910999999999997 0.1819 0.324966 0.17566900000000002 0.312405 0.167059 0.302657 0.156913 0.29667699999999997 0.146224 0.29505 0.136039 0.297935 0.127354 0.30505 0.12101999999999999 0.315698 0.11765600000000001 0.328837 0.117592 0.343181 0.120834 0.357326 0.127065 0.36988699999999997 0.135675 0.379635 0.145821 0.385615 0.15650999999999998 0.387242 0.16669499999999998 0.384357 0.17538 0.37724199999999997 0.18171500000000002 0.366594 0.185079 0.35345499999999996
0 0.124315 0.335474 0.121248 0.321546 0.115011 0.309027 0.10621499999999999 0.299142 0.095721 0.292859 0.08455599999999999 0.290792 0.073814 0.293145 0.064544 0.299687 0.057656 0.309777 0.053822 0.322428 0.05342 0.336401 0.056486999999999996 0.350329 0.062723 0.362848 0.071519 0.372733 0.082013 0.379016 0.09317800000000001 0.381083 0.103921 0.37873 0.11318999999999999 0.372188 0.120079 0.362098 0.123912 0.349447 0.124315 0.335474
0 0.09102400000000001 0.406281 0.092471 0.420195 0.097102 0.43350799999999995 0.104465 0.44491800000000004 0.11383700000000001 0.453308 0.124302 0.45785600000000004 0.13483499999999998 0.458117 0.14440599999999998 0.45406599999999997 0.152077 0.44609899999999997 0.157097 0.43499600000000005 0.158976 0.421844 0.157529 0.40793 0.152898 0.394617 0.145535 0.38320699999999996 0.13616299999999998 0.374817 0.125698 0.370269 0.115165 0.370008 0.10559400000000001 0.37405900000000003 0.09792300000000001 0.38202600000000003 0.092903 0.393129 0.09102400000000001 0.406281
0 0.156393 0.41407 0.158836 0.42760600000000004 0.16437200000000002 0.44007199999999996 0.172458 0.45024600000000004 0.182303 0.45713400000000004 0.192945 0.46006 0.203339 0.458738 0.212471 0.453299 0.21944400000000003 0.44427300000000003 0.223578 0.432545 0.224466 0.41926300000000005 0.222023 0.405727 0.216488 0.393262 0.208401 0.383087 0.198556 0.3762 0.187915 0.373274 0.17751999999999998 0.374595 0.168389 0.380035 0.161415 0.38906 0.157282 0.40078800000000003 0.156393 0.41407
0 0.288218 0.42231300000000005 0.285799 0.408613 0.280259 0.396084 0.27214 0.38595100000000004 0.262235 0.379208 0.25151500000000004 0.376514 0.24103 0.378133 0.23180399999999998 0.38390599999999997 0.224743 0.393268 0.220535 0.40530299999999997 0.21959499999999998 0.41883299999999996 0.22201300000000002 0.432533 0.22755299999999998 0.44506199999999996 0.23567300000000002 0.455194 0.245577 0.46193799999999996 0.256297 0.46463200000000004 0.266783 0.463013 0.276008 0.45724 0.28307000000000004 0.44787800000000005 0.287277 0.43584300000000004 0.288218 0.42231300000000005
0 0.35392100000000004 0.42123299999999997 0.351901 0.40764500000000004 0.346788 0.395194 0.33908499999999997 0.3851 0.32954300000000003 0.378352 0.319099 0.375608 0.308773 0.377139 0.299576 0.38279399999999997 0.29241 0.392019 0.287974 0.40391199999999994 0.28670399999999996 0.41730900000000004 0.288724 0.43089700000000003 0.293837 0.443348 0.30154000000000003 0.45344100000000004 0.31108199999999997 0.46019 0.321526 0.46293300000000004 0.331852 0.46140299999999995 0.341049 0.455748 0.348215 0.446523 0.352651 0.43463 0.35392100000000004 0.42123299999999997
0 0.35181300000000004 0.41632600000000003 0.353064 0.429933 0.357417 0.44249599999999994 0.364448 0.452785 0.373467 0.45979400000000004 0.38359299999999996 0.46283599999999997 0.393833 0.461613 0.403186 0.456246 0.410735 0.44726 0.415743 0.435534 0.417718 0.422215 0.41646700000000003 0.40860900000000006 0.412114 0.396046 0.405083 0.385757 0.396064 0.378748 0.385939 0.375706 0.375698 0.37692800000000004 0.366346 0.382295 0.358796 0.391282 0.353789 0.403008 0.35181300000000004 0.41632600000000003
0 0.41529 0.418931 0.41654 0.43253700000000006 0.420894 0.44509999999999994 0.427925 0.455389 0.436944 0.46239800000000003 0.44706900000000005 0.46543999999999996 0.45730899999999997 0.46421799999999996 0.466662 0.458851 0.47421199999999997 0.449864 0.47921899999999995 0.438138 0.481194 0.424819 0.479944 0.41121299999999994 0.47558999999999996 0.39865 0.46856 0.388361 0.45953999999999995 0.381352 0.449415 0.37831000000000004 0.439175 0.379532 0.429822 0.384899 0.422273 0.393886 0.417265 0.405612 0.41529 0.418931
0 0.478324 0.41905200000000004 0.479333 0.43252100000000004 0.48341599999999996 0.444948 0.490174 0.455116 0.498946 0.46203099999999997 0.508872 0.46501400000000004 0.5189809999999999 0.46377499999999994 0.528284 0.458435 0.53587 0.449515 0.540996 0.43789 0.543161 0.42469799999999996 0.542152 0.41122899999999996 0.538068 0.398802 0.5313100000000001 0.38863400000000003 0.522539 0.38171900000000003 0.5126120000000001 0.378736 0.502503 0.379975 0.4932 0.38531499999999996 0.485614 0.394235 0.48048799999999997 0.40586 0.478324 0.41905200000000004
0 0.5424610000000001 0.419241 0.542413 0.43266400000000005 0.545478 0.445413 0.551356 0.456241 0.559472 0.46408699999999997 0.569032 0.46818400000000004 0.579099 0.46813000000000005 0.588689 0.46393000000000006 0.596862 0.455996 0.602819 0.44510500000000003 0.605976 0.432322 0.606025 0.418899 0.60296 0.406149 0.597082 0.395322 0.588966 0.387475 0.579406 0.383379 0.569339 0.383433 0.5597489999999999 0.38763200000000003 0.5515749999999999 0.395566 0.5456190000000001 0.40645800000000004 0.5424610000000001 0.419241
0 0.22873800000000002 0.703291 0.22084299999999998 0.709005 0.214941 0.7174579999999999 0.211611 0.7278209999999999 0.211178 0.739081 0.21368499999999999 0.750135 0.218886 0.7599020000000001 0.226273 0.767424 0.235122 0.771966 0.24456699999999998 0.773084 0.253684 0.770667 0.261579 0.764953 0.26748099999999997 0.7565000000000001 0.270811 0.7461369999999999 0.271244 0.734877 0.268737 0.723823 0.26353499999999996 0.714057 0.256149 0.706534 0.2473 0.701992 0.237855 0.700875 0.22873800000000002 0.703291
0 0.643457 0.34948 0.6417430000000001 0.363372 0.643362 0.377 0.648153 0.389031 0.65565 0.39828600000000003 0.665116 0.40386 0.675627 0.405207 0.686153 0.402194 0.6956640000000001 0.39511799999999997 0.703228 0.384671 0.708106 0.371874 0.709819 0.35798199999999997 0.7082010000000001 0.344354 0.703409 0.33232300000000004 0.695913 0.323068 0.686446 0.317494 0.6759350000000001 0.316148 0.665409 0.31916 0.655899 0.326236 0.648335 0.336683 0.643457 0.34948
0 0.777237 0.371542 0.778583 0.357801 0.776653 0.344596 0.771636 0.333221 0.764022 0.32478799999999997 0.754559 0.320123 0.7441709999999999 0.319683 0.733876 0.32351 0.724681 0.331231 0.717487 0.342089 0.712997 0.355021 0.711651 0.368762 0.7135819999999999 0.38196599999999997 0.718599 0.393341 0.7262120000000001 0.40177399999999996 0.735675 0.40643900000000005 0.746063 0.406879 0.756359 0.403052 0.7655529999999999 0.395332 0.772748 0.384474 0.777237 0.371542
0 0.840714 0.378052 0.84206 0.364311 0.8401289999999999 0.351107 0.835112 0.33973200000000003 0.8274990000000001 0.331299 0.8180350000000001 0.326634 0.807648 0.326193 0.797352 0.330021 0.7881579999999999 0.33774099999999996 0.7809630000000001 0.348599 0.776473 0.361531 0.775128 0.375272 0.777058 0.388476 0.7820750000000001 0.399852 0.7896880000000001 0.40828499999999995 0.7991520000000001 0.41295000000000004 0.8095399999999999 0.41339 0.819835 0.40956200000000004 0.82903 0.401842 0.836224 0.390984 0.840714 0.378052
0 0.753536 0.28977400000000003 0.7535339999999999 0.30400900000000003 0.756818 0.317163 0.763068 0.327949 0.771671 0.335311 0.781785 0.338528 0.79242 0.337285 0.8025359999999999 0.331705 0.8111409999999999 0.322332 0.817395 0.310086 0.820683 0.296164 0.8206849999999999 0.281929 0.817401 0.26877399999999996 0.8111510000000001 0.257988 0.802548 0.25062700000000004 0.792434 0.24741 0.781798 0.248652 0.771683 0.25423300000000004 0.763077 0.263605 0.756824 0.275852 0.753536 0.28977400000000003
0 0.683223 0.28717000000000004 0.683221 0.30140500000000003 0.686506 0.314559 0.692755 0.325345 0.701358 0.332707 0.711472 0.335924 0.722108 0.334681 0.7322230000000001 0.329101 0.740829 0.319728 0.747082 0.307482 0.750371 0.293559 0.750373 0.279324 0.747088 0.26617 0.740839 0.255384 0.732236 0.24802200000000002 0.722121 0.244805 0.7114860000000001 0.246048 0.70137 0.251629 0.692765 0.261001 0.686512 0.273248 0.683223 0.28717000000000004
0 0.793337 0.220771 0.793273 0.206139 0.789833 0.19261299999999998 0.783355 0.181519 0.774472 0.17394099999999998 0.764053 0.170622 0.75312 0.17188699999999998 0.742741 0.177612 0.733934 0.187236 0.7275590000000001 0.199817 0.7242409999999999 0.21412499999999998 0.724305 0.22875700000000002 0.727745 0.24228299999999997 0.734223 0.253377 0.743106 0.260955 0.753525 0.264274 0.7644580000000001 0.263009 0.774837 0.25728399999999996 0.783645 0.24766 0.790019 0.23507899999999998 0.793337 0.220771
0 0.725954 0.21295899999999998 0.7258899999999999 0.198326 0.72245 0.184801 0.715972 0.173706 0.7070890000000001 0.166129 0.696671 0.16281 0.685737 0.164075 0.675358 0.169799 0.666551 0.179423 0.660176 0.192005 0.6568579999999999 0.206312 0.656922 0.220945 0.660362 0.23447 0.666841 0.24556499999999998 0.675724 0.253142 0.686142 0.256461 0.697075 0.255196 0.707454 0.249472 0.7162620000000001 0.239848 0.722636 0.22726600000000002 0.725954 0.21295899999999998
0 0.657922 0.20844900000000002 0.6578299999999999 0.19370099999999998 0.654333 0.180002 0.647774 0.16869499999999998 0.6387940000000001 0.160885 0.628273 0.157338 0.61724 0.1584 0.6067750000000001 0.163967 0.597904 0.173495 0.591493 0.18605100000000002 0.588171 0.200405 0.588263 0.215153 0.5917600000000001 0.228852 0.59832 0.240159 0.6073000000000001 0.24796900000000002 0.617821 0.251517 0.628854 0.250455 0.639319 0.244887 0.64819 0.235359 0.654601 0.222804 0.657922 0.20844900000000002
0 0.670379 0.442179 0.672219 0.428959 0.670871 0.415937 0.666467 0.404389 0.659438 0.395444 0.650471 0.38997899999999996 0.6404449999999999 0.388528 0.630341 0.39123399999999997 0.621148 0.397831 0.613766 0.40767499999999995 0.608918 0.41980000000000006 0.607078 0.43301999999999996 0.608425 0.446042 0.61283 0.457591 0.619859 0.46653500000000003 0.628826 0.472 0.638852 0.473451 0.648956 0.47074499999999997 0.658148 0.46414799999999995 0.6655300000000001 0.454305 0.670379 0.442179
0 0.7338560000000001 0.444784 0.735696 0.431563 0.734348 0.418541 0.7299439999999999 0.40699300000000005 0.7229140000000001 0.398048 0.713948 0.392583 0.703922 0.391133 0.693818 0.393838 0.684625 0.400436 0.677243 0.41027899999999995 0.6723939999999999 0.42240399999999995 0.670554 0.43562500000000004 0.671902 0.448646 0.6763060000000001 0.460195 0.6833359999999999 0.46913900000000003 0.692302 0.47460399999999997 0.702328 0.476055 0.712432 0.47334899999999996 0.721625 0.46675199999999994 0.729007 0.456909 0.7338560000000001 0.444784
0 0.7983089999999999 0.447388 0.800149 0.43416699999999997 0.798801 0.421145 0.794397 0.40959700000000004 0.7873680000000001 0.400652 0.778401 0.395187 0.768375 0.393737 0.7582709999999999 0.396442 0.749078 0.40304 0.741696 0.412883 0.736848 0.42500799999999994 0.735007 0.43822900000000004 0.736355 0.45125099999999996 0.740759 0.46279899999999996 0.747789 0.471743 0.756755 0.47720799999999997 0.766781 0.47865900000000006 0.7768849999999999 0.47595299999999996 0.786078 0.469356 0.7934599999999999 0.459513 0.7983089999999999 0.447388
0 0.8610620000000001 0.44897099999999995 0.862505 0.435719 0.8607739999999999 0.423151 0.8560380000000001 0.412497 0.848762 0.4048 0.839656 0.400815 0.8296129999999999 0.40092999999999995 0.819615 0.405134 0.810642 0.41301699999999997 0.803571 0.423806 0.799095 0.436446 0.797651 0.449698 0.799382 0.46226599999999995 0.8041180000000001 0.47291999999999995 0.8113950000000001 0.48061600000000004 0.8205 0.48460200000000003 0.8305429999999999 0.484487 0.840541 0.480282 0.8495139999999999 0.47240000000000004 0.8565849999999999 0.461611 0.8610620000000001 0.44897099999999995
0 0.875981 0.524498 0.878518 0.51193 0.877938 0.49946799999999997 0.8742979999999999 0.488333 0.867955 0.479615 0.85953 0.47416600000000003 0.849846 0.47252099999999997 0.839853 0.47484099999999996 0.8305279999999999 0.480897 0.8227840000000001 0.490099 0.8173790000000001 0.501544 0.814842 0.514112 0.8154220000000001 0.526574 0.8190609999999999 0.537709 0.825404 0.546427 0.8338300000000001 0.551875 0.843513 0.55352 0.8535069999999999 0.551201 0.862832 0.545144 0.870576 0.535943 0.875981 0.524498
0 0.759143 0.49539900000000003 0.757026 0.50826 0.758046 0.5209509999999999 0.762102 0.532228 0.768797 0.540987 0.777476 0.5463720000000001 0.787289 0.547855 0.797275 0.5452899999999999 0.8064579999999999 0.53893 0.8139379999999999 0.529396 0.8189819999999999 0.517622 0.821099 0.50476 0.820079 0.49207 0.816023 0.48079299999999997 0.809328 0.472034 0.8006489999999999 0.466649 0.790836 0.46516599999999997 0.78085 0.46773 0.771667 0.47409100000000004 0.764187 0.48362499999999997 0.759143 0.49539900000000003
0 0.6995720000000001 0.49279400000000007 0.6974560000000001 0.505656 0.698476 0.518347 0.7025319999999999 0.529624 0.709227 0.538383 0.717905 0.543768 0.7277180000000001 0.545251 0.7377049999999999 0.542686 0.746887 0.5363260000000001 0.754367 0.526792 0.759412 0.515018 0.761528 0.502156 0.760508 0.489466 0.756453 0.478189 0.749758 0.469429 0.741079 0.46404500000000004 0.731266 0.462562 0.7212799999999999 0.465126 0.712097 0.47148700000000004 0.704617 0.48102 0.6995720000000001 0.49279400000000007
0 0.6970620000000001 0.510154 0.698968 0.49724599999999997 0.6977439999999999 0.484608 0.6935100000000001 0.47347700000000004 0.68668 0.464942 0.677923 0.459839 0.668095 0.458667 0.65816 0.461541 0.64909 0.468179 0.641771 0.477933 0.636922 0.489846 0.635016 0.502754 0.63624 0.5153920000000001 0.640474 0.526523 0.647305 0.535058 0.656062 0.540161 0.6658890000000001 0.5413330000000001 0.675824 0.538459 0.684895 0.531821 0.692213 0.5220670000000001 0.6970620000000001 0.510154
0 0.628198 0.5144 0.632416 0.502634 0.633615 0.489974 0.631675 0.477658 0.626788 0.46689100000000006 0.619432 0.45872900000000005 0.6103270000000001 0.453968 0.600363 0.45307700000000006 0.590517 0.456141 0.581753 0.462861 0.574927 0.47257999999999994 0.570709 0.48434499999999997 0.56951 0.497005 0.57145 0.509321 0.576337 0.520088 0.583693 0.528251 0.5927979999999999 0.533011 0.602762 0.533902 0.612608 0.5308379999999999 0.621372 0.524118 0.628198 0.5144
0 0.51237 0.469918 0.5081330000000001 0.48186799999999996 0.506923 0.49482799999999993 0.50886 0.50753 0.513753 0.5187299999999999 0.521123 0.527331 0.53025 0.532493 0.5402389999999999 0.533709 0.550113 0.530861 0.558905 0.524228 0.565755 0.5144569999999999 0.5699919999999999 0.502507 0.571202 0.48954700000000007 0.569265 0.47684499999999996 0.564372 0.46564500000000003 0.557002 0.45704399999999995 0.547875 0.451882 0.5378860000000001 0.450666 0.528012 0.45351400000000003 0.51922 0.460147 0.51237 0.469918
0 0.451823 0.46861499999999995 0.447586 0.480565 0.446376 0.493526 0.448313 0.506227 0.45320600000000005 0.517427 0.460576 0.5260290000000001 0.469703 0.531191 0.479692 0.532407 0.48956600000000006 0.529559 0.49835799999999997 0.5229250000000001 0.505208 0.513155 0.509445 0.501205 0.5106550000000001 0.48824500000000004 0.508718 0.47554299999999994 0.503825 0.46434300000000006 0.496455 0.455742 0.48732800000000004 0.45058 0.477339 0.44936299999999996 0.46746499999999996 0.452212 0.458673 0.458845 0.451823 0.46861499999999995
0 0.3903 0.467313 0.386062 0.479263 0.384853 0.49222400000000005 0.386789 0.504925 0.391682 0.516125 0.399053 0.524727 0.40817899999999996 0.529889 0.41816899999999996 0.5311049999999999 0.428043 0.528257 0.43683500000000003 0.5216230000000001 0.443685 0.511853 0.447922 0.49990300000000004 0.44913100000000006 0.486943 0.44719499999999995 0.47424099999999997 0.44230200000000003 0.46304100000000004 0.434931 0.454439 0.425805 0.44927799999999996 0.41581599999999996 0.44806100000000004 0.405942 0.45090899999999995 0.39715 0.457543 0.3903 0.467313
0 0.38612799999999997 0.478637 0.381274 0.46685800000000005 0.373799 0.457303 0.36443400000000004 0.450908 0.354096 0.448299 0.343797 0.449731 0.334544 0.45506399999999997 0.327244 0.463776 0.322612 0.475014 0.3211 0.487678 0.322857 0.500529 0.32771 0.512309 0.335185 0.521864 0.34455 0.528259 0.354888 0.530868 0.36518799999999996 0.529436 0.37444 0.524103 0.38174 0.5153909999999999 0.38637299999999997 0.504153 0.387885 0.49148800000000004 0.38612799999999997 0.478637
0 0.32167500000000004 0.478637 0.316821 0.46685800000000005 0.309346 0.457303 0.299981 0.450908 0.289643 0.448299 0.279343 0.449731 0.27009099999999997 0.45506399999999997 0.262791 0.463776 0.25815899999999997 0.475014 0.25664699999999996 0.487678 0.258403 0.500529 0.26325699999999996 0.512309 0.27073200000000003 0.521864 0.280097 0.528259 0.290435 0.530868 0.30073500000000003 0.529436 0.309987 0.524103 0.317287 0.5153909999999999 0.32192 0.504153 0.32343099999999997 0.49148800000000004 0.32167500000000004 0.478637
0 0.257222 0.47733499999999995 0.25236800000000004 0.465556 0.24489299999999997 0.456001 0.23552800000000002 0.449606 0.22519 0.446997 0.21488999999999997 0.448428 0.205638 0.45376099999999997 0.198338 0.46247299999999997 0.193705 0.473712 0.192194 0.48637600000000003 0.19395 0.49922700000000003 0.198804 0.511007 0.20627900000000002 0.520562 0.215644 0.526957 0.225982 0.529566 0.23628200000000002 0.528134 0.245534 0.5228010000000001 0.252834 0.514089 0.25746600000000003 0.5028509999999999 0.25897800000000004 0.490186 0.257222 0.47733499999999995
0 0.128295 0.49371299999999996 0.13249 0.506125 0.13949 0.516664 0.148607 0.524297 0.158951 0.528277 0.169509 0.528214 0.179246 0.524115 0.18721000000000002 0.516381 0.19262200000000002 0.505769 0.194952 0.49331800000000003 0.193971 0.480246 0.189775 0.467833 0.182776 0.457294 0.173658 0.449662 0.16331400000000001 0.44568199999999997 0.152757 0.44574400000000003 0.14301999999999998 0.449843 0.13505499999999998 0.457577 0.129643 0.468189 0.12731399999999998 0.480641 0.128295 0.49371299999999996
0 0.067748 0.487202 0.071944 0.49961500000000003 0.078943 0.5101530000000001 0.08806 0.517786 0.098404 0.5217660000000001 0.108962 0.521704 0.118699 0.517605 0.126664 0.509871 0.132075 0.499259 0.134405 0.48680700000000005 0.13342400000000001 0.473735 0.129228 0.461323 0.122229 0.45078399999999996 0.113111 0.443151 0.102768 0.439171 0.09221 0.439234 0.08247299999999999 0.443333 0.07450799999999999 0.451067 0.069096 0.461679 0.06676699999999999 0.47413 0.067748 0.487202
0 0.16706700000000002 0.547389 0.163611 0.534948 0.15733 0.524057 0.148841 0.515782 0.138974 0.510933 0.128695 0.509985 0.119011 0.51303 0.11086800000000001 0.5197700000000001 0.105065 0.5295460000000001 0.102169 0.541401 0.102464 0.5541739999999999 0.105921 0.566615 0.112201 0.577506 0.12069 0.585781 0.13055699999999998 0.5906290000000001 0.14083600000000002 0.5915779999999999 0.150521 0.588533 0.158663 0.581792 0.164466 0.572016 0.167362 0.560161 0.16706700000000002 0.547389
0 0.229567 0.548691 0.226111 0.53625 0.21983000000000003 0.525359 0.211341 0.517084 0.20147400000000001 0.512235 0.191195 0.511287 0.181511 0.514332 0.17336800000000002 0.521072 0.16756500000000002 0.530848 0.164669 0.542703 0.164964 0.555476 0.168421 0.567917 0.174701 0.578808 0.18319000000000002 0.587083 0.19305699999999998 0.591932 0.20333600000000002 0.59288 0.213021 0.589835 0.221163 0.583094 0.226966 0.573318 0.229862 0.561463 0.229567 0.548691
0 0.29304399999999997 0.551295 0.289587 0.5388539999999999 0.28330700000000003 0.527963 0.274818 0.519688 0.264951 0.514839 0.254672 0.513891 0.244987 0.5169360000000001 0.23684500000000003 0.523677 0.23104200000000003 0.533453 0.22814600000000002 0.545307 0.22844000000000003 0.55808 0.23189700000000002 0.5705210000000001 0.238178 0.581412 0.24666700000000003 0.589687 0.256534 0.594536 0.266812 0.595484 0.276497 0.5924389999999999 0.28464 0.585698 0.290443 0.575922 0.293339 0.564068 0.29304399999999997 0.551295
0 0.294984 0.562762 0.29951099999999997 0.5744239999999999 0.306648 0.5840270000000001 0.31569600000000003 0.590631 0.32576900000000003 0.5935889999999999 0.335882 0.592611 0.345044 0.5877939999999999 0.352359 0.579608 0.357111 0.568856 0.358834 0.556589 0.35736 0.544009 0.352833 0.532347 0.345696 0.522743 0.336648 0.51614 0.326575 0.513182 0.316462 0.5141600000000001 0.3073 0.518977 0.299985 0.527162 0.29523299999999997 0.537915 0.29351 0.5501820000000001 0.294984 0.562762
0 0.35703 0.56399 0.361318 0.575624 0.368189 0.585209 0.376968 0.5918059999999999 0.38679800000000003 0.59477 0.39671500000000004 0.5938100000000001 0.40575 0.589021 0.41301699999999997 0.5808709999999999 0.417806 0.570157 0.419647 0.55793 0.41836 0.545385 0.414072 0.533751 0.407202 0.524166 0.398422 0.5175690000000001 0.388593 0.514605 0.378675 0.5155649999999999 0.369641 0.520354 0.362373 0.5285040000000001 0.357585 0.539218 0.355744 0.551445 0.35703 0.56399
0 0.41712 0.56523 0.421171 0.576831 0.427776 0.5863929999999999 0.43628799999999995 0.592978 0.445876 0.595942 0.45559900000000003 0.594996 0.46450699999999995 0.590231 0.471727 0.582115 0.47655200000000003 0.571441 0.478511 0.5592550000000001 0.47741100000000003 0.5467489999999999 0.473361 0.535148 0.466756 0.525587 0.45824299999999996 0.519001 0.448656 0.5160370000000001 0.438932 0.516983 0.430025 0.521748 0.422805 0.529864 0.417979 0.540538 0.41601999999999995 0.552724 0.41712 0.56523
0 0.477667 0.5691360000000001 0.481718 0.580738 0.488322 0.590299 0.496835 0.596884 0.5064230000000001 0.5998479999999999 0.516146 0.598902 0.525054 0.5941379999999999 0.5322739999999999 0.586021 0.537099 0.575348 0.539058 0.563161 0.5379579999999999 0.550655 0.533907 0.5390539999999999 0.5273030000000001 0.529493 0.51879 0.5229079999999999 0.5092019999999999 0.519943 0.499479 0.52089 0.490571 0.5256540000000001 0.48335100000000003 0.53377 0.478526 0.544444 0.476567 0.55663 0.477667 0.5691360000000001
0 0.54243 0.5838530000000001 0.54945 0.5924940000000001 0.558225 0.597943 0.567896 0.599669 0.5775170000000001 0.5975010000000001 0.5861460000000001 0.5916520000000001 0.592939 0.5826939999999999 0.5972299999999999 0.5715049999999999 0.598599 0.55918 0.596912 0.546924 0.5923350000000001 0.535939 0.585316 0.5272979999999999 0.576541 0.521848 0.56687 0.520123 0.557248 0.522291 0.548619 0.5281399999999999 0.541827 0.5370969999999999 0.537536 0.5482859999999999 0.5361670000000001 0.560612 0.5378529999999999 0.572867 0.54243 0.5838530000000001
0 0.645723 0.527463 0.636903 0.523182 0.627301 0.5226219999999999 0.617856 0.5258390000000001 0.609493 0.532516 0.6030300000000001 0.5420010000000001 0.5991 0.553365 0.598087 0.565496 0.600092 0.577206 0.604917 0.587349 0.61209 0.5949329999999999 0.6209089999999999 0.599214 0.630511 0.599773 0.639956 0.596557 0.64832 0.58988 0.654783 0.580395 0.658713 0.5690310000000001 0.659725 0.5569 0.657721 0.5451900000000001 0.6528959999999999 0.535046 0.645723 0.527463
0 0.7101759999999999 0.533974 0.701357 0.529693 0.691754 0.5291330000000001 0.6823089999999999 0.532349 0.673946 0.539026 0.667483 0.548512 0.6635530000000001 0.559876 0.66254 0.5720069999999999 0.664545 0.583717 0.66937 0.59386 0.676543 0.601443 0.685362 0.605724 0.6949639999999999 0.6062839999999999 0.704409 0.603068 0.712773 0.59639 0.719236 0.586905 0.723166 0.5755410000000001 0.724178 0.56341 0.722174 0.5517000000000001 0.717349 0.541557 0.7101759999999999 0.533974
0 0.7767229999999999 0.542453 0.767714 0.538432 0.757926 0.538168 0.748319 0.5416890000000001 0.739832 0.548648 0.7332970000000001 0.558366 0.729352 0.56989 0.7283839999999999 0.582093 0.730489 0.59378 0.735459 0.603807 0.7428079999999999 0.611193 0.751817 0.615214 0.7616050000000001 0.615478 0.771212 0.6119570000000001 0.779699 0.6049979999999999 0.786235 0.59528 0.790179 0.5837559999999999 0.7911469999999999 0.571553 0.789043 0.559866 0.784073 0.549839 0.7767229999999999 0.542453
0 0.8343400000000001 0.546359 0.825331 0.542338 0.815544 0.5420740000000001 0.805936 0.5455949999999999 0.7974490000000001 0.552554 0.790914 0.562272 0.786969 0.573796 0.786002 0.5859989999999999 0.788106 0.597686 0.793076 0.6077130000000001 0.800425 0.6150990000000001 0.809435 0.61912 0.8192220000000001 0.6193839999999999 0.828829 0.6158629999999999 0.8373160000000001 0.608904 0.843852 0.599186 0.847796 0.587662 0.8487640000000001 0.575459 0.84666 0.5637719999999999 0.84169 0.5537449999999999 0.8343400000000001 0.546359
0 0.798675 0.611464 0.790063 0.607066 0.780493 0.606208 0.7709010000000001 0.608974 0.762227 0.615093 0.755319 0.623966 0.750854 0.6347240000000001 0.749269 0.646315 0.7507189999999999 0.657605 0.755061 0.667486 0.761872 0.674994 0.770484 0.679392 0.780054 0.68025 0.7896460000000001 0.677485 0.79832 0.671366 0.8052279999999999 0.662493 0.809693 0.651734 0.811278 0.640143 0.8098280000000001 0.628854 0.8054859999999999 0.6189720000000001 0.798675 0.611464
0 0.7420340000000001 0.607558 0.733422 0.60316 0.723852 0.602302 0.714261 0.6050679999999999 0.705586 0.611186 0.698679 0.620059 0.694214 0.630818 0.692628 0.642409 0.694078 0.653698 0.698421 0.66358 0.705231 0.671088 0.713843 0.675486 0.7234130000000001 0.6763440000000001 0.733005 0.673578 0.741679 0.6674599999999999 0.748587 0.658586 0.753052 0.647828 0.754637 0.636237 0.753188 0.6249480000000001 0.748845 0.615066 0.7420340000000001 0.607558
0 0.674017 0.593304 0.6652549999999999 0.588821 0.655612 0.588007 0.646031 0.590942 0.6374500000000001 0.5973379999999999 0.63071 0.606569 0.6264700000000001 0.617732 0.6251439999999999 0.629734 0.6268640000000001 0.6414 0.63146 0.6515880000000001 0.638483 0.6593009999999999 0.6472450000000001 0.663783 0.656888 0.664597 0.666469 0.661662 0.6750499999999999 0.655266 0.68179 0.646035 0.6860299999999999 0.634872 0.6873560000000001 0.62287 0.6856359999999999 0.6112040000000001 0.68104 0.601016 0.674017 0.593304
0 0.609259 0.58947 0.60043 0.5856939999999999 0.590948 0.585637 0.581739 0.589306 0.5737059999999999 0.596342 0.567635 0.606055 0.564121 0.6174959999999999 0.563507 0.629543 0.5658529999999999 0.641019 0.5709299999999999 0.650798 0.578241 0.657925 0.58707 0.661702 0.596552 0.661759 0.605761 0.65809 0.6137940000000001 0.651054 0.619865 0.6413409999999999 0.623379 0.6299 0.623993 0.617853 0.6216470000000001 0.6063769999999999 0.6165700000000001 0.596597 0.609259 0.58947
0 0.550666 0.586866 0.541837 0.58309 0.532354 0.583033 0.523145 0.5867020000000001 0.515112 0.593738 0.509042 0.603451 0.5055270000000001 0.614892 0.504913 0.6269389999999999 0.507259 0.638414 0.512336 0.6481939999999999 0.519647 0.655321 0.5284760000000001 0.659098 0.5379590000000001 0.6591549999999999 0.547167 0.655485 0.5551999999999999 0.64845 0.561271 0.638736 0.564785 0.6272960000000001 0.5654 0.615248 0.563053 0.603773 0.557976 0.593993 0.550666 0.586866
0 0.457987 0.5896429999999999 0.45114400000000004 0.598046 0.446789 0.608578 0.44534799999999997 0.620208 0.44696300000000005 0.6317969999999999 0.451475 0.642211 0.45844300000000004 0.65043 0.467185 0.65565 0.476844 0.6573599999999999 0.486476 0.655393 0.495138 0.649941 0.501981 0.641537 0.506336 0.631005 0.507777 0.619375 0.506162 0.607787 0.5016499999999999 0.5973729999999999 0.49468199999999996 0.589154 0.48594 0.583933 0.476281 0.582223 0.466649 0.584191 0.457987 0.5896429999999999
0 0.39939399999999997 0.588341 0.39255 0.5967439999999999 0.38819499999999996 0.6072759999999999 0.386754 0.618906 0.388369 0.630495 0.392882 0.640908 0.399849 0.6491279999999999 0.40859100000000004 0.6543479999999999 0.418251 0.656058 0.427882 0.654091 0.43654400000000004 0.6486379999999999 0.443387 0.640235 0.44774200000000003 0.629703 0.449183 0.618073 0.44756799999999997 0.606484 0.443056 0.596071 0.436088 0.587851 0.427347 0.582631 0.41768700000000003 0.580921 0.40805499999999995 0.582888 0.39939399999999997 0.588341
0 0.339816 0.586144 0.332975 0.594792 0.328622 0.6056320000000001 0.32718400000000003 0.617604 0.328802 0.629534 0.333316 0.640256 0.340286 0.64872 0.349029 0.6540969999999999 0.358689 0.655861 0.36832 0.65384 0.37698 0.648231 0.383822 0.639583 0.388175 0.6287429999999999 0.389613 0.616771 0.387995 0.604841 0.383481 0.594119 0.376511 0.585655 0.367768 0.5802780000000001 0.358108 0.578514 0.34847700000000004 0.580535 0.339816 0.586144
0 0.287689 0.580855 0.278966 0.5859449999999999 0.272092 0.59422 0.267739 0.6048709999999999 0.26633300000000004 0.6168560000000001 0.268013 0.629 0.272614 0.640115 0.279685 0.649114 0.288535 0.655115 0.298296 0.6575300000000001 0.308014 0.6561239999999999 0.316737 0.651035 0.323612 0.6427590000000001 0.32796400000000003 0.632108 0.32937 0.620123 0.32769 0.607979 0.323089 0.596864 0.316018 0.5878650000000001 0.307168 0.581864 0.29740700000000003 0.579449 0.287689 0.580855
0 0.22128299999999998 0.580855 0.21256 0.5859449999999999 0.20568499999999998 0.59422 0.201332 0.6048709999999999 0.19992700000000002 0.6168560000000001 0.201607 0.629 0.206208 0.640115 0.213279 0.649114 0.22212900000000002 0.655115 0.23189 0.6575300000000001 0.241608 0.6561239999999999 0.25033099999999997 0.651035 0.257205 0.6427590000000001 0.261558 0.632108 0.262963 0.620123 0.26128300000000004 0.607979 0.256683 0.596864 0.24961099999999997 0.5878650000000001 0.240762 0.581864 0.231001 0.579449 0.22128299999999998 0.580855
0 0.17704899999999998 0.655181 0.186175 0.651256 0.193519 0.643995 0.19836199999999998 0.634111 0.200229 0.622569 0.198939 0.610501 0.194618 0.599088 0.187687 0.5894459999999999 0.178827 0.5825199999999999 0.168903 0.5789869999999999 0.158889 0.579194 0.149763 0.583119 0.14241900000000002 0.59038 0.137576 0.600264 0.135708 0.611806 0.136998 0.623874 0.14132 0.635287 0.14825 0.6449290000000001 0.157111 0.6518550000000001 0.167034 0.6553880000000001 0.17704899999999998 0.655181
0 0.19691 0.641405 0.18806499999999998 0.645045 0.18088500000000002 0.651948 0.176074 0.661439 0.174101 0.672589 0.17516099999999998 0.6843060000000001 0.17915 0.695444 0.185676 0.704912 0.194102 0.7117829999999999 0.203602 0.715385 0.21324700000000002 0.7153660000000001 0.222092 0.711726 0.229271 0.704823 0.23408299999999999 0.695332 0.236055 0.6841820000000001 0.234995 0.672465 0.231006 0.661327 0.22448 0.651859 0.21605400000000002 0.644988 0.206554 0.641386 0.19691 0.641405
0 0.261959 0.642524 0.252936 0.646052 0.245443 0.653 0.240211 0.6626879999999999 0.237755 0.674167 0.238313 0.686314 0.241831 0.69794 0.247965 0.707906 0.256115 0.715238 0.265482 0.719217 0.27515100000000003 0.719455 0.284173 0.715927 0.291667 0.708979 0.296898 0.699291 0.299355 0.687812 0.298797 0.675665 0.29527800000000004 0.66404 0.28914399999999996 0.654073 0.280994 0.646741 0.271627 0.6427620000000001 0.261959 0.642524
0 0.318173 0.642452 0.309768 0.647629 0.303254 0.655816 0.299271 0.666213 0.298208 0.677801 0.300169 0.689446 0.304962 0.700009 0.312118 0.7084550000000001 0.320936 0.713957 0.330554 0.715978 0.34003 0.7143189999999999 0.348436 0.709142 0.354949 0.700955 0.358932 0.690558 0.359995 0.67897 0.358034 0.6673250000000001 0.353241 0.656762 0.34608500000000003 0.648316 0.337267 0.642814 0.32764899999999997 0.6407930000000001 0.318173 0.642452
0 0.37138 0.646568 0.364607 0.654636 0.36019 0.664902 0.358562 0.676361 0.35988000000000003 0.68789 0.364017 0.698361 0.370567 0.70675 0.37889 0.712234 0.38817 0.714278 0.397499 0.712681 0.405964 0.707599 0.41273600000000005 0.69953 0.417153 0.689264 0.41878200000000004 0.677806 0.417464 0.666277 0.41332700000000006 0.655806 0.40677700000000006 0.647417 0.398454 0.6419330000000001 0.389174 0.6398889999999999 0.379845 0.641486 0.37138 0.646568
0 0.428997 0.649172 0.42222400000000004 0.65724 0.41780799999999996 0.667506 0.41617899999999997 0.678965 0.417497 0.6904939999999999 0.42163399999999995 0.700965 0.428184 0.709354 0.43650700000000003 0.7148380000000001 0.445787 0.716882 0.455116 0.715285 0.463581 0.710203 0.47035400000000005 0.702135 0.47477099999999994 0.691869 0.47639899999999996 0.68041 0.47508100000000003 0.6688810000000001 0.470944 0.65841 0.464394 0.650021 0.456071 0.6445369999999999 0.446791 0.642493 0.437462 0.64409 0.428997 0.649172
0 0.486614 0.653078 0.479842 0.6611469999999999 0.475425 0.671413 0.473796 0.682871 0.47511400000000004 0.6944 0.479251 0.704871 0.48580199999999996 0.71326 0.49412399999999995 0.7187439999999999 0.503404 0.720788 0.512733 0.719191 0.5211979999999999 0.71411 0.527971 0.706041 0.532388 0.695775 0.534017 0.684316 0.532698 0.672787 0.5285610000000001 0.662316 0.522011 0.653928 0.5136879999999999 0.648443 0.504408 0.646399 0.49507899999999994 0.647996 0.486614 0.653078
0 0.544231 0.650474 0.537459 0.658543 0.533042 0.6688080000000001 0.5314129999999999 0.680267 0.532732 0.691796 0.536868 0.702267 0.543419 0.710656 0.551741 0.71614 0.561021 0.718184 0.57035 0.716587 0.578816 0.711505 0.585588 0.703437 0.590005 0.693171 0.591634 0.681712 0.590315 0.670183 0.5861780000000001 0.6597120000000001 0.579628 0.651323 0.571306 0.6458389999999999 0.562026 0.643795 0.552696 0.645392 0.544231 0.650474
0 0.595439 0.664858 0.591379 0.675621 0.590132 0.687164 0.59182 0.698358 0.5962780000000001 0.708107 0.60307 0.715456 0.61153 0.719686 0.620831 0.7203839999999999 0.630062 0.71748 0.63832 0.711259 0.644796 0.70233 0.648856 0.691567 0.650103 0.680023 0.648414 0.668829 0.643956 0.659081 0.637165 0.651732 0.628704 0.647501 0.6194029999999999 0.646804 0.610172 0.6497080000000001 0.6019140000000001 0.655929 0.595439 0.664858
0 0.6540320000000001 0.668764 0.649972 0.679527 0.648725 0.6910700000000001 0.6504139999999999 0.702264 0.654872 0.712013 0.661664 0.7193620000000001 0.670124 0.7235929999999999 0.679425 0.72429 0.688656 0.7213860000000001 0.696914 0.715165 0.703389 0.706236 0.7074499999999999 0.695473 0.708696 0.6839299999999999 0.707008 0.672736 0.70255 0.662987 0.695758 0.6556379999999999 0.687298 0.6514070000000001 0.677997 0.65071 0.668766 0.6536139999999999 0.660508 0.659835 0.6540320000000001 0.668764
0 0.7194619999999999 0.680483 0.715402 0.691246 0.714155 0.702789 0.715843 0.713983 0.720302 0.723732 0.727093 0.731081 0.735554 0.735311 0.744855 0.7360089999999999 0.754086 0.733105 0.762343 0.726884 0.7688189999999999 0.717955 0.772879 0.707192 0.774126 0.695648 0.772438 0.684454 0.76798 0.674706 0.761188 0.667357 0.7527280000000001 0.663126 0.743427 0.662429 0.7341949999999999 0.6653330000000001 0.725938 0.671554 0.7194619999999999 0.680483
0 0.723177 0.7622899999999999 0.727175 0.752086 0.7284360000000001 0.741295 0.726838 0.730974 0.7225360000000001 0.722133 0.715951 0.715637 0.7077289999999999 0.712123 0.698673 0.7119340000000001 0.6896709999999999 0.715088 0.681604 0.7212780000000001 0.67526 0.729897 0.671262 0.740101 0.670001 0.750892 0.6716 0.7612140000000001 0.675902 0.7700549999999999 0.682486 0.7765500000000001 0.690709 0.780065 0.6997639999999999 0.780254 0.708766 0.777099 0.716834 0.770909 0.723177 0.7622899999999999
0 0.663308 0.76482 0.6686460000000001 0.755626 0.6714330000000001 0.744988 0.671395 0.73395 0.668536 0.72359 0.663136 0.714923 0.655724 0.708797 0.647025 0.705813 0.63789 0.706261 0.6292150000000001 0.710099 0.621848 0.716951 0.61651 0.726145 0.613723 0.736782 0.613762 0.747821 0.6166210000000001 0.758181 0.62202 0.766848 0.629433 0.7729739999999999 0.6381319999999999 0.7759579999999999 0.647266 0.775509 0.655941 0.7716719999999999 0.663308 0.76482
0 0.607644 0.76482 0.6129819999999999 0.755626 0.615769 0.744988 0.615731 0.73395 0.6128720000000001 0.72359 0.607472 0.714923 0.60006 0.708797 0.591361 0.705813 0.582226 0.706261 0.5735509999999999 0.710099 0.566184 0.716951 0.560846 0.726145 0.558059 0.736782 0.558098 0.747821 0.5609569999999999 0.758181 0.5663560000000001 0.766848 0.573769 0.7729739999999999 0.5824670000000001 0.7759579999999999 0.591602 0.775509 0.600277 0.7716719999999999 0.607644 0.76482
0 0.551004 0.76482 0.556342 0.755626 0.5591280000000001 0.744988 0.5590900000000001 0.73395 0.556231 0.72359 0.550831 0.714923 0.543419 0.708797 0.53472 0.705813 0.525586 0.706261 0.51691 0.710099 0.5095430000000001 0.716951 0.504205 0.726145 0.5014190000000001 0.736782 0.501457 0.747821 0.504316 0.758181 0.509716 0.766848 0.517128 0.7729739999999999 0.525827 0.7759579999999999 0.534961 0.775509 0.543636 0.7716719999999999 0.551004 0.76482
0 0.399124 0.708167 0.39283100000000004 0.716494 0.38890199999999997 0.726825 0.387723 0.73815 0.389409 0.749361 0.393795 0.75936 0.40045200000000003 0.7671680000000001 0.408728 0.77202 0.41781300000000005 0.773443 0.42681699999999995 0.771297 0.43486 0.765791 0.44115399999999994 0.757465 0.44508200000000003 0.747133 0.44626099999999996 0.735808 0.44457500000000005 0.7245969999999999 0.440189 0.714599 0.43353200000000003 0.7067910000000001 0.42525599999999997 0.701938 0.416172 0.700515 0.407167 0.702662 0.399124 0.708167
0 0.345926 0.705895 0.33803 0.7116100000000001 0.332128 0.720062 0.32879800000000003 0.730426 0.328365 0.741685 0.330872 0.75274 0.336074 0.762506 0.343461 0.770028 0.35231 0.77457 0.361755 0.7756879999999999 0.370871 0.773271 0.37876699999999996 0.7675569999999999 0.38466900000000004 0.759104 0.387999 0.748741 0.388432 0.737481 0.385924 0.7264269999999999 0.38072300000000003 0.716661 0.373336 0.709138 0.364487 0.704596 0.35504199999999997 0.703479 0.345926 0.705895
0 0.288308 0.705895 0.28041299999999997 0.7116100000000001 0.274511 0.720062 0.271181 0.730426 0.270748 0.741685 0.27325499999999997 0.75274 0.278457 0.762506 0.285844 0.770028 0.294693 0.77457 0.304138 0.7756879999999999 0.31325400000000003 0.773271 0.32115 0.7675569999999999 0.327051 0.759104 0.330382 0.748741 0.330814 0.737481 0.328307 0.7264269999999999 0.323106 0.716661 0.31571899999999997 0.709138 0.30687000000000003 0.704596 0.297425 0.703479 0.288308 0.705895
0 0.11132800000000001 0.30468799999999996 0.120117 0.30599 0.12890600000000002 0.30468799999999996 0.13769499999999998 0.299479 0.14453100000000002 0.291667 0.149414 0.28125 0.147461 0.270833 0.146484 0.260417 0.147461 0.253906 0.14843800000000001 0.24609399999999998 0.14355500000000002 0.235677 0.139648 0.22916699999999998 0.133789 0.22916699999999998 0.12793000000000002 0.22526000000000002 0.121094 0.21875 0.116211 0.21354199999999998 0.10644499999999998 0.21354199999999998 0.099609 0.216146 0.09375 0.220052 0.087891 0.22786499999999998 0.08203099999999999 0.24088500000000002 0.08203099999999999 0.259115 0.083984 0.272135 0.088867 0.282552 0.09375 0.290365 0.101562 0.298177 0.11132800000000001 0.30468799999999996
0 0.500977 0.71875 0.5 0.717448 0.49414100000000005 0.714844 0.486328 0.710938 0.481445 0.704427 0.47949200000000003 0.699219 0.47363299999999997 0.699219 0.46875 0.699219 0.46582 0.703125 0.461914 0.707031 0.45898399999999995 0.709635 0.456055 0.710938 0.449219 0.71224 0.44726600000000005 0.722656 0.44531200000000004 0.731771 0.446289 0.742188 0.44824200000000003 0.751302 0.45410199999999995 0.759115 0.46289100000000005 0.765625 0.46972699999999995 0.768229 0.475586 0.768229 0.484375 0.765625 0.49218799999999996 0.761719 0.498047 0.752604 0.500977 0.744792 0.50293 0.733073 0.501953 0.72526 0.500977 0.71875