0 0.44922399999999996 0.369248 0.437643 0.36138 0.424805 0.358669 0.411967 0.36138 0.400385 0.369248 0.391194 0.38150300000000004 0.385293 0.396945 0.38326 0.41406200000000004 0.385293 0.43118 0.391194 0.44662199999999996 0.400385 0.45887700000000003 0.411967 0.46674499999999997 0.424805 0.469456 0.437643 0.46674499999999997 0.44922399999999996 0.45887700000000003 0.458415 0.44662199999999996 0.464316 0.43118 0.46635 0.41406200000000004 0.464316 0.396945 0.458415 0.38150300000000004 0.44922399999999996 0.369248
0 0.494055 0.277779 0.48205400000000004 0.26962600000000003 0.46875 0.266816 0.45544599999999996 0.26962600000000003 0.443445 0.277779 0.43392 0.290478 0.42780500000000005 0.30648 0.425698 0.324219 0.42780500000000005 0.341957 0.43392 0.357959 0.443445 0.37065800000000004 0.45544599999999996 0.37881200000000004 0.46875 0.381621 0.48205400000000004 0.37881200000000004 0.494055 0.37065800000000004 0.50358 0.357959 0.509695 0.341957 0.511802 0.324219 0.509695 0.30648 0.50358 0.290478 0.494055 0.277779
0 0.562415 0.340279 0.550413 0.33212600000000003 0.537109 0.329316 0.523806 0.33212600000000003 0.5118039999999999 0.340279 0.5022800000000001 0.352978 0.49616499999999997 0.36898 0.494058 0.386719 0.49616499999999997 0.404457 0.5022800000000001 0.42045899999999997 0.5118039999999999 0.433158 0.523806 0.44131200000000004 0.537109 0.444121 0.550413 0.44131200000000004 0.562415 0.433158 0.571939 0.42045899999999997 0.5780540000000001 0.404457 0.580161 0.386719 0.5780540000000001 0.36898 0.571939 0.352978 0.562415 0.340279
0 0.644562 0.299212 0.632042 0.290707 0.6181639999999999 0.287776 0.604286 0.290707 0.591767 0.299212 0.581831 0.31246 0.5754520000000001 0.329152 0.573254 0.347656 0.5754520000000001 0.36616 0.581831 0.382853 0.591767 0.3961 0.604286 0.40460599999999997 0.6181639999999999 0.407536 0.632042 0.40460599999999997 0.644562 0.3961 0.654497 0.382853 0.660876 0.36616 0.663074 0.347656 0.660876 0.329152 0.654497 0.31246 0.644562 0.299212
0 0.633202 0.18397 0.620512 0.175349 0.606445 0.172379 0.592379 0.175349 0.579689 0.18397 0.569618 0.19739800000000002 0.563153 0.214317 0.560925 0.233073 0.563153 0.251828 0.569618 0.268748 0.579689 0.282175 0.592379 0.290796 0.606445 0.293767 0.620512 0.290796 0.633202 0.282175 0.643272 0.268748 0.6497379999999999 0.251828 0.651966 0.233073 0.6497379999999999 0.214317 0.643272 0.19739800000000002 0.633202 0.18397
0 0.546883 0.18467 0.534374 0.176172 0.520508 0.17324299999999998 0.506642 0.176172 0.494133 0.18467 0.484206 0.197906 0.477832 0.21458499999999997 0.475636 0.233073 0.477832 0.25156100000000003 0.484206 0.26824 0.494133 0.281476 0.506642 0.289974 0.520508 0.292902 0.534374 0.289974 0.546883 0.281476 0.55681 0.26824 0.563184 0.25156100000000003 0.56538 0.233073 0.563184 0.21458499999999997 0.55681 0.197906 0.546883 0.18467
0 0.460945 0.167743 0.44843700000000003 0.159245 0.43457 0.156316 0.420704 0.159245 0.408195 0.167743 0.398268 0.180979 0.391894 0.197658 0.389698 0.216146 0.391894 0.234634 0.398268 0.251313 0.408195 0.26454900000000003 0.420704 0.273047 0.43457 0.27597499999999997 0.44843700000000003 0.273047 0.460945 0.26454900000000003 0.470873 0.251313 0.47724599999999995 0.234634 0.479442 0.216146 0.47724599999999995 0.197658 0.470873 0.180979 0.460945 0.167743
0 0.376961 0.150816 0.364452 0.142318 0.350586 0.139389 0.33672 0.142318 0.32421099999999997 0.150816 0.314284 0.164052 0.30791 0.18073 0.305714 0.19921899999999998 0.30791 0.217707 0.314284 0.23438599999999998 0.32421099999999997 0.247622 0.33672 0.25612 0.350586 0.259048 0.364452 0.25612 0.376961 0.247622 0.386888 0.23438599999999998 0.393262 0.217707 0.395458 0.19921899999999998 0.393262 0.18073 0.386888 0.164052 0.376961 0.150816
0 0.515187 0.433374 0.5033529999999999 0.425334 0.49023399999999995 0.42256400000000005 0.477116 0.425334 0.46528200000000003 0.433374 0.45589 0.445896 0.44986 0.46167499999999995 0.447782 0.479167 0.44986 0.49665800000000004 0.45589 0.512437 0.46528200000000003 0.5249590000000001 0.477116 0.532999 0.49023399999999995 0.5357700000000001 0.5033529999999999 0.532999 0.515187 0.5249590000000001 0.524579 0.512437 0.530609 0.49665800000000004 0.532687 0.479167 0.530609 0.46167499999999995 0.524579 0.445896 0.515187 0.433374
0 0.602401 0.43803099999999995 0.590425 0.42989499999999997 0.577148 0.427091 0.563872 0.42989499999999997 0.551895 0.43803099999999995 0.5423910000000001 0.450704 0.536288 0.466673 0.5341859999999999 0.484375 0.536288 0.502077 0.5423910000000001 0.518046 0.551895 0.530719 0.563872 0.5388550000000001 0.577148 0.541659 0.590425 0.5388550000000001 0.602401 0.530719 0.6119060000000001 0.518046 0.618009 0.502077 0.620111 0.484375 0.618009 0.466673 0.6119060000000001 0.450704 0.602401 0.43803099999999995
0 0.685409 0.44454200000000005 0.673433 0.436405 0.660156 0.43360200000000004 0.64688 0.436405 0.634903 0.44454200000000005 0.625399 0.457215 0.6192960000000001 0.473184 0.617193 0.490885 0.6192960000000001 0.508587 0.625399 0.524556 0.634903 0.537229 0.64688 0.545366 0.660156 0.548169 0.673433 0.545366 0.685409 0.537229 0.694914 0.524556 0.701016 0.508587 0.7031189999999999 0.490885 0.701016 0.473184 0.694914 0.457215 0.685409 0.44454200000000005
0 0.673019 0.626763 0.6613610000000001 0.618842 0.648438 0.616113 0.6355139999999999 0.618842 0.623856 0.626763 0.614603 0.6390990000000001 0.6086630000000001 0.654644 0.606616 0.671875 0.6086630000000001 0.689106 0.614603 0.7046509999999999 0.623856 0.716987 0.6355139999999999 0.724908 0.648438 0.727637 0.6613610000000001 0.724908 0.673019 0.716987 0.682272 0.7046509999999999 0.6882119999999999 0.689106 0.690259 0.671875 0.6882119999999999 0.654644 0.682272 0.6390990000000001 0.673019 0.626763
0 0.5587310000000001 0.529162 0.547087 0.5212519999999999 0.53418 0.518526 0.521272 0.5212519999999999 0.509628 0.529162 0.500387 0.541483 0.494455 0.5570090000000001 0.49241 0.574219 0.494455 0.591429 0.500387 0.606954 0.509628 0.619275 0.521272 0.627186 0.53418 0.629911 0.547087 0.627186 0.5587310000000001 0.619275 0.5679719999999999 0.606954 0.573905 0.591429 0.575949 0.574219 0.573905 0.5570090000000001 0.5679719999999999 0.541483 0.5587310000000001 0.529162
0 0.478937 0.52783 0.467621 0.520142 0.455078 0.517493 0.442535 0.520142 0.431219 0.52783 0.422239 0.539803 0.416474 0.55489 0.414487 0.571615 0.416474 0.5883390000000001 0.422239 0.603426 0.431219 0.615399 0.442535 0.6230870000000001 0.455078 0.6257360000000001 0.467621 0.6230870000000001 0.478937 0.615399 0.48791700000000005 0.603426 0.493682 0.5883390000000001 0.495669 0.571615 0.493682 0.55489 0.48791700000000005 0.539803 0.478937 0.52783
0 0.41350699999999996 0.46532999999999997 0.402192 0.457642 0.389648 0.454993 0.37710499999999997 0.457642 0.36579 0.46532999999999997 0.35680999999999996 0.47730300000000003 0.351044 0.49239 0.349058 0.509115 0.351044 0.5258390000000001 0.35680999999999996 0.540926 0.36579 0.552899 0.37710499999999997 0.5605870000000001 0.389648 0.5632360000000001 0.402192 0.5605870000000001 0.41350699999999996 0.552899 0.422487 0.540926 0.42825300000000005 0.5258390000000001 0.430239 0.509115 0.42825300000000005 0.49239 0.422487 0.47730300000000003 0.41350699999999996 0.46532999999999997
0 0.638809 0.5343709999999999 0.627165 0.5264599999999999 0.614258 0.5237339999999999 0.6013499999999999 0.5264599999999999 0.589706 0.5343709999999999 0.580466 0.546692 0.574533 0.562217 0.572488 0.579427 0.574533 0.5966370000000001 0.580466 0.612162 0.589706 0.624483 0.6013499999999999 0.632394 0.614258 0.63512 0.627165 0.632394 0.638809 0.624483 0.64805 0.612162 0.653983 0.5966370000000001 0.656027 0.579427 0.653983 0.562217 0.64805 0.546692 0.638809 0.5343709999999999
0 0.7218169999999999 0.538277 0.7101729999999999 0.530366 0.697266 0.527641 0.684358 0.530366 0.672714 0.538277 0.663473 0.550598 0.65754 0.5661229999999999 0.6554960000000001 0.583333 0.65754 0.6005429999999999 0.663473 0.616069 0.672714 0.62839 0.684358 0.6363000000000001 0.697266 0.639026 0.7101729999999999 0.6363000000000001 0.7218169999999999 0.62839 0.731058 0.616069 0.736991 0.6005429999999999 0.739035 0.583333 0.736991 0.5661229999999999 0.731058 0.550598 0.7218169999999999 0.538277
0 0.37684799999999996 0.156399 0.389432 0.165123 0.40327999999999997 0.167881 0.417037 0.164402 0.429355 0.155027 0.439029 0.140673 0.44511200000000006 0.122746 0.447009 0.10300000000000001 0.444534 0.083368 0.437928 0.065772 0.42784000000000005 0.051934999999999995 0.415256 0.04321 0.401407 0.040452 0.387651 0.043931 0.375333 0.05330700000000001 0.365658 0.06766 0.359575 0.085588 0.357678 0.105334 0.360154 0.12496499999999999 0.366759 0.142561 0.37684799999999996 0.156399
0 0.316812 0.337219 0.32838599999999996 0.328335 0.337161 0.315096 0.34228000000000003 0.298799 0.343241 0.281039 0.33995000000000003 0.263555 0.33273 0.24805700000000003 0.32228599999999996 0.236064 0.30964200000000003 0.228749 0.296035 0.22682799999999997 0.282797 0.230489 0.271224 0.23937400000000003 0.262448 0.25261300000000003 0.25732900000000003 0.26891 0.25636800000000004 0.286669 0.259659 0.304154 0.26688 0.319651 0.277323 0.331644 0.289967 0.338959 0.303574 0.34087999999999996 0.316812 0.337219
0 0.316812 0.337219 0.32838599999999996 0.328335 0.337161 0.315096 0.34228000000000003 0.298799 0.343241 0.281039 0.33995000000000003 0.263555 0.33273 0.24805700000000003 0.32228599999999996 0.236064 0.30964200000000003 0.228749 0.296035 0.22682799999999997 0.282797 0.230489 0.271224 0.23937400000000003 0.262448 0.25261300000000003 0.25732900000000003 0.26891 0.25636800000000004 0.286669 0.259659 0.304154 0.26688 0.319651 0.277323 0.331644 0.289967 0.338959 0.303574 0.34087999999999996 0.316812 0.337219
0 0.40032100000000004 0.362403 0.412421 0.354805 0.422004 0.342555 0.428133 0.326854 0.43020899999999995 0.309237 0.428027 0.291431 0.421802 0.275176 0.41214199999999995 0.262066 0.399994 0.253382 0.38654700000000003 0.24997600000000003 0.373116 0.25217999999999996 0.36101700000000003 0.259779 0.35143399999999997 0.272028 0.345304 0.28773 0.343229 0.305346 0.34541 0.32315299999999997 0.351636 0.339407 0.36129500000000003 0.352517 0.373443 0.361201 0.386891 0.364607 0.40032100000000004 0.362403
0 0.40032100000000004 0.362403 0.412421 0.354805 0.422004 0.342555 0.428133 0.326854 0.43020899999999995 0.309237 0.428027 0.291431 0.421802 0.275176 0.41214199999999995 0.262066 0.399994 0.253382 0.38654700000000003 0.24997600000000003 0.373116 0.25217999999999996 0.36101700000000003 0.259779 0.35143399999999997 0.272028 0.345304 0.28773 0.343229 0.305346 0.34541 0.32315299999999997 0.351636 0.339407 0.36129500000000003 0.352517 0.373443 0.361201 0.386891 0.364607 0.40032100000000004 0.362403
0 0.357702 0.452177 0.369498 0.445234 0.378869 0.43371000000000004 0.384897 0.418733 0.386994 0.40176999999999996 0.384953 0.38448099999999996 0.378975 0.36855699999999997 0.369644 0.355559 0.35787399999999997 0.346758 0.34481700000000004 0.343016 0.331751 0.344698 0.319956 0.351641 0.310585 0.363165 0.304556 0.378142 0.302459 0.395105 0.3045 0.41239400000000004 0.310478 0.428318 0.319809 0.44131600000000004 0.33157899999999996 0.450117 0.344636 0.453859 0.357702 0.452177
0 0.277624 0.433947 0.289419 0.427004 0.29879 0.41548100000000004 0.304819 0.400504 0.306916 0.383541 0.304875 0.366251 0.298897 0.35032800000000003 0.289566 0.33733 0.27779600000000004 0.32852899999999996 0.264739 0.324786 0.251673 0.326469 0.23987699999999998 0.333412 0.23050600000000002 0.344936 0.224478 0.35991300000000004 0.222381 0.376876 0.22442199999999998 0.394165 0.2304 0.410088 0.239731 0.42308700000000005 0.25150100000000003 0.431888 0.26455799999999996 0.43563 0.277624 0.433947
0 0.367172 0.883993 0.377365 0.893036 0.389239 0.897763 0.40163099999999996 0.897714 0.41332800000000003 0.892891 0.423185 0.883769 0.430237 0.8712389999999999 0.43379399999999996 0.856528 0.43350799999999995 0.841075 0.429406 0.826395 0.421891 0.813923 0.41169700000000004 0.804881 0.399824 0.8001530000000001 0.387432 0.800203 0.37573500000000004 0.805025 0.36587800000000004 0.814148 0.358826 0.826678 0.355269 0.841389 0.355555 0.856841 0.35965600000000003 0.871522 0.367172 0.883993
0 0.297694 0.43887 0.285997 0.44560000000000005 0.276704 0.456891 0.270723 0.47163700000000003 0.26864 0.48839499999999997 0.27066 0.505523 0.276584 0.521347 0.285832 0.534316 0.2975 0.543161 0.31044499999999997 0.5470170000000001 0.3234 0.545505 0.335096 0.538775 0.34439000000000003 0.5274840000000001 0.350371 0.5127379999999999 0.352454 0.49598000000000003 0.350434 0.478852 0.34451 0.463028 0.335262 0.450059 0.323594 0.441214 0.310649 0.43735799999999997 0.297694 0.43887
0 0.284055 0.629446 0.295273 0.622665 0.304068 0.611525 0.309577 0.597115 0.31126200000000004 0.580846 0.30895700000000004 0.564311 0.302889 0.549128 0.293651 0.536783 0.282148 0.528486 0.269505 0.525047 0.256961 0.526804 0.245742 0.533585 0.236948 0.544725 0.231439 0.559135 0.229754 0.575404 0.23205800000000001 0.591939 0.238126 0.607122 0.247364 0.619467 0.258867 0.627764 0.27151000000000003 0.631203 0.284055 0.629446
0 0.360622 0.646534 0.371876 0.639203 0.38066300000000003 0.627551 0.386123 0.612717 0.387723 0.596155 0.385305 0.579484 0.379106 0.564337 0.369733 0.5521969999999999 0.358103 0.544252 0.34535499999999997 0.5412790000000001 0.332737 0.543571 0.321484 0.550901 0.312697 0.5625530000000001 0.307236 0.577387 0.305637 0.59395 0.308055 0.61062 0.314254 0.625767 0.323627 0.637907 0.335256 0.645852 0.348004 0.648825 0.360622 0.646534
0 0.39981 0.603255 0.388738 0.6103430000000001 0.379953 0.6216700000000001 0.374316 0.636127 0.372378 0.652299 0.37433 0.668603 0.37997899999999996 0.683443 0.388774 0.695366 0.399853 0.703205 0.412132 0.7061930000000001 0.424408 0.704037 0.43548099999999995 0.696948 0.444266 0.685621 0.44990300000000005 0.671164 0.45184100000000005 0.654992 0.44988900000000004 0.6386890000000001 0.44424 0.623849 0.43544499999999997 0.611926 0.424366 0.604087 0.412087 0.6010989999999999 0.39981 0.603255
0 0.505193 0.712679 0.516049 0.704555 0.524378 0.69234 0.5293650000000001 0.67723 0.530521 0.660703 0.5277339999999999 0.644378 0.521277 0.629852 0.51178 0.618547 0.500175 0.611571 0.48759600000000003 0.609605 0.47527600000000003 0.612842 0.46441999999999994 0.620966 0.45609099999999997 0.633181 0.45110400000000006 0.6482910000000001 0.449947 0.664818 0.45273399999999997 0.6811429999999999 0.459192 0.695669 0.468689 0.706974 0.48029400000000005 0.71395 0.49287200000000003 0.715916 0.505193 0.712679
0 0.585057 0.713865 0.595835 0.7054 0.603923 0.6928880000000001 0.60853 0.677554 0.609205 0.6609 0.605882 0.644555 0.598885 0.63012 0.588901 0.619008 0.5769059999999999 0.612305 0.564074 0.610669 0.551662 0.61426 0.5408839999999999 0.622725 0.532796 0.6352369999999999 0.528189 0.650571 0.527514 0.667225 0.530837 0.68357 0.537833 0.698005 0.547818 0.709117 0.559813 0.71582 0.572645 0.717456 0.585057 0.713865
0 0.7657149999999999 0.7154849999999999 0.765813 0.69875 0.7618769999999999 0.68308 0.754294 0.67001 0.743804 0.660818 0.731436 0.656405 0.718399 0.657203 0.705971 0.663133 0.695367 0.6736150000000001 0.6876249999999999 0.687623 0.683504 0.703785 0.683406 0.720521 0.687341 0.736191 0.694925 0.749261 0.705415 0.758453 0.7177830000000001 0.762866 0.730819 0.762068 0.743248 0.756138 0.753852 0.745656 0.761594 0.7316480000000001 0.7657149999999999 0.7154849999999999
0 0.819056 0.6322 0.8186159999999999 0.614959 0.81404 0.599083 0.805777 0.5861259999999999 0.7946340000000001 0.577357 0.7817040000000001 0.573634 0.768251 0.575322 0.755593 0.582254 0.744968 0.593753 0.737417 0.6086940000000001 0.733679 0.6256120000000001 0.734119 0.642854 0.738694 0.658729 0.746958 0.671686 0.7581 0.680455 0.77103 0.684178 0.784483 0.682491 0.797141 0.675558 0.807766 0.6640590000000001 0.815317 0.649119 0.819056 0.6322
0 0.8679180000000001 0.5401290000000001 0.867116 0.522433 0.862114 0.5062369999999999 0.8534029999999999 0.493127 0.841836 0.48438600000000004 0.828543 0.48087 0.814828 0.482922 0.802031 0.49034300000000003 0.791407 0.502405 0.7839940000000001 0.517928 0.780519 0.535392 0.7813220000000001 0.553088 0.786323 0.569284 0.795034 0.5823940000000001 0.806602 0.591135 0.819894 0.594651 0.83361 0.592599 0.846406 0.585178 0.8570309999999999 0.573116 0.864443 0.557593 0.8679180000000001 0.5401290000000001
0 0.788123 0.49342699999999995 0.7868310000000001 0.475529 0.78136 0.459262 0.7722450000000001 0.446218 0.760379 0.43767300000000003 0.746924 0.434465 0.733197 0.436907 0.72054 0.44476000000000004 0.710194 0.457256 0.703171 0.47317099999999995 0.700158 0.49094800000000005 0.70145 0.508846 0.7069219999999999 0.5251129999999999 0.716036 0.538157 0.727902 0.546702 0.741357 0.54991 0.755085 0.5474680000000001 0.767741 0.539615 0.778087 0.527119 0.78511 0.511204 0.788123 0.49342699999999995
0 0.6508510000000001 0.389787 0.6523450000000001 0.407716 0.658045 0.423846 0.667393 0.43659600000000004 0.679474 0.44471800000000006 0.693106 0.447418 0.706953 0.44443200000000005 0.719661 0.43605099999999997 0.729986 0.423095 0.736916 0.40683400000000003 0.7397739999999999 0.388859 0.7382799999999999 0.37093 0.73258 0.3548 0.723232 0.34205 0.711151 0.333928 0.697519 0.33122799999999997 0.683672 0.334214 0.670964 0.342595 0.660639 0.35555 0.653709 0.371811 0.6508510000000001 0.389787
0 0.737241 0.391756 0.738683 0.409766 0.744388 0.42590199999999995 0.7537969999999999 0.43858499999999995 0.765988 0.446573 0.779769 0.449085 0.7937909999999999 0.445874 0.8066800000000001 0.43725500000000006 0.8171760000000001 0.42407199999999995 0.824251 0.407614 0.827212 0.389494 0.82577 0.37148400000000004 0.8200649999999999 0.355348 0.810657 0.342665 0.798465 0.334677 0.784684 0.332165 0.770663 0.335376 0.757773 0.343995 0.747277 0.357178 0.740202 0.37363599999999997 0.737241 0.391756
0 0.90221 0.42882 0.9002890000000001 0.410972 0.894173 0.395211 0.884459 0.383079 0.8720990000000001 0.375765 0.8583019999999999 0.373984 0.8444179999999999 0.377911 0.831808 0.387161 0.821705 0.400828 0.8150980000000001 0.41757600000000006 0.8126340000000001 0.435764 0.814554 0.453612 0.8206709999999999 0.46937300000000004 0.830385 0.481504 0.8427450000000001 0.48881800000000003 0.8565419999999999 0.490599 0.870425 0.486672 0.883036 0.47742199999999996 0.893139 0.46375500000000003 0.899746 0.447008 0.90221 0.42882
0 0.9014049999999999 0.315187 0.899582 0.296983 0.89344 0.28093599999999996 0.883582 0.268616 0.8709720000000001 0.261229 0.856844 0.259498 0.8425819999999999 0.263592 0.8295809999999999 0.273111 0.8191140000000001 0.287123 0.812206 0.304257 0.8095319999999999 0.322834 0.811356 0.341038 0.817497 0.357085 0.8273550000000001 0.369405 0.8399660000000001 0.376792 0.854093 0.378523 0.868356 0.374429 0.8813570000000001 0.36490900000000004 0.8918240000000001 0.350897 0.8987320000000001 0.333764 0.9014049999999999 0.315187
0 0.7270179999999999 0.281775 0.729867 0.299984 0.736885 0.315849 0.747386 0.327818 0.760342 0.334719 0.774484 0.335876 0.788427 0.331176 0.800808 0.321079 0.810414 0.306573 0.8163050000000001 0.289079 0.8179040000000001 0.270309 0.8150550000000001 0.2521 0.8080360000000001 0.236234 0.797535 0.224265 0.7845799999999999 0.21736399999999997 0.770438 0.21620699999999998 0.7564949999999999 0.22090700000000002 0.7441139999999999 0.231004 0.734508 0.24550999999999998 0.7286170000000001 0.263004 0.7270179999999999 0.281775
0 0.64108 0.27917000000000003 0.643929 0.29738000000000003 0.650948 0.313245 0.661449 0.325214 0.674404 0.332115 0.688546 0.333272 0.70249 0.328572 0.714871 0.318475 0.724477 0.303969 0.730368 0.286475 0.731967 0.26770499999999997 0.7291179999999999 0.24949499999999997 0.7220989999999999 0.23363 0.7115980000000001 0.22166100000000002 0.698643 0.21476 0.684501 0.213603 0.670557 0.218303 0.658176 0.2284 0.64857 0.242906 0.642679 0.2604 0.64108 0.27917000000000003
0 0.7015119999999999 0.17121599999999998 0.704857 0.189863 0.712429 0.205985 0.723487 0.218004 0.73695 0.224742 0.751499 0.22554 0.76571 0.220321 0.778192 0.209594 0.787723 0.194411 0.7933709999999999 0.176257 0.794581 0.15690900000000002 0.791237 0.138262 0.783665 0.12214 0.772607 0.110121 0.759144 0.103383 0.744595 0.102585 0.730384 0.10780400000000001 0.717902 0.11853100000000001 0.708371 0.133714 0.702723 0.151868 0.7015119999999999 0.17121599999999998
0 0.704391 0.117044 0.697777 0.10028300000000001 0.687576 0.087342 0.674786 0.07949 0.66066 0.07749500000000001 0.6465799999999999 0.081552 0.633925 0.091264 0.623933 0.10568 0.617582 0.12339 0.615494 0.142659 0.617874 0.161601 0.624488 0.178363 0.63469 0.191304 0.6474789999999999 0.199156 0.661606 0.201151 0.675686 0.197094 0.688341 0.187382 0.698333 0.172966 0.7046840000000001 0.155256 0.706771 0.135987 0.704391 0.117044
0 0.5404530000000001 0.162734 0.550763 0.175464 0.563464 0.182998 0.577314 0.184601 0.590956 0.180114 0.603055 0.16997800000000002 0.612428 0.15518400000000002 0.618156 0.13718 0.6196780000000001 0.117729 0.616846 0.09873499999999999 0.609938 0.082057 0.5996279999999999 0.069328 0.586927 0.061793 0.573077 0.060190999999999995 0.559435 0.064677 0.547335 0.074814 0.537963 0.089608 0.532235 0.10761099999999998 0.5307120000000001 0.127062 0.533544 0.14605600000000002 0.5404530000000001 0.162734
0 0.515719 0.073012 0.503595 0.063528 0.489972 0.059806000000000005 0.47618400000000005 0.062211 0.46358 0.070508 0.453393 0.083884 0.44662199999999996 0.101029 0.44392899999999996 0.12026600000000001 0.445577 0.139712 0.451406 0.157462 0.460844 0.17178 0.472968 0.181264 0.48659100000000005 0.184985 0.500379 0.18258000000000002 0.512983 0.174284 0.523169 0.160908 0.5299400000000001 0.143763 0.5326329999999999 0.124526 0.530985 0.10507999999999999 0.525157 0.08732999999999999 0.515719 0.073012
0 0.241737 0.528034 0.25334599999999996 0.5212220000000001 0.26261999999999996 0.509911 0.268652 0.495209 0.27085 0.47855299999999995 0.269 0.461575 0.263282 0.445937 0.254257 0.433169 0.242808 0.42452100000000004 0.23005499999999998 0.42084 0.21724700000000002 0.422486 0.205638 0.429298 0.196364 0.440609 0.190333 0.455312 0.188135 0.47196800000000005 0.18998500000000001 0.488946 0.195702 0.504584 0.20472700000000002 0.517352 0.216177 0.525999 0.228929 0.52968 0.241737 0.528034
0 0.19722800000000001 0.614783 0.209288 0.610908 0.219693 0.602167 0.227424 0.589416 0.23172600000000002 0.573902 0.232176 0.557145 0.22873100000000002 0.540784 0.221728 0.526422 0.211852 0.5154639999999999 0.20007100000000003 0.508983 0.187537 0.5076120000000001 0.175478 0.511488 0.165073 0.5202289999999999 0.157341 0.53298 0.15304 0.548494 0.15259 0.5652510000000001 0.15603499999999998 0.581612 0.163038 0.595974 0.172913 0.606932 0.184695 0.613413 0.19722800000000001 0.614783
0 0.21435200000000001 0.604445 0.202895 0.609677 0.193468 0.619468 0.186994 0.6328590000000001 0.184107 0.648539 0.185089 0.664975 0.189843 0.6805559999999999 0.197905 0.693759 0.208486 0.703289 0.22054900000000002 0.708215 0.232914 0.708055 0.24437099999999998 0.702823 0.253797 0.693032 0.26027100000000003 0.6796409999999999 0.26315900000000003 0.663961 0.262177 0.647525 0.257423 0.6319440000000001 0.24935999999999997 0.618741 0.23878 0.609211 0.226717 0.604285 0.21435200000000001 0.604445
0 0.27163 0.79759 0.282675 0.791775 0.29157299999999997 0.7816150000000001 0.297452 0.768105 0.29973900000000003 0.752568 0.298208 0.736525 0.29300899999999996 0.721546 0.284652 0.709098 0.273955 0.7003980000000001 0.261964 0.696299 0.24985400000000002 0.697201 0.238809 0.703017 0.22991199999999998 0.7131770000000001 0.224032 0.726687 0.221746 0.742223 0.223277 0.758266 0.22847499999999998 0.773245 0.23683200000000001 0.785694 0.24752900000000003 0.7943939999999999 0.25952000000000003 0.798493 0.27163 0.79759
0 0.33076099999999997 0.736811 0.341851 0.730486 0.350642 0.7198260000000001 0.356273 0.705874 0.358192 0.689996 0.356213 0.673746 0.350528 0.658715 0.341694 0.646374 0.330576 0.637931 0.318262 0.6342139999999999 0.305958 0.6355839999999999 0.294867 0.64191 0.286077 0.65257 0.28044600000000003 0.666522 0.278526 0.6824 0.28050600000000003 0.69865 0.286191 0.713681 0.295025 0.7260220000000001 0.306143 0.734464 0.318457 0.738182 0.33076099999999997 0.736811
0 0.31421 0.75816 0.302618 0.763143 0.292854 0.772703 0.285873 0.785904 0.282358 0.8014530000000001 0.282655 0.8178280000000001 0.286733 0.833427 0.294194 0.8467230000000001 0.304307 0.856414 0.316083 0.8615510000000001 0.328368 0.861632 0.33996 0.8566480000000001 0.34972400000000003 0.847088 0.356705 0.833888 0.36022 0.8183389999999999 0.359923 0.801963 0.355845 0.7863640000000001 0.34838399999999997 0.773069 0.338271 0.763378 0.326496 0.758241 0.31421 0.75816
0 0.375734 0.693056 0.364142 0.698039 0.354377 0.707599 0.347396 0.7208 0.343882 0.7363489999999999 0.344178 0.752724 0.348257 0.768323 0.355717 0.781619 0.365831 0.79131 0.377606 0.796447 0.389891 0.796528 0.401483 0.791544 0.41124799999999995 0.781984 0.418229 0.7687839999999999 0.42174300000000003 0.753235 0.421447 0.736859 0.417368 0.72126 0.409908 0.707964 0.399794 0.698274 0.388019 0.693137 0.375734 0.693056
0 0.43295399999999995 0.7415130000000001 0.423062 0.7507780000000001 0.41601800000000005 0.763664 0.41251 0.778909 0.412882 0.79502 0.417098 0.81042 0.424744 0.823602 0.435074 0.833276 0.447074 0.838495 0.459572 0.838747 0.47134299999999996 0.8340080000000001 0.481234 0.824742 0.488279 0.811857 0.491787 0.796612 0.49141500000000005 0.780501 0.48719900000000005 0.765101 0.479553 0.7519180000000001 0.46922300000000006 0.742245 0.45722199999999996 0.737026 0.44472500000000004 0.736774 0.43295399999999995 0.7415130000000001
0 0.510103 0.742815 0.500211 0.752081 0.493166 0.764966 0.48965800000000004 0.780211 0.49002999999999997 0.796322 0.49424599999999996 0.8117219999999999 0.501893 0.8249040000000001 0.5122220000000001 0.8345779999999999 0.524223 0.8397970000000001 0.5367200000000001 0.8400489999999999 0.5484910000000001 0.83531 0.558383 0.8260439999999999 0.565428 0.813159 0.568936 0.797914 0.5685640000000001 0.781803 0.5643480000000001 0.7664030000000001 0.556701 0.753221 0.5463720000000001 0.743547 0.5343709999999999 0.738328 0.5218740000000001 0.7380760000000001 0.510103 0.742815
0 0.619914 0.797841 0.629833 0.7881940000000001 0.636888 0.7749349999999999 0.64039 0.759363 0.639996 0.7430019999999999 0.6357440000000001 0.727453 0.62805 0.714239 0.617668 0.704653 0.605614 0.6996330000000001 0.5930679999999999 0.699671 0.581257 0.704763 0.571339 0.71441 0.564283 0.727669 0.560781 0.743241 0.561176 0.759602 0.565428 0.7751509999999999 0.573122 0.788365 0.583504 0.7979510000000001 0.595558 0.802971 0.608104 0.802933 0.619914 0.797841
0 0.682816 0.732034 0.670317 0.731063 0.658066 0.735131 0.647262 0.743842 0.6389630000000001 0.756342 0.6339819999999999 0.771408 0.6328050000000001 0.7875639999999999 0.635548 0.8032299999999999 0.641943 0.816872 0.6513639999999999 0.827154 0.662887 0.83307 0.675387 0.834042 0.687638 0.8299730000000001 0.698441 0.8212619999999999 0.70674 0.808762 0.711721 0.793697 0.712898 0.77754 0.710155 0.7618739999999999 0.70376 0.748233 0.694339 0.73795 0.682816 0.732034
0 0.62652 0.800086 0.614424 0.7977380000000001 0.602311 0.800404 0.591368 0.807823 0.582666 0.8192679999999999 0.577056 0.83362 0.575087 0.849473 0.5769529999999999 0.865276 0.582471 0.879481 0.5911 0.890699 0.601996 0.897831 0.6140920000000001 0.900179 0.626204 0.897513 0.637147 0.890094 0.64585 0.8786479999999999 0.6514599999999999 0.8642960000000001 0.653428 0.848443 0.651562 0.832641 0.646045 0.818435 0.637416 0.807218 0.62652 0.800086
0 0.568359 0.848128 0.557523 0.840107 0.5452619999999999 0.8366490000000001 0.5327770000000001 0.838092 0.52129 0.844295 0.5119239999999999 0.8546509999999999 0.505598 0.868145 0.502929 0.8834580000000001 0.5041800000000001 0.89909 0.509228 0.913511 0.517579 0.925309 0.5284150000000001 0.93333 0.540675 0.936788 0.55316 0.9353450000000001 0.564648 0.929142 0.574013 0.918787 0.58034 0.905292 0.583008 0.889979 0.581757 0.874347 0.5767100000000001 0.8599270000000001 0.568359 0.848128
0 0.443207 0.923089 0.45389 0.930716 0.465932 0.933908 0.47815399999999997 0.9323539999999999 0.48936 0.9262050000000001 0.49845300000000003 0.9160640000000001 0.504543 0.902922 0.507034 0.888067 0.5056809999999999 0.8729530000000001 0.500618 0.859059 0.49234 0.8477439999999999 0.48165699999999995 0.840118 0.469615 0.8369249999999999 0.457393 0.83848 0.446187 0.8446279999999999 0.437094 0.85477 0.431004 0.867911 0.428513 0.8827659999999999 0.42986599999999997 0.89788 0.434929 0.9117749999999999 0.443207 0.923089