0 0.238375 0.058975 0.227825 0.073042 0.22105100000000003 0.090768 0.218717 0.11041700000000002 0.22105100000000003 0.130066 0.227825 0.147791 0.238375 0.161858 0.25167 0.17089000000000001 0.26640600000000003 0.174002 0.28114300000000003 0.17089000000000001 0.294437 0.161858 0.304988 0.147791 0.311761 0.130066 0.314095 0.11041700000000002 0.311761 0.090768 0.304988 0.073042 0.294437 0.058975 0.28114300000000003 0.049943 0.26640600000000003 0.046831 0.25167 0.049943 0.238375 0.058975
0 0.328438 0.019400999999999998 0.31767599999999996 0.03375 0.310766 0.051832 0.308385 0.071875 0.310766 0.091918 0.31767599999999996 0.11000000000000001 0.328438 0.124349 0.341999 0.13356200000000001 0.357031 0.136736 0.372064 0.13356200000000001 0.385625 0.124349 0.396387 0.11000000000000001 0.403296 0.091918 0.405677 0.071875 0.403296 0.051832 0.396387 0.03375 0.385625 0.019400999999999998 0.372064 0.010188 0.357031 0.007013999999999999 0.341999 0.010188 0.328438 0.019400999999999998
0 0.167164 0.14899199999999999 0.156275 0.16351 0.149284 0.18180400000000002 0.146875 0.202083 0.149284 0.222363 0.156275 0.24065699999999998 0.167164 0.25517500000000004 0.180884 0.264496 0.196094 0.267708 0.21130300000000002 0.264496 0.22502399999999997 0.25517500000000004 0.23591299999999998 0.24065699999999998 0.242904 0.222363 0.24531200000000003 0.202083 0.242904 0.18180400000000002 0.23591299999999998 0.16351 0.22502399999999997 0.14899199999999999 0.21130300000000002 0.13967000000000002 0.196094 0.136458 0.180884 0.13967000000000002 0.167164 0.14899199999999999
0 0.099242 0.23801100000000003 0.08866500000000001 0.252114 0.081874 0.269884 0.07953400000000001 0.28958300000000003 0.081874 0.309282 0.08866500000000001 0.327053 0.099242 0.341156 0.11256999999999999 0.35021 0.12734399999999998 0.35333000000000003 0.14211800000000002 0.35021 0.155446 0.341156 0.166023 0.327053 0.172814 0.309282 0.175154 0.28958300000000003 0.172814 0.269884 0.166023 0.252114 0.155446 0.23801100000000003 0.14211800000000002 0.228956 0.12734399999999998 0.225836 0.11256999999999999 0.228956 0.099242 0.23801100000000003
0 0.42571000000000003 0.088622 0.415685 0.101988 0.409249 0.11882999999999999 0.40703100000000003 0.1375 0.409249 0.15617 0.415685 0.173012 0.42571000000000003 0.186378 0.438341 0.19496 0.45234399999999997 0.197917 0.466346 0.19496 0.478978 0.186378 0.489002 0.173012 0.49543799999999993 0.15617 0.497656 0.1375 0.49543799999999993 0.11882999999999999 0.489002 0.101988 0.478978 0.088622 0.466346 0.08004 0.45234399999999997 0.077083 0.438341 0.08004 0.42571000000000003 0.088622
0 0.5184040000000001 0.034209 0.507688 0.048497 0.5008079999999999 0.066501 0.498437 0.08645800000000001 0.5008079999999999 0.106416 0.507688 0.12441899999999999 0.5184040000000001 0.138707 0.531907 0.14788099999999998 0.546875 0.151042 0.561843 0.14788099999999998 0.5753459999999999 0.138707 0.586062 0.12441899999999999 0.5929420000000001 0.106416 0.595313 0.08645800000000001 0.5929420000000001 0.066501 0.586062 0.048497 0.5753459999999999 0.034209 0.561843 0.025036000000000003 0.546875 0.021875 0.531907 0.025036000000000003 0.5184040000000001 0.034209
0 0.314479 0.381833 0.304344 0.395347 0.297837 0.41237500000000005 0.295595 0.43125 0.297837 0.450125 0.304344 0.467153 0.314479 0.48066700000000007 0.32725 0.48934300000000003 0.341406 0.49233200000000005 0.35556299999999996 0.48934300000000003 0.368334 0.48066700000000007 0.378469 0.467153 0.384976 0.450125 0.387218 0.43125 0.384976 0.41237500000000005 0.378469 0.395347 0.368334 0.381833 0.35556299999999996 0.373157 0.341406 0.370168 0.32725 0.373157 0.314479 0.381833
0 0.19276 0.274436 0.18239 0.288263 0.175732 0.305686 0.173437 0.325 0.175732 0.344314 0.18239 0.36173700000000003 0.19276 0.375564 0.20582699999999998 0.384441 0.220312 0.3875 0.234798 0.384441 0.247865 0.375564 0.258235 0.36173700000000003 0.264893 0.344314 0.267188 0.325 0.264893 0.305686 0.258235 0.288263 0.247865 0.274436 0.234798 0.265559 0.220312 0.2625 0.20582699999999998 0.265559 0.19276 0.274436
0 0.26027 0.191302 0.24972699999999998 0.20535899999999999 0.242957 0.223073 0.240625 0.242708 0.242957 0.262344 0.24972699999999998 0.280057 0.26027 0.294115 0.273555 0.30314 0.288281 0.30625 0.303008 0.30314 0.316293 0.294115 0.326836 0.280057 0.33360500000000004 0.262344 0.33593799999999996 0.242708 0.33360500000000004 0.223073 0.326836 0.20535899999999999 0.316293 0.191302 0.303008 0.182277 0.288281 0.17916700000000002 0.273555 0.182277 0.26027 0.191302
0 0.33664700000000003 0.26883 0.326623 0.282196 0.320187 0.299039 0.317969 0.317708 0.320187 0.336378 0.326623 0.35322 0.33664700000000003 0.36658599999999997 0.349279 0.375168 0.363281 0.378125 0.377284 0.375168 0.389915 0.36658599999999997 0.39994 0.35322 0.406376 0.336378 0.408594 0.317708 0.406376 0.299039 0.39994 0.282196 0.389915 0.26883 0.377284 0.260249 0.363281 0.25729199999999997 0.349279 0.260249 0.33664700000000003 0.26883
0 0.34164300000000003 0.14713 0.331441 0.160733 0.324891 0.177874 0.322634 0.196875 0.324891 0.215876 0.331441 0.23301699999999997 0.34164300000000003 0.24662 0.354499 0.25535399999999997 0.36875 0.258364 0.38300100000000004 0.25535399999999997 0.395857 0.24662 0.40605900000000006 0.23301699999999997 0.41260899999999995 0.215876 0.41486599999999996 0.196875 0.41260899999999995 0.177874 0.40605900000000006 0.160733 0.395857 0.14713 0.38300100000000004 0.13839600000000002 0.36875 0.135386 0.354499 0.13839600000000002 0.34164300000000003 0.14713
0 0.079936 0.37150099999999997 0.07003200000000001 0.384706 0.06367300000000001 0.40134600000000004 0.061482 0.419792 0.06367300000000001 0.438237 0.07003200000000001 0.45487700000000003 0.079936 0.468082 0.092416 0.47656099999999996 0.10625 0.47948199999999996 0.120084 0.47656099999999996 0.132564 0.468082 0.14246799999999998 0.45487700000000003 0.148827 0.438237 0.151018 0.419792 0.148827 0.40134600000000004 0.14246799999999998 0.384706 0.132564 0.37150099999999997 0.120084 0.363023 0.10625 0.360101 0.092416 0.363023 0.079936 0.37150099999999997
0 0.24491900000000003 0.46863099999999996 0.235067 0.48176699999999995 0.228742 0.49831899999999996 0.226562 0.516667 0.228742 0.535015 0.235067 0.551566 0.24491900000000003 0.564702 0.257333 0.573136 0.271094 0.5760419999999999 0.28485499999999997 0.573136 0.297269 0.564702 0.30712 0.551566 0.31344500000000003 0.535015 0.315625 0.516667 0.31344500000000003 0.49831899999999996 0.30712 0.48176699999999995 0.297269 0.46863099999999996 0.28485499999999997 0.460198 0.271094 0.457292 0.257333 0.460198 0.24491900000000003 0.46863099999999996
0 0.17695 0.39259 0.167098 0.405725 0.160773 0.42227699999999996 0.15859399999999998 0.440625 0.160773 0.458973 0.167098 0.47552500000000003 0.17695 0.48866 0.189364 0.497094 0.203125 0.5 0.216886 0.497094 0.2293 0.48866 0.23915199999999998 0.47552500000000003 0.245477 0.458973 0.24765600000000002 0.440625 0.245477 0.42227699999999996 0.23915199999999998 0.405725 0.2293 0.39259 0.216886 0.384156 0.203125 0.38125 0.189364 0.384156 0.17695 0.39259
0 0.124503 0.48198299999999994 0.114613 0.49517100000000003 0.108262 0.511788 0.106074 0.530208 0.108262 0.548629 0.114613 0.5652459999999999 0.124503 0.578433 0.136966 0.5869 0.150781 0.589818 0.16459600000000002 0.5869 0.17705900000000002 0.578433 0.18695 0.5652459999999999 0.1933 0.548629 0.195488 0.530208 0.1933 0.511788 0.18695 0.49517100000000003 0.17705900000000002 0.48198299999999994 0.16459600000000002 0.47351599999999994 0.150781 0.470599 0.136966 0.47351599999999994 0.124503 0.48198299999999994
0 0.42102199999999995 0.210497 0.41099800000000003 0.223863 0.40456200000000003 0.240705 0.402344 0.259375 0.40456200000000003 0.278045 0.41099800000000003 0.294887 0.42102199999999995 0.308253 0.43365400000000004 0.31683500000000003 0.447656 0.31979199999999997 0.46165900000000004 0.31683500000000003 0.47429 0.308253 0.48431499999999994 0.294887 0.49075100000000005 0.278045 0.492969 0.259375 0.49075100000000005 0.240705 0.48431499999999994 0.223863 0.47429 0.210497 0.46165900000000004 0.20191499999999998 0.447656 0.198958 0.43365400000000004 0.20191499999999998 0.42102199999999995 0.210497
0 0.501676 0.16109400000000001 0.49113300000000004 0.175151 0.48436399999999996 0.192865 0.482031 0.2125 0.48436399999999996 0.23213499999999998 0.49113300000000004 0.249849 0.501676 0.26390600000000003 0.514961 0.272932 0.529687 0.276042 0.544414 0.272932 0.5576990000000001 0.26390600000000003 0.5682419999999999 0.249849 0.575011 0.23213499999999998 0.577344 0.2125 0.575011 0.192865 0.5682419999999999 0.175151 0.5576990000000001 0.16109400000000001 0.544414 0.152068 0.529687 0.14895799999999998 0.514961 0.152068 0.501676 0.16109400000000001
0 0.753238 0.12359400000000001 0.742695 0.137651 0.735926 0.155365 0.733594 0.175 0.735926 0.194635 0.742695 0.21234899999999998 0.753238 0.22640600000000002 0.7665230000000001 0.235432 0.78125 0.23854199999999998 0.7959769999999999 0.235432 0.809262 0.22640600000000002 0.819805 0.21234899999999998 0.8265739999999999 0.194635 0.8289059999999999 0.175 0.8265739999999999 0.155365 0.819805 0.137651 0.809262 0.12359400000000001 0.7959769999999999 0.114568 0.78125 0.11145799999999999 0.7665230000000001 0.114568 0.753238 0.12359400000000001
0 0.60981 0.095668 0.599094 0.10995600000000001 0.592214 0.127959 0.589844 0.14791700000000002 0.592214 0.167874 0.599094 0.18587800000000002 0.60981 0.200166 0.623313 0.209339 0.638281 0.2125 0.653249 0.209339 0.666752 0.200166 0.677468 0.18587800000000002 0.684348 0.167874 0.686719 0.14791700000000002 0.684348 0.127959 0.677468 0.10995600000000001 0.666752 0.095668 0.653249 0.086494 0.638281 0.083333 0.623313 0.086494 0.60981 0.095668
0 0.582282 0.22423700000000002 0.572084 0.23783400000000002 0.565537 0.254967 0.563281 0.27395800000000003 0.565537 0.29295 0.572084 0.310083 0.582282 0.323679 0.5951310000000001 0.332409 0.609375 0.33541699999999997 0.6236189999999999 0.332409 0.636468 0.323679 0.646666 0.310083 0.653213 0.29295 0.655469 0.27395800000000003 0.653213 0.254967 0.646666 0.23783400000000002 0.636468 0.22423700000000002 0.6236189999999999 0.21550799999999998 0.609375 0.2125 0.5951310000000001 0.21550799999999998 0.582282 0.22423700000000002
0 0.49433800000000006 0.283189 0.484267 0.296617 0.47780100000000003 0.313536 0.47557299999999997 0.332292 0.47780100000000003 0.351047 0.484267 0.36796700000000004 0.49433800000000006 0.381394 0.507027 0.390015 0.521094 0.39298500000000003 0.5351600000000001 0.390015 0.5478500000000001 0.381394 0.55792 0.36796700000000004 0.564386 0.351047 0.5666140000000001 0.332292 0.564386 0.313536 0.55792 0.296617 0.5478500000000001 0.283189 0.5351600000000001 0.27456800000000003 0.521094 0.271598 0.507027 0.27456800000000003 0.49433800000000006 0.283189
0 0.41399100000000005 0.32820499999999997 0.40396599999999994 0.34157099999999996 0.39753 0.358414 0.39531299999999997 0.377083 0.39753 0.395753 0.40396599999999994 0.41259499999999993 0.41399100000000005 0.42596100000000003 0.42662300000000003 0.434543 0.440625 0.4375 0.454627 0.434543 0.467259 0.42596100000000003 0.47728400000000004 0.41259499999999993 0.48372000000000004 0.395753 0.485938 0.377083 0.48372000000000004 0.358414 0.47728400000000004 0.34157099999999996 0.467259 0.32820499999999997 0.454627 0.319624 0.440625 0.316667 0.42662300000000003 0.319624 0.41399100000000005 0.32820499999999997
0 0.550662 0.452211 0.541502 0.464424 0.53562 0.479815 0.533594 0.496875 0.53562 0.513935 0.541502 0.529326 0.550662 0.541539 0.562205 0.549381 0.575 0.552083 0.5877950000000001 0.549381 0.599338 0.541539 0.608498 0.529326 0.6143799999999999 0.513935 0.616406 0.496875 0.6143799999999999 0.479815 0.608498 0.464424 0.599338 0.452211 0.5877950000000001 0.444369 0.575 0.441667 0.562205 0.444369 0.550662 0.452211
0 0.48361200000000004 0.397646 0.47479699999999997 0.40939899999999996 0.46913799999999994 0.424208 0.467187 0.440625 0.46913799999999994 0.45704200000000006 0.47479699999999997 0.471851 0.48361200000000004 0.483604 0.494719 0.49115000000000003 0.507031 0.49375 0.519344 0.49115000000000003 0.530451 0.483604 0.539266 0.471851 0.544925 0.45704200000000006 0.546875 0.440625 0.544925 0.424208 0.539266 0.40939899999999996 0.530451 0.397646 0.519344 0.3901 0.507031 0.3875 0.494719 0.3901 0.48361200000000004 0.397646
0 0.405534 0.44343199999999994 0.395856 0.456338 0.389641 0.47259900000000005 0.3875 0.490625 0.389641 0.508651 0.395856 0.5249119999999999 0.405534 0.537818 0.417731 0.546103 0.43125 0.5489580000000001 0.44476899999999997 0.546103 0.456966 0.537818 0.46664399999999995 0.5249119999999999 0.472859 0.508651 0.475 0.490625 0.472859 0.47259900000000005 0.46664399999999995 0.456338 0.456966 0.44343199999999994 0.44476899999999997 0.435147 0.43125 0.432292 0.417731 0.435147 0.405534 0.44343199999999994
0 0.403409 0.549826 0.394401 0.5618380000000001 0.388617 0.576973 0.38662399999999997 0.59375 0.388617 0.610527 0.394401 0.6256619999999999 0.403409 0.637674 0.41476100000000005 0.645385 0.427344 0.648043 0.43992699999999996 0.645385 0.451278 0.637674 0.460287 0.6256619999999999 0.46607000000000004 0.610527 0.468063 0.59375 0.46607000000000004 0.576973 0.460287 0.5618380000000001 0.451278 0.549826 0.43992699999999996 0.542115 0.427344 0.539457 0.41476100000000005 0.542115 0.403409 0.549826
0 0.330994 0.48906700000000003 0.321488 0.501741 0.315384 0.517713 0.31328100000000003 0.535417 0.315384 0.553121 0.321488 0.569092 0.330994 0.5817669999999999 0.342972 0.589904 0.35625 0.592708 0.36952799999999997 0.589904 0.381506 0.5817669999999999 0.391012 0.569092 0.39711599999999997 0.553121 0.399219 0.535417 0.39711599999999997 0.517713 0.391012 0.501741 0.381506 0.48906700000000003 0.36952799999999997 0.480929 0.35625 0.478125 0.342972 0.480929 0.330994 0.48906700000000003
0 0.280078 0.584004 0.270816 0.596354 0.264869 0.611916 0.26282 0.629167 0.264869 0.646417 0.270816 0.661979 0.280078 0.674329 0.29175 0.682258 0.30468799999999996 0.684991 0.317625 0.682258 0.329297 0.674329 0.338559 0.661979 0.344506 0.646417 0.346555 0.629167 0.344506 0.611916 0.338559 0.596354 0.329297 0.584004 0.317625 0.576075 0.30468799999999996 0.573343 0.29175 0.576075 0.280078 0.584004
0 0.197363 0.55645 0.188431 0.568359 0.182696 0.5833649999999999 0.18072 0.6 0.182696 0.616635 0.188431 0.631641 0.197363 0.6435500000000001 0.20861800000000003 0.651197 0.22109399999999998 0.653831 0.23357 0.651197 0.244825 0.6435500000000001 0.253757 0.631641 0.259491 0.616635 0.261467 0.6 0.259491 0.5833649999999999 0.253757 0.568359 0.244825 0.55645 0.23357 0.548803 0.22109399999999998 0.546169 0.20861800000000003 0.548803 0.197363 0.55645
0 0.47501800000000005 0.5028539999999999 0.466203 0.514607 0.46054399999999995 0.529417 0.458594 0.545833 0.46054399999999995 0.5622499999999999 0.466203 0.577059 0.47501800000000005 0.588812 0.48612500000000003 0.596358 0.498437 0.598958 0.51075 0.596358 0.521857 0.588812 0.530672 0.577059 0.536331 0.5622499999999999 0.538281 0.545833 0.536331 0.529417 0.530672 0.514607 0.521857 0.5028539999999999 0.51075 0.49530799999999997 0.498437 0.49270800000000003 0.48612500000000003 0.49530799999999997 0.47501800000000005 0.5028539999999999
0 0.637597 0.40443300000000004 0.6291059999999999 0.415754 0.6236539999999999 0.43002 0.621776 0.44583300000000003 0.6236539999999999 0.461647 0.6291059999999999 0.475913 0.637597 0.48723400000000006 0.648296 0.494503 0.660156 0.497007 0.672016 0.494503 0.682716 0.48723400000000006 0.691207 0.475913 0.696658 0.461647 0.698537 0.44583300000000003 0.696658 0.43002 0.691207 0.415754 0.682716 0.40443300000000004 0.672016 0.39716399999999996 0.660156 0.394659 0.648296 0.39716399999999996 0.637597 0.40443300000000004
0 0.572257 0.34623 0.563579 0.3578 0.558007 0.37238000000000004 0.556088 0.388542 0.558007 0.40470300000000003 0.563579 0.41928299999999996 0.572257 0.43085300000000004 0.583191 0.43828199999999995 0.595313 0.44084199999999996 0.607434 0.43828199999999995 0.618368 0.43085300000000004 0.627046 0.41928299999999996 0.632618 0.40470300000000003 0.634537 0.388542 0.632618 0.37238000000000004 0.627046 0.3578 0.618368 0.34623 0.607434 0.338801 0.595313 0.33624200000000004 0.583191 0.338801 0.572257 0.34623
0 0.489508 0.733198 0.481149 0.744344 0.475781 0.758389 0.473932 0.773958 0.475781 0.789527 0.481149 0.803572 0.489508 0.814718 0.500042 0.821875 0.511719 0.8243410000000001 0.523395 0.821875 0.533929 0.814718 0.542289 0.803572 0.547656 0.789527 0.549505 0.773958 0.547656 0.758389 0.542289 0.744344 0.533929 0.733198 0.523395 0.726042 0.511719 0.723576 0.500042 0.726042 0.489508 0.733198
0 0.596682 0.699084 0.588376 0.710159 0.583043 0.7241139999999999 0.581205 0.739583 0.583043 0.755053 0.588376 0.769007 0.596682 0.7800819999999999 0.607148 0.787193 0.61875 0.789643 0.630352 0.787193 0.640818 0.7800819999999999 0.649124 0.769007 0.6544570000000001 0.755053 0.656295 0.739583 0.6544570000000001 0.7241139999999999 0.649124 0.710159 0.640818 0.699084 0.630352 0.691974 0.61875 0.689524 0.607148 0.691974 0.596682 0.699084
0 0.733634 0.247944 0.7242390000000001 0.26047 0.718207 0.276254 0.716129 0.29375 0.718207 0.311246 0.7242390000000001 0.32703000000000004 0.733634 0.339556 0.745471 0.347599 0.758594 0.35036999999999996 0.771716 0.347599 0.783554 0.339556 0.792949 0.32703000000000004 0.79898 0.311246 0.8010590000000001 0.29375 0.79898 0.276254 0.792949 0.26047 0.783554 0.247944 0.771716 0.239901 0.758594 0.23713 0.745471 0.239901 0.733634 0.247944
0 0.8170080000000001 0.21316700000000002 0.807531 0.22580300000000003 0.8014469999999999 0.24172500000000002 0.79935 0.259375 0.8014469999999999 0.27702499999999997 0.807531 0.29294699999999996 0.8170080000000001 0.305583 0.8289500000000001 0.31369600000000003 0.842187 0.316492 0.855425 0.31369600000000003 0.867367 0.305583 0.876844 0.29294699999999996 0.882928 0.27702499999999997 0.8850250000000001 0.259375 0.882928 0.24172500000000002 0.876844 0.22580300000000003 0.867367 0.21316700000000002 0.855425 0.205054 0.842187 0.202258 0.8289500000000001 0.205054 0.8170080000000001 0.21316700000000002
0 0.8717560000000001 0.28762699999999997 0.862595 0.29984099999999997 0.856714 0.315231 0.854688 0.332292 0.856714 0.349352 0.862595 0.364742 0.8717560000000001 0.37695599999999996 0.8832990000000001 0.38479800000000003 0.8960940000000001 0.3875 0.908889 0.38479800000000003 0.9204319999999999 0.37695599999999996 0.9295920000000001 0.364742 0.935473 0.349352 0.9375 0.332292 0.935473 0.315231 0.9295920000000001 0.29984099999999997 0.9204319999999999 0.28762699999999997 0.908889 0.279785 0.8960940000000001 0.277083 0.8832990000000001 0.279785 0.8717560000000001 0.28762699999999997
0 0.850356 0.393966 0.8407870000000001 0.40672499999999995 0.834643 0.42280300000000004 0.832526 0.440625 0.834643 0.45844699999999994 0.8407870000000001 0.47452500000000003 0.850356 0.487284 0.862415 0.495476 0.8757809999999999 0.498299 0.8891479999999999 0.495476 0.901206 0.487284 0.910776 0.47452500000000003 0.91692 0.45844699999999994 0.919037 0.440625 0.91692 0.42280300000000004 0.910776 0.40672499999999995 0.901206 0.393966 0.8891479999999999 0.385774 0.8757809999999999 0.382951 0.862415 0.385774 0.850356 0.393966
0 0.7997029999999999 0.5888690000000001 0.791652 0.599604 0.786483 0.613131 0.784702 0.628125 0.786483 0.643119 0.791652 0.6566460000000001 0.7997029999999999 0.667381 0.809848 0.674273 0.8210940000000001 0.6766479999999999 0.83234 0.674273 0.8424849999999999 0.667381 0.850536 0.6566460000000001 0.855705 0.643119 0.857486 0.628125 0.855705 0.613131 0.850536 0.599604 0.8424849999999999 0.5888690000000001 0.83234 0.581977 0.8210940000000001 0.5796020000000001 0.809848 0.581977 0.7997029999999999 0.5888690000000001
0 0.695545 0.46118899999999996 0.686517 0.47322699999999995 0.680721 0.48839499999999997 0.678723 0.505208 0.680721 0.522022 0.686517 0.5371900000000001 0.695545 0.549227 0.706921 0.556956 0.719531 0.559619 0.732142 0.556956 0.743517 0.549227 0.752545 0.5371900000000001 0.7583420000000001 0.522022 0.760339 0.505208 0.7583420000000001 0.48839499999999997 0.752545 0.47322699999999995 0.743517 0.46118899999999996 0.732142 0.453461 0.719531 0.450798 0.706921 0.453461 0.695545 0.46118899999999996
0 0.653447 0.292347 0.645041 0.303555 0.639644 0.317678 0.637784 0.333333 0.639644 0.348989 0.645041 0.363112 0.653447 0.37432 0.66404 0.381516 0.675781 0.383996 0.687523 0.381516 0.698115 0.37432 0.7065210000000001 0.363112 0.711918 0.348989 0.713778 0.333333 0.711918 0.317678 0.7065210000000001 0.303555 0.698115 0.292347 0.687523 0.28515 0.675781 0.282671 0.66404 0.28515 0.653447 0.292347
0 0.662183 0.653808 0.6544190000000001 0.664161 0.6494329999999999 0.677206 0.647716 0.691667 0.6494329999999999 0.7061270000000001 0.6544190000000001 0.719173 0.662183 0.729525 0.671967 0.736172 0.682813 0.738463 0.693658 0.736172 0.703442 0.729525 0.711206 0.719173 0.716192 0.7061270000000001 0.717909 0.691667 0.716192 0.677206 0.711206 0.664161 0.703442 0.653808 0.693658 0.647161 0.682813 0.644871 0.671967 0.647161 0.662183 0.653808
0 0.620652 0.509303 0.611665 0.521287 0.6058950000000001 0.5363870000000001 0.603906 0.553125 0.6058950000000001 0.569863 0.611665 0.584963 0.620652 0.596947 0.631977 0.604641 0.644531 0.6072919999999999 0.657085 0.604641 0.66841 0.596947 0.677398 0.584963 0.683168 0.569863 0.685156 0.553125 0.683168 0.5363870000000001 0.677398 0.521287 0.66841 0.509303 0.657085 0.501609 0.644531 0.498958 0.631977 0.501609 0.620652 0.509303
0 0.542987 0.554938 0.534172 0.566691 0.528513 0.5815 0.526563 0.597917 0.528513 0.614333 0.534172 0.629143 0.542987 0.640896 0.554094 0.648442 0.566406 0.651042 0.578719 0.648442 0.589826 0.640896 0.598641 0.629143 0.6043000000000001 0.614333 0.60625 0.597917 0.6043000000000001 0.5815 0.598641 0.566691 0.589826 0.554938 0.578719 0.547392 0.566406 0.5447919999999999 0.554094 0.547392 0.542987 0.554938
0 0.419719 0.705642 0.41126300000000005 0.7169179999999999 0.405833 0.731125 0.40396299999999996 0.746875 0.405833 0.762625 0.41126300000000005 0.776832 0.419719 0.788108 0.430375 0.795347 0.44218799999999997 0.7978419999999999 0.454 0.795347 0.464656 0.788108 0.473112 0.776832 0.478542 0.762625 0.480413 0.746875 0.478542 0.731125 0.473112 0.7169179999999999 0.464656 0.705642 0.454 0.698403 0.44218799999999997 0.695908 0.430375 0.698403 0.419719 0.705642
0 0.533374 0.658411 0.5250589999999999 0.669499 0.519719 0.683471 0.51788 0.698958 0.519719 0.7144459999999999 0.5250589999999999 0.728417 0.533374 0.7395050000000001 0.543853 0.746624 0.555469 0.749077 0.567084 0.746624 0.5775629999999999 0.7395050000000001 0.585879 0.728417 0.591218 0.7144459999999999 0.593058 0.698958 0.591218 0.683471 0.585879 0.669499 0.5775629999999999 0.658411 0.567084 0.651293 0.555469 0.6488400000000001 0.543853 0.651293 0.533374 0.658411
0 0.463567 0.614804 0.45485300000000006 0.6264230000000001 0.44925800000000005 0.641063 0.44733 0.657292 0.44925800000000005 0.673521 0.45485300000000006 0.688161 0.463567 0.699779 0.474547 0.7072390000000001 0.486719 0.709809 0.49889 0.7072390000000001 0.509871 0.699779 0.5185850000000001 0.688161 0.524179 0.673521 0.526107 0.657292 0.524179 0.641063 0.5185850000000001 0.6264230000000001 0.509871 0.614804 0.49889 0.607344 0.486719 0.604774 0.474547 0.607344 0.463567 0.614804
0 0.772215 0.435345 0.763227 0.447328 0.7574569999999999 0.46242799999999995 0.755469 0.479167 0.7574569999999999 0.49590500000000004 0.763227 0.511005 0.772215 0.522988 0.78354 0.530682 0.796094 0.5333330000000001 0.808648 0.530682 0.8199730000000001 0.522988 0.82896 0.511005 0.8347300000000001 0.49590500000000004 0.8367190000000001 0.479167 0.8347300000000001 0.46242799999999995 0.82896 0.447328 0.8199730000000001 0.435345 0.808648 0.427651 0.796094 0.425 0.78354 0.427651 0.772215 0.435345
0 0.680469 0.275 0.703125 0.278125 0.725781 0.266667 0.735938 0.24583300000000002 0.741406 0.227083 0.740625 0.209375 0.734375 0.19375 0.734375 0.178125 0.728125 0.167708 0.709375 0.15520799999999998 0.696094 0.15520799999999998 0.679688 0.165625 0.677344 0.184375 0.663281 0.202083 0.657031 0.205208 0.654687 0.23125 0.664844 0.260417 0.680469 0.275
0 0.752344 0.453125 0.770312 0.43125 0.778906 0.407292 0.774219 0.377083 0.7625 0.354167 0.752344 0.354167 0.741406 0.348958 0.726562 0.348958 0.713281 0.363542 0.701562 0.38229199999999997 0.698438 0.4 0.7 0.43125 0.714844 0.451042 0.734375 0.458333 0.752344 0.453125
0 0.8539059999999999 0.39375 0.851562 0.357292 0.842187 0.328125 0.815625 0.31979199999999997 0.792969 0.334375 0.780469 0.35208300000000003 0.775 0.372917 0.777344 0.39791699999999997 0.786719 0.41875 0.8117190000000001 0.42916699999999997 0.832812 0.422917 0.8414059999999999 0.409375 0.8539059999999999 0.39375
0 0.786719 0.663542 0.78125 0.639583 0.7625 0.625 0.733594 0.630208 0.717187 0.65625 0.715625 0.666667 0.719531 0.694792 0.728906 0.709375 0.749219 0.713542 0.767969 0.70625 0.78125 0.6875 0.786719 0.663542
0 0.59375 0.651042 0.6 0.676042 0.615625 0.690625 0.6375 0.690625 0.649219 0.680208 0.653906 0.666667 0.665625 0.6541669999999999 0.66875 0.634375 0.660156 0.610417 0.654687 0.608333 0.630469 0.60625 0.617969 0.597917 0.60625 0.608333 0.603125 0.626042 0.592187 0.636458 0.59375 0.651042
0 0.723437 0.6385419999999999 0.732812 0.621875 0.739062 0.597917 0.734375 0.573958 0.721875 0.5604169999999999 0.705469 0.555208 0.691406 0.55625 0.686719 0.566667 0.682031 0.58125 0.663281 0.605208 0.667969 0.634375 0.680469 0.6427080000000001 0.703125 0.65 0.723437 0.6385419999999999
0 0.810937 0.5625 0.801562 0.536458 0.786719 0.532292 0.770312 0.523958 0.758594 0.53125 0.744531 0.5489580000000001 0.739062 0.5625 0.736719 0.58125 0.7375 0.603125 0.757031 0.6229169999999999 0.782031 0.61875 0.796094 0.609375 0.8070309999999999 0.588542 0.810937 0.5625
0 0.8148440000000001 0.561458 0.824219 0.577083 0.848437 0.585417 0.857812 0.58125 0.876563 0.563542 0.885938 0.5333330000000001 0.878125 0.5020830000000001 0.854688 0.489583 0.832812 0.49375 0.81875 0.519792 0.8148440000000001 0.542708 0.8148440000000001 0.561458
0 0.34296899999999997 0.692708 0.3625 0.719792 0.396875 0.719792 0.416406 0.69375 0.420312 0.675 0.41875 0.655208 0.407813 0.646875 0.39375 0.629167 0.385156 0.6229169999999999 0.35468700000000003 0.6375 0.342187 0.667708 0.34296899999999997 0.692708