0 0.510541 0.31406 0.521166 0.307878 0.527949 0.30011 0.5302279999999999 0.291515 0.527779 0.282934 0.520841 0.275209 0.510095 0.269094 0.496591 0.26519 0.48165199999999997 0.263876 0.466739 0.26528399999999996 0.45331400000000005 0.269273 0.44269 0.275455 0.435906 0.28322400000000003 0.433627 0.291819 0.43607699999999994 0.30039899999999997 0.44301399999999996 0.308124 0.45376099999999997 0.314239 0.467265 0.318144 0.482204 0.319457 0.497116 0.31805 0.510541 0.31406
0 0.463389 0.26648 0.474845 0.259971 0.482276 0.251726 0.48495600000000005 0.242554 0.482622 0.233351 0.475502 0.22502 0.46429400000000004 0.21837499999999999 0.45009499999999997 0.214067 0.43429399999999996 0.21251699999999998 0.41843899999999995 0.213878 0.40408099999999997 0.218016 0.392625 0.224526 0.385194 0.23277 0.382514 0.24194300000000002 0.38484799999999997 0.251145 0.391968 0.259476 0.40317499999999995 0.266121 0.417375 0.270429 0.433176 0.271979 0.449031 0.27061799999999997 0.463389 0.26648
0 0.28548 0.225238 0.27414700000000003 0.23191199999999998 0.26698 0.24026200000000003 0.264679 0.24947 0.267469 0.258636 0.27507899999999996 0.266861 0.286762 0.273341 0.301375 0.277441 0.317488 0.27876 0.333523 0.277169 0.34791099999999997 0.272824 0.359243 0.26615 0.366411 0.2578 0.36871200000000004 0.248592 0.365921 0.239426 0.358312 0.231201 0.34662899999999996 0.224721 0.332016 0.220621 0.315903 0.21930200000000002 0.29986799999999997 0.220893 0.28548 0.225238
0 0.5035149999999999 0.217761 0.49285300000000004 0.224192 0.486008 0.232296 0.48364900000000005 0.24127900000000002 0.486008 0.250262 0.49285300000000004 0.258366 0.5035149999999999 0.264797 0.516949 0.268926 0.5318419999999999 0.270349 0.546734 0.268926 0.5601689999999999 0.264797 0.5708300000000001 0.258366 0.5776760000000001 0.250262 0.580034 0.24127900000000002 0.5776760000000001 0.232296 0.5708300000000001 0.224192 0.5601689999999999 0.217761 0.546734 0.213632 0.5318419999999999 0.212209 0.516949 0.213632 0.5035149999999999 0.217761
0 0.577404 0.24611999999999998 0.580492 0.254821 0.588085 0.26229 0.5994379999999999 0.267798 0.613441 0.270804 0.628723 0.27101600000000003 0.643788 0.268411 0.657161 0.263246 0.6675340000000001 0.256025 0.67389 0.24745499999999998 0.675608 0.238376 0.67252 0.229676 0.6649269999999999 0.222206 0.653574 0.216698 0.639571 0.213692 0.624289 0.21347999999999998 0.609224 0.216085 0.595851 0.221251 0.5854779999999999 0.228472 0.579122 0.237041 0.577404 0.24611999999999998
0 0.548311 0.267772 0.537364 0.27341099999999996 0.52992 0.280743 0.526707 0.289048 0.5280400000000001 0.29751500000000003 0.533789 0.305315 0.543391 0.31168399999999996 0.555906 0.31599900000000003 0.570109 0.31783700000000004 0.584609 0.317018 0.597988 0.313623 0.608935 0.307984 0.61638 0.300653 0.619593 0.292347 0.618259 0.28388 0.61251 0.27608 0.602908 0.269711 0.5903940000000001 0.265397 0.576191 0.263559 0.56169 0.264377 0.548311 0.267772
0 0.6445540000000001 0.270483 0.633943 0.277093 0.627321 0.285318 0.625336 0.29435500000000003 0.628184 0.303319 0.6355850000000001 0.31133099999999997 0.6468149999999999 0.317608 0.660774 0.321536 0.676096 0.32273 0.691281 0.32107199999999997 0.704844 0.316726 0.7154550000000001 0.31011700000000003 0.722077 0.301891 0.7240610000000001 0.292854 0.721213 0.283891 0.713813 0.27587799999999996 0.702583 0.269601 0.688624 0.265673 0.673302 0.26448 0.6581159999999999 0.26613699999999996 0.6445540000000001 0.270483
0 0.498275 0.316071 0.487629 0.322149 0.48063700000000004 0.329891 0.47798299999999994 0.33853900000000003 0.479928 0.347246 0.48628 0.355161 0.49641799999999997 0.361508 0.50935 0.365667 0.52381 0.36722899999999997 0.538381 0.366043 0.551639 0.362223 0.5622849999999999 0.356145 0.569277 0.348404 0.571931 0.339756 0.569986 0.331048 0.563634 0.323133 0.553496 0.316786 0.540564 0.312628 0.526104 0.311066 0.511533 0.31225200000000003 0.498275 0.316071
0 0.589573 0.316228 0.578911 0.322231 0.572066 0.32979400000000003 0.569707 0.338178 0.572066 0.346562 0.578911 0.354126 0.589573 0.360128 0.603008 0.36398199999999997 0.6179 0.36530999999999997 0.632793 0.36398199999999997 0.646227 0.360128 0.656889 0.354126 0.663734 0.346562 0.6660929999999999 0.338178 0.663734 0.32979400000000003 0.656889 0.322231 0.646227 0.316228 0.632793 0.31237400000000004 0.6179 0.31104699999999996 0.603008 0.31237400000000004 0.589573 0.316228
0 0.460175 0.358813 0.47068000000000004 0.352856 0.47756999999999994 0.345273 0.48016800000000004 0.336805 0.478221 0.328282 0.47192 0.320538 0.461881 0.314331 0.449087 0.310269 0.43479 0.308749 0.420389 0.30992000000000003 0.40729499999999996 0.31366700000000003 0.39679000000000003 0.319624 0.3899 0.327208 0.387302 0.335676 0.389248 0.34419900000000003 0.39554999999999996 0.351943 0.405589 0.35815 0.41838300000000006 0.362212 0.43268000000000006 0.363732 0.447081 0.362561 0.460175 0.358813
0 0.450547 0.361863 0.440447 0.367745 0.43407 0.375096 0.432041 0.383196 0.434558 0.391254 0.441375 0.398478 0.45182500000000003 0.404164 0.46488399999999996 0.40775300000000003 0.479275 0.40889499999999995 0.493588 0.40747900000000004 0.5064230000000001 0.403641 0.516524 0.39775900000000003 0.5229 0.390408 0.52493 0.382307 0.522412 0.37425 0.515595 0.36702599999999996 0.505146 0.36134 0.492087 0.35775100000000004 0.477696 0.356608 0.463382 0.358025 0.450547 0.361863
0 0.541683 0.362555 0.531782 0.368343 0.5254260000000001 0.37563599999999997 0.523236 0.383721 0.5254260000000001 0.391806 0.531782 0.399099 0.541683 0.404887 0.5541579999999999 0.408603 0.567986 0.409884 0.581815 0.408603 0.59429 0.404887 0.60419 0.399099 0.610546 0.391806 0.612737 0.383721 0.610546 0.37563599999999997 0.60419 0.368343 0.59429 0.362555 0.581815 0.358839 0.567986 0.357558 0.5541579999999999 0.358839 0.541683 0.362555
0 0.642218 0.358197 0.630204 0.362545 0.62086 0.368872 0.615102 0.376557 0.613493 0.384849 0.61619 0.392935 0.62293 0.400025 0.633052 0.405424 0.645566 0.408603 0.6592469999999999 0.40925200000000006 0.672756 0.40730700000000003 0.68477 0.40295899999999996 0.694114 0.396632 0.6998719999999999 0.38894700000000004 0.701481 0.380655 0.6987840000000001 0.37256900000000004 0.692044 0.365479 0.6819219999999999 0.36008 0.669408 0.356901 0.655727 0.356252 0.642218 0.358197
0 0.771283 0.317251 0.761454 0.323449 0.7556 0.33099500000000004 0.754294 0.33914900000000003 0.757665 0.347113 0.765382 0.354108 0.776689 0.359448 0.790481 0.362612 0.805406 0.36328900000000003 0.8200049999999999 0.361413 0.8328469999999999 0.35716800000000004 0.8426769999999999 0.350969 0.848531 0.343424 0.849836 0.33527 0.846466 0.327305 0.838749 0.320311 0.827441 0.31497 0.81365 0.311807 0.798724 0.31113 0.784126 0.313006 0.771283 0.317251
0 0.777582 0.262518 0.762119 0.263548 0.747533 0.267235 0.7352529999999999 0.273218 0.7264809999999999 0.280913 0.722074 0.28956499999999996 0.7224649999999999 0.298329 0.727615 0.306345 0.73702 0.31283 0.74976 0.317148 0.764587 0.31887699999999997 0.78005 0.317848 0.794635 0.314161 0.806915 0.30817700000000003 0.815688 0.300482 0.820095 0.29183 0.819704 0.283067 0.814554 0.27505 0.805148 0.26856599999999997 0.7924089999999999 0.264247 0.777582 0.262518
0 0.718963 0.358494 0.709063 0.36406700000000003 0.702707 0.371091 0.700516 0.378876 0.702707 0.38666100000000003 0.709063 0.393685 0.718963 0.399258 0.731438 0.402837 0.745267 0.40407000000000004 0.7590950000000001 0.402837 0.77157 0.399258 0.781471 0.393685 0.7878269999999999 0.38666100000000003 0.790017 0.378876 0.7878269999999999 0.371091 0.781471 0.36406700000000003 0.77157 0.358494 0.7590950000000001 0.354915 0.745267 0.353682 0.731438 0.354915 0.718963 0.358494
0 0.751807 0.265492 0.762956 0.258974 0.770184 0.250723 0.772783 0.241549 0.770497 0.232347 0.763552 0.22402000000000002 0.752627 0.21738300000000002 0.738791 0.213084 0.723398 0.211546 0.707956 0.212918 0.6939759999999999 0.21706599999999998 0.682827 0.223584 0.675599 0.231835 0.673001 0.24101 0.675286 0.250211 0.682231 0.258538 0.693156 0.265175 0.706993 0.269474 0.7223849999999999 0.271012 0.737827 0.26964 0.751807 0.265492
0 0.852749 0.26193 0.8633010000000001 0.25519400000000003 0.869713 0.246906 0.8713559999999999 0.23787699999999998 0.86807 0.228992 0.860176 0.221119 0.848447 0.21503100000000003 0.8340310000000001 0.211322 0.8183400000000001 0.210355 0.8029080000000001 0.212227 0.789248 0.216752 0.778695 0.223488 0.772283 0.23177599999999998 0.77064 0.240805 0.773927 0.24969000000000002 0.78182 0.257563 0.793549 0.26365099999999997 0.807965 0.26736 0.8236570000000001 0.268327 0.839088 0.26645599999999997 0.852749 0.26193
0 0.859297 0.31388 0.8743529999999999 0.31217700000000004 0.888231 0.307897 0.89957 0.30145900000000003 0.907262 0.29349400000000003 0.910554 0.284781 0.909122 0.276172 0.9031079999999999 0.268512 0.8930999999999999 0.262548 0.8800779999999999 0.258866 0.865316 0.257826 0.850259 0.259529 0.8363820000000001 0.263809 0.825042 0.270246 0.817351 0.278211 0.814059 0.286925 0.815491 0.295533 0.8215049999999999 0.303194 0.831513 0.309157 0.8445349999999999 0.312839 0.859297 0.31388
0 0.8958809999999999 0.362661 0.910725 0.361263 0.9245369999999999 0.35732200000000003 0.9359629999999999 0.35122200000000003 0.943886 0.34356 0.9475300000000001 0.335088 0.946538 0.326633 0.9410080000000001 0.31902400000000003 0.93148 0.31300500000000003 0.9188879999999999 0.309166 0.904463 0.307882 0.889619 0.30927899999999997 0.8758079999999999 0.313221 0.8643810000000001 0.319321 0.8564579999999999 0.326982 0.8528140000000001 0.335455 0.853806 0.34391 0.859337 0.351519 0.868864 0.357538 0.8814569999999999 0.361377 0.8958809999999999 0.362661
0 0.899434 0.371907 0.898386 0.380091 0.901893 0.387872 0.909613 0.394488 0.9207879999999999 0.399291 0.9343260000000001 0.40181100000000003 0.948902 0.401802 0.9630879999999999 0.39926300000000003 0.9754949999999999 0.394445 0.98491 0.387818 0.9904109999999999 0.380031 0.9914590000000001 0.371846 0.9879519999999999 0.364066 0.9802329999999999 0.35745 0.969057 0.35264700000000004 0.955519 0.35012699999999997 0.9409430000000001 0.350136 0.9267569999999999 0.35267499999999996 0.91435 0.357493 0.904935 0.36412 0.899434 0.371907
0 0.8633919999999999 0.39820099999999997 0.852648 0.403718 0.8457129999999999 0.41069300000000003 0.8432660000000001 0.41844099999999995 0.845547 0.426206 0.852333 0.43322700000000003 0.86296 0.438816 0.8763859999999999 0.442427 0.8912990000000001 0.443706 0.906237 0.442528 0.91974 0.439008 0.930485 0.43349099999999996 0.93742 0.42651700000000003 0.9398669999999999 0.41876800000000003 0.937585 0.411003 0.930799 0.40398199999999995 0.9201729999999999 0.398393 0.906746 0.394782 0.891834 0.393503 0.876895 0.394681 0.8633919999999999 0.39820099999999997
0 0.754294 0.405133 0.747236 0.41203 0.7443649999999999 0.41976 0.7459640000000001 0.427567 0.751874 0.434686 0.7615190000000001 0.440421 0.773953 0.44421 0.7879590000000001 0.44568199999999997 0.8021670000000001 0.444693 0.815186 0.441341 0.8257410000000001 0.435952 0.832799 0.42905499999999996 0.835669 0.42132500000000006 0.834071 0.413518 0.8281599999999999 0.40639900000000007 0.818516 0.400664 0.806082 0.396875 0.792075 0.395403 0.777867 0.39639199999999997 0.764849 0.399745 0.754294 0.405133
0 0.704555 0.40020100000000003 0.690447 0.40041099999999996 0.6769879999999999 0.40306600000000004 0.6654950000000001 0.40790499999999996 0.6570929999999999 0.41445600000000005 0.652605 0.422077 0.652469 0.430022 0.6567000000000001 0.43751300000000004 0.664883 0.443818 0.6762170000000001 0.448318 0.689593 0.45057400000000003 0.703701 0.450364 0.71716 0.44771 0.728653 0.44287 0.737055 0.436319 0.741543 0.42869799999999997 0.741679 0.42075300000000004 0.737448 0.413262 0.729265 0.40695800000000004 0.717931 0.40245699999999995 0.704555 0.40020100000000003
0 0.649991 0.42504600000000003 0.64974 0.41747300000000004 0.6453610000000001 0.410485 0.637284 0.404767 0.626298 0.40087700000000004 0.613479 0.399196 0.600082 0.39988999999999997 0.5874189999999999 0.40289 0.576728 0.407903 0.569056 0.41443700000000006 0.5651550000000001 0.42185300000000003 0.5654060000000001 0.42942600000000003 0.569785 0.43641399999999997 0.577863 0.442133 0.588848 0.446022 0.6016670000000001 0.447703 0.615064 0.447009 0.6277280000000001 0.444009 0.6384190000000001 0.43899699999999997 0.6460899999999999 0.432462 0.649991 0.42504600000000003
0 0.358743 0.36012900000000003 0.34879099999999996 0.366105 0.342604 0.373522 0.34079000000000004 0.381651 0.343524 0.389699 0.35053999999999996 0.396878 0.361151 0.402483 0.37431800000000004 0.405968 0.388752 0.40698999999999996 0.40304 0.40545 0.41578400000000004 0.401499 0.425736 0.39552299999999996 0.431922 0.388106 0.433737 0.379976 0.431002 0.371928 0.42398600000000003 0.36475 0.41337599999999997 0.359144 0.400209 0.35566 0.385775 0.354637 0.371487 0.356177 0.358743 0.36012900000000003
0 0.371525 0.360683 0.381866 0.353522 0.387849 0.34485899999999997 0.388889 0.335542 0.384884 0.326484 0.376226 0.31857 0.363763 0.312575 0.348713 0.309087 0.332552 0.308446 0.31686000000000003 0.310716 0.303174 0.315674 0.292833 0.322835 0.28685 0.33149700000000004 0.285809 0.340814 0.289815 0.349873 0.298473 0.35778699999999997 0.310936 0.363781 0.325985 0.36727 0.342147 0.367911 0.357839 0.365641 0.371525 0.360683
0 0.36065800000000003 0.266026 0.34999600000000003 0.272242 0.34315 0.280076 0.340792 0.28876 0.34315 0.297443 0.34999600000000003 0.305277 0.36065800000000003 0.311494 0.374092 0.315485 0.388985 0.31686000000000003 0.40387700000000004 0.315485 0.417312 0.311494 0.427973 0.305277 0.43481899999999996 0.297443 0.437177 0.28876 0.43481899999999996 0.280076 0.427973 0.272242 0.417312 0.266026 0.40387700000000004 0.262034 0.388985 0.26065900000000003 0.374092 0.262034 0.36065800000000003 0.266026
0 0.312784 0.40459100000000003 0.30280399999999996 0.41050700000000007 0.296543 0.417879 0.294613 0.425986 0.297203 0.43403400000000003 0.30406 0.44123599999999996 0.314513 0.446887 0.327538 0.45043300000000003 0.34186 0.451528 0.356078 0.45006399999999996 0.368799 0.44618399999999997 0.37877900000000003 0.44026899999999997 0.38504 0.432897 0.386971 0.42478999999999995 0.38438 0.41674100000000003 0.377523 0.409539 0.36707100000000004 0.40388799999999997 0.35404599999999997 0.40034200000000003 0.339724 0.399247 0.32550599999999996 0.400711 0.312784 0.40459100000000003
0 0.42522200000000004 0.485454 0.434366 0.47989 0.439909 0.473069 0.44131 0.46566 0.438432 0.458387 0.431555 0.451962 0.421354 0.44701500000000005 0.40882699999999994 0.44403 0.3952 0.44329799999999997 0.381807 0.444891 0.369958 0.448654 0.360815 0.454219 0.355272 0.461039 0.35387 0.468449 0.356749 0.47572200000000003 0.363625 0.482146 0.373826 0.48709300000000005 0.386354 0.490079 0.39998100000000003 0.490811 0.413374 0.489217 0.42522200000000004 0.485454
0 0.458357 0.44630200000000003 0.448837 0.45144700000000004 0.44272600000000006 0.45793 0.44062 0.465116 0.44272600000000006 0.472303 0.448837 0.47878600000000004 0.458357 0.483931 0.470352 0.48723400000000006 0.48364900000000005 0.48837200000000003 0.496946 0.48723400000000006 0.508941 0.483931 0.5184599999999999 0.47878600000000004 0.524572 0.472303 0.526678 0.465116 0.524572 0.45793 0.5184599999999999 0.45144700000000004 0.508941 0.44630200000000003 0.496946 0.44299900000000003 0.48364900000000005 0.44186 0.470352 0.44299900000000003 0.458357 0.44630200000000003
0 0.548175 0.44497600000000004 0.558219 0.439623 0.56467 0.43287699999999996 0.566897 0.42539800000000005 0.564681 0.41791799999999996 0.55824 0.411169 0.5482039999999999 0.40581199999999995 0.535555 0.40237100000000003 0.521532 0.40118299999999996 0.507507 0.402365 0.494854 0.4058 0.48480999999999996 0.41115199999999996 0.47835900000000003 0.417898 0.47613300000000003 0.425377 0.478348 0.432857 0.48478899999999997 0.43960600000000005 0.49482600000000004 0.444963 0.507474 0.448404 0.521497 0.449592 0.535522 0.448411 0.548175 0.44497600000000004
0 0.541894 0.447952 0.5326069999999999 0.453142 0.526783 0.459599 0.524993 0.46669099999999997 0.5274110000000001 0.473723 0.5338 0.48000800000000005 0.5435369999999999 0.48493 0.555666 0.48800699999999997 0.569001 0.48893899999999996 0.582237 0.48763300000000004 0.594078 0.484218 0.6033649999999999 0.479028 0.609189 0.472572 0.61098 0.46548 0.6085619999999999 0.458448 0.602172 0.452163 0.592436 0.447241 0.580307 0.444163 0.566971 0.44323199999999996 0.553735 0.444538 0.541894 0.447952
0 0.679979 0.48536999999999997 0.690018 0.480218 0.696535 0.473683 0.698893 0.466403 0.696861 0.45909300000000003 0.6906380000000001 0.45246700000000006 0.680833 0.44717399999999996 0.668406 0.44373199999999996 0.654573 0.44247899999999996 0.640688 0.44353600000000004 0.628111 0.4468 0.618072 0.451952 0.611555 0.458488 0.6091960000000001 0.46576700000000004 0.611228 0.473078 0.617451 0.479704 0.627256 0.484997 0.639684 0.48843800000000004 0.653517 0.48969199999999996 0.667401 0.48863500000000004 0.679979 0.48536999999999997
0 0.6752239999999999 0.48718500000000003 0.665705 0.492544 0.659593 0.499297 0.6574869999999999 0.506783 0.659593 0.514269 0.665705 0.521022 0.6752239999999999 0.526381 0.68722 0.529822 0.700516 0.531008 0.713813 0.529822 0.725808 0.526381 0.735328 0.521022 0.74144 0.514269 0.743546 0.506783 0.74144 0.499297 0.735328 0.492544 0.725808 0.48718500000000003 0.713813 0.483744 0.700516 0.48255800000000004 0.68722 0.483744 0.6752239999999999 0.48718500000000003
0 0.75541 0.47324900000000003 0.746271 0.478179 0.7404040000000001 0.484392 0.738382 0.491279 0.7404040000000001 0.498166 0.746271 0.504379 0.75541 0.509309 0.766925 0.512475 0.77969 0.513566 0.792455 0.512475 0.80397 0.509309 0.8131090000000001 0.504379 0.818977 0.498166 0.820998 0.491279 0.818977 0.484392 0.8131090000000001 0.478179 0.80397 0.47324900000000003 0.792455 0.470083 0.77969 0.46899199999999996 0.766925 0.470083 0.75541 0.47324900000000003
0 0.588456 0.48815400000000003 0.579318 0.493513 0.57345 0.500266 0.571429 0.507752 0.57345 0.515238 0.579318 0.521991 0.588456 0.52735 0.599972 0.530791 0.612737 0.531977 0.625502 0.530791 0.6370169999999999 0.52735 0.6461560000000001 0.521991 0.652023 0.515238 0.654045 0.507752 0.652023 0.500266 0.6461560000000001 0.493513 0.6370169999999999 0.48815400000000003 0.625502 0.484713 0.612737 0.48352700000000004 0.599972 0.484713 0.588456 0.48815400000000003
0 0.50898 0.500936 0.49908 0.506509 0.49272400000000005 0.513533 0.49053399999999997 0.5213180000000001 0.49272400000000005 0.529103 0.49908 0.536126 0.50898 0.5417 0.521455 0.5452790000000001 0.535284 0.546512 0.549113 0.5452790000000001 0.561588 0.5417 0.571488 0.536126 0.577844 0.529103 0.580034 0.5213180000000001 0.577844 0.513533 0.571488 0.506509 0.561588 0.500936 0.549113 0.49735699999999994 0.535284 0.496124 0.521455 0.49735699999999994 0.50898 0.500936
0 0.464755 0.5361360000000001 0.474614 0.530813 0.48097599999999996 0.524085 0.48322000000000004 0.5166120000000001 0.481125 0.509126 0.47489600000000004 0.502359 0.465144 0.496973 0.452823 0.49349699999999996 0.43913900000000006 0.492269 0.425431 0.49341 0.413042 0.496809 0.403183 0.5021329999999999 0.396821 0.508861 0.394577 0.516333 0.396672 0.52382 0.40290100000000006 0.5305869999999999 0.412653 0.535972 0.424974 0.5394490000000001 0.43865800000000005 0.540677 0.45236599999999993 0.539535 0.464755 0.5361360000000001
0 0.253761 0.48421000000000003 0.249438 0.47637799999999997 0.240916 0.46943599999999996 0.229029 0.464063 0.214941 0.460785 0.20003 0.459923 0.185757 0.461561 0.173518 0.465539 0.16451100000000002 0.47146699999999997 0.159619 0.47876599999999997 0.15931900000000002 0.48672000000000004 0.163642 0.494552 0.17216499999999998 0.501494 0.184052 0.506867 0.19814 0.510145 0.21305100000000002 0.511007 0.227324 0.509369 0.23956300000000003 0.505391 0.24857 0.499463 0.25346199999999997 0.492164 0.253761 0.48421000000000003
0 0.329732 0.48666400000000004 0.320583 0.491996 0.314928 0.498586 0.313322 0.505789 0.31592 0.512899 0.32247 0.519221 0.332329 0.524135 0.344533 0.527162 0.357887 0.5280039999999999 0.371084 0.526579 0.382832 0.523026 0.391981 0.517694 0.397636 0.511104 0.399243 0.503901 0.396644 0.496791 0.39009499999999997 0.49046900000000004 0.380235 0.48555400000000004 0.368031 0.482528 0.354677 0.481686 0.34148 0.48311099999999996 0.329732 0.48666400000000004
0 0.0017027078125000001 0.0002821859375 0.0017222250000000002 0.000276071875 0.00173496875 0.0002683 0.00173969375 0.0002596328125 0.001735934375 0.00025091718750000003 0.0017240609375 0.000243009375 0.0017052343750000002 0.0002366796875 0.0016812984375 0.00023255 0.0016545953124999999 0.000231025 0.001627740625 0.0002322515625 0.0016033609375 0.00023611093749999998 0.00158384375 0.00024222656249999998 0.0015711 0.0002499984375 0.0015663765624999999 0.000258665625 0.0015701359375000002 0.00026738125 0.001582009375 0.00027528906250000003 0.001600834375 0.00028161875 0.0016247703124999998 0.00028574843750000004 0.0016514734374999999 0.0002872734375 0.0016783281250000001 0.000286046875 0.0017027078125000001 0.0002821859375
0 0.0016492359375000001 0.000287284375 0.0016321968749999998 0.00029268593750000004 0.0016212546875 0.000299490625 0.0016174859375 0.000307034375 0.0016212546875 0.0003145796875 0.0016321968749999998 0.000321384375 0.0016492359375000001 0.0003267859375 0.0016707078125 0.000330253125 0.0016945078124999998 0.0003314484375 0.001718309375 0.000330253125 0.0017397812499999998 0.0003267859375 0.0017568203125000001 0.000321384375 0.0017677625 0.0003145796875 0.00177153125 0.000307034375 0.0017677625 0.000299490625 0.0017568203125000001 0.00029268593750000004 0.0017397812499999998 0.000287284375 0.001718309375 0.0002838171875 0.0016945078124999998 0.0002826234375 0.0016707078125 0.0002838171875 0.0016492359375000001 0.000287284375
0 0.456062 0.20796800000000001 0.467978 0.201288 0.47569999999999996 0.192832 0.478471 0.18342799999999998 0.47602099999999997 0.173995 0.468589 0.16545700000000002 0.45690299999999995 0.15865 0.442107 0.15424 0.42564799999999997 0.152659 0.40914 0.154062 0.394196 0.158311 0.38228 0.164991 0.374559 0.173447 0.371787 0.182851 0.37423799999999996 0.192284 0.381669 0.200822 0.393355 0.207629 0.408152 0.212039 0.42461000000000004 0.21362 0.44111900000000004 0.21221700000000002 0.456062 0.20796800000000001
0 0.18307500000000002 0.14721 0.171651 0.15385500000000002 0.164317 0.162229 0.16179 0.171512 0.164317 0.180794 0.171651 0.189168 0.18307500000000002 0.195813 0.197469 0.20007999999999998 0.21342500000000003 0.20154999999999998 0.229381 0.20007999999999998 0.243775 0.195813 0.255199 0.189168 0.262533 0.180794 0.26505999999999996 0.171512 0.262533 0.162229 0.255199 0.15385500000000002 0.243775 0.14721 0.229381 0.142943 0.21342500000000003 0.14147300000000002 0.197469 0.142943 0.18307500000000002 0.14721
0 0.276018 0.16483699999999998 0.264595 0.17169700000000002 0.25726 0.180341 0.254733 0.18992199999999998 0.25726 0.199504 0.264595 0.208148 0.276018 0.215008 0.290412 0.219413 0.30636800000000003 0.22093 0.322324 0.219413 0.336719 0.215008 0.348142 0.208148 0.355476 0.199504 0.35800299999999996 0.18992199999999998 0.355476 0.180341 0.348142 0.17169700000000002 0.336719 0.16483699999999998 0.322324 0.160432 0.30636800000000003 0.158915 0.290412 0.160432 0.276018 0.16483699999999998
0 0.08812400000000001 0.17553000000000002 0.07609 0.182439 0.06840199999999999 0.19112400000000002 0.065811 0.20073500000000002 0.068572 0.210331 0.076415 0.218973 0.088571 0.22581400000000001 0.10385 0.230185 0.120758 0.231659 0.137639 0.23009 0.15284 0.22563300000000003 0.16487400000000002 0.218724 0.172562 0.210038 0.175153 0.200428 0.17239100000000002 0.190832 0.164549 0.18219000000000002 0.152393 0.175349 0.137114 0.17097800000000002 0.120206 0.16950400000000002 0.103325 0.171073 0.08812400000000001 0.17553000000000002
0 0.173457 0.227636 0.161653 0.23428200000000002 0.154074 0.242655 0.151463 0.251938 0.154074 0.26122 0.161653 0.269594 0.173457 0.27624 0.188331 0.280507 0.204819 0.28197700000000003 0.221307 0.280507 0.23618100000000003 0.27624 0.24798499999999998 0.269594 0.255564 0.26122 0.258176 0.251938 0.255564 0.242655 0.24798499999999998 0.23428200000000002 0.23618100000000003 0.227636 0.221307 0.223369 0.204819 0.22189899999999999 0.188331 0.223369 0.173457 0.227636
0 0.193074 0.299722 0.192322 0.290841 0.18672899999999998 0.282325 0.176841 0.27500800000000003 0.163626 0.269606 0.14837899999999998 0.266649 0.132591 0.266425 0.117808 0.26895600000000003 0.10547599999999999 0.273995 0.096804 0.281048 0.09264 0.289425 0.093392 0.298307 0.098985 0.30682200000000004 0.108873 0.314139 0.122088 0.31954099999999996 0.137335 0.322498 0.15312399999999998 0.322723 0.167907 0.320191 0.180238 0.315152 0.18891 0.308099 0.193074 0.299722
0 0 0.3087679421875 0.010365000000000001 0.314247 0.024819 0.318158 0.04055 0.319381 0.056017 0.317797 0.069709 0.31355900000000003 0.08028300000000001 0.307084 0.086705 0.299005 0.08834600000000001 0.290113 0.085046 0.28127800000000003 0.077128 0.27336499999999997 0.06536600000000001 0.26714899999999997 0.050913 0.263237 0.035182000000000005 0.262014 0.019714000000000002 0.263599 0.006023 0.267836 0 0.271524190625 0 0.3087679421875
0 0.190971 0.315629 0.179929 0.32206100000000004 0.17283900000000002 0.330164 0.170396 0.339147 0.17283900000000002 0.34813 0.179929 0.356234 0.190971 0.362665 0.20488599999999998 0.366794 0.22031 0.368217 0.23573400000000003 0.366794 0.249648 0.362665 0.260691 0.356234 0.267781 0.34813 0.270224 0.339147 0.267781 0.330164 0.260691 0.32206100000000004 0.249648 0.315629 0.23573400000000003 0.3115 0.22031 0.31007799999999996 0.20488599999999998 0.3115 0.190971 0.315629
0 0.1486 0.368969 0.13930499999999998 0.375757 0.134233 0.383799 0.133879 0.392307 0.13828000000000001 0.40045000000000003 0.147004 0.40742900000000004 0.159197 0.412561 0.173665 0.415345 0.18899300000000002 0.415508 0.20368 0.413033 0.21628799999999998 0.40816299999999994 0.225583 0.401375 0.230655 0.39333300000000004 0.23100900000000002 0.384824 0.226608 0.376682 0.21788400000000002 0.369703 0.20569199999999999 0.36457 0.191223 0.36178699999999997 0.175895 0.361624 0.161209 0.364099 0.1486 0.368969
0 0.20949800000000002 0.416408 0.209034 0.42423500000000003 0.212875 0.43189 0.22064499999999998 0.43862500000000004 0.231583 0.443779 0.244619 0.44684799999999997 0.25847600000000004 0.447532 0.271799 0.445763 0.283282 0.441716 0.291803 0.43578599999999995 0.29652599999999996 0.42855299999999996 0.29699 0.420726 0.293149 0.41307099999999997 0.285379 0.406337 0.274441 0.40118299999999996 0.261405 0.39811399999999997 0.24754800000000002 0.39743 0.234225 0.399198 0.222742 0.40324499999999996 0.214221 0.409175 0.20949800000000002 0.416408
0 0.078293 0.459103 0.06844 0.46432399999999996 0.062333000000000006 0.470761 0.060571 0.47778400000000004 0.063324 0.48470500000000005 0.070326 0.49084700000000003 0.080888 0.495608 0.09397900000000001 0.49852299999999994 0.108316 0.49930599999999997 0.122497 0.49788 0.135132 0.494386 0.144985 0.489164 0.151092 0.482727 0.15285500000000002 0.47570499999999993 0.15010099999999998 0.468784 0.1431 0.46264200000000005 0.132537 0.457881 0.11944600000000001 0.45496600000000004 0.10510900000000001 0.454183 0.09092900000000001 0.45560799999999996 0.078293 0.459103
0 0 0.448403796875 0.00609 0.454901 0.017133000000000002 0.46090400000000004 0.031047 0.464757 0.046472 0.46608499999999997 0.06189599999999999 0.464757 0.07581 0.46090400000000004 0.086853 0.454901 0.093943 0.44733799999999996 0.096386 0.438953 0.093943 0.43056900000000004 0.086853 0.423006 0.07581 0.41700299999999996 0.06189599999999999 0.41315 0.046472 0.411822 0.031047 0.41315 0.017133000000000002 0.41700299999999996 0.00609 0.423006 0 0.429503203125 0 0.448403796875
0 0.06016200000000001 0.37612100000000004 0.049120000000000004 0.381909 0.04203 0.389202 0.039587 0.397287 0.04203 0.405372 0.049120000000000004 0.41266499999999995 0.06016200000000001 0.41845299999999996 0.074077 0.42216899999999996 0.089501 0.42345 0.104925 0.42216899999999996 0.11883999999999999 0.41845299999999996 0.129882 0.41266499999999995 0.136972 0.405372 0.139415 0.397287 0.136972 0.389202 0.129882 0.381909 0.11883999999999999 0.37612100000000004 0.104925 0.372405 0.089501 0.371124 0.074077 0.372405 0.06016200000000001 0.37612100000000004
0 0 0.3661867125 0.009861 0.368827 0.025818 0.370155 0.041774 0.368827 0.056167999999999996 0.364973 0.067591 0.35897100000000004 0.07492499999999999 0.35140699999999997 0.07745300000000001 0.34302299999999997 0.07492499999999999 0.334639 0.067591 0.32707600000000003 0.056167999999999996 0.321073 0.041774 0.31721900000000003 0.025818 0.31589100000000003 0.009861 0.31721900000000003 0 0.31985928750000003 0 0.3661867125
0 0.101772 0.321857 0.091491 0.327645 0.08489100000000001 0.334939 0.082616 0.34302299999999997 0.08489100000000001 0.35110800000000003 0.091491 0.358401 0.101772 0.364189 0.114727 0.367906 0.129088 0.369186 0.143448 0.367906 0.15640300000000001 0.364189 0.166684 0.358401 0.173285 0.35110800000000003 0.175559 0.34302299999999997 0.173285 0.334939 0.166684 0.327645 0.15640300000000001 0.321857 0.143448 0.318141 0.129088 0.31686000000000003 0.114727 0.318141 0.101772 0.321857
0 0.24807700000000002 0.27222 0.236624 0.27785899999999997 0.228798 0.285229 0.22536299999999998 0.293609 0.22665700000000003 0.30217700000000003 0.232552 0.31009699999999996 0.24247200000000002 0.316592 0.25544500000000003 0.321026 0.270202 0.322966 0.285298 0.322221 0.299255 0.318865 0.310708 0.313226 0.318535 0.305856 0.321969 0.297477 0.320676 0.288908 0.31478 0.280988 0.304861 0.274494 0.291887 0.270059 0.27713 0.26812 0.262034 0.268864 0.24807700000000002 0.27222
0 0.080895 0.214147 0.075731 0.20639500000000002 0.056799 0.20542600000000003 0.041308 0.20542600000000003 0.024096 0.20833300000000002 0.015491 0.213178 0.006885 0.22093 0.006885 0.23062 0.006885 0.23837199999999997 0.013769 0.248062 0.022375 0.253876 0.034422999999999995 0.257752 0.048193 0.261628 0.061961999999999996 0.263566 0.072289 0.263566 0.082616 0.261628 0.092943 0.257752 0.101549 0.250969 0.10671299999999999 0.245155 0.10499099999999999 0.23740299999999998 0.10327 0.225775 0.089501 0.219961 0.080895 0.214147
0 0.170396 0.455426 0.180723 0.453488 0.192771 0.449612 0.199656 0.445736 0.204819 0.438953 0.204819 0.43314 0.204819 0.424419 0.201377 0.419574 0.19105 0.412791 0.177281 0.410853 0.16351100000000002 0.40794600000000003 0.15662700000000002 0.40407000000000004 0.144578 0.40600800000000004 0.137694 0.40697700000000003 0.127367 0.409884 0.120482 0.414729 0.115318 0.420543 0.11359699999999999 0.425388 0.11359699999999999 0.432171 0.11704 0.438953 0.12392399999999999 0.44476699999999997 0.13252999999999998 0.449612 0.14285699999999998 0.453488 0.15662700000000002 0.455426 0.170396 0.455426
0 0.25129100000000004 0.393411 0.256454 0.397287 0.263339 0.40116300000000005 0.275387 0.40503900000000004 0.28571399999999997 0.40697700000000003 0.299484 0.40697700000000003 0.32358 0.40310100000000004 0.335628 0.396318 0.339071 0.390504 0.34251299999999996 0.382752 0.340792 0.375 0.335628 0.367248 0.332186 0.363372 0.321859 0.363372 0.313253 0.360465 0.30636800000000003 0.356589 0.301205 0.354651 0.289157 0.353682 0.275387 0.353682 0.266781 0.356589 0.258176 0.361434 0.24784899999999999 0.371124 0.24612699999999998 0.375 0.24612699999999998 0.382752 0.24957 0.389535 0.25129100000000004 0.393411
0 0.471601 0.40600800000000004 0.462995 0.40503900000000004 0.45438900000000004 0.40116300000000005 0.447504 0.398256 0.44578300000000004 0.39438 0.442341 0.392442 0.432014 0.392442 0.425129 0.391473 0.41996599999999995 0.396318 0.41136 0.40019400000000005 0.402754 0.40310100000000004 0.390706 0.40310100000000004 0.387263 0.409884 0.387263 0.415698 0.388985 0.422481 0.39242699999999997 0.428295 0.399312 0.434109 0.40791700000000003 0.437016 0.42340799999999995 0.438953 0.438898 0.439922 0.447504 0.437984 0.45610999999999996 0.436047 0.462995 0.43314 0.468158 0.429264 0.471601 0.42345 0.473322 0.417636 0.473322 0.410853 0.471601 0.40600800000000004
0 0.28571399999999997 0.48255800000000004 0.29776199999999997 0.48546500000000004 0.31153200000000003 0.48740300000000003 0.32358 0.48740300000000003 0.335628 0.48546500000000004 0.351119 0.47868199999999994 0.35284 0.47480599999999995 0.356282 0.46899199999999996 0.354561 0.459302 0.351119 0.453488 0.34423400000000004 0.447674 0.332186 0.446705 0.321859 0.44476699999999997 0.314974 0.442829 0.30809000000000003 0.438953 0.296041 0.440891 0.287435 0.44379799999999997 0.277108 0.449612 0.271945 0.454457 0.268503 0.459302 0.270224 0.46608499999999997 0.270224 0.47189899999999996 0.275387 0.47674399999999995 0.28571399999999997 0.48255800000000004
0 0.144578 0.540698 0.160069 0.544574 0.179002 0.545543 0.192771 0.544574 0.20654 0.540698 0.218589 0.532946 0.222031 0.523256 0.223752 0.514535 0.222031 0.506783 0.203098 0.507752 0.184165 0.502907 0.175559 0.498062 0.170396 0.494186 0.15662700000000002 0.494186 0.144578 0.495155 0.134251 0.5 0.125645 0.506783 0.12220299999999999 0.512597 0.12220299999999999 0.5203490000000001 0.125645 0.527132 0.130809 0.533915 0.144578 0.540698
0 0.313253 0.516473 0.313253 0.50969 0.309811 0.503876 0.304647 0.497093 0.290878 0.492248 0.280551 0.48837200000000003 0.268503 0.48740300000000003 0.253012 0.48740300000000003 0.24957 0.48740300000000003 0.24784899999999999 0.493217 0.24440599999999998 0.498062 0.2358 0.501938 0.22891599999999998 0.504845 0.223752 0.504845 0.223752 0.514535 0.22547299999999998 0.5222870000000001 0.22891599999999998 0.527132 0.239243 0.531977 0.254733 0.534884 0.271945 0.535853 0.290878 0.532946 0.30636800000000003 0.527132 0.31153200000000003 0.5213180000000001 0.313253 0.516473
0 0.697074 0.449612 0.69191 0.454457 0.6901889999999999 0.460271 0.693632 0.46802299999999997 0.697074 0.47286799999999996 0.702238 0.47771299999999994 0.712565 0.48061999999999994 0.724613 0.48255800000000004 0.7401030000000001 0.48255800000000004 0.753873 0.47965099999999994 0.765921 0.47577499999999995 0.776248 0.46899199999999996 0.7814110000000001 0.459302 0.77969 0.454457 0.774527 0.445736 0.762478 0.439922 0.753873 0.437016 0.743546 0.434109 0.733219 0.434109 0.728055 0.437016 0.724613 0.440891 0.7160070000000001 0.44476699999999997 0.70568 0.447674 0.6987949999999999 0.447674 0.697074 0.449612
0 0.851979 0.47383699999999995 0.862306 0.46996099999999996 0.8726330000000001 0.464147 0.8743550000000001 0.457364 0.8743550000000001 0.452519 0.8743550000000001 0.445736 0.86747 0.439922 0.8554220000000001 0.435078 0.8468159999999999 0.432171 0.8347680000000001 0.43120200000000003 0.8261620000000001 0.43023300000000003 0.8175560000000001 0.436047 0.80895 0.438953 0.798623 0.44186 0.7934599999999999 0.442829 0.790017 0.447674 0.786575 0.452519 0.786575 0.458333 0.790017 0.465116 0.7934599999999999 0.46899199999999996 0.802065 0.47286799999999996 0.822719 0.47868199999999994 0.8382099999999999 0.47771299999999994 0.851979 0.47383699999999995
0 0.753873 0.340116 0.753873 0.329457 0.7487090000000001 0.321705 0.738382 0.31686000000000003 0.726334 0.31201599999999996 0.714286 0.31104699999999996 0.70568 0.31007799999999996 0.700516 0.31298400000000004 0.69191 0.31589100000000003 0.678141 0.318798 0.672978 0.318798 0.667814 0.323643 0.664372 0.329457 0.662651 0.337209 0.662651 0.34496099999999996 0.664372 0.351744 0.667814 0.354651 0.674699 0.358527 0.6987949999999999 0.36530999999999997 0.714286 0.36434099999999997 0.728055 0.361434 0.743546 0.356589 0.7504299999999999 0.348837 0.753873 0.340116
0 0.831325 0.40407000000000004 0.8468159999999999 0.40310100000000004 0.857143 0.40116300000000005 0.864028 0.397287 0.876076 0.391473 0.8812390000000001 0.38469000000000003 0.8864029999999999 0.375969 0.88296 0.367248 0.876076 0.360465 0.869191 0.356589 0.857143 0.352713 0.845095 0.351744 0.836489 0.351744 0.8261620000000001 0.356589 0.8192769999999999 0.358527 0.8106709999999999 0.360465 0.805508 0.361434 0.8003439999999999 0.36530999999999997 0.795181 0.371124 0.7917379999999999 0.376938 0.7934599999999999 0.383721 0.796902 0.391473 0.802065 0.39438 0.80895 0.398256 0.8175560000000001 0.40116300000000005 0.831325 0.40407000000000004