0 0.361645 0.205162 0.35309 0.216569 0.347597 0.23094199999999998 0.34570500000000004 0.246875 0.347597 0.26280800000000004 0.35309 0.277181 0.361645 0.28858799999999996 0.372425 0.295912 0.384375 0.298435 0.396325 0.295912 0.40710499999999994 0.28858799999999996 0.41566000000000003 0.277181 0.421153 0.26280800000000004 0.423045 0.246875 0.421153 0.23094199999999998 0.41566000000000003 0.216569 0.40710499999999994 0.205162 0.396325 0.197838 0.384375 0.195315 0.372425 0.197838 0.361645 0.205162
0 0.43892499999999995 0.22002100000000002 0.43064 0.231067 0.425321 0.244987 0.42348800000000003 0.260417 0.425321 0.275847 0.43064 0.289766 0.43892499999999995 0.300813 0.44936499999999996 0.307905 0.46093799999999996 0.310349 0.47251000000000004 0.307905 0.48295000000000005 0.300813 0.491235 0.289766 0.496554 0.275847 0.49838699999999997 0.260417 0.496554 0.244987 0.491235 0.231067 0.48295000000000005 0.22002100000000002 0.47251000000000004 0.212928 0.46093799999999996 0.21048399999999998 0.44936499999999996 0.212928 0.43892499999999995 0.22002100000000002
0 0.681966 0.247774 0.671439 0.250013 0.661336 0.256533 0.652647 0.266697 0.646223 0.279508 0.642693 0.293714 0.642401 0.307923 0.645376 0.32074400000000003 0.651328 0.330924 0.659674 0.337464 0.6695960000000001 0.33972600000000003 0.680124 0.337487 0.6902269999999999 0.330967 0.6989150000000001 0.320803 0.705339 0.307992 0.70887 0.293786 0.709162 0.279577 0.706186 0.266756 0.700234 0.256576 0.691889 0.25003600000000004 0.681966 0.247774
0 0.348 0.236455 0.344335 0.22088899999999997 0.33717199999999997 0.20725500000000002 0.32721100000000003 0.19688699999999998 0.315427 0.190801 0.302975 0.189592 0.291073 0.193378 0.280886 0.201789 0.27341099999999996 0.21400199999999997 0.26938 0.228821 0.269188 0.244795 0.272852 0.260361 0.280016 0.273995 0.28997700000000004 0.28436300000000003 0.30176 0.290449 0.314212 0.29165800000000003 0.326114 0.287872 0.336302 0.279461 0.34377599999999997 0.26724800000000004 0.34780700000000003 0.252429 0.348 0.236455
0 0.171412 0.21370399999999998 0.175079 0.230404 0.182561 0.24555600000000002 0.19312800000000002 0.257675 0.205743 0.265577 0.219173 0.26848700000000003 0.232103 0.266121 0.24326599999999998 0.25871 0.251571 0.246979 0.256205 0.232077 0.256713 0.21546300000000002 0.253046 0.198763 0.24556399999999998 0.183611 0.23499699999999998 0.171491 0.222382 0.16358999999999999 0.20895199999999997 0.160679 0.196022 0.163046 0.184859 0.170457 0.17655400000000002 0.182188 0.17192000000000002 0.19709000000000002 0.171412 0.21370399999999998
0 0.122637 0.297681 0.12853799999999999 0.312737 0.13791599999999998 0.325526 0.149853 0.334797 0.163182 0.339642 0.176596 0.33958699999999997 0.188784 0.334638 0.198552 0.325277 0.20494400000000002 0.312423 0.207334 0.297334 0.20548799999999998 0.281485 0.19958700000000001 0.26643 0.19020900000000002 0.25364 0.178272 0.244369 0.164943 0.239524 0.151529 0.239579 0.139341 0.244529 0.129573 0.253889 0.12318100000000001 0.266743 0.12079100000000001 0.281833 0.122637 0.297681
0 0.079663 0.36976 0.08565199999999999 0.383994 0.094959 0.396023 0.10667 0.404668 0.119641 0.40908300000000003 0.132601 0.408836 0.144281 0.40395200000000003 0.153539 0.394909 0.159468 0.382591 0.161487 0.36820400000000003 0.15940000000000001 0.353157 0.15341 0.338923 0.144104 0.326894 0.132392 0.318249 0.119422 0.313834 0.10646199999999999 0.31408 0.094782 0.31896399999999997 0.085524 0.32800799999999997 0.079595 0.340326 0.077575 0.354713 0.079663 0.36976
0 0.24128 0.359375 0.234052 0.346982 0.22395 0.337433 0.21196299999999998 0.331663 0.199263 0.330238 0.18709499999999998 0.333296 0.176648 0.340538 0.16894599999999999 0.351256 0.164743 0.3644 0.16445 0.378683 0.168095 0.392708 0.175323 0.405101 0.185425 0.41464999999999996 0.197412 0.42042 0.210112 0.42184499999999997 0.22227999999999998 0.418787 0.232727 0.411545 0.240429 0.40082700000000004 0.24463200000000002 0.38768400000000003 0.244925 0.3734 0.24128 0.359375
0 0.29027400000000003 0.291498 0.283378 0.27834400000000004 0.27352 0.268124 0.261666 0.261841 0.248975 0.26010900000000003 0.23669099999999998 0.263097 0.226016 0.270513 0.21799400000000002 0.281632 0.21341100000000002 0.295364 0.212716 0.31036600000000003 0.215976 0.325168 0.22287200000000001 0.33832300000000004 0.23273000000000002 0.348542 0.244584 0.354826 0.25727500000000003 0.35655800000000004 0.269559 0.35357 0.280234 0.34615300000000004 0.28825599999999996 0.335035 0.29283899999999996 0.321303 0.293534 0.306301 0.29027400000000003 0.291498
0 0.323043 0.36707900000000004 0.315534 0.356036 0.30551 0.34807299999999997 0.293953 0.343969 0.281993 0.34412699999999996 0.270802 0.34853 0.261475 0.35674700000000004 0.25492499999999996 0.367975 0.251792 0.381114 0.25238499999999997 0.394879 0.256644 0.407921 0.26415299999999997 0.418964 0.274177 0.42692699999999995 0.28573499999999996 0.43103100000000005 0.297694 0.43087299999999995 0.30888499999999997 0.42647 0.31821299999999997 0.418253 0.324763 0.40702499999999997 0.327895 0.393886 0.327303 0.38012100000000004 0.323043 0.36707900000000004
0 0.377282 0.3095 0.36992400000000003 0.29769100000000004 0.360004 0.289166 0.348493 0.28476 0.336518 0.284906 0.32525 0.289588 0.315794 0.298348 0.30907399999999996 0.31032899999999997 0.305748 0.324357 0.306143 0.339061 0.310218 0.353 0.31757599999999997 0.364809 0.327496 0.373334 0.339007 0.37774 0.350982 0.377594 0.36225 0.372912 0.371706 0.364152 0.37842600000000004 0.352171 0.381752 0.33814299999999997 0.381357 0.323439 0.377282 0.3095
0 0.444536 0.30354899999999996 0.43605600000000005 0.293852 0.4255 0.28781500000000004 0.41390099999999996 0.28603 0.402394 0.288671 0.392106 0.295481 0.384043 0.305792 0.378996 0.318594 0.37745700000000004 0.33263600000000004 0.379579 0.346542 0.385152 0.358951 0.393631 0.368648 0.404188 0.374685 0.415787 0.37646999999999997 0.427294 0.373829 0.437582 0.367019 0.445644 0.35670799999999997 0.450692 0.343906 0.45223 0.329864 0.450109 0.315958 0.444536 0.30354899999999996
0 0.500565 0.297481 0.490201 0.294246 0.47934299999999996 0.295346 0.469054 0.300676 0.460341 0.30971099999999996 0.454058 0.321569 0.45081800000000005 0.335088 0.45094 0.348946 0.454411 0.36178499999999997 0.460892 0.372348 0.46974799999999994 0.379603 0.480112 0.382838 0.49097 0.381737 0.501259 0.37640799999999996 0.509971 0.367372 0.516255 0.355514 0.519494 0.341995 0.519372 0.328138 0.515901 0.315299 0.50942 0.304735 0.500565 0.297481
0 0.567711 0.270789 0.557123 0.267748 0.54599 0.269088 0.535403 0.274677 0.526398 0.283968 0.519857 0.296053 0.516418 0.309747 0.51642 0.32371099999999997 0.519862 0.336577 0.5264070000000001 0.34708700000000003 0.5354140000000001 0.354211 0.546002 0.357252 0.5571349999999999 0.355912 0.5677220000000001 0.350323 0.576727 0.341032 0.583268 0.328947 0.586707 0.315253 0.586705 0.30128900000000003 0.583263 0.288423 0.576718 0.27791299999999997 0.567711 0.270789
0 0.51444 0.273083 0.525792 0.275076 0.537372 0.272372 0.5480470000000001 0.265234 0.5567719999999999 0.254363 0.562693 0.24081999999999998 0.56523 0.225933 0.5641339999999999 0.211159 0.559515 0.197943 0.551822 0.18758 0.54181 0.181084 0.530458 0.17909 0.5188780000000001 0.18179499999999998 0.508203 0.18893200000000002 0.49947800000000003 0.199804 0.493557 0.21334599999999998 0.49101999999999996 0.228233 0.49211600000000005 0.24300799999999997 0.496735 0.256223 0.504428 0.266586 0.51444 0.273083
0 0.584994 0.22762699999999997 0.596767 0.22607400000000002 0.608092 0.219726 0.617861 0.20920299999999997 0.625116 0.195536 0.629148 0.180063 0.6295620000000001 0.164298 0.626317 0.149785 0.6197320000000001 0.137944 0.6104499999999999 0.129934 0.5993809999999999 0.126539 0.587608 0.128092 0.576283 0.134441 0.566514 0.144964 0.5592590000000001 0.15863 0.555227 0.174103 0.554813 0.18986799999999998 0.558058 0.204382 0.564643 0.216223 0.573925 0.224233 0.584994 0.22762699999999997
0 0.6166389999999999 0.212839 0.605749 0.213987 0.59529 0.219578 0.5862860000000001 0.229064 0.579619 0.24151799999999998 0.575941 0.255719 0.575612 0.270279 0.578665 0.283771 0.5848 0.294875 0.593417 0.302504 0.603673 0.305911 0.614564 0.304763 0.625023 0.299172 0.634027 0.289686 0.640694 0.27723200000000003 0.644372 0.263031 0.644701 0.24847100000000003 0.641648 0.234979 0.635513 0.223875 0.626895 0.216246 0.6166389999999999 0.212839
0 0.631934 0.304842 0.621603 0.303904 0.61107 0.30717300000000003 0.601365 0.314328 0.593438 0.324669 0.5880650000000001 0.33718400000000004 0.585773 0.35064700000000004 0.586785 0.363741 0.591002 0.375184 0.598012 0.38385600000000003 0.607129 0.388908 0.617459 0.389846 0.627993 0.386577 0.637698 0.37942200000000004 0.645625 0.369081 0.650997 0.356566 0.6532899999999999 0.343103 0.652278 0.330009 0.64806 0.318566 0.64105 0.309894 0.631934 0.304842
0 0.674091 0.158565 0.663129 0.161721 0.652871 0.169339 0.64432 0.180671 0.638313 0.194609 0.635438 0.209788 0.6359779999999999 0.224724 0.6398780000000001 0.237952 0.646757 0.24817999999999998 0.655942 0.254405 0.666534 0.25601799999999997 0.677496 0.25286200000000003 0.687754 0.245245 0.696305 0.23391299999999998 0.7023119999999999 0.21997399999999998 0.705187 0.204795 0.704647 0.18986 0.700747 0.176631 0.6938679999999999 0.166403 0.6846829999999999 0.160178 0.674091 0.158565
0 0.7256579999999999 0.279744 0.736703 0.27804700000000004 0.74752 0.27187100000000003 0.7570509999999999 0.26182 0.764361 0.248879 0.768737 0.234314 0.769749 0.21955200000000002 0.767298 0.20603600000000002 0.761625 0.195091 0.7532840000000001 0.18778699999999998 0.7430920000000001 0.184839 0.732047 0.18653599999999998 0.72123 0.192713 0.7116990000000001 0.20276299999999997 0.704389 0.21570399999999998 0.700013 0.230269 0.699001 0.245032 0.701452 0.25854699999999997 0.707125 0.269493 0.7154659999999999 0.276797 0.7256579999999999 0.279744
0 0.7303390000000001 0.356626 0.740538 0.355496 0.750746 0.35026 0.759963 0.34143 0.7672869999999999 0.32987 0.772001 0.316712 0.773644 0.30324300000000004 0.772055 0.290782 0.767389 0.280549 0.760104 0.27354599999999996 0.750911 0.270458 0.740712 0.27158699999999997 0.730504 0.276823 0.721287 0.285653 0.713963 0.297213 0.709249 0.310372 0.707606 0.323841 0.709195 0.336301 0.713861 0.346534 0.721146 0.353537 0.7303390000000001 0.356626
0 0.802159 0.288056 0.792253 0.289528 0.782341 0.29498199999999997 0.773393 0.303884 0.766284 0.315363 0.761711 0.328295 0.760121 0.34141499999999997 0.76167 0.353437 0.766207 0.363186 0.7732859999999999 0.369706 0.782216 0.372361 0.792122 0.37088899999999997 0.8020339999999999 0.365435 0.8109819999999999 0.35653199999999996 0.8180910000000001 0.345053 0.822664 0.332121 0.824254 0.319002 0.822705 0.30698 0.818168 0.29723099999999997 0.811089 0.29070999999999997 0.802159 0.288056
0 0.653037 0.521047 0.644852 0.519098 0.6358710000000001 0.520277 0.626973 0.524466 0.6190279999999999 0.531258 0.612816 0.5399849999999999 0.608943 0.549795 0.607789 0.559727 0.609467 0.568809 0.613813 0.576152 0.6204 0.581036 0.628585 0.5829850000000001 0.637567 0.581807 0.646465 0.5776169999999999 0.654409 0.5708260000000001 0.660622 0.562098 0.664494 0.552288 0.665648 0.5423560000000001 0.6639700000000001 0.533274 0.659625 0.525932 0.653037 0.521047
0 0.7002970000000001 0.332124 0.6903539999999999 0.33214 0.680208 0.336146 0.670852 0.343752 0.663203 0.354213 0.6580079999999999 0.36650499999999997 0.655776 0.379424 0.656727 0.391706 0.660766 0.402149 0.6674990000000001 0.409731 0.676265 0.413709 0.6862090000000001 0.413694 0.696354 0.409687 0.7057100000000001 0.402081 0.71336 0.39161999999999997 0.718555 0.37932899999999997 0.720786 0.366409 0.719836 0.35412699999999997 0.715796 0.343684 0.7090639999999999 0.336102 0.7002970000000001 0.332124
0 0.75334 0.352877 0.74371 0.35322 0.733931 0.357429 0.72496 0.365091 0.7176750000000001 0.375456 0.71279 0.38751 0.710782 0.400073 0.7118490000000001 0.41191500000000003 0.715885 0.421877 0.722496 0.428984 0.731035 0.43254000000000004 0.740665 0.43219599999999997 0.750444 0.42798800000000004 0.759415 0.42032600000000003 0.7666999999999999 0.409961 0.771585 0.397906 0.773593 0.385344 0.7725259999999999 0.373502 0.76849 0.36354000000000003 0.761879 0.356433 0.75334 0.352877
0 0.8108739999999999 0.35752100000000003 0.801482 0.3586 0.791945 0.363425 0.783196 0.371525 0.776093 0.38210500000000003 0.7713289999999999 0.39413200000000004 0.769372 0.406427 0.770413 0.417787 0.774351 0.4271 0.780799 0.43345500000000003 0.789126 0.436229 0.798518 0.43515 0.8080550000000001 0.430325 0.816804 0.42222499999999996 0.823907 0.41164500000000004 0.8286709999999999 0.399618 0.8306279999999999 0.387323 0.8295870000000001 0.375963 0.825649 0.36665000000000003 0.819201 0.360295 0.8108739999999999 0.35752100000000003
0 0.697658 0.409126 0.6883619999999999 0.40818899999999997 0.6786 0.41093599999999997 0.6693260000000001 0.417099 0.661449 0.426075 0.65574 0.43698499999999996 0.652757 0.448761 0.652793 0.46025099999999997 0.655844 0.470329 0.661611 0.478009 0.66953 0.48254 0.678825 0.483478 0.688588 0.480731 0.697861 0.47456699999999996 0.705738 0.46559100000000003 0.7114469999999999 0.454681 0.71443 0.442905 0.714394 0.431416 0.711344 0.421338 0.705577 0.413657 0.697658 0.409126
0 0.616843 0.5274300000000001 0.625988 0.528789 0.635648 0.5265150000000001 0.6448769999999999 0.520829 0.652773 0.5122880000000001 0.658561 0.501729 0.661677 0.490185 0.661814 0.47878600000000004 0.6589590000000001 0.46864800000000006 0.6533909999999999 0.46076300000000003 0.645657 0.455903 0.636512 0.454544 0.626852 0.45681900000000003 0.617623 0.462505 0.609727 0.471045 0.603939 0.48160400000000003 0.600823 0.493148 0.6006859999999999 0.504547 0.603541 0.514686 0.609109 0.52257 0.616843 0.5274300000000001
0 0.590776 0.4232 0.5816169999999999 0.420864 0.5718099999999999 0.422195 0.562316 0.427064 0.554063 0.434994 0.547859 0.44520799999999994 0.544313 0.45670700000000003 0.5437700000000001 0.46836500000000003 0.546284 0.479042 0.551609 0.487691 0.559224 0.493466 0.5683830000000001 0.495803 0.57819 0.494472 0.587684 0.48960299999999995 0.5959369999999999 0.48167299999999996 0.602141 0.471459 0.605687 0.45996 0.6062299999999999 0.448301 0.603716 0.437625 0.598391 0.428976 0.590776 0.4232
0 0.6457620000000001 0.379714 0.636496 0.377266 0.62664 0.378572 0.617158 0.383505 0.6089789999999999 0.391583 0.602904 0.402014 0.5995269999999999 0.41377699999999995 0.599179 0.42572099999999996 0.6018939999999999 0.436677 0.607406 0.445572 0.615175 0.45153600000000005 0.624441 0.453984 0.634298 0.45267799999999997 0.64378 0.447745 0.651958 0.43966700000000003 0.658033 0.42923600000000006 0.6614099999999999 0.41747300000000004 0.6617580000000001 0.40552900000000003 0.659044 0.394573 0.653532 0.385678 0.6457620000000001 0.379714
0 0.576915 0.353013 0.5670689999999999 0.350508 0.5566989999999999 0.352032 0.546821 0.357435 0.538401 0.36619 0.532263 0.377438 0.5290090000000001 0.390079 0.528957 0.402875 0.532111 0.414574 0.538164 0.424031 0.546523 0.43032000000000004 0.556369 0.43282499999999996 0.566738 0.43130100000000005 0.5766169999999999 0.425898 0.585037 0.41714399999999996 0.591174 0.405896 0.594428 0.393255 0.594481 0.380458 0.591326 0.368759 0.585273 0.359302 0.576915 0.353013
0 0.48506299999999997 0.46518899999999996 0.494656 0.46861600000000003 0.504924 0.46807999999999994 0.514863 0.46363200000000004 0.5235000000000001 0.455709 0.52999 0.445086 0.533697 0.432802 0.534259 0.420061 0.53162 0.40810899999999994 0.526039 0.398116 0.518062 0.391061 0.5084690000000001 0.387634 0.498201 0.38817 0.48826200000000003 0.392618 0.47962499999999997 0.40054100000000004 0.473135 0.41116400000000003 0.469428 0.42344799999999994 0.46886599999999995 0.436189 0.47150499999999995 0.448141 0.477086 0.458134 0.48506299999999997 0.46518899999999996
0 0.463117 0.369374 0.453792 0.36378 0.443255 0.362037 0.432536 0.364316 0.422686 0.370394 0.41466900000000007 0.379676 0.40926799999999997 0.391254 0.40701400000000004 0.403993 0.40812600000000004 0.41664700000000005 0.412496 0.42797799999999997 0.41969500000000004 0.436876 0.42901999999999996 0.44247 0.439558 0.44421299999999997 0.450276 0.441934 0.460126 0.43585599999999997 0.468144 0.426574 0.47354399999999996 0.41499600000000003 0.475799 0.402257 0.474687 0.38960300000000003 0.470317 0.378272 0.463117 0.369374
0 0.398121 0.372371 0.38880400000000004 0.365853 0.37806 0.36318700000000004 0.36694 0.364634 0.35653199999999996 0.370053 0.34785499999999997 0.37891400000000003 0.34175900000000003 0.39034800000000003 0.338841 0.403237 0.339385 0.41631799999999997 0.343339 0.428313 0.35031599999999996 0.43804499999999996 0.359633 0.444564 0.370378 0.44722999999999996 0.381498 0.445782 0.391906 0.44036299999999995 0.400582 0.431503 0.406678 0.42006899999999997 0.40959700000000004 0.40718 0.40905199999999997 0.394098 0.405098 0.382104 0.398121 0.372371
0 0.432548 0.442592 0.424155 0.43546199999999996 0.414086 0.431693 0.403327 0.431653 0.39293 0.435346 0.383913 0.442411 0.377159 0.452157 0.37333 0.46362800000000004 0.372799 0.47570300000000004 0.37561900000000004 0.48719900000000005 0.381514 0.49699099999999996 0.389907 0.504121 0.399976 0.50789 0.410736 0.50793 0.42113300000000004 0.504237 0.430149 0.49717200000000006 0.43690300000000004 0.487427 0.440733 0.475955 0.441263 0.46387999999999996 0.438443 0.452384 0.432548 0.442592
0 0.43592700000000006 0.533382 0.44416 0.5395209999999999 0.453882 0.542403 0.464142 0.5417460000000001 0.47393599999999997 0.537614 0.48230399999999995 0.530413 0.48842800000000003 0.5208459999999999 0.491707 0.5098499999999999 0.491822 0.49850199999999995 0.48876099999999995 0.487913 0.48282299999999995 0.479118 0.47458999999999996 0.47297900000000004 0.46486799999999995 0.470097 0.454608 0.470754 0.44481400000000004 0.474886 0.436446 0.48208700000000004 0.430322 0.49165400000000004 0.427043 0.50265 0.42692800000000003 0.5139980000000001 0.42998900000000007 0.524587 0.43592700000000006 0.533382
0 0.538629 0.463919 0.5302819999999999 0.458916 0.520806 0.457323 0.5111290000000001 0.459295 0.502198 0.46464 0.494887 0.472835 0.48991100000000004 0.48307700000000003 0.48775899999999994 0.494363 0.488641 0.50559 0.49246999999999996 0.515658 0.498871 0.523581 0.5072180000000001 0.528584 0.516694 0.530177 0.5263709999999999 0.528205 0.535302 0.52286 0.542613 0.514665 0.547589 0.504423 0.549741 0.49313700000000005 0.548859 0.48190999999999995 0.54503 0.471842 0.538629 0.463919
0 0.542831 0.534326 0.534501 0.53037 0.525088 0.529661 0.515514 0.532269 0.506715 0.537937 0.49955299999999997 0.546112 0.494729 0.555993 0.492716 0.566613 0.49370900000000006 0.576933 0.497613 0.5859409999999999 0.504044 0.592757 0.512374 0.596713 0.521787 0.597422 0.531361 0.594815 0.54016 0.5891460000000001 0.5473220000000001 0.580971 0.552146 0.57109 0.5541590000000001 0.56047 0.5531659999999999 0.550151 0.5492619999999999 0.541142 0.542831 0.534326
0 0.485433 0.5448959999999999 0.477264 0.5401279999999999 0.46787999999999996 0.5385690000000001 0.458199 0.540372 0.44916799999999996 0.545361 0.44167199999999995 0.5530470000000001 0.43644299999999997 0.562678 0.433995 0.573312 0.43456700000000004 0.5839070000000001 0.43810200000000005 0.593426 0.44425499999999996 0.6009369999999999 0.452423 0.605706 0.461807 0.607265 0.47148899999999994 0.605461 0.48052 0.600472 0.488016 0.592786 0.49324399999999996 0.583155 0.495692 0.572521 0.495121 0.5619270000000001 0.491585 0.552408 0.485433 0.5448959999999999
0 0.429234 0.528823 0.42104600000000003 0.523694 0.41163999999999995 0.521855 0.40193500000000004 0.5234840000000001 0.392883 0.5284220000000001 0.38536800000000004 0.536186 0.380126 0.546017 0.377672 0.556951 0.37824399999999997 0.5679179999999999 0.381787 0.577845 0.387954 0.58576 0.39614099999999997 0.590889 0.405548 0.5927290000000001 0.415252 0.5911 0.42430500000000004 0.5861609999999999 0.43182 0.578397 0.43706100000000003 0.568567 0.43951599999999996 0.5576329999999999 0.43894399999999995 0.546665 0.435401 0.5367379999999999 0.429234 0.528823
0 0.383604 0.499969 0.376112 0.491817 0.366753 0.486709 0.35644200000000004 0.485146 0.34618899999999997 0.487279 0.336997 0.49290200000000006 0.329766 0.501462 0.325204 0.512122 0.323758 0.5238389999999999 0.325569 0.535466 0.330459 0.545864 0.33795000000000003 0.5540160000000001 0.34731 0.559124 0.35762 0.5606880000000001 0.367874 0.558554 0.377065 0.552932 0.384296 0.544371 0.38885800000000004 0.533711 0.390305 0.5219940000000001 0.388494 0.510367 0.383604 0.499969
0 0.34931 0.443421 0.34207 0.433303 0.332472 0.42604300000000006 0.321453 0.42235100000000003 0.310094 0.42259 0.299505 0.42673500000000003 0.290724 0.434382 0.284609 0.44478 0.28176 0.456913 0.282456 0.469594 0.286627 0.481579 0.293867 0.491697 0.303466 0.498957 0.314484 0.502649 0.32584399999999997 0.50241 0.336433 0.49826499999999996 0.345214 0.490618 0.351328 0.48022 0.354177 0.468087 0.35348199999999996 0.455406 0.34931 0.443421
0 0.24413200000000002 0.535343 0.25147200000000003 0.544755 0.261038 0.551315 0.27189399999999997 0.554381 0.282978 0.553654 0.293205 0.549204 0.301573 0.541468 0.307263 0.531201 0.30971899999999997 0.5194099999999999 0.308699 0.5072479999999999 0.304305 0.495907 0.296966 0.486495 0.287399 0.47993499999999994 0.276543 0.47686900000000004 0.265459 0.477596 0.255233 0.482046 0.24686499999999997 0.48978200000000005 0.241175 0.500049 0.238719 0.5118400000000001 0.239738 0.5240020000000001 0.24413200000000002 0.535343
0 0.200399 0.426431 0.19312 0.41474200000000006 0.18307299999999999 0.40579200000000004 0.171241 0.400455 0.15878399999999998 0.399254 0.146919 0.402306 0.13680900000000001 0.409314 0.129443 0.41959 0.12554300000000002 0.43213 0.12548900000000002 0.445704 0.12928800000000001 0.458986 0.136567 0.470674 0.146615 0.47962499999999997 0.158446 0.484962 0.170904 0.486163 0.18276799999999999 0.48311000000000004 0.192878 0.476103 0.200244 0.465827 0.20414500000000002 0.453287 0.20419800000000002 0.439712 0.200399 0.426431
0 0.125346 0.434756 0.118568 0.42155899999999996 0.108596 0.410535 0.096406 0.40276100000000004 0.083191 0.399 0.070245 0.39962 0.058835000000000005 0.404559 0.050079 0.413334 0.044832 0.425087 0.043608999999999995 0.438667 0.046529 0.45274400000000004 0.05330700000000001 0.46594100000000005 0.063279 0.47696500000000003 0.075469 0.484739 0.088684 0.4885 0.10163 0.48788 0.11304 0.482941 0.12179599999999999 0.47416600000000003 0.127043 0.462413 0.128266 0.44883300000000004 0.125346 0.434756
0 0.089793 0.504293 0.082519 0.492202 0.072215 0.48230199999999995 0.05989 0.475561 0.046749 0.472641 0.03408 0.473826 0.023121 0.479 0.014946999999999998 0.487658 0.010357 0.49895100000000003 0.009801 0.511775 0.013332 0.524873 0.020606 0.536964 0.03091 0.546865 0.043235 0.553605 0.056376 0.5565260000000001 0.069045 0.5553410000000001 0.08000399999999999 0.550167 0.088178 0.541509 0.09276799999999999 0.530215 0.09332399999999999 0.517392 0.089793 0.504293
0 0.121492 0.566424 0.112959 0.556302 0.10170399999999999 0.548826 0.08882999999999999 0.544728 0.075596 0.544409 0.063297 0.5479 0.053139000000000006 0.55486 0.046114 0.564607 0.042911 0.576187 0.043844 0.588466 0.04882 0.6002430000000001 0.057353 0.610365 0.068608 0.6178410000000001 0.081483 0.621938 0.094717 0.6222570000000001 0.107015 0.618766 0.117174 0.611807 0.124198 0.60206 0.12740100000000001 0.59048 0.126469 0.578201 0.121492 0.566424
0 0.19067099999999998 0.562677 0.182835 0.5538730000000001 0.172702 0.547749 0.16126400000000002 0.544905 0.149642 0.5456179999999999 0.13897299999999999 0.5498190000000001 0.1303 0.557097 0.124474 0.566739 0.12206399999999999 0.5778019999999999 0.123306 0.589202 0.128079 0.599823 0.135915 0.608627 0.146048 0.6147509999999999 0.157486 0.617595 0.16910799999999998 0.616882 0.17977700000000002 0.612681 0.18845 0.605403 0.194276 0.595761 0.196686 0.584698 0.195444 0.5732980000000001 0.19067099999999998 0.562677
0 0.23731300000000002 0.49202599999999996 0.22997 0.481991 0.220228 0.474738 0.20904099999999998 0.470978 0.197505 0.471079 0.186748 0.47503 0.177824 0.48244499999999996 0.17160599999999998 0.492598 0.168702 0.5044959999999999 0.169398 0.516972 0.173624 0.528808 0.180968 0.538843 0.190709 0.546095 0.201896 0.549855 0.213432 0.549755 0.22418900000000003 0.545803 0.233113 0.5383880000000001 0.23933200000000002 0.528235 0.24223499999999998 0.516338 0.24154 0.503861 0.23731300000000002 0.49202599999999996
0 0.34052 0.551736 0.332679 0.544376 0.323016 0.540015 0.312477 0.5390780000000001 0.30209199999999997 0.541657 0.29288 0.5475 0.28574099999999997 0.556035 0.281374 0.566427 0.280207 0.5776570000000001 0.282354 0.588628 0.287605 0.598264 0.295446 0.6056239999999999 0.30510899999999996 0.609985 0.31564800000000004 0.610922 0.326033 0.608343 0.335245 0.6025 0.342384 0.5939650000000001 0.346751 0.583573 0.347918 0.5723429999999999 0.345771 0.561372 0.34052 0.551736
0 0.301866 0.6093230000000001 0.294159 0.60192 0.28457699999999997 0.597389 0.274058 0.5961719999999999 0.263631 0.598389 0.254316 0.603823 0.24702700000000002 0.6119410000000001 0.242475 0.62195 0.24110800000000002 0.632868 0.243058 0.643629 0.248134 0.653177 0.255841 0.6605800000000001 0.265423 0.665111 0.275942 0.666328 0.286369 0.664111 0.295684 0.658677 0.302973 0.650559 0.307525 0.64055 0.308892 0.629632 0.306942 0.6188710000000001 0.301866 0.6093230000000001
0 0.138259 0.710118 0.146014 0.71748 0.155841 0.722315 0.166778 0.724151 0.177756 0.7228060000000001 0.187699 0.718414 0.195635 0.711403 0.200785 0.7024600000000001 0.20264700000000002 0.692461 0.201038 0.682384 0.196116 0.673216 0.188361 0.665853 0.178534 0.661018 0.167597 0.659183 0.156619 0.660527 0.146676 0.6649200000000001 0.13874 0.6719310000000001 0.13359000000000001 0.680873 0.131728 0.6908719999999999 0.13333699999999998 0.700949 0.138259 0.710118
0 0.216703 0.699694 0.22398099999999999 0.706794 0.23311700000000002 0.711292 0.243218 0.712747 0.253294 0.711017 0.262359 0.706272 0.26952699999999996 0.698975 0.27409500000000003 0.689841 0.275615 0.679764 0.273941 0.669731 0.26923400000000003 0.6607230000000001 0.261957 0.653623 0.25282 0.649125 0.24272 0.6476689999999999 0.232644 0.6493990000000001 0.223578 0.654145 0.216411 0.661442 0.211843 0.670576 0.21032199999999998 0.6806530000000001 0.211997 0.690686 0.216703 0.699694
0 0.228221 0.6113850000000001 0.22071999999999997 0.603904 0.211266 0.599099 0.200786 0.597442 0.190306 0.599094 0.180851 0.603893 0.173347 0.611371 0.16852899999999998 0.620794 0.16686700000000002 0.6312409999999999 0.16852499999999998 0.6416890000000001 0.173341 0.651115 0.180843 0.658596 0.190296 0.663401 0.200776 0.6650579999999999 0.21125600000000003 0.6634059999999999 0.22071100000000002 0.658607 0.228215 0.651129 0.23303400000000002 0.641706 0.23469500000000001 0.631259 0.233037 0.620811 0.228221 0.6113850000000001
0 0.40269000000000005 0.642922 0.394802 0.638752 0.385663 0.637519 0.37616900000000003 0.639343 0.367249 0.644045 0.359775 0.651166 0.354481 0.660008 0.351883 0.669705 0.352236 0.67931 0.355506 0.68788 0.36137199999999997 0.694578 0.369261 0.6987479999999999 0.37839900000000004 0.699981 0.387894 0.6981569999999999 0.396814 0.6934549999999999 0.40428699999999995 0.686334 0.409582 0.677492 0.41218000000000005 0.667795 0.411826 0.65819 0.40855699999999995 0.64962 0.40269000000000005 0.642922
0 0.399584 0.65091 0.40767600000000004 0.655161 0.41700499999999996 0.6563589999999999 0.42665800000000004 0.6543840000000001 0.435689 0.649432 0.44321599999999994 0.641985 0.4485 0.632775 0.451026 0.622701 0.450544 0.61275 0.44710400000000006 0.603897 0.44104099999999996 0.597007 0.432949 0.592755 0.42362 0.591558 0.413967 0.593532 0.404936 0.5984849999999999 0.397409 0.605931 0.392125 0.615142 0.389599 0.625216 0.390081 0.635167 0.393521 0.64402 0.399584 0.65091
0 0.497509 0.602492 0.489642 0.598679 0.48064799999999996 0.59785 0.471407 0.600087 0.462824 0.60517 0.45573800000000003 0.612603 0.450844 0.621656 0.44862 0.631445 0.449285 0.641011 0.45277200000000006 0.649418 0.458741 0.655842 0.466608 0.659655 0.475602 0.6604829999999999 0.48484299999999997 0.658247 0.49342600000000003 0.6531629999999999 0.500512 0.6457309999999999 0.505406 0.6366769999999999 0.50763 0.626888 0.506965 0.6173219999999999 0.503478 0.608916 0.497509 0.602492
0 0.511574 0.657492 0.504118 0.653497 0.49541899999999994 0.65222 0.48632600000000004 0.653783 0.47773000000000004 0.658036 0.470474 0.664561 0.465266 0.6727190000000001 0.462617 0.681713 0.46278600000000003 0.690661 0.465757 0.698688 0.471239 0.7050080000000001 0.47869400000000006 0.7090029999999999 0.487394 0.71028 0.496487 0.708717 0.505082 0.704464 0.512339 0.6979390000000001 0.5175460000000001 0.689781 0.520195 0.680787 0.520026 0.6718390000000001 0.517055 0.663812 0.511574 0.657492
0 0.528826 0.698323 0.536285 0.701165 0.5446259999999999 0.70114 0.553035 0.6982510000000001 0.5606880000000001 0.692779 0.566836 0.685262 0.5708770000000001 0.676434 0.572416 0.66716 0.571301 0.658347 0.567643 0.650858 0.5617989999999999 0.645427 0.55434 0.642585 0.545999 0.64261 0.53759 0.6454989999999999 0.529937 0.650971 0.5237890000000001 0.658488 0.519748 0.667316 0.5182089999999999 0.67659 0.519324 0.685403 0.5229820000000001 0.692892 0.528826 0.698323
0 0.549261 0.588075 0.541373 0.585402 0.532647 0.585789 0.523937 0.589198 0.516096 0.595296 0.509891 0.603486 0.50593 0.612967 0.5046 0.622809 0.506032 0.63205 0.510085 0.639786 0.516364 0.645258 0.5242519999999999 0.6479320000000001 0.5329780000000001 0.647545 0.541688 0.644135 0.5495289999999999 0.638037 0.555734 0.629847 0.5596949999999999 0.620367 0.561025 0.6105240000000001 0.559593 0.601283 0.5555399999999999 0.593548 0.549261 0.588075
0 0.592793 0.49455799999999994 0.584271 0.49154299999999995 0.574917 0.49190500000000004 0.565648 0.495608 0.5573710000000001 0.50229 0.550896 0.511298 0.5468569999999999 0.521748 0.54565 0.5326190000000001 0.547391 0.542846 0.551912 0.551428 0.5587690000000001 0.5575249999999999 0.567292 0.56054 0.576645 0.560179 0.585914 0.556475 0.594191 0.549793 0.600666 0.540786 0.6047049999999999 0.530335 0.6059129999999999 0.5194639999999999 0.604171 0.5092369999999999 0.59965 0.500655 0.592793 0.49455799999999994
0 0.603782 0.561763 0.595538 0.559166 0.5864309999999999 0.55975 0.5773520000000001 0.563458 0.5691900000000001 0.5699270000000001 0.562744 0.578525 0.5586439999999999 0.588409 0.557293 0.598611 0.5588219999999999 0.608135 0.563082 0.616046 0.569655 0.62157 0.577899 0.624168 0.5870070000000001 0.6235839999999999 0.596086 0.619876 0.604248 0.613406 0.610694 0.604809 0.6147929999999999 0.594925 0.616145 0.584722 0.614616 0.575199 0.610356 0.567288 0.603782 0.561763
0 0.703068 0.477804 0.694449 0.476071 0.6851499999999999 0.4777 0.67608 0.482531 0.668128 0.490092 0.662073 0.499642 0.658507 0.510248 0.657778 0.520869 0.659959 0.530468 0.664836 0.538103 0.671932 0.543029 0.680551 0.544762 0.6898500000000001 0.543133 0.69892 0.5383020000000001 0.706872 0.530741 0.712927 0.521191 0.716493 0.510586 0.717222 0.499964 0.715041 0.490366 0.710164 0.48273 0.703068 0.477804
0 0.727857 0.559699 0.7364080000000001 0.560016 0.745448 0.557008 0.754092 0.550968 0.761495 0.542489 0.766931 0.5323990000000001 0.769869 0.521687 0.7700210000000001 0.511402 0.767371 0.5025489999999999 0.7621800000000001 0.495996 0.754956 0.49238400000000004 0.746405 0.49206700000000003 0.7373649999999999 0.49507500000000004 0.72872 0.501115 0.721317 0.509594 0.715881 0.519684 0.712943 0.530396 0.712792 0.540682 0.715441 0.549534 0.7206319999999999 0.556087 0.727857 0.559699
0 0.764385 0.553434 0.756472 0.5521860000000001 0.7479250000000001 0.553987 0.739581 0.5586610000000001 0.7322569999999999 0.5657490000000001 0.72667 0.574559 0.723367 0.584228 0.72267 0.593809 0.724649 0.602365 0.729109 0.609057 0.735615 0.613232 0.743528 0.61448 0.7520749999999999 0.612679 0.760419 0.6080059999999999 0.7677430000000001 0.600917 0.77333 0.592108 0.776633 0.582439 0.77733 0.572858 0.775351 0.564302 0.770891 0.557609 0.764385 0.553434
0 0.77435 0.607823 0.766824 0.606106 0.758568 0.6072580000000001 0.750391 0.611167 0.7430939999999999 0.6174489999999999 0.737391 0.62549 0.733839 0.634503 0.732787 0.643605 0.7343379999999999 0.651906 0.7383390000000001 0.658593 0.7444 0.663011 0.751926 0.664727 0.760182 0.663575 0.768359 0.659667 0.775656 0.653384 0.7813589999999999 0.645343 0.7849109999999999 0.63633 0.785963 0.627228 0.784412 0.618927 0.780411 0.612241 0.77435 0.607823
0 0.784021 0.6132869999999999 0.791641 0.613673 0.799697 0.61109 0.8074 0.60579 0.813996 0.598291 0.81884 0.589328 0.821458 0.579778 0.8215920000000001 0.570577 0.819231 0.562624 0.814605 0.556698 0.8081670000000001 0.55338 0.8005470000000001 0.5529930000000001 0.792491 0.555577 0.784788 0.560877 0.778191 0.568376 0.773347 0.577339 0.77073 0.586888 0.7705949999999999 0.59609 0.772956 0.604043 0.777583 0.609969 0.784021 0.6132869999999999
0 0.7053499999999999 0.537946 0.6973010000000001 0.5365219999999999 0.688674 0.538253 0.680315 0.542969 0.6730419999999999 0.550209 0.667566 0.559264 0.664424 0.569248 0.663923 0.5791820000000001 0.666112 0.588096 0.670777 0.5951150000000001 0.677462 0.599554 0.685512 0.600978 0.6941379999999999 0.599247 0.7024969999999999 0.594531 0.709771 0.587291 0.715247 0.578236 0.7183889999999999 0.568252 0.71889 0.558318 0.7167 0.549404 0.712035 0.542385 0.7053499999999999 0.537946
0 0.727923 0.6440889999999999 0.720584 0.6422399999999999 0.712377 0.643089 0.704106 0.646551 0.69658 0.652289 0.690536 0.659739 0.686565 0.6681739999999999 0.685057 0.676767 0.686158 0.684677 0.689762 0.69113 0.695515 0.695495 0.702854 0.6973429999999999 0.711061 0.6964940000000001 0.719332 0.693032 0.726858 0.687295 0.7329019999999999 0.679844 0.736872 0.6714100000000001 0.7383810000000001 0.662817 0.737279 0.654906 0.733676 0.6484530000000001 0.727923 0.6440889999999999
0 0.651084 0.726133 0.658178 0.7276659999999999 0.666078 0.726593 0.67401 0.7230190000000001 0.6811969999999999 0.717294 0.686937 0.709978 0.690667 0.701787 0.692023 0.693523 0.69087 0.685995 0.687323 0.67994 0.681729 0.675951 0.674634 0.674417 0.666735 0.67549 0.658803 0.679064 0.6516149999999999 0.684789 0.645875 0.692106 0.642145 0.7002970000000001 0.64079 0.7085600000000001 0.641942 0.716088 0.645489 0.722143 0.651084 0.726133
0 0.63764 0.710612 0.630544 0.708678 0.622598 0.7093619999999999 0.614582 0.7125969999999999 0.60728 0.718065 0.601407 0.725232 0.597537 0.733395 0.596049 0.741757 0.59709 0.749498 0.600556 0.75586 0.6061099999999999 0.760222 0.613206 0.762155 0.621152 0.761471 0.6291680000000001 0.758237 0.63647 0.752768 0.642343 0.745602 0.646213 0.737438 0.647701 0.729077 0.64666 0.721336 0.643194 0.714973 0.63764 0.710612
0 0.423293 0.696034 0.41583699999999996 0.6920390000000001 0.40713699999999997 0.690761 0.398045 0.6923250000000001 0.389449 0.6965779999999999 0.382193 0.703102 0.376985 0.711261 0.374336 0.720254 0.374505 0.7292029999999999 0.37747600000000003 0.73723 0.382957 0.74355 0.390413 0.747544 0.399113 0.748822 0.408205 0.747258 0.416801 0.743006 0.424057 0.736481 0.429265 0.728322 0.431914 0.719329 0.431745 0.710381 0.42877400000000004 0.7023539999999999 0.423293 0.696034
0 0.63633 0.676263 0.643497 0.6788879999999999 0.6515299999999999 0.6787880000000001 0.659643 0.675971 0.667041 0.670714 0.673 0.663531 0.676938 0.655126 0.678468 0.646321 0.67744 0.637978 0.6739569999999999 0.630914 0.668357 0.62582 0.66119 0.623195 0.653157 0.6232960000000001 0.645045 0.6261129999999999 0.6376459999999999 0.63137 0.631687 0.638552 0.62775 0.646957 0.62622 0.655762 0.627247 0.664105 0.630731 0.671169 0.63633 0.676263
0 0.545705 0.751263 0.552872 0.753888 0.560905 0.753788 0.569018 0.750971 0.576416 0.745714 0.5823750000000001 0.7385309999999999 0.586313 0.730126 0.587843 0.721321 0.586815 0.712978 0.583332 0.705914 0.5777319999999999 0.70082 0.570565 0.698195 0.562532 0.698296 0.55442 0.701113 0.547021 0.7063699999999999 0.5410619999999999 0.713552 0.537125 0.721957 0.535595 0.730762 0.536622 0.739105 0.540106 0.746169 0.545705 0.751263
0 0.59044 0.7368129999999999 0.583549 0.734152 0.5757450000000001 0.734063 0.5677909999999999 0.736553 0.560466 0.741379 0.554488 0.748069 0.550441 0.755967 0.548721 0.764301 0.549498 0.772255 0.552694 0.77905 0.5579970000000001 0.784021 0.5648880000000001 0.786681 0.572693 0.786771 0.580647 0.784281 0.587971 0.779454 0.59395 0.7727649999999999 0.597997 0.7648659999999999 0.599716 0.756532 0.59894 0.748579 0.595744 0.741784 0.59044 0.7368129999999999
0 0.5259780000000001 0.7053619999999999 0.5186810000000001 0.702472 0.510396 0.702296 0.501935 0.7048530000000001 0.49412599999999995 0.709892 0.48773299999999997 0.7169190000000001 0.483383 0.725248 0.481499 0.734061 0.48226899999999995 0.742498 0.485615 0.7497320000000001 0.49121 0.755055 0.49850700000000003 0.757945 0.506791 0.75812 0.515252 0.755564 0.523061 0.750525 0.529454 0.743497 0.533805 0.735169 0.535688 0.7263550000000001 0.534919 0.717918 0.5315730000000001 0.710685 0.5259780000000001 0.7053619999999999
0 0.542467 0.749076 0.535545 0.746058 0.5275909999999999 0.745566 0.519384 0.7476499999999999 0.511726 0.752105 0.505368 0.758495 0.500931 0.766195 0.498851 0.774451 0.49932999999999994 0.782455 0.502322 0.789423 0.507533 0.794674 0.514455 0.797692 0.522409 0.798184 0.530616 0.7961 0.538274 0.791645 0.544632 0.785255 0.549069 0.777555 0.551149 0.769299 0.55067 0.7612949999999999 0.547678 0.754327 0.542467 0.749076
0 0.49161 0.751428 0.484621 0.748286 0.476537 0.747657 0.46814900000000004 0.749602 0.460279 0.753932 0.453697 0.760222 0.449048 0.767857 0.446786 0.776089 0.44713200000000003 0.784112 0.450054 0.791142 0.455265 0.796489 0.462254 0.799631 0.47033800000000003 0.80026 0.478726 0.798314 0.48659600000000003 0.7939849999999999 0.493178 0.787695 0.497827 0.78006 0.500089 0.771828 0.49974299999999994 0.763805 0.496821 0.756775 0.49161 0.751428
0 0.443332 0.754041 0.436679 0.749641 0.42872899999999997 0.747622 0.42026199999999997 0.748181 0.41210500000000005 0.751263 0.40505800000000003 0.7565660000000001 0.39981 0.763572 0.396875 0.771595 0.39653900000000003 0.779849 0.398837 0.787526 0.403543 0.793876 0.410196 0.7982750000000001 0.418146 0.800295 0.426613 0.799736 0.43477 0.796654 0.441817 0.79135 0.447065 0.784344 0.45 0.776322 0.45033599999999996 0.768068 0.44803800000000005 0.76039 0.443332 0.754041
0 0.37365499999999996 0.728718 0.36610200000000004 0.723657 0.357049 0.721276 0.34738199999999997 0.721809 0.338049 0.725203 0.329961 0.7311270000000001 0.32391200000000003 0.739 0.32049300000000003 0.748052 0.320038 0.757396 0.322593 0.766119 0.327907 0.773365 0.335461 0.778427 0.344514 0.7808080000000001 0.35418 0.7802749999999999 0.363514 0.77688 0.37160099999999996 0.770957 0.377651 0.763084 0.38107 0.754032 0.38152400000000003 0.744687 0.378969 0.735965 0.37365499999999996 0.728718
0 0.271552 0.7302730000000001 0.27914 0.735735 0.288311 0.738514 0.298168 0.7383390000000001 0.307745 0.735226 0.31610499999999997 0.729481 0.32243 0.721667 0.3261 0.712546 0.326757 0.703014 0.324335 0.694002 0.319073 0.686393 0.311485 0.680932 0.302314 0.678153 0.292457 0.678328 0.28288 0.68144 0.27452 0.687185 0.268195 0.6950000000000001 0.264525 0.70412 0.263868 0.713653 0.26629 0.722665 0.271552 0.7302730000000001
0 0.28908 0.736082 0.282212 0.729889 0.273644 0.726073 0.264214 0.725007 0.254846 0.726795 0.246456 0.731263 0.239867 0.737972 0.235722 0.746267 0.234428 0.755335 0.23611200000000002 0.764288 0.24060700000000002 0.772251 0.24747599999999997 0.778444 0.256044 0.7822600000000001 0.265474 0.783326 0.274842 0.7815380000000001 0.283231 0.7770710000000001 0.289821 0.7703610000000001 0.293965 0.7620669999999999 0.295259 0.752999 0.293576 0.7440450000000001 0.28908 0.736082
0 0.278202 0.430435 0.270919 0.41968300000000003 0.261129 0.41179699999999997 0.249791 0.40754799999999997 0.238014 0.40735299999999997 0.226952 0.41123000000000004 0.21768800000000002 0.41880100000000003 0.211127 0.429323 0.20791300000000001 0.441768 0.20835900000000002 0.454916 0.21242299999999997 0.46748200000000006 0.219706 0.47823399999999994 0.229496 0.48612 0.240834 0.490369 0.25261100000000003 0.490564 0.263673 0.486686 0.272937 0.479116 0.27949799999999997 0.468593 0.28271199999999996 0.456149 0.282266 0.44299999999999995 0.278202 0.430435
0 0.160938 0.535417 0.16796899999999998 0.526042 0.172656 0.5125 0.171875 0.5020830000000001 0.16796899999999998 0.490625 0.163281 0.480208 0.155469 0.478125 0.146875 0.473958 0.141406 0.46875 0.135937 0.463542 0.126562 0.464583 0.120313 0.464583 0.115625 0.471875 0.110937 0.47708300000000003 0.104688 0.479167 0.098437 0.482292 0.095312 0.490625 0.095312 0.496875 0.096875 0.509375 0.10078100000000001 0.521875 0.10625 0.53125 0.11484399999999999 0.538542 0.125 0.542708 0.133594 0.5447919999999999 0.149219 0.542708 0.160938 0.535417
0 0.23906299999999997 0.60625 0.251563 0.602083 0.263281 0.5916669999999999 0.26875 0.5802080000000001 0.27031299999999997 0.569792 0.267969 0.5604169999999999 0.263281 0.55 0.257031 0.54375 0.251563 0.538542 0.242969 0.5333330000000001 0.23906299999999997 0.5333330000000001 0.234375 0.5333330000000001 0.228906 0.538542 0.224219 0.541667 0.220312 0.54375 0.21484399999999998 0.5447919999999999 0.210938 0.545833 0.20703100000000002 0.545833 0.203125 0.553125 0.20078100000000002 0.559375 0.2 0.570833 0.20078100000000002 0.5802080000000001 0.204687 0.588542 0.210156 0.594792 0.21640600000000002 0.6 0.22265600000000002 0.603125 0.228906 0.605208 0.23906299999999997 0.60625
0 0.394531 0.584375 0.388281 0.579167 0.384375 0.5760419999999999 0.382031 0.569792 0.37421899999999997 0.565625 0.364844 0.565625 0.35625 0.56875 0.35 0.571875 0.34375 0.577083 0.342187 0.584375 0.339844 0.589583 0.335156 0.596875 0.334375 0.6072919999999999 0.3375 0.616667 0.341406 0.625 0.347656 0.629167 0.353125 0.63125 0.360938 0.634375 0.371094 0.633333 0.382031 0.628125 0.390625 0.619792 0.396094 0.609375 0.397656 0.6 0.397656 0.589583 0.394531 0.584375
0 0.30781200000000003 0.677083 0.315625 0.68125 0.324219 0.683333 0.335156 0.68125 0.342187 0.679167 0.35156200000000004 0.671875 0.357812 0.661458 0.359375 0.65 0.357812 0.6385419999999999 0.353125 0.630208 0.347656 0.623958 0.342187 0.620833 0.33281299999999997 0.61875 0.319531 0.619792 0.31171899999999997 0.621875 0.30468799999999996 0.630208 0.303125 0.639583 0.299219 0.647917 0.29609399999999997 0.652083 0.29765600000000003 0.6625 0.30156299999999997 0.670833 0.30781200000000003 0.677083
0 0.457031 0.65 0.45390600000000003 0.644792 0.45390600000000003 0.64375 0.44218799999999997 0.639583 0.435156 0.646875 0.428906 0.651042 0.423438 0.652083 0.415625 0.652083 0.411719 0.6583330000000001 0.409375 0.666667 0.407813 0.672917 0.40703100000000003 0.679167 0.410156 0.6854169999999999 0.41406200000000004 0.692708 0.423438 0.7 0.43281200000000003 0.702083 0.440625 0.7 0.45 0.696875 0.45781299999999997 0.690625 0.463281 0.682292 0.466406 0.670833 0.466406 0.663542 0.46406200000000003 0.65625 0.460156 0.653125 0.457031 0.65
0 0.48125 0.734375 0.482031 0.7208330000000001 0.480469 0.714583 0.47343799999999997 0.70625 0.464844 0.702083 0.45625 0.7010419999999999 0.44843700000000003 0.703125 0.441406 0.70625 0.435156 0.711458 0.430469 0.7166669999999999 0.428125 0.728125 0.428125 0.739583 0.430469 0.745833 0.434375 0.751042 0.44218799999999997 0.75625 0.45 0.759375 0.460156 0.757292 0.471094 0.751042 0.478125 0.744792 0.48125 0.734375
0 0.39140600000000003 0.74375 0.384375 0.741667 0.378125 0.742708 0.37578100000000003 0.757292 0.371094 0.765625 0.36406299999999997 0.771875 0.35625 0.775 0.35156200000000004 0.776042 0.34453100000000003 0.776042 0.34296899999999997 0.777083 0.345313 0.784375 0.352344 0.789583 0.35859399999999997 0.792708 0.37031200000000003 0.792708 0.380469 0.790625 0.38984399999999997 0.785417 0.396094 0.778125 0.4 0.76875 0.399219 0.760417 0.39843799999999996 0.751042 0.39140600000000003 0.74375
0 0.325 0.759375 0.324219 0.755208 0.325 0.748958 0.326562 0.74375 0.329688 0.739583 0.332031 0.7364580000000001 0.322656 0.733333 0.31328100000000003 0.734375 0.30468799999999996 0.739583 0.298438 0.74375 0.292969 0.75 0.289844 0.759375 0.28906200000000004 0.76875 0.291406 0.776042 0.29765600000000003 0.784375 0.30625 0.788542 0.32031200000000004 0.789583 0.329688 0.7875 0.3375 0.782292 0.341406 0.776042 0.332031 0.770833 0.328125 0.766667 0.325 0.759375
0 0.239844 0.708333 0.23125 0.70625 0.225 0.7 0.22109399999999998 0.696875 0.21875 0.69375 0.20781299999999997 0.69375 0.198437 0.697917 0.19375 0.707292 0.18984399999999998 0.7125 0.184375 0.715625 0.182031 0.7166669999999999 0.180469 0.722917 0.180469 0.73125 0.184375 0.738542 0.19140600000000002 0.745833 0.2 0.7520830000000001 0.208594 0.754167 0.217188 0.754167 0.228125 0.75 0.235937 0.745833 0.242188 0.7375 0.24531200000000003 0.727083 0.244531 0.717708 0.239844 0.708333
0 0.165625 0.633333 0.164844 0.6229169999999999 0.159375 0.614583 0.146094 0.609375 0.13671899999999998 0.604167 0.13281199999999999 0.596875 0.121094 0.596875 0.11484399999999999 0.60625 0.109375 0.6125 0.103125 0.614583 0.09765599999999999 0.616667 0.094531 0.626042 0.094531 0.636458 0.09765599999999999 0.645833 0.101562 0.651042 0.10625 0.65625 0.11640600000000001 0.663542 0.12890600000000002 0.665625 0.13828100000000002 0.666667 0.14843800000000001 0.6625 0.159375 0.655208 0.161719 0.65 0.16406199999999999 0.64375 0.165625 0.633333
0 0.710938 0.436458 0.710938 0.44583300000000003 0.707812 0.455208 0.702344 0.4625 0.703125 0.469792 0.705469 0.479167 0.709375 0.484375 0.713281 0.489583 0.720313 0.49375 0.728125 0.49375 0.740625 0.488542 0.75 0.479167 0.757812 0.46875 0.760156 0.459375 0.761719 0.446875 0.760938 0.433333 0.757812 0.428125 0.751563 0.422917 0.748437 0.421875 0.736719 0.426042 0.730469 0.426042 0.725 0.423958 0.713281 0.433333 0.710938 0.436458
0 0.80625 0.4875 0.814063 0.478125 0.81875 0.46875 0.823438 0.45625 0.8226559999999999 0.44479199999999997 0.820312 0.435417 0.817187 0.43020800000000003 0.810937 0.428125 0.804688 0.427083 0.794531 0.43020800000000003 0.789844 0.43020800000000003 0.785937 0.43020800000000003 0.775781 0.440625 0.76875 0.451042 0.765625 0.464583 0.765625 0.475 0.76875 0.485417 0.774219 0.49166699999999997 0.782031 0.494792 0.795312 0.49270800000000003 0.80625 0.4875
0 0.766406 0.519792 0.764844 0.527083 0.7625 0.5333330000000001 0.760156 0.539583 0.760938 0.5447919999999999 0.764062 0.55 0.770312 0.55625 0.777344 0.559375 0.785937 0.559375 0.798438 0.552083 0.80625 0.54375 0.810937 0.5333330000000001 0.8148440000000001 0.521875 0.8148440000000001 0.5125 0.814063 0.503125 0.808594 0.495833 0.801562 0.49375 0.795312 0.49166699999999997 0.7875 0.49270800000000003 0.777344 0.498958 0.771094 0.50625 0.766406 0.511458 0.766406 0.519792
0 0.715625 0.6385419999999999 0.722656 0.628125 0.726562 0.615625 0.727344 0.6072919999999999 0.726562 0.6 0.723437 0.592708 0.719531 0.590625 0.710938 0.5875 0.707031 0.5875 0.697656 0.594792 0.692187 0.601042 0.684375 0.598958 0.682813 0.598958 0.677344 0.6072919999999999 0.673438 0.616667 0.672656 0.625 0.673438 0.63125 0.676562 0.640625 0.684375 0.645833 0.694531 0.648958 0.705469 0.644792 0.715625 0.6385419999999999
0 0.647656 0.6270830000000001 0.657031 0.621875 0.664062 0.613542 0.66875 0.601042 0.669531 0.5916669999999999 0.66875 0.585417 0.664844 0.5760419999999999 0.660156 0.571875 0.65625 0.569792 0.650781 0.569792 0.644531 0.5760419999999999 0.638281 0.578125 0.633594 0.579167 0.630469 0.579167 0.625 0.5802080000000001 0.617969 0.589583 0.614062 0.6 0.613281 0.608333 0.613281 0.615625 0.617188 0.621875 0.623437 0.629167 0.632031 0.630208 0.639062 0.63125 0.647656 0.6270830000000001
0 0.600781 0.6697919999999999 0.6125 0.661458 0.620313 0.648958 0.622656 0.640625 0.623437 0.630208 0.619531 0.620833 0.615625 0.615625 0.610938 0.6125 0.605469 0.613542 0.600781 0.614583 0.59375 0.617708 0.589844 0.619792 0.584375 0.620833 0.578906 0.620833 0.573438 0.6270830000000001 0.570312 0.634375 0.567187 0.639583 0.567187 0.646875 0.567969 0.655208 0.570312 0.663542 0.577344 0.66875 0.585938 0.672917 0.59375 0.672917 0.600781 0.6697919999999999
0 0.613281 0.7125 0.621094 0.707292 0.627344 0.7 0.632031 0.691667 0.633594 0.68125 0.632812 0.672917 0.629687 0.666667 0.625 0.661458 0.619531 0.659375 0.615625 0.6583330000000001 0.610156 0.659375 0.602344 0.665625 0.596875 0.667708 0.591406 0.66875 0.589844 0.66875 0.58125 0.682292 0.579688 0.690625 0.580469 0.697917 0.582812 0.7052080000000001 0.585156 0.710417 0.589844 0.7125 0.596875 0.7166669999999999 0.604688 0.715625 0.613281 0.7125