0 0.356728 0.473954 0.366947 0.47480200000000006 0.375812 0.47057000000000004 0.382456 0.46167499999999995 0.38622999999999996 0.44898499999999997 0.386763 0.433744 0.384003 0.417442 0.37822 0.401677 0.369981 0.38799100000000003 0.360093 0.377723 0.349522 0.37188 0.339303 0.371032 0.330438 0.375263 0.323794 0.38415900000000003 0.32002 0.396848 0.31948699999999997 0.41208999999999996 0.322247 0.42839099999999997 0.32803 0.444156 0.33626900000000004 0.457843 0.346157 0.46810999999999997 0.356728 0.473954
0 0.45356399999999997 0.532406 0.44335500000000005 0.5329170000000001 0.434791 0.538262 0.42871 0.5479160000000001 0.42570699999999995 0.560936 0.426076 0.5760460000000001 0.429781 0.591767 0.43646 0.606561 0.445458 0.6189790000000001 0.45589500000000005 0.627806 0.46674899999999997 0.632178 0.47695699999999996 0.631666 0.485522 0.6263219999999999 0.491603 0.616667 0.494606 0.6036469999999999 0.49423700000000004 0.588538 0.490531 0.572816 0.48385300000000003 0.558022 0.47485499999999997 0.545604 0.46441800000000005 0.5367770000000001 0.45356399999999997 0.532406
0 0.40990099999999996 0.556621 0.419848 0.557033 0.428387 0.552577 0.434682 0.543687 0.43811799999999995 0.531235 0.438358 0.516439 0.43537800000000004 0.500748 0.42947100000000005 0.48569699999999993 0.421214 0.47275999999999996 0.411416 0.46320300000000003 0.40103600000000006 0.45796200000000004 0.39109 0.45755 0.382551 0.462007 0.37625600000000003 0.47089600000000004 0.37282000000000004 0.483348 0.37258 0.49814400000000003 0.37555900000000003 0.513836 0.381467 0.528886 0.389723 0.541823 0.399521 0.55138 0.40990099999999996 0.556621
0 0.478437 0.657931 0.468354 0.6587989999999999 0.460069 0.6644140000000001 0.454392 0.674226 0.45187999999999995 0.687275 0.452778 0.702283 0.456998 0.717781 0.464128 0.732253 0.473469 0.744281 0.484107 0.7526889999999999 0.495 0.756653 0.5050830000000001 0.755784 0.513368 0.750169 0.519045 0.740357 0.5215569999999999 0.727309 0.520659 0.7123 0.516439 0.696802 0.5093099999999999 0.68233 0.499969 0.6703020000000001 0.48933099999999996 0.661894 0.478437 0.657931
0 0.587353 0.431112 0.57397 0.434398 0.562676 0.44339300000000004 0.554577 0.457214 0.550465 0.47451 0.550743 0.493588 0.555385 0.512579 0.5639339999999999 0.529626 0.575555 0.543058 0.58911 0.551562 0.603272 0.554305 0.616655 0.551018 0.627949 0.542024 0.636048 0.5282020000000001 0.6401600000000001 0.5109060000000001 0.639882 0.49182899999999996 0.63524 0.472837 0.626691 0.45579099999999995 0.61507 0.44235800000000003 0.601515 0.433855 0.587353 0.431112
0 0.38623599999999997 0.1785 0.37478 0.17317 0.363576 0.17413700000000001 0.353719 0.181306 0.346174 0.19397599999999998 0.341681 0.21090599999999998 0.340679 0.23043999999999998 0.34326500000000004 0.250664 0.349188 0.2696 0.357867 0.28539400000000004 0.368452 0.2965 0.379907 0.30183 0.391112 0.300863 0.400969 0.293694 0.408513 0.281024 0.41300600000000004 0.264094 0.41400899999999996 0.24456000000000003 0.41142200000000007 0.224336 0.40549999999999997 0.20539999999999997 0.396821 0.189606 0.38623599999999997 0.1785
0 0.5429090000000001 0.564667 0.532694 0.566209 0.524249 0.572384 0.518402 0.582588 0.515724 0.595822 0.516478 0.6107899999999999 0.520589 0.626028 0.527657 0.640043 0.536987 0.651465 0.547668 0.6591739999999999 0.558654 0.662416 0.5688690000000001 0.660874 0.577313 0.654699 0.583161 0.644495 0.585839 0.631262 0.5850850000000001 0.616293 0.580973 0.601055 0.573906 0.58704 0.5645749999999999 0.575619 0.553894 0.567909 0.5429090000000001 0.564667
0 0.6808500000000001 0.67569 0.69334 0.670337 0.703117 0.659832 0.7092240000000001 0.645203 0.711064 0.627883 0.7084550000000001 0.609567 0.701654 0.592048 0.691326 0.577041 0.678482 0.566014 0.66438 0.560048 0.6504 0.5597260000000001 0.63791 0.56508 0.6281329999999999 0.575585 0.622026 0.590214 0.620186 0.607534 0.622795 0.62585 0.629596 0.6433690000000001 0.6399239999999999 0.658376 0.652768 0.669402 0.6668700000000001 0.675368 0.6808500000000001 0.67569
0 0.700464 0.58037 0.7148100000000001 0.575042 0.726558 0.563795 0.73456 0.547732 0.738032 0.528423 0.736634 0.50776 0.730502 0.487765 0.7202379999999999 0.470395 0.706846 0.45735000000000003 0.691636 0.44990800000000003 0.676098 0.448797 0.661753 0.454125 0.650004 0.46537100000000003 0.642002 0.481435 0.638531 0.500743 0.639929 0.5214070000000001 0.6460600000000001 0.5414019999999999 0.656324 0.558772 0.669717 0.571817 0.684926 0.579259 0.700464 0.58037
0 0.6656679999999999 0.46130699999999997 0.681801 0.46223099999999995 0.697039 0.45614600000000005 0.709891 0.44364800000000004 0.719098 0.42595900000000003 0.723758 0.40481100000000003 0.723417 0.38227500000000003 0.718106 0.360556 0.7083470000000001 0.34178000000000003 0.695094 0.327786 0.679645 0.319943 0.663511 0.319019 0.648273 0.325104 0.6354219999999999 0.337602 0.626215 0.35529099999999997 0.6215539999999999 0.376439 0.621896 0.39897499999999997 0.6272059999999999 0.420694 0.636965 0.43947 0.650218 0.453464 0.6656679999999999 0.46130699999999997
0 0.581102 0.307688 0.566479 0.306549 0.552844 0.31200700000000003 0.5415300000000001 0.32353 0.533645 0.33999 0.529962 0.359774 0.53084 0.38094700000000004 0.536193 0.40143500000000004 0.545499 0.419235 0.557845 0.432602 0.572023 0.440228 0.586646 0.44136800000000004 0.6002810000000001 0.435909 0.611595 0.424386 0.61948 0.40792700000000004 0.623163 0.388143 0.622285 0.36697 0.616932 0.346481 0.607626 0.32868200000000003 0.59528 0.315315 0.581102 0.307688
0 0.503828 0.487925 0.5163439999999999 0.487619 0.527412 0.481591 0.5359510000000001 0.470432 0.541123 0.45523300000000005 0.542423 0.437482 0.5397230000000001 0.418918 0.533287 0.40135699999999996 0.523747 0.38651800000000003 0.512034 0.375854 0.499297 0.37040799999999996 0.486781 0.370714 0.475713 0.376742 0.467174 0.387902 0.462002 0.40310100000000004 0.46070200000000006 0.42085100000000003 0.463402 0.439415 0.46983800000000003 0.456977 0.47937799999999997 0.471816 0.49109100000000006 0.48247999999999996 0.503828 0.487925
0 0.44923 0.126436 0.43647099999999994 0.121179 0.42396500000000004 0.122617 0.412938 0.130611 0.404467 0.144377 0.399383 0.162568 0.398183 0.18340399999999998 0.40098500000000004 0.204845 0.40751400000000004 0.22479100000000002 0.41713100000000003 0.241292 0.42889499999999997 0.25273 0.44165400000000005 0.257988 0.45416 0.256549 0.46518699999999996 0.248556 0.473658 0.23479 0.478742 0.21659799999999998 0.479942 0.195763 0.47714 0.174322 0.470611 0.15437499999999998 0.460994 0.137875 0.44923 0.126436
0 0.606267 0.33608699999999997 0.622644 0.34004599999999996 0.6387929999999999 0.336619 0.653133 0.32614 0.664261 0.30963599999999997 0.6710860000000001 0.28872200000000003 0.672942 0.265444 0.6696449999999999 0.242083 0.66152 0.22092399999999998 0.6493610000000001 0.204039 0.634358 0.19308 0.617981 0.189121 0.601832 0.192548 0.587492 0.20302699999999999 0.576364 0.219531 0.569539 0.24044500000000002 0.5676829999999999 0.263722 0.57098 0.287084 0.579105 0.308243 0.591264 0.325128 0.606267 0.33608699999999997
0 0.498706 0.246368 0.485039 0.24240599999999998 0.47169 0.24500000000000002 0.45996499999999996 0.253895 0.451011 0.268221 0.44570600000000005 0.286576 0.444569 0.307162 0.44771 0.32796400000000003 0.45482300000000003 0.346947 0.46521100000000004 0.362253 0.47785700000000003 0.372382 0.49152300000000004 0.376344 0.504873 0.37374999999999997 0.516598 0.36485500000000004 0.525551 0.350529 0.530856 0.332174 0.531994 0.31158800000000003 0.528853 0.290786 0.52174 0.271803 0.511352 0.25649700000000003 0.498706 0.246368
0 0.520874 0.255623 0.535435 0.261999 0.550352 0.261389 0.564163 0.253851 0.575518 0.240125 0.5833039999999999 0.22155300000000003 0.586759 0.19995400000000002 0.585545 0.17744100000000002 0.579782 0.15622 0.570032 0.138366 0.557251 0.125627 0.54269 0.119251 0.527773 0.119861 0.513962 0.12739899999999998 0.502607 0.141125 0.49482100000000007 0.159697 0.491366 0.18129599999999998 0.49257999999999996 0.203809 0.49834300000000004 0.22503 0.508093 0.24288400000000002 0.520874 0.255623
0 0.411719 0.283333 0.40703100000000003 0.28854199999999997 0.402344 0.29375 0.397656 0.301042 0.39375 0.313542 0.39140600000000003 0.323958 0.39140600000000003 0.342708 0.39375 0.353125 0.397656 0.36770800000000003 0.404687 0.380208 0.411719 0.390625 0.423438 0.39895800000000003 0.43281200000000003 0.402083 0.439844 0.402083 0.449219 0.401042 0.457031 0.394792 0.465625 0.38333300000000003 0.467187 0.377083 0.46796899999999997 0.36875 0.46875 0.360417 0.46875 0.353125 0.46093799999999996 0.34375 0.454688 0.329167 0.451562 0.314583 0.451562 0.307292 0.451562 0.301042 0.451562 0.297917 0.442969 0.28958300000000003 0.435937 0.284375 0.428906 0.282292 0.42109399999999997 0.280208 0.411719 0.283333
0 0.389062 0.339583 0.389062 0.327083 0.388281 0.31979199999999997 0.386719 0.311458 0.38593700000000003 0.30520800000000003 0.384375 0.298958 0.38281200000000004 0.294792 0.37578100000000003 0.292708 0.36718799999999996 0.2875 0.36406299999999997 0.284375 0.36015600000000003 0.28125 0.357812 0.277083 0.355469 0.27291699999999997 0.35468700000000003 0.269792 0.353125 0.266667 0.352344 0.264583 0.34375 0.263542 0.33906200000000003 0.264583 0.332031 0.267708 0.328125 0.271875 0.325 0.276042 0.321875 0.283333 0.32031200000000004 0.290625 0.319531 0.298958 0.31875 0.3125 0.319531 0.325 0.32343700000000003 0.340625 0.328125 0.35 0.33281299999999997 0.360417 0.338281 0.36875 0.34296899999999997 0.373958 0.347656 0.373958 0.35 0.375 0.355469 0.377083 0.359375 0.379167 0.361719 0.38229199999999997 0.372656 0.377083 0.38125 0.36875 0.384375 0.361458 0.386719 0.35208300000000003 0.389062 0.339583
0 0.414844 0.438542 0.416406 0.448958 0.420312 0.46145800000000003 0.424219 0.471875 0.427344 0.478125 0.435156 0.4875 0.44375 0.495833 0.458594 0.501042 0.46875 0.5020830000000001 0.47656200000000004 0.496875 0.482031 0.490625 0.485938 0.483333 0.488281 0.473958 0.482812 0.467708 0.478125 0.4625 0.475781 0.457292 0.471875 0.45 0.46875 0.439583 0.467187 0.428125 0.466406 0.415625 0.467187 0.404167 0.46796899999999997 0.4 0.460156 0.39375 0.45234399999999997 0.389583 0.44843700000000003 0.391667 0.44375 0.39375 0.440625 0.394792 0.4375 0.395833 0.434375 0.395833 0.430469 0.394792 0.425 0.402083 0.420312 0.408333 0.416406 0.417708 0.415625 0.427083 0.414844 0.438542
0 0.482812 0.541667 0.486719 0.55 0.491406 0.559375 0.49921899999999997 0.567708 0.505469 0.572917 0.51875 0.579167 0.527344 0.579167 0.535156 0.5760419999999999 0.542188 0.571875 0.546875 0.565625 0.552344 0.553125 0.55625 0.539583 0.55625 0.53125 0.554688 0.519792 0.551562 0.509375 0.549219 0.503125 0.546094 0.496875 0.54375 0.49166699999999997 0.540625 0.4875 0.5375 0.483333 0.532813 0.47708300000000003 0.528906 0.472917 0.525 0.47708300000000003 0.521875 0.480208 0.517969 0.482292 0.514062 0.483333 0.509375 0.484375 0.504687 0.483333 0.501563 0.482292 0.497656 0.48125 0.496094 0.480208 0.491406 0.47708300000000003 0.488281 0.475 0.486719 0.473958 0.477344 0.498958 0.47656200000000004 0.508333 0.477344 0.5177080000000001 0.478906 0.532292 0.482812 0.541667
0 0.541406 0.707292 0.542969 0.719792 0.546094 0.73125 0.550781 0.738542 0.55625 0.7479169999999999 0.564844 0.757292 0.577344 0.765625 0.589844 0.76875 0.599219 0.766667 0.605469 0.764583 0.610156 0.759375 0.614062 0.753125 0.615625 0.746875 0.615625 0.739583 0.614062 0.725 0.613281 0.717708 0.608594 0.713542 0.603125 0.708333 0.6 0.702083 0.596094 0.694792 0.592969 0.688542 0.590625 0.679167 0.590625 0.672917 0.58125 0.670833 0.572656 0.66875 0.564063 0.667708 0.557031 0.6697919999999999 0.550781 0.6739580000000001 0.545312 0.682292 0.542188 0.694792 0.541406 0.707292
0 0.65625 0.73125 0.664062 0.722917 0.669531 0.709375 0.669531 0.694792 0.66875 0.6854169999999999 0.667188 0.676042 0.664062 0.667708 0.658594 0.665625 0.651563 0.6625 0.644531 0.6583330000000001 0.636719 0.646875 0.632812 0.640625 0.628125 0.630208 0.621875 0.630208 0.614062 0.630208 0.608594 0.63125 0.601562 0.632292 0.595313 0.6375 0.591406 0.6427080000000001 0.5875 0.65 0.585938 0.657292 0.585156 0.665625 0.585156 0.6739580000000001 0.585938 0.683333 0.589063 0.691667 0.59375 0.703125 0.598437 0.709375 0.605469 0.719792 0.613281 0.727083 0.619531 0.73125 0.627344 0.734375 0.632812 0.7364580000000001 0.639844 0.7364580000000001 0.646875 0.7364580000000001 0.65625 0.73125
0 0.578906 0.5802080000000001 0.585156 0.589583 0.592187 0.596875 0.600781 0.602083 0.609375 0.605208 0.617188 0.60625 0.622656 0.605208 0.624219 0.59375 0.627344 0.585417 0.636719 0.575 0.640625 0.571875 0.646875 0.569792 0.653906 0.56875 0.653906 0.555208 0.648438 0.545833 0.64375 0.535417 0.639062 0.527083 0.63125 0.520833 0.627344 0.532292 0.621094 0.539583 0.615625 0.54375 0.610938 0.545833 0.60625 0.545833 0.600781 0.5447919999999999 0.595313 0.54375 0.590625 0.542708 0.5875 0.540625 0.582812 0.538542 0.577344 0.534375 0.575 0.53125 0.571875 0.528125 0.571094 0.540625 0.570312 0.5489580000000001 0.571094 0.558333 0.574219 0.56875 0.578906 0.5802080000000001