0 0.7734530000000001 0.465573 0.765799 0.480802 0.7649600000000001 0.49668599999999996 0.771017 0.511671 0.7833789999999999 0.5242899999999999 0.800834 0.533308 0.821674 0.537842 0.8438599999999999 0.537448 0.865219 0.532165 0.883661 0.522509 0.897381 0.509427 0.905035 0.494198 0.9058740000000001 0.478314 0.8998160000000001 0.463329 0.8874549999999999 0.45071000000000006 0.869999 0.44169200000000003 0.849159 0.437158 0.826973 0.437552 0.8056139999999999 0.442835 0.787172 0.45249100000000003 0.7734530000000001 0.465573
0 0.44420200000000004 0.177331 0.427561 0.188954 0.416277 0.20402900000000002 0.411455 0.221081 0.413567 0.23843899999999998 0.42240599999999995 0.254406 0.43710699999999997 0.267417 0.456231 0.2762 0.47790699999999997 0.279895 0.500011 0.27814 0.520381 0.27110599999999996 0.537023 0.259483 0.548307 0.24440800000000001 0.553129 0.22735699999999998 0.551017 0.209998 0.542177 0.194032 0.527476 0.18102000000000001 0.508352 0.172237 0.48667699999999997 0.168542 0.464572 0.170298 0.44420200000000004 0.177331
0 0.5816830000000001 0.17207699999999998 0.564527 0.183741 0.552985 0.19883299999999998 0.5481860000000001 0.21587399999999998 0.5506 0.23319600000000001 0.559992 0.249105 0.5754400000000001 0.262042 0.595434 0.270741 0.618016 0.274351 0.640976 0.272519 0.662067 0.265423 0.679223 0.25375899999999996 0.6907650000000001 0.23866700000000002 0.695564 0.22162600000000002 0.6931499999999999 0.20430399999999999 0.683758 0.188395 0.66831 0.175458 0.648316 0.166759 0.625734 0.16314900000000002 0.6027739999999999 0.164981 0.5816830000000001 0.17207699999999998
0 0.722988 0.15781 0.7057789999999999 0.16963999999999999 0.69402 0.185053 0.6888620000000001 0.202542 0.69081 0.220393 0.6996749999999999 0.236861 0.7145859999999999 0.25033099999999997 0.734086 0.25948699999999997 0.756266 0.263432 0.7789539999999999 0.261779 0.799929 0.25468999999999997 0.8171379999999999 0.24286 0.8288970000000001 0.227447 0.834055 0.209958 0.8321059999999999 0.192107 0.8232419999999999 0.175639 0.80833 0.162169 0.78883 0.153013 0.766651 0.149068 0.743963 0.150721 0.722988 0.15781
0 0.8720140000000001 0.344893 0.889473 0.334104 0.901844 0.319671 0.907917 0.30300699999999997 0.9070959999999999 0.285742 0.899464 0.269567 0.8857659999999999 0.256066 0.867343 0.246558 0.845999 0.24197700000000003 0.823823 0.242769 0.802986 0.24885700000000002 0.785527 0.259646 0.773156 0.274079 0.767083 0.29074300000000003 0.7679039999999999 0.308008 0.775536 0.324183 0.789234 0.337684 0.8076570000000001 0.347192 0.8290010000000001 0.351773 0.8511770000000001 0.350981 0.8720140000000001 0.344893
0 0.66206 0.260085 0.644652 0.270611 0.6323559999999999 0.284701 0.626375 0.300977 0.6272960000000001 0.31784599999999996 0.635027 0.333656 0.648813 0.34686 0.667303 0.356166 0.688688 0.360661 0.710874 0.35990700000000003 0.7316900000000001 0.353977 0.749098 0.343452 0.761394 0.32936200000000004 0.767375 0.313085 0.766454 0.296216 0.758723 0.28040600000000004 0.744937 0.267202 0.7264470000000001 0.257897 0.7050620000000001 0.253401 0.682876 0.254155 0.66206 0.260085
0 0.519352 0.267116 0.501943 0.277642 0.489647 0.291732 0.48366699999999996 0.30800900000000003 0.484587 0.32487699999999997 0.492319 0.340688 0.506104 0.353892 0.524594 0.363197 0.545979 0.367693 0.568166 0.366939 0.588982 0.361009 0.60639 0.350483 0.6186860000000001 0.336393 0.624666 0.32011599999999996 0.6237459999999999 0.303248 0.616015 0.287437 0.602229 0.274233 0.583739 0.264928 0.562354 0.260432 0.540168 0.26118600000000003 0.519352 0.267116
0 0.376643 0.26477300000000004 0.359235 0.275298 0.346939 0.289388 0.340959 0.30566499999999996 0.341879 0.322534 0.34961000000000003 0.338344 0.363396 0.351548 0.381886 0.360853 0.403271 0.36534900000000003 0.42545700000000003 0.364595 0.446273 0.358665 0.46368200000000004 0.34813900000000003 0.475978 0.334049 0.481958 0.31777299999999997 0.481038 0.300904 0.473306 0.285094 0.45952099999999996 0.27189 0.441031 0.26258400000000004 0.419646 0.258089 0.397459 0.258843 0.376643 0.26477300000000004
0 0.365066 0.276117 0.381137 0.264167 0.39161199999999996 0.248995 0.395464 0.23208600000000001 0.39231699999999997 0.21509499999999998 0.382478 0.199686 0.366911 0.187366 0.34714 0.179342 0.32509899999999997 0.176399 0.302946 0.17882499999999998 0.282851 0.18638300000000002 0.266779 0.198333 0.256305 0.213505 0.252452 0.23041399999999998 0.2556 0.247405 0.265439 0.262814 0.281006 0.275134 0.30077699999999996 0.283158 0.322818 0.286101 0.34497 0.283675 0.365066 0.276117
0 0.16732 0.29999600000000004 0.16583799999999999 0.317656 0.171676 0.33504 0.184264 0.350448 0.20236900000000002 0.36236999999999997 0.224219 0.36964 0.247674 0.37154600000000004 0.27044 0.367902 0.290287 0.359064 0.305273 0.345898 0.31393 0.329691 0.31541199999999997 0.312032 0.309574 0.294647 0.296986 0.27924000000000004 0.278881 0.26731699999999997 0.257031 0.26004700000000003 0.233576 0.258141 0.21081 0.261785 0.190963 0.270623 0.175977 0.28379 0.16732 0.29999600000000004
0 0.40530900000000003 0.41020200000000007 0.40572299999999994 0.393284 0.399152 0.376948 0.386241 0.362791 0.368253 0.352201 0.346949 0.346212 0.324413 0.345413 0.302853 0.34988 0.284379 0.35917699999999997 0.270798 0.37239300000000003 0.263441 0.38823599999999997 0.263027 0.405153 0.269598 0.42149000000000003 0.282509 0.43564600000000003 0.300497 0.446237 0.321801 0.452225 0.344337 0.45302499999999996 0.36589700000000003 0.448557 0.384371 0.439261 0.397952 0.426044 0.40530900000000003 0.41020200000000007
0 0.40530900000000003 0.41020200000000007 0.40572299999999994 0.393284 0.399152 0.376948 0.386241 0.362791 0.368253 0.352201 0.346949 0.346212 0.324413 0.345413 0.302853 0.34988 0.284379 0.35917699999999997 0.270798 0.37239300000000003 0.263441 0.38823599999999997 0.263027 0.405153 0.269598 0.42149000000000003 0.282509 0.43564600000000003 0.300497 0.446237 0.321801 0.452225 0.344337 0.45302499999999996 0.36589700000000003 0.448557 0.384371 0.439261 0.397952 0.426044 0.40530900000000003 0.41020200000000007
0 0.5467120000000001 0.41025600000000007 0.546879 0.394435 0.540521 0.379311 0.528258 0.366366 0.511292 0.356866 0.491284 0.35174099999999997 0.47019099999999997 0.35149400000000003 0.450079 0.356147 0.43291599999999997 0.365246 0.42038200000000003 0.377899 0.41370500000000004 0.392869 0.413537 0.40869 0.41989599999999994 0.42381399999999997 0.432158 0.436759 0.449124 0.44625899999999996 0.46913299999999997 0.451384 0.490226 0.451631 0.510338 0.446978 0.527501 0.437879 0.540034 0.425226 0.5467120000000001 0.41025600000000007
0 0.552451 0.397682 0.553373 0.414574 0.561204 0.430344 0.575178 0.44345100000000004 0.593927 0.45260999999999996 0.6156159999999999 0.456925 0.638121 0.455974 0.6592399999999999 0.44984999999999997 0.676905 0.439151 0.689388 0.424927 0.695465 0.408568 0.6945439999999999 0.391676 0.686712 0.37590599999999996 0.6727380000000001 0.362799 0.6539889999999999 0.35364 0.632301 0.349325 0.609795 0.350276 0.588677 0.3564 0.571011 0.367099 0.5585289999999999 0.38132299999999997 0.552451 0.397682
0 0.8223560000000001 0.391682 0.8244910000000001 0.407876 0.8331 0.422305 0.84734 0.433556 0.8658170000000001 0.44052800000000003 0.886722 0.442539 0.90801 0.43939199999999995 0.927595 0.43139500000000003 0.943562 0.41933 0.954347 0.40437900000000004 0.9588939999999999 0.38800500000000004 0.9567589999999999 0.371812 0.94815 0.357383 0.93391 0.346132 0.9154329999999999 0.339159 0.894528 0.337148 0.87324 0.34029600000000004 0.853655 0.348293 0.837688 0.360357 0.826903 0.37530800000000003 0.8223560000000001 0.391682
0 0.6238509999999999 0.490131 0.626522 0.5064420000000001 0.635773 0.521282 0.6507 0.533198 0.669841 0.541022 0.691322 0.54399 0.713041 0.541811 0.732872 0.534697 0.748873 0.523346 0.759478 0.508869 0.763649 0.492682 0.7609779999999999 0.47637 0.751727 0.46153000000000005 0.7368 0.449615 0.717659 0.44179 0.696178 0.43882199999999993 0.6744589999999999 0.441002 0.654628 0.44811500000000004 0.638627 0.45946600000000004 0.628022 0.47394400000000003 0.6238509999999999 0.490131
0 0.480101 0.489349 0.48277200000000003 0.505661 0.492023 0.520501 0.50695 0.532416 0.526091 0.540241 0.547572 0.5432089999999999 0.569291 0.541029 0.5891219999999999 0.533916 0.6051230000000001 0.522565 0.615728 0.508087 0.619899 0.49190100000000003 0.617228 0.475589 0.607977 0.460749 0.5930500000000001 0.448834 0.573909 0.44100900000000004 0.552428 0.438041 0.530709 0.44022100000000003 0.510878 0.447334 0.49487699999999996 0.458685 0.484272 0.473163 0.480101 0.489349
0 0.477684 0.482763 0.472978 0.467298 0.462047 0.45335200000000003 0.44596 0.44229 0.426291 0.43519399999999997 0.40496699999999997 0.43276000000000003 0.38407399999999997 0.435225 0.365658 0.44234799999999996 0.35152100000000003 0.453432 0.343048 0.467392 0.341066 0.482862 0.345772 0.498327 0.356703 0.512273 0.37279 0.523335 0.392459 0.530431 0.413783 0.5328649999999999 0.43467599999999995 0.5304 0.453092 0.523277 0.467229 0.512193 0.47570199999999996 0.49823300000000004 0.477684 0.482763
0 0.199992 0.488837 0.20459999999999998 0.504982 0.215692 0.519493 0.23218100000000003 0.5309470000000001 0.252454 0.538226 0.274526 0.5406150000000001 0.296236 0.537882 0.31545999999999996 0.530294 0.330316 0.518593 0.339349 0.503924 0.341675 0.487725 0.337067 0.47158 0.325975 0.45707000000000003 0.30948600000000004 0.445615 0.289213 0.43833700000000003 0.26714099999999996 0.435947 0.24542999999999998 0.43868 0.226206 0.446269 0.211351 0.45797 0.202318 0.472638 0.199992 0.488837
0 0.040133999999999996 0.504254 0.046473 0.520411 0.059275 0.5346460000000001 0.077288 0.5455669999999999 0.098747 0.552103 0.121553 0.553616 0.143472 0.549957 0.16236 0.541484 0.176367 0.5290269999999999 0.184122 0.513805 0.184866 0.49730800000000003 0.178527 0.481151 0.16572499999999998 0.466916 0.147712 0.455996 0.126253 0.44945899999999994 0.103447 0.447947 0.081528 0.45160600000000006 0.06264 0.460079 0.048632999999999996 0.472536 0.040878 0.487758 0.040133999999999996 0.504254
0 0.24796 0.40609400000000007 0.24263200000000001 0.389007 0.230481 0.373838 0.212695 0.36207 0.191015 0.354857 0.167563 0.352904 0.14463600000000001 0.356402 0.124476 0.365008 0.10905899999999999 0.377882 0.09989200000000001 0.393762 0.097874 0.411093 0.10320100000000001 0.42817999999999995 0.115353 0.44335 0.133139 0.455117 0.15481899999999998 0.462331 0.17826999999999998 0.464284 0.201198 0.460786 0.22135699999999997 0.452179 0.23677399999999998 0.43930600000000003 0.24594100000000002 0.42342599999999997 0.24796 0.40609400000000007
0 0.13600399999999999 0.579348 0.140276 0.5954349999999999 0.151006 0.609904 0.16714400000000001 0.6213390000000001 0.18711 0.62862 0.208949 0.631035 0.230524 0.628348 0.249723 0.6208199999999999 0.264667 0.60919 0.27389199999999997 0.594595 0.27649599999999996 0.578465 0.272224 0.562377 0.261494 0.547908 0.245356 0.536473 0.22538999999999998 0.529192 0.20355099999999998 0.5267769999999999 0.181976 0.529465 0.162777 0.5369919999999999 0.147833 0.548623 0.138608 0.5632170000000001 0.13600399999999999 0.579348
0 0.27134800000000003 0.574097 0.27389399999999997 0.590464 0.283075 0.605547 0.29799000000000003 0.617869 0.317181 0.626224 0.338769 0.629794 0.360641 0.6282300000000001 0.380655 0.621685 0.396853 0.6108 0.407648 0.5966400000000001 0.41198499999999993 0.58059 0.409439 0.5642229999999999 0.400259 0.549141 0.385343 0.536819 0.366152 0.5284639999999999 0.344564 0.5248929999999999 0.322693 0.526457 0.302678 0.533002 0.286481 0.543888 0.275685 0.558048 0.27134800000000003 0.574097
0 0.544828 0.568516 0.539562 0.5529550000000001 0.528077 0.539168 0.5114989999999999 0.5285070000000001 0.49145099999999997 0.522015 0.469893 0.5203260000000001 0.44893799999999995 0.5236080000000001 0.43063599999999996 0.5315369999999999 0.416778 0.543339 0.40872200000000003 0.557857 0.407255 0.573671 0.41252199999999994 0.589233 0.424006 0.603019 0.44058400000000003 0.61368 0.46063299999999996 0.6201730000000001 0.48219 0.621861 0.5031450000000001 0.61858 0.521447 0.610651 0.5353049999999999 0.598849 0.543361 0.5843309999999999 0.544828 0.568516
0 0.37251 0.617613 0.357176 0.628662 0.34725700000000004 0.642641 0.343725 0.658181 0.34692500000000004 0.673762 0.356544 0.6878580000000001 0.371641 0.6990890000000001 0.390737 0.706356 0.41196299999999997 0.708948 0.433242 0.706611 0.45248999999999995 0.6995739999999999 0.46782399999999996 0.688525 0.477743 0.674547 0.481275 0.659006 0.478075 0.643426 0.46845600000000004 0.6293300000000001 0.453359 0.6180990000000001 0.43426299999999995 0.610831 0.413037 0.608239 0.391758 0.610576 0.37251 0.617613
0 0.7109530000000001 0.556198 0.703299 0.571427 0.7024600000000001 0.5873109999999999 0.708517 0.602296 0.7208789999999999 0.614915 0.7383339999999999 0.623933 0.759174 0.628467 0.78136 0.628073 0.802719 0.62279 0.821161 0.613134 0.834881 0.600052 0.842535 0.584823 0.8433740000000001 0.5689390000000001 0.8373160000000001 0.553954 0.8249549999999999 0.541335 0.807499 0.532317 0.786659 0.527783 0.764473 0.528177 0.743114 0.53346 0.724672 0.543116 0.7109530000000001 0.556198
0 0.5544629999999999 0.576985 0.5580350000000001 0.5930310000000001 0.568059 0.607542 0.583556 0.619097 0.6030070000000001 0.626564 0.624509 0.6292139999999999 0.645957 0.626786 0.665252 0.619518 0.6805049999999999 0.608122 0.690222 0.5937140000000001 0.693453 0.577703 0.689882 0.5616559999999999 0.6798569999999999 0.547146 0.664361 0.5355909999999999 0.64491 0.528123 0.623408 0.525474 0.601959 0.527902 0.582665 0.535169 0.567412 0.546565 0.5576939999999999 0.5609740000000001 0.5544629999999999 0.576985
0 0.475392 0.6566080000000001 0.479512 0.672313 0.489921 0.686369 0.505599 0.6974009999999999 0.525012 0.7043280000000001 0.546258 0.706472 0.567259 0.703624 0.585959 0.696062 0.600527 0.684526 0.6095379999999999 0.670146 0.612108 0.6543300000000001 0.607988 0.638625 0.597579 0.624568 0.581901 0.613537 0.562488 0.60661 0.541242 0.6044660000000001 0.5202410000000001 0.607314 0.501541 0.614876 0.486973 0.6264109999999999 0.47796200000000005 0.640791 0.475392 0.6566080000000001
0 0.625413 0.6675340000000001 0.631375 0.683084 0.643443 0.696467 0.660435 0.706372 0.680689 0.711829 0.702221 0.712305 0.722924 0.7077530000000001 0.740771 0.698618 0.754015 0.685794 0.76136 0.670538 0.762087 0.654341 0.756125 0.638791 0.744057 0.625408 0.727065 0.615503 0.706811 0.610046 0.685279 0.60957 0.6645760000000001 0.614122 0.646729 0.623257 0.6334850000000001 0.636081 0.62614 0.651337 0.625413 0.6675340000000001
0 0.662177 0.700609 0.645473 0.691568 0.625644 0.686717 0.60463 0.6865319999999999 0.584489 0.691029 0.567191 0.69977 0.554431 0.7118979999999999 0.547456 0.726226 0.546951 0.741352 0.552964 0.755795 0.564906 0.768141 0.58161 0.777182 0.601439 0.782033 0.6224529999999999 0.7822180000000001 0.642594 0.777721 0.6598919999999999 0.76898 0.6726530000000001 0.7568520000000001 0.679627 0.742524 0.680133 0.727398 0.67412 0.712955 0.662177 0.700609
0 0.533411 0.704712 0.516282 0.695865 0.49602899999999994 0.6912480000000001 0.474635 0.69131 0.454195 0.696047 0.436709 0.704995 0.42388899999999996 0.7172769999999999 0.41699 0.731692 0.416686 0.746828 0.42300899999999997 0.761205 0.43533900000000003 0.773413 0.452468 0.7822600000000001 0.47272100000000006 0.7868769999999999 0.494115 0.786815 0.514555 0.782078 0.532041 0.77313 0.544861 0.760848 0.55176 0.746433 0.552064 0.731297 0.545741 0.71692 0.533411 0.704712
0 0.30255 0.7790860000000001 0.319672 0.788136 0.340068 0.792995 0.36174300000000004 0.7931860000000001 0.382574 0.788691 0.400523 0.779949 0.41383200000000003 0.767818 0.42119799999999996 0.753483 0.42190099999999997 0.738348 0.41587199999999996 0.723895 0.4037 0.7115389999999999 0.386578 0.702489 0.366182 0.69763 0.344507 0.6974389999999999 0.32367599999999996 0.701934 0.30572699999999997 0.7106760000000001 0.29241799999999996 0.722807 0.28505199999999997 0.737142 0.284349 0.7522770000000001 0.29037799999999997 0.76673 0.30255 0.7790860000000001
0 0.19636 0.697525 0.178326 0.705035 0.164656 0.716182 0.15669 0.7298739999999999 0.155206 0.744772 0.160351 0.759417 0.17161900000000002 0.772375 0.18791 0.782378 0.207626 0.788447 0.22884000000000002 0.7899879999999999 0.24947400000000003 0.78685 0.26750799999999997 0.77934 0.281177 0.768193 0.28914300000000004 0.7545010000000001 0.290627 0.739603 0.28548300000000004 0.724958 0.274214 0.712 0.257924 0.701997 0.238207 0.695928 0.216994 0.6943870000000001 0.19636 0.697525
0 0.118428 0.620831 0.09921100000000001 0.6277860000000001 0.08425200000000001 0.638675 0.075015 0.6524300000000001 0.072405 0.6677069999999999 0.076676 0.68301 0.087411 0.69684 0.103559 0.7078439999999999 0.123539 0.714944 0.145396 0.7174470000000001 0.166989 0.715106 0.186206 0.708151 0.20116499999999998 0.697263 0.21040199999999998 0.683507 0.21301199999999998 0.66823 0.208741 0.652928 0.198006 0.6390979999999999 0.18185800000000002 0.628094 0.16187800000000002 0.620993 0.140021 0.618491 0.118428 0.620831
0 0.253844 0.614581 0.234627 0.6215360000000001 0.21966800000000003 0.632425 0.210432 0.64618 0.20782099999999998 0.661457 0.212092 0.67676 0.22282799999999997 0.69059 0.238975 0.7015939999999999 0.258956 0.708694 0.280812 0.7111970000000001 0.302406 0.708856 0.321623 0.701901 0.336582 0.691013 0.345818 0.677257 0.348429 0.66198 0.344158 0.646678 0.333422 0.632848 0.31727500000000003 0.6218440000000001 0.297294 0.614743 0.27543799999999996 0.612241 0.253844 0.614581
0 0.689951 0.392994 0.6908730000000001 0.40988600000000003 0.698704 0.425657 0.712678 0.43876299999999996 0.7314269999999999 0.447922 0.753116 0.45223800000000003 0.775621 0.45128599999999996 0.79674 0.445162 0.814405 0.434464 0.826888 0.42023900000000003 0.8329650000000001 0.403881 0.832044 0.38698899999999997 0.824212 0.371218 0.810238 0.358112 0.791489 0.34895299999999996 0.769801 0.34463699999999997 0.747295 0.34558900000000004 0.7261770000000001 0.351713 0.708511 0.362411 0.696029 0.376636 0.689951 0.392994
0 0.601042 0.115625 0.6 0.125 0.6 0.1375 0.602083 0.146094 0.60625 0.151562 0.610417 0.157812 0.614583 0.161719 0.619792 0.165625 0.63125 0.166406 0.6427080000000001 0.16796899999999998 0.652083 0.171094 0.6583330000000001 0.173437 0.664583 0.177344 0.6697919999999999 0.18125 0.682292 0.17968800000000001 0.690625 0.178906 0.698958 0.17578100000000002 0.70625 0.171875 0.7166669999999999 0.164844 0.722917 0.16015600000000002 0.730208 0.151562 0.734375 0.145313 0.7375 0.1375 0.738542 0.12890600000000002 0.738542 0.120313 0.735417 0.1125 0.7322919999999999 0.104688 0.727083 0.09765599999999999 0.7208330000000001 0.092188 0.7166669999999999 0.0875 0.711458 0.083594 0.703125 0.079687 0.690625 0.076563 0.677083 0.073438 0.66875 0.072656 0.65625 0.073438 0.6427080000000001 0.077344 0.630208 0.08203099999999999 0.61875 0.08984400000000001 0.610417 0.096875 0.605208 0.105469 0.601042 0.115625
0 0.467708 0.117188 0.464583 0.125781 0.463542 0.13281199999999999 0.464583 0.141406 0.466667 0.14843800000000001 0.469792 0.154688 0.472917 0.159375 0.47708300000000003 0.164844 0.482292 0.16953100000000002 0.485417 0.171875 0.49270800000000003 0.171875 0.501042 0.173437 0.511458 0.177344 0.5177080000000001 0.17968800000000001 0.526042 0.184375 0.534375 0.18515600000000002 0.541667 0.18515600000000002 0.55 0.184375 0.561458 0.18125 0.570833 0.176563 0.58125 0.171094 0.5875 0.164844 0.59375 0.15625 0.596875 0.149219 0.6 0.142187 0.6 0.135156 0.6 0.12734399999999998 0.597917 0.117188 0.594792 0.110937 0.590625 0.104688 0.5875 0.1 0.582292 0.094531 0.5760419999999999 0.089063 0.567708 0.085938 0.558333 0.08203099999999999 0.5489580000000001 0.079687 0.5375 0.078906 0.527083 0.078906 0.5177080000000001 0.080469 0.508333 0.08203099999999999 0.5020830000000001 0.084375 0.494792 0.0875 0.4875 0.090625 0.48125 0.095312 0.475 0.10390600000000001 0.469792 0.109375 0.467708 0.117188
0 0.33541699999999997 0.126562 0.332292 0.132031 0.330208 0.139063 0.330208 0.14843800000000001 0.330208 0.15625 0.333333 0.163281 0.33645800000000003 0.16953100000000002 0.342708 0.176563 0.346875 0.18125 0.355208 0.186719 0.365625 0.192969 0.376042 0.196875 0.3875 0.19921899999999998 0.396875 0.2 0.408333 0.19921899999999998 0.417708 0.198437 0.426042 0.194531 0.43125 0.189062 0.436458 0.184375 0.441667 0.180469 0.447917 0.178125 0.453125 0.176563 0.45625 0.175 0.46041699999999997 0.16875 0.463542 0.16406199999999999 0.466667 0.15859399999999998 0.467708 0.15234399999999998 0.467708 0.146875 0.466667 0.140625 0.464583 0.13281199999999999 0.46145800000000003 0.125781 0.457292 0.11953100000000001 0.453125 0.114062 0.44479199999999997 0.10703100000000002 0.438542 0.10234399999999999 0.43020800000000003 0.099219 0.422917 0.096094 0.411458 0.09375 0.401042 0.092969 0.386458 0.09375 0.379167 0.095312 0.371875 0.098437 0.365625 0.10078100000000001 0.357292 0.104688 0.35 0.110156 0.34375 0.115625 0.339583 0.120313 0.33541699999999997 0.126562
0 0.121875 0.21640600000000002 0.11979200000000001 0.22343799999999997 0.11875 0.23125 0.11979200000000001 0.23828100000000002 0.121875 0.24609399999999998 0.12604200000000002 0.253906 0.130208 0.26093700000000003 0.134375 0.26484399999999997 0.13958299999999998 0.26875 0.144792 0.274219 0.152083 0.277344 0.158333 0.28046899999999997 0.16458299999999998 0.28203100000000003 0.17083299999999998 0.283594 0.176042 0.284375 0.17916700000000002 0.285156 0.183333 0.28125 0.189583 0.275781 0.19375 0.271875 0.201042 0.267969 0.209375 0.26484399999999997 0.21875 0.261719 0.228125 0.26093700000000003 0.236458 0.260156 0.24583300000000002 0.26093700000000003 0.248958 0.255469 0.252083 0.25078100000000003 0.254167 0.24609399999999998 0.254167 0.239844 0.254167 0.23046899999999998 0.254167 0.224219 0.251042 0.21640600000000002 0.246875 0.209375 0.242708 0.202344 0.2375 0.197656 0.23020800000000002 0.192969 0.22291699999999998 0.189062 0.21458300000000002 0.185938 0.202083 0.182812 0.189583 0.18125 0.178125 0.18125 0.167708 0.182812 0.159375 0.18515600000000002 0.146875 0.190625 0.138542 0.196875 0.13229200000000002 0.202344 0.128125 0.20781299999999997 0.121875 0.21640600000000002
0 0.041666999999999996 0.303906 0.039583 0.314063 0.040625 0.325781 0.04375 0.334375 0.047917 0.342187 0.055208 0.35156200000000004 0.0625 0.357031 0.07083300000000001 0.3625 0.078125 0.366406 0.088542 0.369531 0.1 0.371875 0.11041700000000002 0.372656 0.116667 0.372656 0.11875 0.372656 0.125 0.367969 0.13229200000000002 0.36406299999999997 0.1375 0.360938 0.144792 0.35859399999999997 0.15 0.357812 0.15625 0.357031 0.161458 0.35625 0.166667 0.35 0.169792 0.346094 0.173958 0.341406 0.177083 0.335156 0.173958 0.328125 0.171875 0.321875 0.169792 0.314844 0.17083299999999998 0.308594 0.171875 0.303125 0.17291700000000002 0.29609399999999997 0.167708 0.28906200000000004 0.16354200000000002 0.28593799999999997 0.15729200000000002 0.28125 0.153125 0.278125 0.145833 0.274219 0.13958299999999998 0.271094 0.13333299999999998 0.26875 0.125 0.26640600000000003 0.113542 0.26484399999999997 0.1 0.26484399999999997 0.08645800000000001 0.26640600000000003 0.077083 0.269531 0.06875 0.27343799999999996 0.059375 0.278906 0.052083000000000004 0.285156 0.046875 0.291406 0.04375 0.296875 0.041666999999999996 0.303906