0 0.28456000000000004 0.515281 0.291612 0.519709 0.29933200000000004 0.520983 0.306964 0.51898 0.313762 0.513895 0.319059 0.506227 0.32233900000000004 0.49672499999999997 0.323278 0.48632099999999995 0.321786 0.476032 0.31800799999999996 0.46686500000000003 0.312315 0.45971900000000004 0.305263 0.455291 0.297543 0.454017 0.289911 0.45602 0.283113 0.461105 0.277816 0.468773 0.274536 0.478275 0.273597 0.48867900000000003 0.27508900000000003 0.49896799999999997 0.27886700000000003 0.508135 0.28456000000000004 0.515281
0 0.21905999999999998 0.323033 0.21187299999999998 0.318298 0.203906 0.316667 0.195939 0.318298 0.188752 0.323033 0.183049 0.330407 0.17938700000000002 0.33969900000000003 0.178125 0.35 0.17938700000000002 0.360301 0.183049 0.369593 0.188752 0.376967 0.195939 0.381702 0.203906 0.38333300000000003 0.21187299999999998 0.381702 0.21905999999999998 0.376967 0.22476400000000002 0.369593 0.22842600000000002 0.360301 0.22968700000000003 0.35 0.22842600000000002 0.33969900000000003 0.22476400000000002 0.330407 0.21905999999999998 0.323033
0 0.239844 0.482151 0.24687800000000001 0.486886 0.254677 0.488521 0.26247699999999996 0.48689499999999997 0.269515 0.482167 0.275101 0.4748 0.278689 0.465515 0.279927 0.455222 0.278695 0.444927 0.275113 0.435639 0.269531 0.428266 0.262497 0.423531 0.254698 0.421896 0.246898 0.423522 0.23986000000000002 0.42824999999999996 0.234274 0.435617 0.230686 0.44490100000000005 0.229448 0.45519499999999996 0.23068 0.465489 0.23426200000000003 0.474778 0.239844 0.482151
0 0.329163 0.328579 0.321645 0.324261 0.313461 0.323176 0.305412 0.32543099999999997 0.298287 0.330804 0.292782 0.33877 0.289437 0.34855 0.28857900000000003 0.359185 0.290292 0.369634 0.294408 0.378876 0.30052500000000004 0.38600500000000004 0.30804299999999996 0.39032300000000003 0.316227 0.391407 0.324275 0.38915299999999997 0.331401 0.383779 0.336905 0.375813 0.34025 0.366034 0.341109 0.355399 0.339396 0.344949 0.335279 0.33570700000000003 0.329163 0.328579
0 0.18125 0.440484 0.18828499999999998 0.445219 0.19608399999999998 0.446854 0.203884 0.445228 0.210921 0.4405 0.216507 0.43313300000000005 0.220095 0.423849 0.221334 0.413555 0.22010100000000002 0.403261 0.216519 0.393972 0.210938 0.386599 0.203903 0.381864 0.196104 0.38022900000000004 0.188304 0.381855 0.18126599999999998 0.386583 0.17568 0.39394999999999997 0.172092 0.403235 0.170854 0.413528 0.17208600000000002 0.42382299999999995 0.175668 0.43311099999999997 0.18125 0.440484
0 0.288181 0.319224 0.295303 0.324386 0.303266 0.32634599999999997 0.311293 0.324911 0.318596 0.320221 0.324462 0.312737 0.328315 0.30318999999999996 0.329779 0.29251499999999997 0.32871 0.281757 0.325214 0.271969 0.319631 0.26410900000000004 0.31251 0.258947 0.304546 0.256988 0.29652 0.25842299999999996 0.28921600000000003 0.263112 0.283351 0.270596 0.27949799999999997 0.280143 0.278034 0.290818 0.279102 0.301576 0.282599 0.31136400000000003 0.288181 0.319224
0 0.227344 0.419651 0.23437800000000003 0.424386 0.242177 0.426021 0.24997699999999998 0.42439499999999997 0.257015 0.419667 0.262601 0.4123 0.266189 0.403015 0.26742699999999997 0.392722 0.266195 0.38242699999999996 0.262613 0.373139 0.257031 0.365766 0.24999699999999997 0.361031 0.242198 0.359396 0.23439800000000002 0.361022 0.22736 0.36575 0.221774 0.37311700000000003 0.218186 0.382401 0.216948 0.392695 0.21817999999999999 0.402989 0.22176200000000001 0.412278 0.227344 0.419651
0 0.313956 0.582512 0.307666 0.578557 0.300778 0.577414 0.293967 0.579196 0.287899 0.583728 0.283169 0.590567 0.28024 0.599043 0.279397 0.608326 0.28072400000000003 0.6175080000000001 0.284092 0.62569 0.289169 0.632071 0.295459 0.636027 0.30234700000000003 0.637169 0.309158 0.6353869999999999 0.315226 0.630855 0.319956 0.624016 0.322885 0.61554 0.323728 0.606257 0.322401 0.597075 0.319033 0.588893 0.313956 0.582512
0 0.259853 0.495151 0.253069 0.49089900000000003 0.245601 0.489578 0.23818199999999998 0.49131600000000003 0.23153800000000002 0.495943 0.22631800000000002 0.503007 0.223034 0.5118159999999999 0.222007 0.5215080000000001 0.22333799999999998 0.531133 0.226896 0.539751 0.23233399999999998 0.546516 0.239119 0.5507679999999999 0.24658600000000003 0.5520889999999999 0.254005 0.550351 0.26065 0.545723 0.26587 0.538659 0.269154 0.5298499999999999 0.270181 0.520159 0.26885 0.510533 0.265291 0.501916 0.259853 0.495151
0 0.19140600000000002 0.502984 0.198441 0.507719 0.20623999999999998 0.509354 0.21404 0.507728 0.22107700000000002 0.503 0.226663 0.49563300000000005 0.23025099999999998 0.486349 0.23149000000000003 0.476055 0.230258 0.465761 0.22667500000000002 0.45647200000000004 0.22109399999999998 0.449099 0.214059 0.44436400000000004 0.20626000000000003 0.44272900000000004 0.19846 0.444355 0.191423 0.449083 0.185837 0.45644999999999997 0.182249 0.465735 0.18101 0.476028 0.182242 0.48632299999999995 0.185825 0.49561099999999997 0.19140600000000002 0.502984
0 0.267793 0.558116 0.260973 0.553551 0.253384 0.551901 0.24577 0.553328 0.238876 0.5576920000000001 0.233377 0.564566 0.229811 0.573277 0.228526 0.582973 0.22965 0.592703 0.233072 0.6015170000000001 0.238457 0.6085510000000001 0.24527700000000002 0.613116 0.252866 0.614766 0.26048 0.6133390000000001 0.267374 0.608975 0.27287300000000003 0.602101 0.276439 0.5933900000000001 0.27772399999999997 0.583694 0.2766 0.573963 0.27317800000000003 0.56515 0.267793 0.558116
0 0.307377 0.520383 0.300572 0.516064 0.2931 0.51476 0.28569100000000003 0.516599 0.27907099999999996 0.5214030000000001 0.273888 0.5287 0.27064900000000003 0.537775 0.269671 0.5477420000000001 0.27105100000000004 0.557624 0.274652 0.566453 0.280123 0.573367 0.28692799999999996 0.577686 0.2944 0.57899 0.301809 0.577151 0.308429 0.5723469999999999 0.313612 0.56505 0.316851 0.555975 0.31782900000000003 0.5460079999999999 0.316449 0.536126 0.312848 0.527297 0.307377 0.520383
0 0.274219 0.438401 0.28125300000000003 0.443136 0.289052 0.44477099999999997 0.296852 0.443145 0.30389 0.438417 0.309476 0.43105000000000004 0.313064 0.421765 0.31430199999999997 0.411472 0.31307 0.401177 0.309488 0.39188900000000004 0.303906 0.38451599999999997 0.29687199999999997 0.37978100000000004 0.289073 0.378146 0.281273 0.379772 0.274235 0.3845 0.268649 0.391867 0.265061 0.40115100000000004 0.26382300000000003 0.41144499999999995 0.265055 0.421739 0.268637 0.43102799999999997 0.274219 0.438401
0 0.251562 0.36444200000000004 0.258597 0.369178 0.26639599999999997 0.37081200000000003 0.274196 0.369186 0.281234 0.364458 0.28681999999999996 0.357092 0.290408 0.34780700000000003 0.29164599999999996 0.337514 0.290414 0.32721900000000004 0.28683200000000003 0.31793 0.28125 0.310558 0.274215 0.305822 0.266416 0.304188 0.258616 0.305814 0.251579 0.310542 0.245993 0.31790799999999997 0.24240499999999998 0.32719299999999996 0.241166 0.337486 0.24239899999999998 0.347781 0.245981 0.35707 0.251562 0.36444200000000004
0 0.41473000000000004 0.269142 0.40737500000000004 0.26554500000000003 0.399527 0.265116 0.391955 0.267899 0.385401 0.273619 0.380504 0.281718 0.377746 0.29140299999999997 0.37739500000000004 0.301725 0.379486 0.31167500000000004 0.383815 0.320278 0.38995799999999997 0.326691 0.39731299999999997 0.330289 0.40515999999999996 0.33071700000000004 0.412732 0.327935 0.419287 0.322214 0.42418300000000003 0.31411500000000003 0.42694200000000004 0.30443 0.427292 0.294108 0.42520100000000005 0.284159 0.42087199999999997 0.275556 0.41473000000000004 0.269142
0 0.244531 0.299859 0.251566 0.304594 0.25936499999999996 0.306229 0.267165 0.304603 0.274202 0.299875 0.27978800000000004 0.292508 0.28337599999999996 0.28322400000000003 0.284615 0.27293 0.283383 0.262636 0.2798 0.253347 0.274219 0.245974 0.267184 0.24123899999999998 0.25938500000000003 0.239604 0.251585 0.24123 0.244548 0.24595799999999998 0.23896199999999998 0.25332499999999997 0.23537400000000003 0.26261 0.23413499999999998 0.272903 0.23536700000000002 0.283198 0.23895 0.29248599999999997 0.244531 0.299859
0 0.250656 0.173957 0.243443 0.168886 0.235419 0.167065 0.22736900000000002 0.168672 0.22008100000000003 0.173549 0.214269 0.18122 0.21050200000000002 0.190932 0.20914700000000003 0.201737 0.210339 0.21257500000000001 0.21396 0.22238600000000003 0.219656 0.23020999999999997 0.226869 0.23528 0.234894 0.237101 0.242944 0.235495 0.250231 0.230617 0.256043 0.222947 0.259811 0.213234 0.261165 0.20243000000000003 0.259973 0.191592 0.256352 0.181781 0.250656 0.173957
0 0.271001 0.237647 0.278322 0.24273899999999998 0.286466 0.244566 0.29463300000000003 0.242948 0.302027 0.238044 0.307921 0.23033299999999998 0.311741 0.220571 0.31311100000000003 0.20971299999999998 0.311897 0.198821 0.308219 0.188963 0.30243600000000004 0.181103 0.295115 0.176011 0.286972 0.174184 0.278804 0.17580199999999999 0.27141099999999996 0.180706 0.265516 0.188417 0.26169699999999996 0.198179 0.26032700000000003 0.209037 0.26154 0.21992899999999999 0.265219 0.22978700000000002 0.271001 0.237647
0 0.308501 0.193897 0.315822 0.198989 0.32396600000000003 0.20081600000000002 0.332133 0.19919800000000001 0.339527 0.194294 0.345421 0.186583 0.349241 0.176821 0.350611 0.165963 0.349397 0.15507100000000001 0.345719 0.14521299999999998 0.339936 0.137353 0.332615 0.13226100000000002 0.324472 0.130434 0.31630400000000003 0.132052 0.308911 0.13695600000000002 0.303016 0.144667 0.299197 0.15442899999999998 0.297827 0.16528700000000002 0.29904000000000003 0.176179 0.302719 0.186037 0.308501 0.193897
0 0.351074 0.204651 0.343895 0.199798 0.33593799999999996 0.198126 0.32798 0.199798 0.320801 0.204651 0.315103 0.21221 0.311446 0.22173400000000001 0.31018500000000004 0.232292 0.311446 0.242849 0.315103 0.252374 0.320801 0.259932 0.32798 0.264785 0.33593799999999996 0.266457 0.343895 0.264785 0.351074 0.259932 0.356772 0.252374 0.360429 0.242849 0.36168999999999996 0.232292 0.360429 0.22173400000000001 0.356772 0.21221 0.351074 0.204651
0 0.389356 0.165068 0.382177 0.160215 0.37421899999999997 0.158543 0.366261 0.160215 0.359082 0.165068 0.353385 0.172626 0.349727 0.182151 0.348466 0.192708 0.349727 0.203266 0.353385 0.21278999999999998 0.359082 0.220349 0.366261 0.22520199999999999 0.37421899999999997 0.22687400000000002 0.382177 0.22520199999999999 0.389356 0.220349 0.395053 0.21278999999999998 0.398711 0.203266 0.39997099999999997 0.192708 0.398711 0.182151 0.395053 0.172626 0.389356 0.165068
0 0.526487 0.181953 0.519848 0.176293 0.512261 0.173769 0.504467 0.174628 0.49722999999999995 0.178787 0.491259 0.185838 0.487137 0.19509 0.485269 0.20564 0.48583600000000005 0.216452 0.488785 0.22647 0.493825 0.234713 0.500464 0.240374 0.508052 0.242898 0.515846 0.24203800000000003 0.5230819999999999 0.23788 0.529054 0.230829 0.533176 0.221576 0.535044 0.211027 0.534476 0.20021399999999998 0.531528 0.190196 0.526487 0.181953
0 0.426894 0.331092 0.41996599999999995 0.32605300000000004 0.41223099999999996 0.324175 0.40444599999999997 0.325639 0.39737300000000003 0.33030499999999996 0.391704 0.33771300000000004 0.387994 0.34714100000000003 0.38660700000000003 0.357664 0.387677 0.36825199999999997 0.39110100000000003 0.37787000000000004 0.396544 0.385575 0.40347099999999997 0.390613 0.41120599999999996 0.392492 0.418991 0.391027 0.426065 0.386362 0.43173399999999995 0.378953 0.43544299999999997 0.369526 0.436831 0.359003 0.43576 0.34841500000000003 0.432336 0.338797 0.426894 0.331092
0 0.36829999999999996 0.26963400000000004 0.36137199999999997 0.264595 0.353637 0.262716 0.345852 0.264181 0.338779 0.26884600000000003 0.33311 0.27625500000000003 0.3294 0.285682 0.328013 0.296205 0.32908400000000004 0.306794 0.33250799999999997 0.316411 0.33795000000000003 0.32411599999999996 0.344878 0.329155 0.352613 0.331034 0.360398 0.329569 0.367471 0.32490399999999997 0.37313999999999997 0.31749499999999997 0.37685 0.308068 0.378237 0.297545 0.377166 0.286956 0.373742 0.277339 0.36829999999999996 0.26963400000000004
0 0.41484899999999997 0.443527 0.42168799999999995 0.44825600000000004 0.42930999999999997 0.44999500000000003 0.43696900000000005 0.448574 0.44391499999999995 0.44413099999999994 0.449469 0.437102 0.453086 0.428174 0.454413 0.418222 0.453319 0.40822 0.449912 0.39914700000000003 0.44452600000000003 0.39188999999999996 0.43768700000000005 0.387161 0.43006500000000003 0.38542200000000004 0.42240599999999995 0.386843 0.41546000000000005 0.39128599999999997 0.409906 0.39831500000000003 0.406289 0.407242 0.404962 0.417194 0.406056 0.42719699999999994 0.409463 0.43627000000000005 0.41484899999999997 0.443527
0 0.379238 0.334217 0.37231000000000003 0.329178 0.364575 0.32730000000000004 0.35679 0.328764 0.349717 0.33343 0.344048 0.34083800000000003 0.340338 0.350266 0.33895 0.36078899999999997 0.340021 0.37137699999999996 0.343445 0.38099500000000003 0.348887 0.3887 0.355815 0.39373800000000003 0.36355 0.395617 0.371335 0.394152 0.37840799999999997 0.389487 0.384077 0.38207800000000003 0.387787 0.372651 0.389175 0.362128 0.388104 0.35154 0.38468 0.341922 0.379238 0.334217
0 0.320584 0.46955 0.327422 0.474333 0.335017 0.47602 0.342625 0.47444699999999995 0.349502 0.469766 0.354976 0.462437 0.358509 0.453177 0.359756 0.44289199999999995 0.358595 0.432589 0.35514 0.423276 0.349729 0.415866 0.342891 0.411083 0.335296 0.409396 0.327687 0.41097 0.32081 0.415651 0.315337 0.42298 0.311804 0.43224 0.310557 0.442525 0.311717 0.45282799999999995 0.31517300000000004 0.46214000000000005 0.320584 0.46955
0 0.398409 0.395883 0.391479 0.391595 0.383853 0.390271 0.376279 0.392041 0.369497 0.396731 0.36417099999999997 0.403882 0.360824 0.412795 0.359781 0.422597 0.361146 0.432327 0.364785 0.441035 0.370341 0.447867 0.377271 0.45215500000000003 0.384897 0.453479 0.392471 0.45170899999999997 0.39925299999999997 0.44701899999999994 0.404579 0.439868 0.40792599999999996 0.430955 0.408969 0.421153 0.40760399999999997 0.411423 0.403965 0.402715 0.398409 0.395883
0 0.38375 0.45625600000000005 0.376556 0.451954 0.368675 0.450724 0.360877 0.45268600000000003 0.353927 0.457648 0.34850400000000004 0.465124 0.345139 0.474383 0.34416199999999997 0.484518 0.345669 0.49453699999999995 0.349511 0.503459 0.355313 0.5104110000000001 0.362506 0.5147120000000001 0.370388 0.515943 0.378185 0.513981 0.385135 0.509019 0.390558 0.5015419999999999 0.39392299999999997 0.492284 0.3949 0.482149 0.393394 0.47213000000000005 0.389552 0.463208 0.38375 0.45625600000000005
0 0.397235 0.513471 0.390265 0.509554 0.382719 0.508678 0.37533500000000003 0.51093 0.368836 0.516088 0.363857 0.523648 0.360888 0.5328700000000001 0.360217 0.542851 0.361911 0.5526139999999999 0.365804 0.561204 0.371515 0.567779 0.378485 0.571696 0.386031 0.572572 0.39341499999999996 0.5703199999999999 0.399914 0.565162 0.40489300000000006 0.5576019999999999 0.407862 0.54838 0.408533 0.538399 0.406839 0.528636 0.402946 0.520046 0.397235 0.513471
0 0.320751 0.603775 0.327218 0.608091 0.334384 0.609575 0.34155 0.6080829999999999 0.348014 0.6037600000000001 0.35314199999999996 0.59703 0.356433 0.588551 0.357566 0.5791540000000001 0.356428 0.569758 0.353131 0.561283 0.347999 0.554558 0.341532 0.550243 0.334366 0.5487580000000001 0.3272 0.550251 0.320736 0.554573 0.315608 0.561303 0.312317 0.569782 0.311184 0.579179 0.312322 0.588575 0.315619 0.5970500000000001 0.320751 0.603775
0 0.36372 0.623567 0.370186 0.6278819999999999 0.377353 0.629367 0.384519 0.627874 0.390982 0.623552 0.396111 0.616822 0.399402 0.608343 0.40053400000000006 0.598946 0.399396 0.58955 0.3961 0.581075 0.390967 0.57435 0.384501 0.5700339999999999 0.377334 0.56855 0.370169 0.570042 0.363705 0.574365 0.35857700000000003 0.581095 0.35528499999999996 0.589574 0.354153 0.5989709999999999 0.35529099999999997 0.608367 0.358588 0.616842 0.36372 0.623567
0 0.323876 0.664192 0.330343 0.668507 0.337509 0.6699919999999999 0.344675 0.668499 0.351139 0.664177 0.356267 0.657447 0.359558 0.648968 0.360691 0.639571 0.359553 0.630175 0.356256 0.6216999999999999 0.351124 0.614975 0.344657 0.610659 0.337491 0.609175 0.330325 0.6106670000000001 0.323861 0.6149899999999999 0.31873300000000004 0.62172 0.315442 0.630199 0.314309 0.6395959999999999 0.315447 0.648992 0.318744 0.657467 0.323876 0.664192
0 0.40803 0.628416 0.414559 0.633081 0.42188100000000006 0.634916 0.429279 0.633741 0.436029 0.629671 0.44147 0.623104 0.445069 0.614684 0.446474 0.605234 0.44554799999999994 0.59568 0.44238099999999997 0.586956 0.43728300000000003 0.579917 0.430753 0.575252 0.423431 0.573417 0.416033 0.574593 0.409283 0.5786629999999999 0.403843 0.585229 0.400244 0.59365 0.39883799999999997 0.603099 0.39976500000000004 0.612654 0.402932 0.6213770000000001 0.40803 0.628416
0 0.44505 0.520006 0.438565 0.515595 0.431365 0.514042 0.424154 0.5154989999999999 0.41763700000000004 0.5198229999999999 0.412453 0.5265920000000001 0.40910799999999997 0.535142 0.407932 0.544636 0.409037 0.554146 0.412317 0.56274 0.41745 0.569577 0.423935 0.573988 0.431135 0.5755410000000001 0.438346 0.574084 0.44486299999999995 0.56976 0.450047 0.562992 0.453392 0.554442 0.45456799999999997 0.544947 0.453463 0.535437 0.450183 0.5268430000000001 0.44505 0.520006
0 0.412512 0.50602 0.41924599999999995 0.510483 0.426696 0.5119830000000001 0.434133 0.510372 0.44082800000000005 0.505809 0.446128 0.49874 0.449512 0.48985599999999996 0.45065 0.48002900000000004 0.44943 0.470219 0.445971 0.46138599999999996 0.44061300000000003 0.454397 0.433879 0.44993299999999997 0.426429 0.44843400000000005 0.418992 0.450044 0.41229699999999997 0.454608 0.40699699999999994 0.461677 0.403613 0.47056 0.402475 0.48038800000000004 0.403695 0.490198 0.40715399999999996 0.49903000000000003 0.412512 0.50602
0 0.42923799999999995 0.20505 0.42230999999999996 0.200012 0.41457499999999997 0.198133 0.40679 0.199598 0.399717 0.204263 0.394048 0.211672 0.39033799999999996 0.221099 0.38895 0.231622 0.390021 0.24220999999999998 0.393445 0.251828 0.398887 0.259533 0.40581500000000004 0.264572 0.41355000000000003 0.26644999999999996 0.421335 0.264986 0.428408 0.26032 0.434077 0.25291199999999997 0.437787 0.24348399999999998 0.439175 0.23296100000000003 0.43810399999999994 0.22237300000000002 0.43468 0.21275499999999997 0.42923799999999995 0.20505
0 0.44129399999999996 0.137682 0.43431800000000004 0.132237 0.42643000000000003 0.129958 0.41840200000000005 0.13106800000000002 0.41102 0.135459 0.40500600000000003 0.142701 0.40095000000000003 0.152086 0.399248 0.162693 0.400066 0.173485 0.403325 0.183406 0.408706 0.191485 0.415682 0.19693 0.42356999999999995 0.199209 0.431598 0.198098 0.43898000000000004 0.19370700000000002 0.444994 0.186465 0.44905 0.177081 0.45075200000000004 0.166474 0.449934 0.155681 0.44667500000000004 0.14576 0.44129399999999996 0.137682
0 0.492075 0.131432 0.48509900000000006 0.12598700000000002 0.47721099999999994 0.123708 0.469183 0.12481800000000001 0.461801 0.129209 0.45578799999999997 0.136451 0.451731 0.14583600000000002 0.45002899999999996 0.156443 0.450847 0.167235 0.45410700000000004 0.177156 0.459488 0.18523499999999998 0.46646400000000005 0.19068000000000002 0.47435099999999997 0.192959 0.482379 0.191848 0.489761 0.187457 0.49577499999999997 0.180215 0.499831 0.170831 0.501534 0.160224 0.500715 0.149431 0.497456 0.13951 0.492075 0.131432
0 0.533253 0.342978 0.526656 0.337834 0.519209 0.335716 0.51164 0.336832 0.50469 0.341072 0.49904099999999996 0.348022 0.495244 0.357 0.493672 0.367129 0.494478 0.37741600000000003 0.497583 0.386855 0.502684 0.394522 0.509281 0.39966599999999997 0.516729 0.401784 0.524298 0.400668 0.531247 0.396428 0.536897 0.389478 0.540693 0.3805 0.5422659999999999 0.370371 0.54146 0.36008399999999996 0.538354 0.350645 0.533253 0.342978
0 0.479575 0.194973 0.47259900000000005 0.189528 0.464711 0.187249 0.45668300000000006 0.18836 0.449301 0.192751 0.443288 0.199993 0.43923100000000004 0.209377 0.43752899999999995 0.219985 0.438347 0.230777 0.441607 0.240698 0.446988 0.24877699999999997 0.45396400000000003 0.254222 0.46185099999999996 0.256501 0.469879 0.25539 0.47726100000000005 0.250999 0.483275 0.243757 0.487331 0.234373 0.489034 0.223765 0.488215 0.212973 0.48495600000000005 0.203052 0.479575 0.194973
0 0.466294 0.259557 0.459318 0.254112 0.45143000000000005 0.25183300000000003 0.443402 0.25294300000000003 0.43601999999999996 0.257334 0.430006 0.26457600000000003 0.42595 0.273961 0.42424799999999996 0.28456800000000004 0.425066 0.29535999999999996 0.42832499999999996 0.305281 0.43370600000000004 0.31335999999999997 0.44068199999999996 0.318805 0.44856999999999997 0.32108400000000004 0.45659799999999995 0.319973 0.46398 0.315582 0.46999399999999997 0.30834 0.47404999999999997 0.298956 0.47575200000000006 0.288349 0.474934 0.277556 0.471675 0.26763499999999996 0.466294 0.259557
0 0.6267739999999999 0.10918000000000001 0.6198 0.103532 0.611882 0.10110699999999999 0.6037950000000001 0.10214300000000001 0.5963309999999999 0.106538 0.59022 0.11386099999999999 0.58606 0.123397 0.5842590000000001 0.134211 0.584994 0.145245 0.588191 0.155419 0.593538 0.163737 0.6005119999999999 0.169385 0.60843 0.17181 0.616517 0.170774 0.623982 0.166379 0.630093 0.159056 0.634252 0.14952000000000001 0.636053 0.138706 0.635319 0.127672 0.6321220000000001 0.11749799999999999 0.6267739999999999 0.10918000000000001
0 0.47563300000000003 0.32517 0.469016 0.319942 0.461531 0.317759 0.453911 0.31883300000000003 0.446903 0.323061 0.44119200000000003 0.33002699999999996 0.437338 0.33904999999999996 0.435717 0.349248 0.43648800000000004 0.35962 0.439576 0.369153 0.444679 0.376914 0.451297 0.382141 0.45878199999999997 0.38432499999999997 0.466401 0.38325 0.47341 0.379023 0.47912 0.372056 0.482975 0.363033 0.48459599999999997 0.35283600000000004 0.483824 0.342463 0.480736 0.33293 0.47563300000000003 0.32517
0 0.491514 0.385326 0.485019 0.380349 0.47769500000000004 0.378315 0.47026 0.379423 0.463443 0.383565 0.45791000000000004 0.390336 0.454202 0.399072 0.45268300000000006 0.40891900000000003 0.453502 0.418913 0.45657800000000004 0.42807399999999995 0.461611 0.435508 0.468106 0.44048499999999996 0.47542999999999996 0.442519 0.482865 0.44141 0.489682 0.437268 0.49521499999999996 0.430497 0.498923 0.42176099999999994 0.5004419999999999 0.411914 0.499623 0.40192100000000003 0.49654699999999996 0.39275899999999997 0.491514 0.385326
0 0.487608 0.448867 0.481112 0.44389 0.473789 0.441856 0.46635400000000005 0.44296499999999994 0.459537 0.44710700000000003 0.454003 0.453878 0.450296 0.462614 0.44877700000000004 0.472461 0.449596 0.482454 0.452672 0.49161599999999994 0.457704 0.499049 0.46420000000000006 0.504026 0.47152399999999994 0.50606 0.478958 0.5049520000000001 0.485776 0.50081 0.49130900000000005 0.494039 0.495017 0.48530300000000004 0.496535 0.475456 0.49571699999999996 0.46546200000000004 0.49264 0.456301 0.487608 0.448867
0 0.491244 0.510812 0.484928 0.506034 0.47779299999999997 0.504031 0.47053700000000004 0.504997 0.463871 0.50884 0.458448 0.515181 0.454798 0.523402 0.45327799999999996 0.532697 0.454037 0.5421560000000001 0.457002 0.550853 0.461881 0.5579379999999999 0.468197 0.562716 0.47533200000000003 0.564719 0.48258799999999996 0.563753 0.489254 0.55991 0.494677 0.553569 0.498327 0.5453479999999999 0.49984700000000004 0.536053 0.499088 0.526594 0.496123 0.5178969999999999 0.491244 0.510812
0 0.481869 0.570187 0.475553 0.565409 0.46841799999999995 0.563406 0.461162 0.564372 0.45449599999999996 0.568215 0.449073 0.5745560000000001 0.445423 0.582777 0.443903 0.592072 0.444662 0.601531 0.44762700000000005 0.610228 0.45250599999999996 0.617313 0.45882199999999995 0.622091 0.46595700000000007 0.624094 0.473213 0.623128 0.47987900000000006 0.619285 0.485302 0.6129439999999999 0.488952 0.604723 0.490472 0.595428 0.48971299999999995 0.585969 0.48674799999999996 0.577272 0.481869 0.570187
0 0.48707399999999995 0.629413 0.481126 0.624571 0.47435 0.6224230000000001 0.467408 0.623179 0.46098 0.626763 0.455694 0.632826 0.452069 0.640775 0.45045999999999997 0.64983 0.451023 0.659105 0.45370299999999997 0.667694 0.458239 0.674754 0.46418600000000004 0.6795950000000001 0.470962 0.681743 0.477904 0.6809879999999999 0.484333 0.677403 0.489618 0.67134 0.493243 0.663392 0.494853 0.6543370000000001 0.49429 0.645061 0.49160899999999996 0.636473 0.48707399999999995 0.629413
0 0.5572600000000001 0.552233 0.563366 0.5570890000000001 0.5703039999999999 0.559211 0.577397 0.5583929999999999 0.5839489999999999 0.5547139999999999 0.5893189999999999 0.548534 0.592981 0.540458 0.594578 0.531277 0.593952 0.521889 0.5911649999999999 0.513214 0.58649 0.5061 0.580384 0.501244 0.573446 0.499122 0.566353 0.49993999999999994 0.559801 0.50362 0.554431 0.5098 0.5507690000000001 0.517876 0.549172 0.527057 0.549798 0.536444 0.552585 0.54512 0.5572600000000001 0.552233
0 0.523768 0.5655129999999999 0.5175500000000001 0.561058 0.510609 0.5593950000000001 0.5036240000000001 0.560686 0.497278 0.564807 0.492192 0.571353 0.488865 0.579683 0.487622 0.588982 0.48858499999999994 0.598341 0.49166 0.606842 0.49654499999999996 0.613653 0.5027619999999999 0.618109 0.509703 0.619772 0.5166890000000001 0.61848 0.5230349999999999 0.61436 0.52812 0.6078140000000001 0.531447 0.599484 0.53269 0.590184 0.531727 0.580826 0.528653 0.572325 0.523768 0.5655129999999999
0 0.51207 0.557742 0.518397 0.5621970000000001 0.525447 0.5638270000000001 0.5325300000000001 0.562472 0.538953 0.558265 0.544086 0.551617 0.547427 0.54318 0.5486489999999999 0.5337780000000001 0.547633 0.524333 0.544478 0.5157700000000001 0.539493 0.508925 0.533165 0.50447 0.526115 0.5028400000000001 0.5190319999999999 0.504195 0.51261 0.508402 0.507477 0.51505 0.504136 0.523487 0.502913 0.532888 0.5039290000000001 0.542333 0.507085 0.550897 0.51207 0.557742
0 0.563886 0.458449 0.5573400000000001 0.453679 0.549999 0.451811 0.542582 0.453029 0.535814 0.457213 0.530359 0.463955 0.5267489999999999 0.472593 0.52534 0.482282 0.526267 0.492075 0.529441 0.501011 0.5345519999999999 0.5082180000000001 0.5410969999999999 0.512988 0.548438 0.514856 0.555856 0.513638 0.562623 0.5094529999999999 0.568079 0.502712 0.571688 0.494074 0.573098 0.48438400000000004 0.5721700000000001 0.474592 0.5689960000000001 0.46565500000000004 0.563886 0.458449
0 0.527167 0.42199099999999995 0.520621 0.41722000000000004 0.51328 0.41535299999999997 0.505863 0.41657099999999997 0.49909600000000004 0.42075500000000005 0.49363999999999997 0.427496 0.490031 0.436134 0.488621 0.445824 0.489548 0.455616 0.49272299999999997 0.464553 0.49783299999999997 0.47175900000000004 0.504379 0.47653 0.5117200000000001 0.478397 0.519137 0.477179 0.5259039999999999 0.47299499999999994 0.53136 0.466254 0.534969 0.45761599999999997 0.5363789999999999 0.447926 0.535452 0.43813399999999997 0.532277 0.429197 0.527167 0.42199099999999995
0 0.601044 0.42543499999999995 0.5945590000000001 0.420998 0.5873820000000001 0.41950200000000004 0.580216 0.42109399999999997 0.5737639999999999 0.425617 0.568656 0.43262900000000004 0.565393 0.44144300000000003 0.5642940000000001 0.45119600000000004 0.565466 0.460935 0.5687960000000001 0.469705 0.573956 0.47664799999999996 0.580441 0.48108500000000004 0.587618 0.482581 0.594784 0.480989 0.601236 0.476466 0.606344 0.46945499999999996 0.609607 0.460641 0.610706 0.450887 0.609534 0.441148 0.606204 0.43237800000000004 0.601044 0.42543499999999995
0 0.48128099999999996 0.33879899999999996 0.487838 0.343851 0.49520400000000003 0.34583400000000003 0.502656 0.34455399999999997 0.509466 0.340137 0.514968 0.33301400000000003 0.518621 0.32388300000000003 0.52007 0.313638 0.519172 0.303282 0.516014 0.293828 0.510907 0.28620100000000004 0.504349 0.281149 0.496984 0.27916599999999997 0.48953100000000005 0.28044600000000003 0.482721 0.284863 0.47722 0.29198599999999997 0.47356600000000004 0.30111699999999997 0.47211800000000004 0.311362 0.473016 0.321718 0.476173 0.331172 0.48128099999999996 0.33879899999999996
0 0.558832 0.27802099999999996 0.552231 0.272912 0.5448000000000001 0.27086299999999996 0.537266 0.272073 0.530366 0.276426 0.524777 0.283493 0.521045 0.292585 0.5195350000000001 0.30280999999999997 0.5203960000000001 0.313168 0.523543 0.32264499999999996 0.5286679999999999 0.33031299999999997 0.535269 0.335421 0.5427 0.33747099999999997 0.550234 0.33626 0.557134 0.331908 0.562723 0.32484 0.566455 0.315749 0.5679649999999999 0.305523 0.5671039999999999 0.295166 0.563957 0.28568899999999997 0.558832 0.27802099999999996
0 0.586477 0.327611 0.579791 0.322897 0.5723309999999999 0.321142 0.5648259999999999 0.32251799999999997 0.55801 0.32689 0.552552 0.33382999999999996 0.548986 0.342658 0.54766 0.352511 0.5487040000000001 0.362425 0.552017 0.371428 0.557273 0.378639 0.563959 0.383353 0.571419 0.385108 0.578924 0.383732 0.58574 0.37936000000000003 0.591198 0.37242000000000003 0.594764 0.363592 0.59609 0.35373899999999997 0.595046 0.343825 0.591733 0.334822 0.586477 0.327611
0 0.575424 0.148366 0.568692 0.143019 0.561049 0.1407 0.553241 0.141636 0.546034 0.145737 0.540133 0.1526 0.536116 0.161554 0.534375 0.17172199999999999 0.535081 0.18210900000000002 0.538166 0.19169799999999998 0.543326 0.19955 0.550058 0.20489799999999997 0.557701 0.20721699999999998 0.565509 0.20628000000000002 0.572716 0.20217999999999997 0.578617 0.19531700000000002 0.582634 0.186363 0.584375 0.176195 0.583669 0.165808 0.580584 0.156219 0.575424 0.148366
0 0.55568 0.078971 0.5487059999999999 0.073324 0.5407879999999999 0.070899 0.532701 0.071934 0.525237 0.07632900000000001 0.519126 0.083653 0.5149670000000001 0.09318800000000001 0.513166 0.104002 0.5139 0.11503699999999999 0.5170969999999999 0.12521100000000002 0.522445 0.133529 0.5294190000000001 0.13917600000000002 0.5373370000000001 0.141601 0.545424 0.140566 0.552888 0.136171 0.558999 0.128847 0.5631579999999999 0.119312 0.564959 0.10849800000000001 0.564225 0.097463 0.5610280000000001 0.087289 0.55568 0.078971
0 0.569696 0.21391 0.563048 0.208598 0.5555049999999999 0.206318 0.547806 0.207295 0.5407029999999999 0.21143299999999998 0.534894 0.21832600000000002 0.530945 0.2273 0.529244 0.23747600000000002 0.529957 0.247859 0.533014 0.257431 0.538116 0.26525699999999997 0.544764 0.270569 0.552307 0.272848 0.5600069999999999 0.271872 0.5671090000000001 0.267734 0.572919 0.260841 0.5768679999999999 0.251867 0.578569 0.24169100000000002 0.5778559999999999 0.23130799999999999 0.574799 0.22173600000000002 0.569696 0.21391
0 0.658216 0.145116 0.652122 0.14008 0.645208 0.137953 0.638152 0.13894299999999998 0.631644 0.142952 0.62632 0.149588 0.622703 0.158202 0.621146 0.16795100000000002 0.621802 0.17787999999999998 0.624606 0.18701700000000002 0.629284 0.194468 0.635378 0.199503 0.6422920000000001 0.20163000000000003 0.649348 0.20064099999999999 0.655856 0.196632 0.66118 0.189995 0.664797 0.181381 0.666354 0.171632 0.665698 0.16170400000000001 0.662894 0.152567 0.658216 0.145116
0 0.57496 0.312595 0.581747 0.317803 0.589404 0.319942 0.59718 0.318803 0.604314 0.314499 0.610109 0.307449 0.613996 0.29834499999999997 0.615595 0.288077 0.6147509999999999 0.277651 0.6115440000000001 0.268087 0.60629 0.26032099999999997 0.599503 0.255114 0.591846 0.252975 0.58407 0.254113 0.576936 0.258418 0.571141 0.265467 0.5672539999999999 0.274572 0.565655 0.284839 0.5664990000000001 0.295265 0.5697059999999999 0.304829 0.57496 0.312595
0 0.53232 0.6311009999999999 0.526147 0.626425 0.519173 0.624464 0.512081 0.6254109999999999 0.505566 0.629173 0.500265 0.635381 0.496697 0.643428 0.495211 0.652526 0.49595200000000006 0.661785 0.498849 0.6702980000000001 0.503618 0.677232 0.509791 0.681909 0.516765 0.683869 0.523856 0.682922 0.5303720000000001 0.679161 0.535673 0.672952 0.539241 0.664905 0.540727 0.655807 0.5399849999999999 0.646548 0.537088 0.638035 0.53232 0.6311009999999999
0 0.576851 0.623809 0.570678 0.6191329999999999 0.563704 0.617173 0.556613 0.618119 0.550097 0.621881 0.5447960000000001 0.628089 0.541228 0.636137 0.539742 0.645235 0.540484 0.654494 0.54338 0.663007 0.548149 0.669941 0.554322 0.674617 0.561296 0.676577 0.568387 0.675631 0.574903 0.6718689999999999 0.5802039999999999 0.665661 0.583772 0.657613 0.585258 0.648515 0.584516 0.6392559999999999 0.58162 0.630743 0.576851 0.623809
0 0.573726 0.563393 0.567553 0.558716 0.5605789999999999 0.556756 0.553488 0.557703 0.546972 0.561464 0.541671 0.567673 0.538103 0.57572 0.536617 0.5848180000000001 0.537359 0.594077 0.5402549999999999 0.60259 0.545024 0.6095240000000001 0.5511969999999999 0.6142000000000001 0.558171 0.616161 0.5652619999999999 0.615214 0.571778 0.611452 0.577079 0.605244 0.580647 0.597197 0.582133 0.5880989999999999 0.581391 0.57884 0.578495 0.570327 0.573726 0.563393
0 0.5677920000000001 0.384491 0.5612459999999999 0.37972 0.553905 0.377853 0.546488 0.379071 0.539721 0.383255 0.534265 0.389996 0.530656 0.39863400000000004 0.529246 0.408324 0.530173 0.41811600000000004 0.5333479999999999 0.427053 0.538458 0.43425900000000006 0.545004 0.43903 0.5523450000000001 0.440897 0.559762 0.43967900000000004 0.566529 0.43549499999999997 0.571985 0.42875399999999997 0.5755939999999999 0.420116 0.577004 0.410426 0.576077 0.400634 0.572902 0.391697 0.5677920000000001 0.384491
0 0.779269 0.411644 0.772597 0.408033 0.765395 0.407306 0.758368 0.409535 0.752205 0.414501 0.7475080000000001 0.421718 0.744738 0.430481 0.744165 0.43993000000000004 0.745846 0.449142 0.749616 0.457214 0.7551059999999999 0.463356 0.761778 0.466967 0.76898 0.467694 0.776007 0.465465 0.78217 0.460499 0.786867 0.453282 0.789637 0.444519 0.79021 0.43506999999999996 0.788529 0.425858 0.784759 0.417786 0.779269 0.411644
0 0.625165 0.199327 0.618517 0.194014 0.610974 0.19173500000000002 0.6032740000000001 0.192712 0.5961719999999999 0.196849 0.590362 0.203742 0.5864130000000001 0.212716 0.584712 0.222893 0.5854250000000001 0.23327499999999998 0.588483 0.242848 0.593585 0.25067300000000003 0.600233 0.255986 0.607776 0.258265 0.6154759999999999 0.257288 0.6225780000000001 0.253151 0.628388 0.246258 0.6323369999999999 0.237284 0.634038 0.227107 0.6333249999999999 0.216725 0.630267 0.207152 0.625165 0.199327
0 0.795438 0.35374 0.789142 0.349218 0.78215 0.347627 0.775146 0.349124 0.7688159999999999 0.35356200000000004 0.76378 0.360506 0.7605299999999999 0.36927699999999997 0.759385 0.379016 0.7604569999999999 0.38876900000000003 0.763641 0.397583 0.768625 0.404594 0.774921 0.40911600000000004 0.7819130000000001 0.41070599999999996 0.788917 0.409209 0.795246 0.40477100000000005 0.800283 0.39782700000000004 0.803532 0.38905599999999996 0.8046770000000001 0.379318 0.8036049999999999 0.369564 0.800422 0.360751 0.795438 0.35374
0 0.636404 0.312398 0.62998 0.306853 0.622609 0.30430799999999997 0.6150140000000001 0.305012 0.607937 0.308896 0.602071 0.31558 0.597992 0.32441 0.596097 0.33452099999999996 0.596572 0.344924 0.599371 0.35459999999999997 0.604221 0.362602 0.610645 0.368147 0.618016 0.370692 0.6256109999999999 0.369988 0.632688 0.366104 0.638554 0.35941999999999996 0.642633 0.35059 0.644528 0.34047900000000003 0.644053 0.330076 0.641254 0.3204 0.636404 0.312398
0 0.638753 0.402249 0.645108 0.40744400000000003 0.652325 0.40966800000000003 0.659697 0.40870300000000004 0.666502 0.40464200000000006 0.6720740000000001 0.397883 0.675868 0.389089 0.677512 0.379119 0.6768449999999999 0.36895 0.673933 0.359577 0.66906 0.351918 0.662704 0.34672200000000003 0.655487 0.344498 0.648115 0.345464 0.64131 0.349525 0.635738 0.356283 0.631945 0.365078 0.630301 0.375048 0.630968 0.385216 0.63388 0.39458899999999997 0.638753 0.402249
0 0.684075 0.650572 0.677918 0.646283 0.671094 0.6448050000000001 0.664269 0.646283 0.658112 0.650572 0.653226 0.657252 0.65009 0.6656690000000001 0.6490090000000001 0.675 0.65009 0.684331 0.653226 0.692748 0.658112 0.6994279999999999 0.664269 0.7037169999999999 0.671094 0.705195 0.677918 0.7037169999999999 0.684075 0.6994279999999999 0.688961 0.692748 0.692098 0.684331 0.693179 0.675 0.692098 0.6656690000000001 0.688961 0.657252 0.684075 0.650572
0 0.617659 0.46058199999999994 0.624015 0.46577799999999997 0.631232 0.468002 0.6386040000000001 0.46703599999999995 0.645409 0.46297499999999997 0.65098 0.456217 0.654774 0.447422 0.6564180000000001 0.43745200000000006 0.655751 0.42728400000000005 0.652839 0.417911 0.647966 0.410251 0.64161 0.40505599999999997 0.634393 0.40283199999999997 0.6270209999999999 0.40379699999999996 0.620216 0.40785799999999994 0.614645 0.41461699999999996 0.610851 0.42341100000000004 0.6092069999999999 0.43338099999999996 0.609874 0.44355 0.612786 0.452923 0.617659 0.46058199999999994
0 0.71661 0.48260699999999995 0.7106779999999999 0.477256 0.703777 0.47453900000000004 0.6965830000000001 0.47472200000000003 0.6898 0.477788 0.684091 0.48343499999999995 0.680017 0.491113 0.677975 0.500067 0.6781659999999999 0.509424 0.68057 0.518265 0.6849529999999999 0.525727 0.690885 0.531078 0.697786 0.533794 0.70498 0.533611 0.711763 0.530546 0.717471 0.5248980000000001 0.721546 0.5172209999999999 0.723587 0.508266 0.7233970000000001 0.49890999999999996 0.720993 0.49006800000000006 0.71661 0.48260699999999995
0 0.62558 0.474418 0.619141 0.470343 0.612052 0.46906800000000004 0.605006 0.47072 0.598695 0.47513500000000003 0.593735 0.481883 0.590611 0.49030199999999996 0.58963 0.499568 0.590888 0.508775 0.594262 0.517021 0.5994200000000001 0.523498 0.6058589999999999 0.527574 0.612948 0.528848 0.6199939999999999 0.5271969999999999 0.626305 0.5227809999999999 0.631265 0.516034 0.634389 0.507615 0.63537 0.498348 0.634112 0.489142 0.630738 0.480896 0.62558 0.474418
0 0.7010810000000001 0.5350170000000001 0.694893 0.530853 0.6880569999999999 0.529481 0.681243 0.5310349999999999 0.675118 0.535363 0.670282 0.542042 0.667207 0.550417 0.666196 0.559669 0.667346 0.568893 0.670545 0.577185 0.675481 0.583733 0.68167 0.587897 0.6885049999999999 0.589269 0.695319 0.587715 0.701444 0.583387 0.7062809999999999 0.576708 0.709355 0.568333 0.710367 0.559081 0.709217 0.549857 0.706017 0.5415650000000001 0.7010810000000001 0.5350170000000001
0 0.622455 0.532752 0.616016 0.528676 0.608927 0.527402 0.601881 0.529053 0.59557 0.533469 0.5906100000000001 0.540216 0.587486 0.548635 0.586505 0.557902 0.587763 0.567108 0.591137 0.575354 0.596295 0.581832 0.602734 0.585907 0.609823 0.587182 0.616869 0.58553 0.62318 0.5811149999999999 0.6281399999999999 0.574367 0.631264 0.565948 0.632245 0.556682 0.630987 0.547475 0.627613 0.539229 0.622455 0.532752
0 0.6102909999999999 0.586756 0.6039450000000001 0.582761 0.596984 0.581576 0.590088 0.5833160000000001 0.583933 0.5878099999999999 0.579122 0.59462 0.576125 0.6030770000000001 0.5752349999999999 0.612355 0.5765399999999999 0.621546 0.579912 0.629749 0.585022 0.636161 0.591367 0.640155 0.598329 0.6413409999999999 0.605224 0.6396010000000001 0.611379 0.6351060000000001 0.6161909999999999 0.628297 0.6191880000000001 0.619839 0.620077 0.610561 0.618772 0.601371 0.6154 0.593168 0.6102909999999999 0.586756
0 0.6532899999999999 0.25036800000000003 0.646642 0.245056 0.6390990000000001 0.24277700000000002 0.631399 0.24375300000000003 0.624297 0.247891 0.618487 0.254784 0.614538 0.263758 0.6128370000000001 0.273934 0.61355 0.28431700000000004 0.616608 0.29388899999999996 0.62171 0.301715 0.628358 0.307027 0.6359009999999999 0.309307 0.643601 0.30833 0.650703 0.304192 0.656513 0.297299 0.660462 0.288325 0.662163 0.278149 0.66145 0.267766 0.658392 0.258194 0.6532899999999999 0.25036800000000003
0 0.820824 0.45428300000000005 0.817414 0.44623999999999997 0.8122999999999999 0.440095 0.805982 0.43644800000000006 0.799078 0.435658 0.7922640000000001 0.437801 0.786208 0.442667 0.7815019999999999 0.44978100000000004 0.778606 0.458446 0.7778050000000001 0.46781300000000003 0.779176 0.476967 0.782586 0.48501000000000005 0.7877 0.491155 0.794018 0.49480199999999996 0.8009219999999999 0.495592 0.807736 0.493449 0.813792 0.48858300000000005 0.818498 0.481469 0.821394 0.472804 0.822195 0.463437 0.820824 0.45428300000000005
0 0.69835 0.33378199999999997 0.704696 0.338429 0.711729 0.34002699999999997 0.718761 0.33842099999999997 0.725104 0.333768 0.730136 0.326523 0.733366 0.317396 0.7344769999999999 0.30727899999999997 0.73336 0.297164 0.730124 0.28803999999999996 0.725087 0.28080099999999997 0.718742 0.27615500000000004 0.711709 0.27455599999999997 0.704677 0.276162 0.698334 0.280815 0.6933010000000001 0.28806 0.690072 0.297188 0.688961 0.307304 0.690078 0.317419 0.6933130000000001 0.32654299999999997 0.69835 0.33378199999999997
0 0.679852 0.199327 0.6732039999999999 0.194014 0.665661 0.19173500000000002 0.657962 0.192712 0.65086 0.196849 0.64505 0.203742 0.641101 0.212716 0.6394 0.222893 0.640113 0.23327499999999998 0.64317 0.242848 0.648273 0.25067300000000003 0.6549210000000001 0.255986 0.662464 0.258265 0.670163 0.257288 0.677265 0.253151 0.683075 0.246258 0.687024 0.237284 0.688725 0.227107 0.688012 0.216725 0.684955 0.207152 0.679852 0.199327
0 0.721205 0.21257600000000001 0.714796 0.20739000000000002 0.707549 0.205253 0.700176 0.20637500000000003 0.693397 0.21064600000000003 0.6878770000000001 0.217647 0.684155 0.226694 0.682595 0.23690000000000003 0.683352 0.247267 0.686349 0.25678 0.691295 0.264508 0.697704 0.269693 0.704951 0.27183 0.712324 0.270708 0.7191029999999999 0.266437 0.724623 0.259436 0.728345 0.25039 0.729905 0.24018299999999998 0.729148 0.22981600000000002 0.726151 0.220303 0.721205 0.21257600000000001
0 0.688446 0.292035 0.681798 0.286723 0.6742549999999999 0.284443 0.666556 0.28542 0.659453 0.289558 0.653644 0.296451 0.649695 0.305425 0.647994 0.315601 0.648707 0.325984 0.651764 0.335556 0.6568660000000001 0.34338199999999997 0.6635139999999999 0.348694 0.671057 0.350973 0.6787569999999999 0.349997 0.685859 0.345859 0.691669 0.338966 0.695618 0.329992 0.697319 0.319816 0.696606 0.30943299999999996 0.693549 0.29986100000000004 0.688446 0.292035
0 0.645448 0.6286069999999999 0.639025 0.624361 0.631918 0.622931 0.624822 0.624456 0.618431 0.628787 0.613372 0.635501 0.610139 0.64394 0.60905 0.653278 0.610209 0.662601 0.613505 0.6709970000000001 0.6186149999999999 0.677643 0.6250370000000001 0.681889 0.632144 0.683319 0.639241 0.681794 0.6456310000000001 0.677463 0.65069 0.670749 0.653923 0.66231 0.6550130000000001 0.652972 0.653853 0.643649 0.6505569999999999 0.635253 0.645448 0.6286069999999999
0 0.6573640000000001 0.567998 0.6509240000000001 0.5640069999999999 0.643859 0.562826 0.6368590000000001 0.56457 0.63061 0.569068 0.625725 0.5758810000000001 0.62268 0.58434 0.621774 0.593619 0.623095 0.6028089999999999 0.626515 0.6110089999999999 0.631699 0.617419 0.638138 0.62141 0.645204 0.622591 0.652203 0.620847 0.658452 0.616348 0.663338 0.6095360000000001 0.666383 0.601076 0.667289 0.591798 0.665967 0.582608 0.662547 0.574407 0.6573640000000001 0.567998
0 0.663861 0.511918 0.6574220000000001 0.507843 0.650333 0.506568 0.643288 0.50822 0.636976 0.5126350000000001 0.6320159999999999 0.519383 0.628892 0.527802 0.627912 0.537068 0.629169 0.546275 0.632543 0.554521 0.637702 0.560998 0.6441410000000001 0.565074 0.65123 0.566348 0.6582749999999999 0.564697 0.664586 0.560281 0.669547 0.553534 0.67267 0.545115 0.673651 0.535848 0.672393 0.526642 0.66902 0.518396 0.663861 0.511918
0 0.670111 0.453585 0.663672 0.44950999999999997 0.656583 0.44823500000000005 0.649538 0.44988700000000004 0.6432260000000001 0.45430200000000004 0.638266 0.46105 0.635142 0.46946899999999997 0.634162 0.478735 0.635419 0.487942 0.6387929999999999 0.49618700000000004 0.643952 0.502665 0.650391 0.50674 0.65748 0.508015 0.664525 0.506363 0.670836 0.501948 0.675797 0.4952 0.67892 0.486781 0.679901 0.477515 0.678643 0.46830800000000006 0.67527 0.460063 0.670111 0.453585
0 0.696547 0.5907530000000001 0.690291 0.5868450000000001 0.683456 0.585754 0.676711 0.587588 0.670716 0.592166 0.666058 0.59904 0.6631940000000001 0.607537 0.6624019999999999 0.616827 0.663762 0.625999 0.6671389999999999 0.634155 0.672203 0.640497 0.6784589999999999 0.644405 0.6852940000000001 0.645496 0.6920390000000001 0.643662 0.698034 0.639084 0.702692 0.6322099999999999 0.705556 0.623713 0.706348 0.614423 0.704988 0.605251 0.701611 0.597095 0.696547 0.5907530000000001
0 0.784338 0.617348 0.78971 0.622547 0.7960130000000001 0.6252329999999999 0.8026300000000001 0.625143 0.8089130000000001 0.622286 0.8142469999999999 0.616942 0.8181100000000001 0.609633 0.820123 0.601076 0.820091 0.592107 0.8180149999999999 0.583605 0.814099 0.5764020000000001 0.808727 0.571203 0.802424 0.568517 0.795808 0.568607 0.789525 0.571464 0.7841910000000001 0.576808 0.780328 0.584117 0.7783140000000001 0.5926739999999999 0.778347 0.6016429999999999 0.780422 0.6101449999999999 0.784338 0.617348
0 0.8455299999999999 0.47187999999999997 0.8389260000000001 0.468961 0.831953 0.468876 0.8252940000000001 0.471634 0.8196009999999999 0.476964 0.8154299999999999 0.48434499999999997 0.81319 0.493055 0.8131 0.5022409999999999 0.815169 0.511004 0.819195 0.518485 0.824783 0.523953 0.831386 0.526872 0.838359 0.526958 0.8450179999999999 0.5242 0.850712 0.518869 0.8548830000000001 0.511488 0.857123 0.502778 0.857213 0.49359200000000003 0.8551439999999999 0.48483 0.8511179999999999 0.477348 0.8455299999999999 0.47187999999999997
0 0.691898 0.397943 0.685284 0.394171 0.678122 0.39331499999999997 0.671113 0.395458 0.664944 0.40039100000000005 0.660218 0.407631 0.657397 0.41646900000000003 0.656759 0.42604 0.658364 0.43540799999999996 0.662058 0.443655 0.667477 0.44997299999999996 0.674091 0.45374600000000004 0.681253 0.45460200000000006 0.688262 0.452459 0.694431 0.447526 0.699157 0.44028600000000007 0.701978 0.43144799999999994 0.702616 0.421876 0.701011 0.412509 0.697317 0.404262 0.691898 0.397943
0 0.7116119999999999 0.343315 0.705394 0.338303 0.698343 0.33616999999999997 0.691149 0.337124 0.684514 0.341072 0.67909 0.347627 0.675407 0.356148 0.673825 0.3658 0.674499 0.37564000000000003 0.6773640000000001 0.384703 0.682138 0.392102 0.688356 0.397113 0.695407 0.399247 0.702601 0.398293 0.709236 0.394345 0.7146600000000001 0.38778999999999997 0.7183430000000001 0.37926899999999997 0.719925 0.369616 0.7192510000000001 0.359777 0.716386 0.350714 0.7116119999999999 0.343315
0 0.682395 0.187241 0.688837 0.19250499999999998 0.696142 0.19473000000000001 0.703596 0.193699 0.710468 0.189511 0.716085 0.182578 0.7198990000000001 0.173577 0.7215360000000001 0.16338999999999998 0.720835 0.153014 0.717865 0.14346399999999998 0.712917 0.135676 0.706475 0.130412 0.69917 0.128186 0.6917169999999999 0.129218 0.6848449999999999 0.133405 0.679227 0.140339 0.675413 0.14934 0.6737770000000001 0.159527 0.674478 0.169903 0.677447 0.179453 0.682395 0.187241
0 0.777423 0.237377 0.771327 0.231331 0.764138 0.228132 0.75656 0.22809300000000002 0.749333 0.231218 0.743166 0.237201 0.7386619999999999 0.24545699999999998 0.736262 0.255177 0.736201 0.26541000000000003 0.7384839999999999 0.275154 0.7428899999999999 0.28345600000000004 0.748985 0.28950200000000004 0.756174 0.292702 0.763753 0.29274100000000003 0.77098 0.289616 0.777147 0.283632 0.781651 0.275376 0.784051 0.265656 0.784112 0.255423 0.781828 0.24567899999999998 0.777423 0.237377
0 0.763072 0.16893 0.756907 0.163702 0.7499119999999999 0.161516 0.742772 0.162588 0.7361880000000001 0.166813 0.730802 0.17377599999999999 0.727143 0.18279600000000001 0.725568 0.192991 0.726232 0.203361 0.729069 0.212893 0.733803 0.220653 0.739968 0.225882 0.746963 0.22806700000000002 0.754103 0.226995 0.760687 0.222771 0.766073 0.215808 0.7697320000000001 0.206787 0.771307 0.196593 0.770643 0.186222 0.767806 0.17668999999999999 0.763072 0.16893
0 0.75458 0.369356 0.748363 0.36434500000000003 0.741312 0.362212 0.734117 0.363166 0.727483 0.367114 0.722059 0.373669 0.718376 0.38219 0.7167939999999999 0.39184199999999997 0.717468 0.40168100000000007 0.720333 0.41074400000000005 0.7251070000000001 0.418144 0.7313240000000001 0.42315500000000006 0.738375 0.425288 0.7455700000000001 0.424334 0.752204 0.420386 0.757629 0.41383099999999995 0.761312 0.40530999999999995 0.762894 0.395658 0.76222 0.385819 0.759355 0.376756 0.75458 0.369356
0 0.734028 0.423309 0.727255 0.419599 0.719956 0.418864 0.712844 0.421178 0.7066169999999999 0.42631300000000005 0.701883 0.433766 0.699106 0.442809 0.698558 0.452555 0.7002919999999999 0.46205100000000005 0.704139 0.470368 0.709722 0.47669100000000003 0.716495 0.48040099999999997 0.723794 0.48113599999999995 0.730906 0.47882199999999997 0.737133 0.47368699999999997 0.7418669999999999 0.46623400000000004 0.744644 0.457191 0.7451920000000001 0.447445 0.7434580000000001 0.437949 0.739611 0.42963199999999996 0.734028 0.423309
0 0.72584 0.6288630000000001 0.7197720000000001 0.625059 0.713145 0.624003 0.706607 0.625797 0.7008 0.630266 0.6962900000000001 0.636973 0.6935209999999999 0.645261 0.692762 0.654319 0.694088 0.663259 0.697369 0.671208 0.702285 0.677387 0.708353 0.681191 0.71498 0.682247 0.721518 0.680453 0.727325 0.6759839999999999 0.731835 0.669277 0.734604 0.660989 0.735363 0.651931 0.734037 0.642991 0.730756 0.635042 0.72584 0.6288630000000001
0 0.772148 0.603611 0.765817 0.5999369999999999 0.7589330000000001 0.5990230000000001 0.752168 0.600957 0.746185 0.605551 0.7415700000000001 0.612355 0.738774 0.620702 0.7380709999999999 0.629776 0.73953 0.6386879999999999 0.743008 0.646566 0.748165 0.652639 0.754495 0.656313 0.7613800000000001 0.657227 0.768145 0.655293 0.774127 0.650699 0.778742 0.643895 0.7815380000000001 0.635548 0.782241 0.626474 0.7807820000000001 0.617562 0.777304 0.609684 0.772148 0.603611
0 0.776509 0.546763 0.77013 0.542811 0.763157 0.541704 0.7562719999999999 0.543551 0.750151 0.54817 0.7453909999999999 0.5551090000000001 0.742458 0.56369 0.741641 0.573071 0.743018 0.582336 0.746455 0.590577 0.7516160000000001 0.596987 0.757995 0.600939 0.764968 0.602046 0.771853 0.600199 0.777974 0.59558 0.782734 0.588641 0.785667 0.58006 0.786484 0.5706789999999999 0.785107 0.561414 0.78167 0.5531729999999999 0.776509 0.546763
0 0.71122 0.622024 0.7173309999999999 0.626307 0.724116 0.627812 0.7309110000000001 0.626391 0.737051 0.622182 0.741935 0.615598 0.745085 0.607283 0.746192 0.598051 0.745148 0.588806 0.742056 0.580453 0.737218 0.57381 0.731107 0.569526 0.724322 0.568021 0.717527 0.5694429999999999 0.711387 0.5736519999999999 0.706503 0.580236 0.703353 0.58855 0.7022459999999999 0.597782 0.703289 0.607027 0.706382 0.61538 0.71122 0.622024
0 0.772617 0.471856 0.766435 0.46719600000000006 0.759486 0.46534000000000003 0.75245 0.466469 0.746015 0.470472 0.740811 0.47695699999999996 0.737348 0.485291 0.735965 0.494656 0.7367969999999999 0.504137 0.739762 0.512804 0.744571 0.519811 0.7507520000000001 0.524471 0.757701 0.526327 0.764738 0.5251979999999999 0.771173 0.521195 0.7763760000000001 0.5147090000000001 0.7798390000000001 0.506376 0.781223 0.497011 0.7803910000000001 0.48753 0.777425 0.478862 0.772617 0.471856
0 0.8053710000000001 0.503775 0.7992779999999999 0.499699 0.792567 0.498405 0.7858959999999999 0.50002 0.779917 0.504386 0.775215 0.511076 0.772252 0.519435 0.771316 0.528645 0.7725 0.537803 0.775687 0.5460149999999999 0.780566 0.552475 0.786659 0.556551 0.79337 0.557845 0.800041 0.55623 0.806021 0.551864 0.8107219999999999 0.545174 0.813686 0.536815 0.814621 0.527605 0.813438 0.518447 0.8102499999999999 0.510235 0.8053710000000001 0.503775
0 0.777799 0.20600100000000002 0.784016 0.21074299999999999 0.790956 0.21249500000000002 0.79794 0.211088 0.8042849999999999 0.206657 0.8093680000000001 0.199638 0.8126939999999999 0.190717 0.813936 0.180767 0.812972 0.170762 0.8098979999999999 0.161682 0.805013 0.154416 0.798797 0.149674 0.791857 0.147921 0.784872 0.149329 0.778528 0.153759 0.773444 0.160779 0.770118 0.16970000000000002 0.768877 0.17965 0.7698400000000001 0.189654 0.772915 0.19873400000000002 0.777799 0.20600100000000002
0 0.806624 0.267566 0.8128249999999999 0.272202 0.8197599999999999 0.27395 0.826748 0.27264 0.8331060000000001 0.2684 0.8382120000000001 0.261645 0.841566 0.253037 0.84284 0.243417 0.8419079999999999 0.233728 0.838862 0.224919 0.834001 0.21785000000000002 0.8278000000000001 0.21321500000000002 0.8208650000000001 0.211467 0.813877 0.212777 0.8075189999999999 0.21701700000000002 0.8024129999999999 0.223772 0.799059 0.23237999999999998 0.797785 0.242 0.798717 0.251688 0.801763 0.260498 0.806624 0.267566
0 0.854256 0.27785099999999996 0.848162 0.273413 0.8414059999999999 0.271884 0.834651 0.273413 0.828557 0.27785099999999996 0.82372 0.284762 0.8206149999999999 0.293471 0.819545 0.303125 0.8206149999999999 0.31277900000000003 0.82372 0.321488 0.828557 0.328399 0.834651 0.332837 0.8414059999999999 0.334366 0.848162 0.332837 0.854256 0.328399 0.8590920000000001 0.321488 0.8621969999999999 0.31277900000000003 0.8632669999999999 0.303125 0.8621969999999999 0.293471 0.8590920000000001 0.284762 0.854256 0.27785099999999996
0 0.8284750000000001 0.319517 0.8223800000000001 0.31507999999999997 0.815625 0.313551 0.80887 0.31507999999999997 0.8027749999999999 0.319517 0.7979390000000001 0.32642899999999997 0.794834 0.335138 0.793764 0.344792 0.794834 0.354446 0.7979390000000001 0.36315400000000003 0.8027749999999999 0.370066 0.80887 0.374503 0.815625 0.37603200000000003 0.8223800000000001 0.374503 0.8284750000000001 0.370066 0.8333109999999999 0.36315400000000003 0.836416 0.354446 0.837486 0.344792 0.836416 0.335138 0.8333109999999999 0.32642899999999997 0.8284750000000001 0.319517
0 0.836193 0.393134 0.8422560000000001 0.39752200000000004 0.849 0.39909300000000003 0.855766 0.397695 0.861891 0.393463 0.866775 0.386812 0.8699410000000001 0.378393 0.8710789999999999 0.36903 0.8700760000000001 0.359639 0.867032 0.35114100000000004 0.8622439999999999 0.344366 0.856181 0.339978 0.849437 0.338407 0.842671 0.339805 0.836546 0.34403700000000004 0.831662 0.350688 0.828496 0.359107 0.8273590000000001 0.36846999999999996 0.8283609999999999 0.377861 0.831405 0.386359 0.836193 0.393134
0 0.82779 0.38301599999999997 0.821842 0.378579 0.8152079999999999 0.376952 0.808539 0.378295 0.802486 0.382476 0.797644 0.389087 0.794485 0.397479 0.793319 0.40683199999999997 0.79426 0.41623 0.7972159999999999 0.42475300000000005 0.801897 0.431567 0.807846 0.43600500000000003 0.81448 0.43763199999999997 0.8211489999999999 0.43628900000000004 0.827201 0.43210699999999996 0.832043 0.425497 0.835202 0.417104 0.836368 0.40775100000000003 0.8354269999999999 0.398353 0.8324719999999999 0.38983 0.82779 0.38301599999999997
0 0.8604749999999999 0.41765100000000005 0.8543839999999999 0.41309500000000005 0.847558 0.41133699999999995 0.8406650000000001 0.412547 0.83438 0.41660700000000006 0.829318 0.42312099999999997 0.825975 0.431449 0.824677 0.440778 0.825553 0.45019400000000004 0.828515 0.458776 0.8332750000000001 0.465682 0.8393660000000001 0.470238 0.8461919999999999 0.471997 0.8530849999999999 0.47078699999999996 0.85937 0.466726 0.8644320000000001 0.460213 0.867775 0.451884 0.869073 0.44255500000000003 0.868197 0.433139 0.865235 0.42455800000000005 0.8604749999999999 0.41765100000000005
0 0.363281 0.652083 0.364844 0.660417 0.36875 0.666667 0.37421899999999997 0.671875 0.38125 0.675 0.38984399999999997 0.675 0.396875 0.670833 0.400781 0.666667 0.40546899999999997 0.6583330000000001 0.407813 0.651042 0.407813 0.645833 0.407813 0.640625 0.40625 0.635417 0.403906 0.630208 0.402344 0.626042 0.39843799999999996 0.6229169999999999 0.39531299999999997 0.619792 0.388281 0.616667 0.385156 0.620833 0.382031 0.6229169999999999 0.378125 0.623958 0.375 0.623958 0.371875 0.621875 0.37031200000000003 0.620833 0.366406 0.629167 0.364844 0.634375 0.363281 0.639583 0.3625 0.645833 0.363281 0.652083
0 0.432031 0.678125 0.439063 0.676042 0.44375 0.671875 0.447656 0.667708 0.451562 0.657292 0.451562 0.647917 0.451562 0.6385419999999999 0.449219 0.633333 0.44531200000000004 0.629167 0.439844 0.625 0.434375 0.621875 0.43125 0.626042 0.427344 0.6270830000000001 0.423438 0.628125 0.42109399999999997 0.628125 0.41718700000000003 0.6270830000000001 0.415625 0.626042 0.411719 0.623958 0.408594 0.630208 0.407813 0.6375 0.407813 0.644792 0.40703100000000003 0.65625 0.408594 0.6625 0.410156 0.667708 0.41406200000000004 0.671875 0.417969 0.675 0.425 0.678125 0.432031 0.678125
0 0.325 0.497917 0.321094 0.5020830000000001 0.317969 0.509375 0.314844 0.515625 0.314063 0.521875 0.314844 0.528125 0.316406 0.535417 0.319531 0.542708 0.324219 0.5489580000000001 0.328125 0.552083 0.333594 0.554167 0.341406 0.55625 0.350781 0.553125 0.35468700000000003 0.5489580000000001 0.35859399999999997 0.5447919999999999 0.361719 0.536458 0.36406299999999997 0.526042 0.36406299999999997 0.51875 0.361719 0.507292 0.359375 0.505208 0.35625 0.503125 0.35468700000000003 0.5 0.353125 0.497917 0.352344 0.495833 0.342187 0.49166699999999997 0.338281 0.49166699999999997 0.333594 0.49270800000000003 0.328125 0.494792 0.325 0.497917
0 0.753125 0.313542 0.75625 0.32083300000000003 0.759375 0.323958 0.765625 0.33125 0.771875 0.334375 0.778906 0.334375 0.785156 0.33125 0.789844 0.327083 0.79375 0.32083300000000003 0.796094 0.315625 0.797656 0.308333 0.798438 0.302083 0.796875 0.292708 0.79375 0.285417 0.789062 0.279167 0.782813 0.27291699999999997 0.777344 0.269792 0.774219 0.278125 0.771094 0.282292 0.763281 0.286458 0.760156 0.2875 0.757031 0.2875 0.754687 0.294792 0.753906 0.298958 0.753125 0.30416699999999997 0.753125 0.308333 0.753125 0.313542
0 0.725781 0.357292 0.728906 0.3625 0.733594 0.36666699999999997 0.739844 0.36666699999999997 0.747656 0.36666699999999997 0.752344 0.364583 0.757812 0.360417 0.760938 0.354167 0.764062 0.347917 0.765625 0.339583 0.765625 0.333333 0.764062 0.325 0.761719 0.316667 0.757812 0.310417 0.752344 0.30625 0.746094 0.30416699999999997 0.741406 0.30416699999999997 0.738281 0.30520800000000003 0.734375 0.30625 0.729688 0.309375 0.729688 0.313542 0.728125 0.317708 0.726562 0.321875 0.724219 0.326042 0.721875 0.328125 0.720313 0.330208 0.720313 0.340625 0.721094 0.345833 0.721875 0.35 0.723437 0.354167 0.725781 0.357292
0 0.715625 0.51875 0.713281 0.521875 0.710156 0.525 0.70625 0.527083 0.705469 0.535417 0.705469 0.540625 0.70625 0.546875 0.707812 0.553125 0.709375 0.558333 0.7125 0.5625 0.714844 0.565625 0.719531 0.567708 0.725 0.56875 0.729688 0.56875 0.734375 0.567708 0.739844 0.5645830000000001 0.74375 0.5604169999999999 0.746875 0.555208 0.748437 0.5489580000000001 0.75 0.540625 0.75 0.53125 0.748437 0.525 0.74375 0.5177080000000001 0.739062 0.5125 0.735156 0.509375 0.729688 0.507292 0.71875 0.508333 0.717187 0.514583 0.715625 0.51875
0 0.816406 0.525 0.810937 0.526042 0.809375 0.532292 0.808594 0.538542 0.80625 0.54375 0.8 0.5489580000000001 0.800781 0.554167 0.801562 0.559375 0.8023440000000001 0.565625 0.804688 0.570833 0.808594 0.575 0.8132809999999999 0.5802080000000001 0.81875 0.582292 0.8226559999999999 0.582292 0.826562 0.5802080000000001 0.83125 0.577083 0.8351559999999999 0.572917 0.839063 0.567708 0.8414059999999999 0.561458 0.842187 0.55625 0.842187 0.5489580000000001 0.8414059999999999 0.54375 0.839844 0.536458 0.8375 0.53125 0.832031 0.527083 0.824219 0.522917 0.816406 0.525
0 0.777344 0.21875 0.767969 0.215625 0.758594 0.21875 0.752344 0.22395800000000002 0.746094 0.23125 0.742969 0.236458 0.747656 0.241667 0.751563 0.2375 0.75625 0.234375 0.761719 0.234375 0.765625 0.234375 0.771094 0.23958300000000002 0.776563 0.24583300000000002 0.778906 0.252083 0.778125 0.259375 0.778125 0.2625 0.785156 0.264583 0.789062 0.25625 0.790625 0.242708 0.785156 0.228125 0.777344 0.21875